0.93592
0.9332
0.93508
0.93256
0.93462
0.93166
0.93322
0.93324
0.93232
0.93518
0.93376
0.93466
0.93294
0.9333
0.93534
0.9352
0.93224
0.93496
0.93506
0.9339
0.93354
0.93574
0.9338
0.93662
0.9373
0.93544
0.9367
0.93552
0.93312
0.93408
0.93426
0.93584
0.93236
0.93496
0.93186
0.93712
0.93544
0.9349
0.93424
0.93224
0.93572
0.93142
0.93504
0.93438
0.93164
0.93336
0.93616
0.93318
0.9355
0.93378
0.93484
0.93284
0.93484
0.93544
0.93418
0.93348
0.93396
0.9332
0.93316
0.93464
0.9333
0.93284
0.9366
0.93488
0.93776
0.93424
0.93544
0.93482
0.93666
0.93438
0.9362
0.93428
0.93356
0.93372
0.93216
0.93606
0.93158
0.93334
0.93504
0.93472
0.9365
0.93536
0.93528
0.93464
0.93512
0.93448
0.93374
0.9342
0.93404
0.93604
0.93406
0.93502
0.93508
0.93198
0.93474
0.93584
0.9332
0.93332
0.93222
0.93512
0.9354
0.93242
0.93398
0.93368
0.93656
0.93494
0.93486
0.9342
0.93374
0.934
0.9336
0.9365
0.93246
0.93126
0.93294
0.9353
0.93366
0.9324
0.93676
0.93492
0.93424
0.93436
0.935
0.93432
0.9352
0.93464
0.93444
0.93402
0.93622
0.93612
0.93102
0.9362
0.93368
0.9348
0.93574
0.93522
0.93176
0.9342
0.93408
0.9325
0.93516
0.93314
0.93354
0.9331
0.9332
0.93716
0.93328
0.93416
0.93606
0.9346
0.93544
0.93202
0.93492
0.93148
0.93596
0.93506
0.93336
0.9353
0.9328
0.93676
0.93328
0.9319
0.93404
0.93294
0.93426
0.93482
0.93668
0.93382
0.9356
0.93332
0.93602
0.9342
0.93596
0.93598
0.93416
0.93478
0.9341
0.93538
0.93438
0.93192
0.93452
0.9339
0.93358
0.93562
0.93404
0.93572
0.93054
0.9337
0.93272
0.93452
0.9323
0.93524
0.93256
0.93244
0.9332
0.93418
0.9354
0.93522
0.93438
0.9377
0.93248
0.93474
0.93058
0.93066
0.93512
0.93322
0.93496
0.93274
0.93332
0.93436
0.93232
0.9345
0.93502
0.9339
0.93176
0.9311
0.93528
0.93504
0.93376
0.93292
0.93894
0.93414
0.93552
0.93674
0.93458
0.93388
0.93486
0.93354
0.93612
0.93652
0.9354
0.93378
0.93446
0.93414
0.93224
0.9365
0.93376
0.93604
0.9337
0.93496
0.9337
0.93374
0.93222
0.93566
0.9361
0.9336
0.93314
0.93214
0.93206
0.93306
0.9333
0.93488
0.93586
0.93616
0.93698
0.93512
0.93346
0.93254
0.93466
0.93172
0.93258
0.93566
0.93438
0.93652
0.93602
0.93434
0.93762
0.93226
0.93678
0.93518
0.93478
0.93496
0.93408
0.9341
0.9331
0.93536
0.93242
0.93552
0.93324
0.93272
0.93294
0.93492
0.93528
0.93546
0.93722
0.93344
0.9365
0.9334
0.93252
0.9344
0.93738
0.93524
0.93544
0.93544
0.93352
0.92966
0.93426
0.93482
0.9325
0.93294
0.934
0.9345
0.93508
0.93466
0.93454
0.93332
0.93484
0.93524
0.9336
0.93526
0.93474
0.93384
0.93434
0.9343
0.93266
0.93296
0.93408
0.93306
0.93542
0.9344
0.93732
0.93212
0.9358
0.933
0.93234
0.93742
0.9377
0.93088
0.93462
0.93372
0.93514
0.93232
0.93302
0.9338
0.93632
0.93424
0.93334
0.93714
0.93646
0.93226
0.9345
0.93402
0.93196
0.933
0.93546
0.93488
0.93178
0.9356
0.93158
0.93686
0.93594
0.934
0.93396
0.9364
0.9363
0.93234
0.9356
0.93242
0.93594
0.93428
0.93406
0.93676
0.93706
0.936
0.9344
0.93362
0.93804
0.9343
0.93548
0.93204
0.93504
0.93412
0.93402
0.93362
0.93504
0.93292
0.93386
0.9302
0.93358
0.93438
0.93314
0.9335
0.93502
0.93218
0.93332
0.93438
0.93044
0.93212
0.93236
0.93368
0.93478
0.93514
0.9336
0.93616
0.93598
0.93728
0.93152
0.93424
0.93372
0.93278
0.93286
0.93278
0.93236
0.93488
0.93418
0.93432
0.93426
0.9345
0.93602
0.93304
0.93312
0.93308
0.93494
0.93334
0.93334
0.93218
0.93442
0.93644
0.93526
0.93314
0.93676
0.93144
0.9344
0.93412
0.93618
0.93538
0.931
0.93206
0.93612
0.93412
0.9356
0.93286
0.93194
0.9343
0.93368
0.9347
0.9361
0.93588
0.93484
0.9332
0.93352
0.93334
0.93076
0.93688
0.93604
0.93242
0.93342
0.93358
0.93308
0.93678
0.93336
0.93542
0.93434
0.93552
0.9318
0.9331
0.93656
0.936
0.93358
0.93544
0.9343
0.93352
0.93384
0.93302
0.93544
0.93522
0.93448
0.93412
0.93316
0.93726
0.93254
0.93446
0.93342
0.9343
0.9331
0.93516
0.93402
0.93656
0.93184
0.93482
0.93206
0.93266
0.9335
0.93224
0.9336
0.93488
0.93566
0.9311
0.93352
0.93324
0.93642
0.93462
0.93526
0.9345
0.9335
0.93422
0.93372
0.9331
0.93566
0.93502
0.9331
0.93494
0.9328
0.93658
0.93396
0.93492
0.93402
0.93474
0.93272
0.93226
0.93376
0.93708
0.93544
0.93438
0.937
0.93512
0.9358
0.93372
0.93222
0.93474
0.93266
0.93444
0.9343
0.93466
0.9333
0.93452
0.93382
0.93378
0.93304
0.93316
0.93454
0.93396
0.93416
0.9348
0.93372
0.93588
0.93504
0.93378
0.9331
0.93404
0.93518
0.93476
0.93586
0.93574
0.93598
0.9352
0.93538
0.93316
0.93468
0.93654
0.93402
0.9335
0.93516
0.93304
0.93554
0.93638
0.93258
0.93148
0.93652
0.9316
0.9359
0.93526
0.93468
0.93804
0.9358
0.93266
0.93484
0.93476
0.93198
0.93268
0.93362
0.936
0.93436
0.93256
0.93446
0.93596
0.93618
0.93324
0.93502
0.93494
0.93438
0.9368
0.9338
0.93432
0.93616
0.93376
0.93556
0.93454
0.9341
0.93654
0.93564
0.93632
0.9341
0.93662
0.93422
0.93592
0.9339
0.93552
0.93414
0.9344
0.93598
0.9358
0.93578
0.93506
0.93614
0.9344
0.93096
0.93446
0.93454
0.9319
0.93388
0.93746
0.93622
0.9366
0.93244
0.93436
0.93254
0.93598
0.93304
0.93438
0.93446
0.93412
0.9364
0.93744
0.93398
0.9328
0.93496
0.93402
0.93118
0.9344
0.93488
0.9337
0.93616
0.93642
0.93372
0.93334
0.93484
0.93354
0.93606
0.93588
0.93582
0.93586
0.93706
0.93508
0.93324
0.93534
0.93522
0.93356
0.93302
0.93746
0.93526
0.9333
0.9352
0.93474
0.93492
0.93384
0.93554
0.93424
0.93562
0.93408
0.93494
0.93328
0.93446
0.93104
0.93296
0.93516
0.93522
0.9347
0.93552
0.93312
0.93454
0.93444
0.93656
0.93384
0.93428
0.93472
0.93152
0.93544
0.93246
0.93684
0.93568
0.93242
0.93196
0.93102
0.93334
0.9339
0.93192
0.9332
0.93342
0.93502
0.93624
0.93406
0.93338
0.93282
0.93522
0.9326
0.9345
0.93436
0.93444
0.93072
0.93442
0.93178
0.93222
0.93372
0.93496
0.93584
0.93618
0.93388
0.93396
0.9319
0.93392
0.93672
0.93406
0.93346
0.93286
0.93222
0.9342
0.93286
0.93328
0.93558
0.93366
0.93558
0.93442
0.9315
0.93196
0.934
0.93694
0.93528
0.934
0.93332
0.93518
0.9351
0.93434
0.93624
0.93266
0.93456
0.9356
0.93182
0.93544
0.93506
0.9345
0.93502
0.93076
0.93406
0.935
0.93698
0.93818
0.932
0.9319
0.93178
0.93752
0.93624
0.93236
0.93588
0.93742
0.93466
0.9366
0.93242
0.9338
0.9342
0.93454
0.93126
0.93454
0.93278
0.93248
0.93554
0.93492
0.93526
0.93364
0.93516
0.93372
0.93432
0.93528
0.93468
0.93322
0.93404
0.93276
0.93352
0.93418
0.93172
0.93548
0.93312
0.93408
0.93244
0.93392
0.93248
0.9335
0.93344
0.93718
0.93648
0.93482
0.93588
0.936
0.93388
0.935
0.93498
0.9356
0.93286
0.93406
0.93554
0.93468
0.93752
0.936
0.93242
0.93358
0.93334
0.935
0.9339
0.93548
0.9355
0.9336
0.9345
0.9334
0.93494
0.93504
0.93344
0.93456
0.9374
0.93444
0.93206
0.93426
0.9356
0.93254
0.93476
0.93148
0.93458
0.93672
0.9351
0.9353
0.9347
0.93416
0.93508
0.93668
0.93438
0.93756
0.93368
0.93438
0.93582
0.93412
0.93552
0.93592
0.93604
0.9318
0.9357
0.93456
0.93624
0.93436
0.93494
0.93618
0.93614
0.9346
0.93548
0.93194
0.93834
0.93574
0.93602
0.93374
0.9368
0.93364
0.93366
0.93488
0.93624
0.93312
0.93496
0.93598
0.935
0.9338
0.9331
0.93436
0.93208
0.9331
0.93424
0.93334
0.93454
0.93352
0.93332
0.93516
0.93296
0.93234
0.93436
0.93434
0.935
0.93298
0.936
0.93464
0.93588
0.93702
0.93248
0.93594
0.93528
0.93364
0.93526
0.93434
0.93364
0.93398
0.93572
0.93468
0.93578
0.9361
0.93322
0.9313
0.93212
0.93664
0.9325
0.93372
0.93394
0.93548
0.93316
0.9333
0.93032
0.93264
0.93568
0.93626
0.93428
0.93442
0.93372
0.9319
0.93588
0.93264
0.93696
0.93302
0.9343
0.93676
0.93546
0.93522
0.93358
0.93584
0.9336
0.93722
0.93942
0.93796
0.93322
0.93372
0.93404
0.93598
0.93506
0.93386
0.93154
0.93414
0.9362
0.93808
0.93464
0.93766
0.93296
0.9324
0.9341
0.93444
0.93538
0.9336
0.93302
0.93312
0.93254
0.93514
0.93216
0.93348
0.93472
0.93452
0.9349
0.93362
0.93666
0.93404
0.93338
0.93486
0.93654
0.93694
0.93676
0.9329
0.93744
0.9348
0.93454
0.93402
0.93576
0.93468
0.93594
0.936
0.93244
0.93428
0.9352
0.93844
0.93462
0.93422
0.93274
0.93566
0.93622
0.93566
0.93308
0.93578
0.93472
0.9357
0.93324
0.93106
0.93508
0.93484
0.93566
0.93546
0.9357
0.93454
0.93338
0.93526
0.93286
0.93348
0.9338
0.93444
0.9363
0.9352
0.93158
0.93222
0.932
0.93112
0.93784
0.93476
0.93256
0.93424
0.93428
0.9343
0.93312
0.93606
0.93446
0.93528
0.93386
0.93542
0.934
0.93512
0.93538
0.93266
0.93526
0.934
0.93278
0.93876
0.93196
0.93418
0.9312
0.9343
0.93428
0.93414
0.93396
0.93506
0.9361
0.93288
0.93606
0.93466
0.93514
0.93276
0.93412
0.933
0.93104
0.93472
0.93288
0.93486
0.93194
0.93256
0.93652
0.93276
0.93648
0.93608
0.93428
0.9329
0.93226
0.93294
0.93454
0.93074
0.93366
0.93406
0.93498
0.93542
0.93076
0.93634
0.93592
0.93688
0.93354
0.93492
0.93686
0.93248
0.93274
0.9367
0.93544
0.9364
0.93818
0.93392
0.93382
0.93044
0.93452
0.93502
0.9362
0.93306
0.93524
0.93626
0.93218
0.93304
0.93728
0.9349
0.93578
0.93238
0.93412
0.93194
0.9356
0.93346
0.93402
0.93502
0.93148
0.93556
0.93348
0.93444
0.9374
0.93288
0.93428
0.93476
0.93576
0.93496
0.93494
0.93636
0.93648
0.93516
0.9339
0.93484
0.93348
0.93358
0.9313
0.93674
0.9359
0.93396
0.93308
0.93666
0.93046
0.93274
0.9342
0.93756
0.93528
0.93546
0.93442
0.93368
0.93194
0.93532
0.93306
0.93306
0.93578
0.93428
0.93324
0.93356
0.93446
0.9339
0.9323
0.9333
0.93538
0.93416
0.93362
0.93382
0.93824
0.93254
0.93276
0.93412
0.93538
0.9361
0.93626
0.93366
0.93354
0.93442
0.93364
0.9339
0.93266
0.93444
0.9338
0.93316
0.93396
0.93514
0.9359
0.93618
0.934
0.93318
0.93398
0.9347
0.93502
0.9359
0.93292
0.93234
0.93236
0.93596
0.9325
0.93542
0.93172
0.93422
0.93306
0.9328
0.93578
0.93616
0.93428
0.93504
0.93322
0.93694
0.93348
0.93224
0.9324
0.93568
0.93748
0.93484
0.9304
0.93482
0.93416
0.93282
0.93478
0.93426
0.93126
0.93306
0.9333
0.93282
0.93546
0.93372
0.9339
0.93372
0.93674
0.9353
0.93538
0.93548
0.93542
0.9321
0.93502
0.93456
0.93494
0.93256
0.93324
0.93544
0.93474
0.93516
0.9335
0.93474
0.93666
0.93416
0.93598
0.93626
0.93338
0.93714
0.933
0.93582
0.93106
0.9328
0.93332
0.9359
0.93452
0.9345
0.93402
0.93506
0.93396
0.93246
0.9315
0.93474
0.93232
0.9349
0.93512
0.93568
0.93768
0.9352
0.93548
0.93488
0.93662
0.93362
0.93584
0.93506
0.93462
0.93324
0.9344
0.9348
0.93158
0.93598
0.9323
0.93556
0.93444
0.9368
0.9344
0.93374
0.9339
0.93376
0.93556
0.9365
0.93342
0.93388
0.93466
0.93424
0.93706
0.9338
0.93454
0.93572
0.93302
0.93536
0.93812
0.9335
0.93578
0.93168
0.93294
0.93488
0.93142
0.93546
0.93372
0.93316
0.9341
0.9333
0.93482
0.93624
0.93576
0.93398
0.9355
0.93706
0.93504
0.93396
0.93488
0.93538
0.93204
0.9334
0.93494
0.93274
0.93146
0.93354
0.9352
0.93232
0.9373
0.93424
0.93406
0.93554
0.93368
0.93358
0.93202
0.9341
0.93392
0.93588
0.93308
0.93266
0.93568
0.93426
0.93496
0.93372
0.93508
0.9373
0.93428
0.93236
0.93394
0.93362
0.93258
0.93482
0.93342
0.9342
0.9338
0.93256
0.93484
0.9355
0.93556
0.9347
0.93738
0.93444
0.93484
0.9357
0.93574
0.93452
0.93326
0.93308
0.93376
0.93618
0.93402
0.9357
0.93318
0.9336
0.93384
0.93516
0.9328
0.93308
0.9328
0.9345
0.93662
0.93294
0.93438
0.93372
0.93546
0.93508
0.93408
0.93356
0.93468
0.93392
0.93432
0.93376
0.93452
0.9342
0.93432
0.93804
0.93604
0.93104
0.93372
0.93568
0.93184
0.9342
0.93446
0.93272
0.9351
0.93372
0.93384
0.93576
0.9351
0.9363
0.93502
0.93546
0.93564
0.93616
0.93156
0.93068
0.93616
0.93414
0.93342
0.93492
0.93358
0.93322
0.9325
0.9353
0.93332
0.93422
0.93652
0.9333
0.93482
0.93334
0.93608
0.93604
0.93236
0.93624
0.93434
0.93284
0.93492
0.9358
0.93402
0.93652
0.93608
0.93628
0.93232
0.93684
0.93454
0.93316
0.93642
0.93764
0.93412
0.93648
0.93364
0.93394
0.93556
0.93366
0.93624
0.92968
0.93452
0.9323
0.93374
0.93452
0.93466
0.93318
0.93508
0.9342
0.93672
0.93234
0.93446
0.9336
0.93472
0.93164
0.93384
0.9354
0.9344
0.93604
0.93816
0.9366
0.93512
0.93716
0.93364
0.93314
0.93542
0.93224
0.93528
0.93576
0.93374
0.93348
0.93344
0.93292
0.93436
0.93598
0.9363
0.93378
0.9336
0.93352
0.93304
0.9364
0.9347
0.9333
0.93248
0.9336
0.93582
0.93332
0.9305
0.93354
0.93332
0.93274
0.93688
0.93482
0.93652
0.93712
0.93588
0.93546
0.93564
0.93304
0.93396
0.93546
0.93608
0.93394
0.93236
0.93456
0.93662
0.93646
0.93326
0.9332
0.93482
0.93358
0.93528
0.93516
0.93336
0.93378
0.93328
0.93502
0.93246
0.93198
0.93708
0.93274
0.93612
0.93496
0.93506
0.93538
0.93474
0.9321
0.93326
0.93238
0.9326
0.93358
0.93582
0.93414
0.93292
0.9359
0.93452
0.93222
0.93536
0.93506
0.93684
0.9358
0.93784
0.93248
0.93694
0.9326
0.9346
0.93422
0.9343
0.93476
0.93374
0.93502
0.9358
0.9348
0.9362
0.93544
0.93308
0.93436
0.93476
0.9347
0.93516
0.93366
0.93304
0.93448
0.93178
0.9326
0.93564
0.93398
0.93386
0.93268
0.93448
0.93722
0.93434
0.93496
0.93522
0.9365
0.936
0.93602
0.93494
0.93356
0.93324
0.9349
0.93498
0.93472
0.9342
0.93732
0.9342
0.93424
0.93692
0.93118
0.93628
0.93288
0.93054
0.93146
0.93592
0.936
0.93162
0.936
0.9346
0.93244
0.93468
0.93562
0.9344
0.9345
0.9356
0.93304
0.93426
0.93436
0.93382
0.93452
0.93174
0.93626
0.93376
0.93606
0.93432
0.93354
0.93374
0.93622
0.93444
0.93334
0.93584
0.93338
0.93428
0.93186
0.93322
0.9341
0.93572
0.93414
0.93296
0.93404
0.93474
0.931
0.93678
0.93374
0.93294
0.93582
0.93136
0.93446
0.93544
0.93558
0.93514
0.93482
0.93504
0.93456
0.93556
0.93428
0.93392
0.934
0.9363
0.93628
0.93364
0.93336
0.93276
0.9329
0.93362
0.93446
0.93474
0.93324
0.9343
0.9355
0.93388
0.93344
0.9323
0.93602
0.93378
0.93418
0.93398
0.93666
0.93548
0.93416
0.93284
0.93586
0.9363
0.9354
0.93442
0.93492
0.93624
0.93386
0.93374
0.93442
0.93508
0.93334
0.93504
0.93198
0.93576
0.9362
0.93212
0.93518
0.93108
0.9354
0.93324
0.93326
0.93278
0.9341
0.93394
0.93604
0.93496
0.9339
0.93306
0.934
0.93228
0.93414
0.93258
0.9356
0.93442
0.93498
0.93522
0.93572
0.93352
0.9371
0.9333
0.93146
0.93252
0.93176
0.9325
0.93122
0.93532
0.93528
0.93434
0.93668
0.93496
0.9335
0.93168
0.93498
0.93212
0.93496
0.93668
0.93548
0.93602
0.9342
0.93542
0.93444
0.93462
0.93266
0.93524
0.93582
0.9316
0.93772
0.93656
0.93158
0.93244
0.93476
0.93426
0.93552
0.93338
0.93358
0.93492
0.93162
0.93356
0.93566
0.9354
0.93284
0.9341
0.93402
0.93168
0.93324
0.93242
0.93246
0.9332
0.93184
0.93456
0.93302
0.93386
0.93638
0.93482
0.9368
0.93282
0.93682
0.93438
0.93542
0.93564
0.93422
0.93368
0.93518
0.93408
0.9329
0.93234
0.9356
0.93718
0.9341
0.93486
0.9343
0.93364
0.93308
0.93428
0.93372
0.93472
0.93384
0.9337
0.93156
0.93478
0.93172
0.93334
0.93222
0.93558
0.93496
0.93418
0.9342
0.93674
0.93498
0.93512
0.93394
0.93282
0.93608
0.9346
0.93288
0.93368
0.93354
0.93162
0.9323
0.93256
0.93452
0.93488
0.93556
0.93274
0.9368
0.93402
0.93256
0.9345
0.9342
0.93378
0.93422
0.9351
0.9329
0.93452
0.9355
0.93548
0.9336
0.93456
0.93554
0.93684
0.93328
0.93186
0.93516
0.93702
0.93394
0.93592
0.93562
0.93332
0.93388
0.93434
0.93344
0.93466
0.93564
0.93398
0.93196
0.93398
0.93462
0.93242
0.9361
0.93286
0.93374
0.93162
0.93688
0.93454
0.93462
0.93338
0.93544
0.93512
0.93566
0.93318
0.9349
0.93558
0.93218
0.93278
0.93418
0.93456
0.93322
0.93484
0.93328
0.9339
0.93462
0.93248
0.93268
0.9361
0.93398
0.93248
0.93498
0.9323
0.9335
0.93212
0.93538
0.93468
0.93416
0.93436
0.9353
0.93334
0.93226
0.93364
0.93436
0.93714
0.93122
0.93548
0.93272
0.93738
0.93358
0.93618
0.93704
0.93598
0.93298
0.9351
0.9356
0.93472
0.93558
0.93354
0.93502
0.93514
0.93468
0.93372
0.93496
0.93238
0.9344
0.9361
0.93548
0.93486
0.93494
0.9327
0.93398
0.93298
0.93602
0.93432
0.93448
0.93508
0.93364
0.9354
0.93388
0.9353
0.93608
0.93242
0.93456
0.93338
0.93604
0.93666
0.9346
0.93458
0.93638
0.93124
0.93292
0.93586
0.93242
0.9354
0.9345
0.93428
0.93354
0.936
0.9358
0.93444
0.9344
0.93432
0.93324
0.93482
0.9322
0.93492
0.93242
0.93608
0.93386
0.93458
0.93238
0.93726
0.93404
0.9334
0.93556
0.936
0.93534
0.9357
0.93414
0.93552
0.93604
0.93482
0.93666
0.93514
0.93524
0.93526
0.93512
0.93256
0.9344
0.93238
0.93184
0.93502
0.93182
0.93256
0.93668
0.93338
0.93514
0.93292
0.93496
0.9345
0.9352
0.93334
0.93492
0.9359
0.93372
0.93218
0.93564
0.93312
0.93532
0.93236
0.93384
0.93686
0.93484
0.93184
0.9336
0.93492
0.93754
0.9347
0.93684
0.93414
0.93322
0.93556
0.93276
0.93156
0.93472
0.93332
0.9333
0.933
0.93398
0.93422
0.93564
0.9336
0.93378
0.93478
0.93396
0.9362
0.93332
0.9333
0.93462
0.93652
0.93272
0.9337
0.93298
0.93574
0.93274
0.93194
0.93274
0.9345
0.93352
0.9339
0.93492
0.93208
0.93416
0.93258
0.93254
0.93378
0.9344
0.93618
0.93602
0.93084
0.93232
0.93582
0.9359
0.9328
0.93538
0.93248
0.9341
0.93346
0.9338
0.93208
0.93672
0.93406
0.93562
0.937
0.93388
0.93024
0.93448
0.93464
0.93482
0.93378
0.93466
0.93438
0.93444
0.93506
0.93186
0.93426
0.93214
0.93508
0.93076
0.93448
0.93632
0.93532
0.93486
0.93524
0.93324
0.93678
0.93236
0.93266
0.93558
0.93324
0.93394
0.9359
0.93304
0.93562
0.93272
0.93404
0.93406
0.9359
0.93154
0.9333
0.93548
0.93248
0.93372
0.9351
0.93534
0.93356
0.93416
0.9348
0.93254
0.93412
0.93538
0.93434
0.9328
0.93358
0.9355
0.93256
0.933
0.93498
0.93552
0.93362
0.935
0.93382
0.93382
0.93426
0.9337
0.9326
0.93322
0.93372
0.93308
0.93506
0.93232
0.93376
0.9354
0.9352
0.93298
0.93506
0.93382
0.93486
0.93514
0.93374
0.93322
0.93502
0.93418
0.9343
0.9343
0.93576
0.93364
0.93506
0.93366
0.9315
0.93288
0.93256
0.93152
0.93572
0.93338
0.93858
0.93014
0.93538
0.93448
0.93432
0.93546
0.93468
0.93182
0.93344
0.93356
0.93356
0.93502
0.93354
0.93438
0.93372
0.936
0.93396
0.93422
0.9338
0.9323
0.93686
0.93252
0.93434
0.93586
0.9337
0.935
0.93448
0.93474
0.9371
0.93826
0.9373
0.92954
0.93154
0.93332
0.93742
0.93522
0.93594
0.93526
0.93682
0.93504
0.93516
0.9347
0.93668
0.93246
0.93444
0.93452
0.93496
0.9336
0.93562
0.93572
0.93354
0.93728
0.934
0.93652
0.93308
0.93274
0.93598
0.93516
0.93416
0.9326
0.93476
0.93148
0.93388
0.93568
0.93504
0.93382
0.93232
0.9352
0.93398
0.93174
0.93508
0.93128
0.93554
0.93362
0.93396
0.93488
0.93476
0.93352
0.93392
0.93366
0.93422
0.93572
0.93394
0.93454
0.936
0.93646
0.93436
0.9337
0.93404
0.93444
0.9362
0.93398
0.93526
0.93716
0.93534
0.93444
0.93578
0.9333
0.93264
0.93516
0.93184
0.93628
0.93344
0.93328
0.93488
0.93414
0.9343
0.935
0.93674
0.9331
0.9335
0.9341
0.93188
0.9339
0.9314
0.93224
0.9351
0.9363
0.93346
0.93146
0.93116
0.93366
0.93568
0.93402
0.93344
0.93298
0.9349
0.93326
0.93538
0.93346
0.93674
0.93552
0.9359
0.93556
0.93514
0.9341
0.93364
0.93608
0.93346
0.93466
0.93448
0.9364
0.93362
0.93364
0.93518
0.93344
0.93516
0.93262
0.93312
0.93586
0.93412
0.93552
0.93346
0.93254
0.93378
0.93528
0.93732
0.93172
0.93536
0.93632
0.93572
0.9319
0.9351
0.93472
0.93232
0.93406
0.9353
0.93378
0.93584
0.93428
0.9374
0.93368
0.93318
0.93516
0.93236
0.93724
0.93436
0.93394
0.93184
0.93744
0.9346
0.93364
0.93404
0.93612
0.93406
0.9368
0.932
0.93324
0.93572
0.93628
0.93424
0.93354
0.93412
0.93138
0.9352
0.93464
0.9352
0.9328
0.93238
0.93594
0.93292
0.93386
0.93454
0.93342
0.93492
0.93392
0.934
0.93492
0.93394
0.93466
0.9332
0.93518
0.93404
0.93222
0.93588
0.93546
0.93382
0.93544
0.93416
0.93232
0.93418
0.9369
0.9341
0.93594
0.93336
0.93234
0.93604
0.93552
0.93486
0.93176
0.9339
0.93188
0.93304
0.9322
0.9357
0.93144
0.93348
0.93566
0.93246
0.93342
0.93406
0.93356
0.93484
0.93514
0.93384
0.93458
0.93644
0.93398
0.93536
0.93232
0.93418
0.93358
0.93578
0.93518
0.93438
0.93278
0.93402
0.93418
0.93704
0.93272
0.93364
0.93578
0.9349
0.93402
0.9355
0.93448
0.93322
0.93642
0.93492
0.93608
0.93614
0.93454
0.9345
0.93496
0.9361
0.93368
0.93424
0.93404
0.93434
0.93348
0.93594
0.93528
0.93346
0.93486
0.93448
0.93534
0.9312
0.93316
0.93414
0.93274
0.93528
0.93312
0.9349
0.93612
0.9347
0.93276
0.934
0.93634
0.93658
0.93252
0.93742
0.93586
0.93234
0.93432
0.9339
0.93638
0.93854
0.9331
0.93356
0.9342
0.93492
0.93564
0.93458
0.93526
0.93376
0.93406
0.93648
0.9335
0.9358
0.93222
0.9346
0.93374
0.9352
0.93232
0.93348
0.9348
0.93282
0.93452
0.93458
0.93494
0.93286
0.93704
0.93292
0.93624
0.93406
0.93588
0.93434
0.93198
0.93162
0.934
0.9368
0.93294
0.93292
0.93234
0.93424
0.93278
0.93468
0.93496
0.93544
0.93518
0.93256
0.93588
0.93118
0.93406
0.93198
0.93398
0.93458
0.93596
0.9337
0.93546
0.93322
0.93542
0.93656
0.9348
0.93312
0.93354
0.93388
0.93488
0.93498
0.93408
0.93374
0.93494
0.93608
0.93334
0.93372
0.93432
0.93632
0.93388
0.93498
0.93488
0.93334
0.93432
0.93314
0.93426
0.93458
0.93368
0.93448
0.93124
0.9321
0.93184
0.93456
0.93244
0.93594
0.9342
0.93148
0.93506
0.93366
0.93298
0.93186
0.93452
0.9344
0.93362
0.93302
0.934
0.93184
0.936
0.93592
0.93444
0.93286
0.9334
0.93668
0.93754
0.93316
0.9365
0.93404
0.93362
0.93364
0.93342
0.93414
0.93348
0.9332
0.93638
0.93468
0.9357
0.93232
0.93332
0.9374
0.93598
0.93466
0.9337
0.93366
0.93328
0.93284
0.934
0.933
0.93398
0.93392
0.936
0.93458
0.93654
0.93476
0.93676
0.93298
0.9336
0.93268
0.93506
0.93144
0.93522
0.93416
0.93396
0.93268
0.93836
0.93538
0.93394
0.9332
0.932
0.93538
0.93378
0.93274
0.93412
0.93398
0.93362
0.93468
0.93706
0.93314
0.93174
0.93352
0.93414
0.93366
0.93482
0.9332
0.9352
0.93588
0.9308
0.9347
0.93128
0.93272
0.93584
0.93508
0.9353
0.93402
0.93164
0.9386
0.93542
0.934
0.93594
0.93322
0.93722
0.93352
0.93514
0.93368
0.93326
0.93424
0.93546
0.93372
0.93148
0.93528
0.9333
0.93614
0.93612
0.9306
0.9343
0.93522
0.93754
0.93462
0.93268
0.93698
0.935
0.935
0.93372
0.93552
0.93538
0.93498
0.9346
0.93678
0.93256
0.93398
0.9326
0.9297
0.93494
0.93296
0.93438
0.93554
0.93448
0.93478
0.93416
0.93248
0.93348
0.93182
0.9349
0.93474
0.93268
0.93318
0.93298
0.93216
0.93702
0.93452
0.93236
0.9322
0.93406
0.93356
0.93444
0.9358
0.93624
0.93524
0.93336
0.9384
0.93364
0.93602
0.93528
0.93428
0.93552
0.93388
0.93142
0.93618
0.9329
0.93478
0.93498
0.9341
0.93412
0.9345
0.93298
0.93494
0.93294
0.93456
0.93398
0.93292
0.93452
0.93444
0.93394
0.9337
0.93438
0.9343
0.9347
0.93458
0.93192
0.93344
0.93556
0.9345
0.93508
0.93216
0.93384
0.93544
0.93378
0.93334
0.93392
0.93632
0.93274
0.93294
0.93234
0.9337
0.9365
0.93218
0.9342
0.93518
0.93232
0.93316
0.93472
0.93684
0.93328
0.93426
0.93592
0.9355
0.93456
0.93308
0.93422
0.93626
0.9347
0.9329
0.93318
0.93718
0.9359
0.93206
0.93434
0.9349
0.93234
0.9359
0.93382
0.93558
0.93356
0.93478
0.93458
0.93512
0.93702
0.93518
0.93206
0.9355
0.93516
0.93092
0.93394
0.93748
0.93362
0.93134
0.93238
0.93448
0.93314
0.93838
0.93588
0.93374
0.93486
0.93766
0.93462
0.9348
0.93564
0.93384
0.93354
0.9345
0.93498
0.93334
0.93566
0.93334
0.93414
0.93474
0.93242
0.93582
0.93694
0.93556
0.9336
0.9361
0.9339
0.9349
0.93358
0.93542
0.93354
0.93526
0.93324
0.9356
0.93228
0.9307
0.93496
0.93296
0.93398
0.93302
0.93468
0.93304
0.93054
0.93244
0.93234
0.93326
0.93688
0.93384
0.93288
0.93412
0.93664
0.9358
0.93402
0.9346
0.93102
0.93486
0.93516
0.93406
0.93594
0.93402
0.9369
0.93562
0.93658
0.935
0.93492
0.93364
0.9344
0.93582
0.9351
0.93406
0.93338
0.9362
0.93544
0.93348
0.93678
0.9358
0.93362
0.9354
0.93442
0.93286
0.93226
0.93222
0.93468
0.9362
0.93568
0.9324
0.933
0.93112
0.93514
0.93282
0.93372
0.93376
0.93616
0.93556
0.93508
0.9339
0.9335
0.9334
0.934
0.93366
0.93292
0.9355
0.93548
0.93564
0.93602
0.93708
0.93452
0.93374
0.93458
0.93444
0.9359
0.93316
0.93362
0.93372
0.93432
0.93496
0.93652
0.93294
0.9372
0.9346
0.93226
0.93524
0.93284
0.93464
0.93546
0.93542
0.93542
0.9339
0.9343
0.934
0.9316
0.93474
0.93598
0.93438
0.93176
0.93502
0.93558
0.93406
0.93702
0.93602
0.93096
0.93322
0.93196
0.93656
0.93694
0.93248
0.93198
0.93294
0.93574
0.93506
0.93444
0.93354
0.93756
0.93488
0.932
0.93186
0.933
0.93686
0.93658
0.93366
0.93208
0.93494
0.9368
0.93502
0.93748
0.93506
0.9357
0.93298
0.93328
0.93552
0.9338
0.93442
0.93114
0.93538
0.932
0.9356
0.93328
0.93576
0.93522
0.9314
0.93602
0.93466
0.93432
0.932
0.9323
0.93424
0.93142
0.93642
0.9347
0.93486
0.93336
0.93436
0.93236
0.93504
0.9359
0.9351
0.933
0.93348
0.9324
0.93364
0.93362
0.93458
0.93356
0.9334
0.9374
0.9347
0.93348
0.93574
0.93576
0.93344
0.93436
0.93568
0.93448
0.93134
0.93434
0.93418
0.93312
0.93518
0.93014
0.93186
0.93248
0.93424
0.93582
0.93524
0.93428
0.93394
0.93476
0.93302
0.93076
0.9348
0.9344
0.9319
0.9349
0.93356
0.93732
0.93752
0.93248
0.93014
0.93408
0.93708
0.93442
0.9349
0.93466
0.93456
0.93404
0.93218
0.9347
0.93404
0.93534
0.93218
0.93368
0.93132
0.93566
0.93706
0.93466
0.9364
0.93702
0.93352
0.93684
0.9343
0.93486
0.93374
0.93466
0.93254
0.93682
0.93328
0.93494
0.93462
0.93588
0.9352
0.93334
0.93592
0.9352
0.93796
0.9365
0.9328
0.9343
0.9342
0.93626
0.93522
0.9319
0.93402
0.93466
0.93554
0.9346
0.93406
0.93404
0.93746
0.93428
0.9352
0.93208
0.93368
0.93378
0.93604
0.9367
0.93452
0.93246
0.9338
0.9375
0.93358
0.93772
0.9338
0.93268
0.93558
0.93232
0.936
0.93324
0.93588
0.934
0.93534
0.93532
0.9357
0.9361
0.93378
0.93544
0.93294
0.93346
0.9322
0.93488
0.9356
0.93436
0.934
0.93406
0.9352
0.93342
0.93414
0.93578
0.93288
0.93322
0.93396
0.9345
0.93358
0.93212
0.93438
0.93038
0.93578
0.93292
0.93374
0.93474
0.93616
0.93464
0.9377
0.93434
0.93354
0.93364
0.93522
0.93294
0.93054
0.93538
0.93304
0.93766
0.9339
0.93556
0.93412
0.93488
0.93578
0.93502
0.93478
0.93566
0.93494
0.93574
0.93394
0.93454
0.93226
0.93332
0.93472
0.93336
0.93578
0.93776
0.93364
0.93482
0.93766
0.93334
0.93578
0.936
0.93368
0.93346
0.93542
0.9374
0.93424
0.93396
0.93292
0.93372
0.93588
0.93568
0.93494
0.93464
0.93402
0.9348
0.93504
0.93414
0.93446
0.93572
0.93442
0.93288
0.9355
0.93462
0.93574
0.93428
0.93618
0.9343
0.93574
0.93386
0.93264
0.93602
0.93472
0.9363
0.93348
0.9323
0.93422
0.9343
0.9366
0.93406
0.93376
0.93572
0.93342
0.93426
0.93492
0.93526
0.93552
0.936
0.93354
0.93306
0.9343
0.93686
0.93682
0.9323
0.93552
0.9301
0.93324
0.933
0.9323
0.93652
0.93276
0.93386
0.93506
0.93624
0.93552
0.93534
0.93624
0.93368
0.9337
0.93558
0.93442
0.93548
0.93414
0.93146
0.93432
0.9351
0.9337
0.93492
0.93438
0.9336
0.93652
0.93454
0.93146
0.93388
0.93506
0.934
0.938
0.93502
0.93098
0.9345
0.9333
0.93374
0.93246
0.93602
0.9365
0.93506
0.9339
0.93696
0.93424
0.9338
0.9344
0.93424
0.93484
0.9338
0.9366
0.93226
0.93402
0.93416
0.93334
0.93452
0.9327
0.93234
0.93534
0.93306
0.93284
0.93414
0.93358
0.93394
0.93372
0.93346
0.93256
0.93408
0.93692
0.93228
0.93674
0.93484
0.93308
0.93394
0.93086
0.9354
0.9331
0.93586
0.93718
0.9342
0.93386
0.9359
0.93382
0.9345
0.93404
0.93506
0.93394
0.93476
0.9351
0.93496
0.93144
0.93238
0.9351
0.93414
0.9332
0.93576
0.93416
0.93306
0.93298
0.93616
0.93338
0.93614
0.93428
0.93352
0.93348
0.93582
0.93546
0.93716
0.93724
0.93204
0.93264
0.93382
0.93354
0.93322
0.93548
0.93392
0.93324
0.9326
0.93774
0.93164
0.93588
0.93622
0.93286
0.9325
0.9348
0.93222
0.93724
0.93436
0.93468
0.93648
0.93148
0.93464
0.93234
0.93298
0.93336
0.9338
0.93304
0.93522
0.9353
0.93664
0.93508
0.93304
0.9341
0.93724
0.9343
0.93676
0.93236
0.93414
0.934
0.93366
0.9341
0.93408
0.9353
0.9344
0.93266
0.9333
0.9349
0.93574
0.93676
0.93404
0.93544
0.93238
0.935
0.93662
0.93602
0.93316
0.93458
0.93402
0.93112
0.9321
0.93482
0.93536
0.9352
0.93522
0.9345
0.93222
0.93504
0.93434
0.93662
0.93266
0.9381
0.93482
0.93332
0.93464
0.93194
0.93486
0.93452
0.93192
0.93464
0.93346
0.9322
0.93268
0.93218
0.93212
0.93464
0.93606
0.93556
0.9338
0.93356
0.93172
0.93548
0.93288
0.93572
0.9339
0.932
0.93366
0.93278
0.935
0.93516
0.93502
0.93276
0.93608
0.93512
0.93114
0.93578
0.9356
0.93486
0.93578
0.93246
0.93448
0.93194
0.93452
0.9324
0.93332
0.93602
0.93256
0.9336
0.93588
0.93252
0.93556
0.93474
0.93482
0.9327
0.9372
0.93346
0.93544
0.93458
0.93472
0.93298
0.93712
0.93442
0.93386
0.93698
0.93562
0.93474
0.93354
0.9352
0.93252
0.93592
0.93378
0.9337
0.93548
0.93362
0.93574
0.93568
0.93506
0.93454
0.93282
0.9319
0.93306
0.93398
0.9362
0.93482
0.93452
0.93374
0.93404
0.93402
0.9349
0.9333
0.93416
0.93462
0.93118
0.93622
0.93416
0.93702
0.93578
0.93372
0.93508
0.93638
0.93686
0.93516
0.93546
0.9343
0.93492
0.93588
0.9344
0.93204
0.9338
0.9331
0.93522
0.93656
0.93376
0.93296
0.93364
0.93494
0.93414
0.93298
0.93202
0.93628
0.93454
0.93416
0.93276
0.93452
0.93518
0.93492
0.93382
0.9358
0.9344
0.93536
0.93246
0.93532
0.9335
0.9343
0.93384
0.93484
0.934
0.93576
0.93386
0.93654
0.93248
0.9338
0.9372
0.93616
0.9362
0.93424
0.93378
0.93202
0.93074
0.93404
0.9348
0.93532
0.93222
0.93568
0.93546
0.93368
0.93446
0.93376
0.93564
0.93558
0.93182
0.93474
0.93562
0.93286
0.93454
0.93742
0.9345
0.93396
0.93458
0.93238
0.93308
0.93454
0.9343
0.9367
0.9328
0.93244
0.93426
0.93346
0.93584
0.93326
0.93658
0.93482
0.93348
0.93636
0.93486
0.93518
0.93356
0.93504
0.93596
0.93244
0.93222
0.93324
0.93318
0.93778
0.93884
0.93354
0.93542
0.9336
0.933
0.93438
0.9326
0.93596
0.93412
0.9357
0.9339
0.9332
0.93558
0.93304
0.93328
0.93478
0.93584
0.93298
0.9345
0.9331
0.93598
0.93404
0.93568
0.93352
0.93604
0.93392
0.93364
0.93694
0.93422
0.93278
0.93396
0.9343
0.93404
0.93498
0.93552
0.93688
0.93416
0.93554
0.93534
0.93344
0.93536
0.93454
0.93086
0.93274
0.93492
0.93372
0.93776
0.9366
0.93336
0.93164
0.93594
0.9328
0.93396
0.93514
0.93464
0.93468
0.93584
0.93512
0.93608
0.93216
0.93476
0.9334
0.93428
0.9339
0.93574
0.93472
0.93582
0.93336
0.93432
0.93552
0.9339
0.93624
0.93472
0.9348
0.93622
0.9341
0.93416
0.93222
0.93322
0.93446
0.93286
0.93508
0.9328
0.93384
0.9344
0.93614
0.93654
0.93226
0.93366
0.93382
0.93592
0.93268
0.93388
0.93256
0.93544
0.93566
0.93354
0.93164
0.93186
0.9347
0.93376
0.93462
0.9339
0.92998
0.9346
0.9334
0.93518
0.93732
0.93598
0.93438
0.93668
0.93256
0.93278
0.93628
0.93478
0.93362
0.93374
0.9346
0.9347
0.9317
0.93614
0.9325
0.93438
0.93526
0.9344
0.93424
0.93278
0.93484
0.93456
0.93548
0.93482
0.93636
0.93476
0.93498
0.9317
0.9333
0.93166
0.93424
0.93414
0.93464
0.93348
0.93584
0.93294
0.93492
0.9324
0.93392
0.9334
0.934
0.93336
0.93444
0.93608
0.93504
0.93422
0.93308
0.93638
0.93626
0.93642
0.93542
0.93074
0.93478
0.9313
0.93214
0.9366
0.9338
0.93224
0.93554
0.93364
0.9345
0.93388
0.93668
0.93468
0.93176
0.93366
0.9345
0.93364
0.93436
0.93256
0.93478
0.93506
0.93684
0.9332
0.93476
0.93612
0.93152
0.93642
0.93408
0.93694
0.93388
0.93484
0.93584
0.93516
0.93328
0.93586
0.9355
0.93524
0.93528
0.93194
0.93454
0.9361
0.93544
0.93286
0.93352
0.93516
0.9348
0.93362
0.93486
0.93302
0.93448
0.93344
0.93636
0.93522
0.93184
0.93238
0.93112
0.93334
0.93362
0.93506
0.93584
0.93642
0.93542
0.93684
0.93404
0.93706
0.93198
0.93194
0.93462
0.93242
0.9366
0.93372
0.93318
0.93492
0.93238
0.9339
0.93438
0.93606
0.93362
0.9326
0.93468
0.93516
0.93482
0.9342
0.93352
0.9348
0.93388
0.93592
0.93382
0.9365
0.93592
0.9365
0.93058
0.93116
0.93366
0.9342
0.93256
0.93602
0.93382
0.93408
0.93568
0.93106
0.9374
0.93474
0.9353
0.93538
0.9345
0.93366
0.93528
0.93706
0.93714
0.93516
0.93526
0.93338
0.93474
0.93234
0.93362
0.93354
0.93464
0.93584
0.93416
0.93428
0.93578
0.93098
0.93466
0.93258
0.93506
0.93498
0.93182
0.93494
0.9334
0.93456
0.9327
0.93574
0.93414
0.93078
0.93684
0.93464
0.93512
0.93796
0.93688
0.93448
0.93456
0.93334
0.93408
0.93502
0.93434
0.93462
0.93654
0.93532
0.93356
0.93494
0.93172
0.9364
0.93324
0.93432
0.93562
0.93366
0.93582
0.9346
0.93618
0.93288
0.93514
0.93622
0.93656
0.93258
0.93498
0.9344
0.93062
0.93582
0.93232
0.93276
0.93236
0.9333
0.9345
0.93324
0.93414
0.93466
0.9335
0.93476
0.93638
0.93496
0.93202
0.93292
0.93086
0.93666
0.93484
0.9336
0.9348
0.93252
0.93258
0.93358
0.93364
0.93444
0.93406
0.93364
0.93178
0.9318
0.9309
0.93622
0.93524
0.93426
0.93316
0.9348
0.93242
0.93534
0.93164
0.93184
0.93258
0.93768
0.93364
0.93578
0.93516
0.93552
0.93406
0.93682
0.93464
0.9364
0.93606
0.9347
0.93618
0.93294
0.93378
0.93318
0.9343
0.93574
0.934
0.93298
0.93362
0.93226
0.93586
0.9341
0.93688
0.9349
0.934
0.93494
0.9349
0.93588
0.93446
0.93504
0.93404
0.93454
0.93652
0.93166
0.93582
0.93536
0.93248
0.93268
0.93348
0.93416
0.93674
0.93576
0.93242
0.93452
0.93406
0.93348
0.93304
0.93704
0.93522
