0.66756
0.66652
0.6631
0.6677
0.66516
0.67518
0.67738
0.6707
0.68746
0.6888
0.70268
0.69572
0.69296
0.6871
0.69002
0.69414
0.69122
0.6873
0.68214
0.70004
0.69698
0.69528
0.6919
0.6902
0.68248
0.68674
0.68316
0.6892
0.69102
0.69078
0.69606
0.70442
0.70614
0.70982
0.70658
0.7032
0.70148
0.6973
0.70206
0.69496
0.6967
0.68888
0.68994
0.69412
0.68658
0.6801
0.6828
0.681
0.6795
0.68248
0.6831
0.68126
0.67984
0.6657
0.66536
0.66626
0.66852
0.67714
0.68344
0.6808
0.67716
0.66818
0.676
0.66248
0.66052
0.6721
0.67066
0.66376
0.65966
0.65776
0.66554
0.66464
0.65846
0.66526
0.6597
0.67546
0.67844
0.68934
0.68274
0.6814
0.68102
0.68202
0.69564
0.69362
0.68748
0.69402
0.69388
0.68972
0.68732
0.68818
0.68274
0.68232
0.67328
0.6758
0.67524
0.67284
0.67542
0.6716
0.66472
0.66892
0.6786
0.68192
0.68132
0.67072
0.6773
0.6829
0.67962
0.68082
0.6749
0.6719
0.67762
0.68212
0.69172
0.68432
0.69134
0.6955
0.6972
0.69852
0.70186
0.70438
0.70424
0.70036
0.70428
0.69926
0.7008
0.70048
0.69398
0.6861
0.69026
0.67574
0.67276
0.66722
0.67732
0.68252
0.67032
0.67292
0.68264
0.67634
0.67644
0.6808
0.6799
0.67868
0.6752
0.67372
0.67476
0.6867
0.6957
0.69482
0.69006
0.67654
0.68074
0.68458
0.68266
0.66954
0.67338
0.68084
0.68026
0.67938
0.67594
0.67656
0.67548
0.6909
0.68892
0.69394
0.68652
0.69528
0.69812
0.7067
0.69712
0.69224
0.6867
0.69082
0.69336
0.69852
0.70506
0.708
0.70346
0.704
0.69624
0.69054
0.69444
0.68932
0.69268
0.70338
0.70232
0.70538
0.70346
0.69886
0.69172
0.68432
0.6888
0.69566
0.70034
0.70264
0.69632
0.70166
0.69516
0.70566
0.70466
0.70918
0.7081
0.70618
0.7049
0.7117
0.71428
0.72302
0.71932
0.71964
0.71396
0.71948
0.71282
0.7033
0.7067
0.70474
0.6848
0.68508
0.69476
0.6973
0.68896
0.70144
0.695
0.69482
0.69544
0.69406
0.69442
0.69008
0.6932
0.695
0.7056
0.70474
0.69856
0.69566
0.70602
0.70366
0.70756
0.71506
0.70798
0.7017
0.69866
0.68988
0.68942
0.69832
0.70356
0.70516
0.70664
0.7108
0.70966
0.7174
0.72152
0.71464
0.71466
0.71216
0.71352
0.70412
0.70308
0.70324
0.70424
0.70722
0.70268
0.70576
0.70748
0.70876
0.70022
0.6863
0.69188
0.68346
0.68374
0.68216
0.67544
0.68422
0.67818
0.67814
0.68652
0.69548
0.71476
0.70904
0.70296
0.70498
0.71164
0.71274
0.71634
0.71382
0.7
0.71784
0.71048
0.70132
0.69866
0.70422
0.69942
0.7004
0.71014
0.70438
0.71164
0.70856
0.7025
0.69656
0.68374
0.68286
0.6841
0.68634
0.67542
0.68966
0.68036
0.67488
0.67382
0.67688
0.67744
0.6831
0.67542
0.67812
0.67598
0.67672
0.67906
0.68168
0.6806
0.6832
0.69232
0.69016
0.6872
0.69312
0.69304
0.69542
0.70264
0.707
0.69628
0.69256
0.69432
0.6872
0.6889
0.69712
0.69024
0.69468
0.68426
0.6954
0.6913
0.70166
0.69352
0.6876
0.6809
0.67224
0.68344
0.68714
0.68054
0.68546
0.6785
0.67636
0.6728
0.66616
0.6654
0.67564
0.67026
0.67246
0.6827
0.67692
0.67382
0.68172
0.66932
0.6776
0.68592
0.69586
0.70326
0.70384
0.70902
0.70118
0.70742
0.7085
0.70744
0.70042
0.70152
0.6996
0.70406
0.70774
0.70992
0.6987
0.70556
0.70906
0.71214
0.71298
0.71408
0.7111
0.70824
0.70874
0.70296
0.69062
0.68986
0.69098
0.69258
0.69136
0.69758
0.68454
0.6836
0.68876
0.67932
0.68594
0.69212
0.68534
0.67694
0.67562
0.6749
0.674
0.67522
0.67048
0.675
0.67742
0.67028
0.67992
0.6709
0.66692
0.67674
0.67714
0.6859
0.6974
0.6935
0.69632
0.6937
0.69716
0.69468
0.70534
0.70702
0.70466
0.70158
0.69574
0.70256
0.70066
0.71312
0.70268
0.71032
0.69758
0.69344
0.69876
0.69782
0.69838
0.70708
0.71128
0.70424
0.70496
0.69944
0.70512
0.70016
0.70324
0.70068
0.70536
0.70104
0.69756
0.6893
0.68774
0.69102
0.67818
0.68292
0.68814
0.68594
0.67724
0.66786
0.67322
0.67332
0.6799
0.68434
0.67744
0.68196
0.68216
0.68126
0.68316
0.6901
0.68934
0.68362
0.6817
0.67854
0.67812
0.66422
0.67278
0.6747
0.6698
0.67172
0.67274
0.6834
0.6829
0.68706
0.68508
0.69022
0.69918
0.70032
0.69638
0.69506
0.6868
0.68754
0.68662
0.69482
0.69438
0.68828
0.68174
0.68902
0.6898
0.68544
0.68346
0.68966
0.69294
0.69026
0.69754
0.70186
0.70024
0.69714
0.68914
0.68576
0.68648
0.69012
0.69086
0.69932
0.68742
0.68094
0.6806
0.6834
0.68678
0.69512
0.69072
0.69216
0.69082
0.6807
0.68688
0.68546
0.68856
0.68826
0.68606
0.68918
0.68096
0.66852
0.6699
0.6747
0.68728
0.68628
0.6788
0.67634
0.67766
0.67328
0.68266
0.68758
0.6917
0.68588
0.68888
0.69036
0.6884
0.69474
0.69236
0.6885
0.68676
0.68588
0.678
0.68314
0.6829
0.68266
0.67428
0.68454
0.67574
0.66912
0.66792
0.67558
0.66478
0.66486
0.67016
0.68046
0.6761
0.66968
0.67228
0.66796
0.66496
0.66708
0.66688
0.65922
0.67666
0.67718
0.67156
0.67234
0.66738
0.66718
0.66806
0.66436
0.6643
0.67394
0.68248
0.67586
0.67812
0.6838
0.69294
0.69934
0.69912
0.69206
0.69286
0.6983
0.69434
0.69698
0.69084
0.68844
0.69074
0.68804
0.68498
0.6889
0.6816
0.69084
0.6897
0.68402
0.68304
0.68496
0.68448
0.68608
0.69316
0.69036
0.68486
0.6746
0.67494
0.6816
0.67486
0.67102
0.68294
0.68286
0.67808
0.67372
0.67188
0.67586
0.67744
0.67318
0.6745
0.68028
0.67988
0.68272
0.6851
0.66828
0.6712
0.6757
0.67506
0.68214
0.67484
0.67758
0.6767
0.67916
0.67796
0.68142
0.67526
0.6719
0.66494
0.6688
0.66774
0.66818
0.68386
0.67416
0.66058
0.67318
0.67398
0.67488
0.68546
0.67754
0.67896
0.68104
0.69104
0.69722
0.68822
0.69606
0.7023
0.6948
0.68364
0.6836
0.68662
0.68828
0.69522
0.69742
0.69596
0.69058
0.68916
0.68922
0.68578
0.68258
0.68892
0.68038
0.68744
0.69322
0.68498
0.69164
0.68262
0.67798
0.6862
0.68692
0.68452
0.67262
0.67498
0.66722
0.669
0.66286
0.67592
0.68308
0.68876
0.6932
0.70146
0.70048
0.68344
0.6897
0.69634
0.6888
0.69438
0.6883
0.70228
0.71166
0.69744
0.70412
0.6933
0.69806
0.7017
0.69962
0.69832
0.70726
0.70352
0.70862
0.70866
0.71156
0.70394
0.70382
0.70694
0.71816
0.7285
0.72326
0.72226
0.71618
0.70824
0.71582
0.70384
0.70074
0.69044
0.6914
0.68106
0.6839
0.6868
0.69842
0.69652
0.69044
0.69246
0.69402
0.69848
0.69764
0.69552
0.69316
0.68294
0.6895
0.69776
0.68724
0.68516
0.68634
0.68368
0.67354
0.67984
0.67472
0.66366
0.66556
0.66542
0.6823
0.67908
0.6849
0.68104
0.68812
0.6816
0.68498
0.68158
0.6793
0.68044
0.67842
0.67858
0.67978
0.68144
0.66396
0.67714
0.67676
0.68084
0.68398
0.6922
0.69838
0.68928
0.684
0.67934
0.6883
0.6892
0.68804
0.69452
0.7008
0.69118
0.71284
0.71122
0.7121
0.70816
0.69792
0.69572
0.6907
0.70268
0.70568
0.70192
0.70616
0.70878
0.69988
0.69592
0.70714
0.71128
0.70986
0.70572
0.69918
0.7048
0.70792
0.69044
0.69196
0.69706
0.69342
0.69522
0.69712
0.69962
0.70368
0.70366
0.70296
0.70262
0.70454
0.70144
0.69302
0.69068
0.69278
0.69684
0.69532
0.69528
0.69076
0.6907
0.6908
0.69308
0.70058
0.70156
0.7016
0.68938
0.69078
0.69658
0.6945
0.70156
0.7043
0.70036
0.69568
0.68572
0.68484
0.67596
0.67024
0.686
0.68298
0.686
0.69154
0.69254
0.69078
0.69136
0.6784
0.68206
0.68582
0.68604
0.67026
0.6734
0.66984
0.66528
0.66612
0.67376
0.68196
0.68398
0.68692
0.69258
0.69236
0.68982
0.69048
0.68716
0.6895
0.69322
0.68962
0.68686
0.6907
0.68978
0.68768
0.69474
0.67852
0.68094
0.6897
0.6847
0.68366
0.68128
0.67922
0.68172
0.68864
0.68628
0.69104
0.68594
0.67922
0.68014
0.6852
0.68194
0.68398
0.6889
0.68558
0.6833
0.68352
0.68086
0.6919
0.68132
0.68312
0.67782
0.68656
0.67768
0.6888
0.69076
0.68316
0.68564
0.67936
0.68042
0.67332
0.67858
0.68552
0.68714
0.68846
0.68078
0.66952
0.6757
0.68638
0.6976
0.70038
0.69632
0.69238
0.69028
0.6831
0.69372
0.69518
0.69692
0.69926
0.68888
0.69484
0.68856
0.67882
0.69106
0.68682
0.69016
0.693
0.69484
0.69978
0.69498
0.69368
0.7019
0.70372
0.70636
0.69786
0.70136
0.68556
0.69148
0.69266
0.67792
0.67328
0.67216
0.67598
0.67238
0.6739
0.6737
0.67614
0.67742
0.6789
0.67874
0.68002
0.67596
0.67682
0.67368
0.67614
0.66964
0.6651
0.67316
0.67416
0.6746
0.67536
0.6738
0.68058
0.67622
0.66832
0.66884
0.66854
0.6728
0.67742
0.68018
0.6815
0.6798
0.6747
0.6782
0.6847
0.69232
0.69434
0.69056
0.69292
0.69268
0.68316
0.68854
0.68458
0.67804
0.6764
0.68332
0.68056
0.68676
0.69656
0.69142
0.69538
0.69912
0.68262
0.67854
0.68158
0.69352
0.69442
0.68088
0.67394
0.678
0.68232
0.68782
0.68196
0.68148
0.6804
0.67928
0.69278
0.69136
0.69254
0.68546
0.67528
0.68252
0.67132
0.6743
0.667
0.66982
0.67444
0.67386
0.6706
0.66564
0.6651
0.6673
0.65876
0.66314
0.6561
0.66432
0.65824
0.6608
0.65934
0.65882
0.65658
0.67242
0.6723
0.65734
0.67738
0.6621
0.66662
0.66792
0.67106
0.67448
0.6749
0.681
0.68138
0.6809
0.67714
0.67006
0.66634
0.66646
0.66488
0.67106
0.67628
0.67876
0.6772
0.68258
0.67822
0.67938
0.6808
0.6738
0.68356
0.67788
0.67328
0.67736
0.67526
0.68204
0.68124
0.68654
0.67686
0.67514
0.67546
0.67476
0.6753
0.67586
0.67626
0.67804
0.67952
0.68854
0.68504
0.67432
0.67432
0.67744
0.69954
0.69722
0.68978
0.68438
0.6844
0.69322
0.69368
0.6901
0.69608
0.70014
0.703
0.70732
0.70204
0.7005
0.70924
0.70844
0.70006
0.70282
0.6956
0.70474
0.70806
0.69934
0.697
0.6966
0.70694
0.69896
0.6972
0.69596
0.69058
0.67686
0.66832
0.67532
0.67986
0.67698
0.68818
0.6856
0.668
0.68024
0.67986
0.68518
0.67952
0.68424
0.68828
0.68716
0.68314
0.6814
0.68676
0.68774
0.6819
0.6773
0.6799
0.68024
0.68194
0.68514
0.68582
0.68712
0.67952
0.68586
0.68266
0.68276
0.67866
0.68016
0.68046
0.68064
0.67934
0.67584
0.6788
0.67638
0.67604
0.6738
0.67196
0.67678
0.68662
0.68756
0.68046
0.68764
0.67624
0.68868
0.69618
0.69044
0.6892
0.6847
0.67984
0.67808
0.67644
0.6735
0.66316
0.66386
0.65688
0.66116
0.65064
0.66662
0.66834
0.67046
0.67278
0.66998
0.68024
0.6754
0.66484
0.66542
0.66988
0.6775
0.67274
0.67678
0.67278
0.67838
0.68338
0.67638
0.68006
0.67526
0.68696
0.68116
0.6844
0.68946
0.68332
0.68568
0.6863
0.69198
0.69348
0.69324
0.68942
0.68844
0.69062
0.68566
0.68266
0.6769
0.67912
0.67518
0.67592
0.67112
0.67964
0.67038
0.675
0.67262
0.66818
0.67254
0.6741
0.68044
0.68028
0.67934
0.67876
0.67992
0.6758
0.68552
0.67268
0.68494
0.67898
0.68748
0.69344
0.69354
0.6982
0.70654
0.7079
0.69574
0.69544
0.6935
0.69042
0.68964
0.6877
0.68318
0.67504
0.67528
0.68432
0.6821
0.68068
0.67626
0.68186
0.67056
0.6691
0.67028
0.6614
0.66426
0.66892
0.66088
0.66498
0.66764
0.67582
0.67528
0.68278
0.68644
0.68872
0.6837
0.68002
0.69716
0.70122
0.69594
0.69154
0.68874
0.68664
0.67824
0.67928
0.68214
0.68948
0.69102
0.69958
0.6878
0.68578
0.67562
0.68476
0.6896
0.68578
0.67676
0.67856
0.67724
0.68866
0.6858
0.69878
0.69892
0.6916
0.69256
0.68972
0.68102
0.69518
0.69756
0.68856
0.68698
0.69144
0.70096
0.69506
0.69532
0.6933
0.69286
0.68616
0.69358
0.6911
0.68382
0.68204
0.68932
0.68836
0.68424
0.68406
0.69304
0.6834
0.69258
0.69414
0.70294
0.70042
0.69372
0.68924
0.68758
0.67718
0.68452
0.69132
0.69626
0.69366
0.68882
0.69896
0.7012
0.70328
0.70024
0.69604
0.70062
0.70048
0.69854
0.68878
0.6977
0.69168
0.69668
0.69714
0.6976
0.70732
0.70792
0.70502
0.70186
0.70638
0.69494
0.69362
0.70452
0.70252
0.70338
0.70242
0.69848
0.7096
0.71396
0.71442
0.71876
0.70264
0.70902
0.70852
0.70404
0.70272
0.6978
0.69548
0.69866
0.70028
0.69896
0.68724
0.6897
0.6938
0.69028
0.69126
0.68986
0.68494
0.6911
0.68696
0.6926
0.69534
0.6879
0.68204
0.70012
0.68992
0.68906
0.69366
0.70022
0.6994
0.69918
0.70236
0.70576
0.7051
0.69866
0.70486
0.6988
0.6961
0.70706
0.70888
0.70204
0.6971
0.68888
0.69946
0.6965
0.6885
0.6887
0.70142
0.7061
0.70666
0.71
0.70496
0.71384
0.70708
0.71114
0.70222
0.70332
0.69546
0.69402
0.6907
0.69158
0.6901
0.69104
0.68876
0.6848
0.68972
0.68972
0.68232
0.67726
0.67432
0.6782
0.67124
0.66964
0.6618
0.67294
0.68216
0.67288
0.66858
0.67236
0.6707
0.6836
0.68056
0.67698
0.68006
0.68248
0.6783
0.67578
0.67512
0.68188
0.68354
0.68034
0.66726
0.66974
0.67312
0.67832
0.68504
0.68428
0.6805
0.68612
0.6883
0.68422
0.67918
0.6761
0.67208
0.67332
0.6776
0.68558
0.69626
0.69644
0.68506
0.68938
0.69122
0.69412
0.69488
0.6797
0.67844
0.67548
0.6629
0.67354
0.66982
0.67278
0.67166
0.67226
0.67758
0.68708
0.6745
0.68248
0.68004
0.68388
0.68818
0.69404
0.68278
0.67492
0.6889
0.68676
0.68668
0.68658
0.694
0.6802
0.68192
0.67732
0.67786
0.68052
0.6775
0.68456
0.68112
0.67962
0.67904
0.67386
0.68254
0.68116
0.67814
0.6815
0.69114
0.69506
0.69566
0.68992
0.69566
0.70084
0.7021
0.70554
0.70408
0.70046
0.70384
0.69754
0.69458
0.70222
0.69826
0.69056
0.68856
0.68886
0.68952
0.68306
0.68828
0.6897
0.68616
0.68104
0.68992
0.68774
0.69046
0.69214
0.68956
0.6816
0.68436
0.68064
0.67404
0.68204
0.67546
0.68192
0.68774
0.69086
0.68852
0.69452
0.69382
0.69326
0.68538
0.6892
0.69676
0.69414
0.6903
0.6923
0.69342
0.69014
0.68634
0.6805
0.67834
0.66988
0.67202
0.67034
0.66986
0.67542
0.6883
0.68596
0.67876
0.68588
0.69164
0.6925
0.67942
0.6705
0.69138
0.69546
0.69
0.6875
0.68386
0.68352
0.68024
0.68344
0.68374
0.68816
0.68856
0.69608
0.68616
0.69354
0.70358
0.69258
0.69662
0.70244
0.6965
0.7045
0.70154
0.70144
0.69812
0.69684
0.69792
0.69504
0.69894
0.71004
0.70252
0.69146
0.69298
0.68728
0.69694
0.6985
0.70818
0.70312
0.7075
0.70978
0.70342
0.69614
0.68984
0.6925
0.70832
0.69938
0.69072
0.70206
0.6959
0.69712
0.69808
0.7003
0.69224
0.6831
0.69352
0.69232
0.68804
0.68868
0.68998
0.69146
0.69158
0.69602
0.69856
0.69762
0.70314
0.69706
0.69946
0.7082
0.69462
0.69476
0.70664
0.70644
0.6955
0.69748
0.69196
0.69218
0.7112
0.70534
0.69064
0.69966
0.70538
0.70574
0.7048
0.6977
0.69546
0.69434
0.69504
0.6886
0.68654
0.69026
0.68048
0.68272
0.67958
0.6757
0.6793
0.68178
0.66674
0.66386
0.67712
0.67702
0.67646
0.67544
0.68138
0.67504
0.67796
0.68174
0.6799
0.66904
0.67372
0.67298
0.6738
0.66262
0.65514
0.66664
0.67668
0.67554
0.68522
0.69666
0.6975
0.70778
0.69422
0.70258
0.69548
0.69672
0.69748
0.68948
0.68346
0.68312
0.6858
0.70606
0.69274
0.70042
0.69522
0.6964
0.71138
0.7086
0.7037
0.71222
0.7118
0.6992
0.68868
0.69156
0.70628
0.69884
0.69466
0.6968
0.6985
0.6891
0.69382
0.69858
0.70002
0.69828
0.6994
0.69668
0.69974
0.70824
0.71418
0.70736
0.71172
0.7082
0.71118
0.70372
0.7004
0.70322
0.69842
0.69508
0.6963
0.69166
0.68796
0.69298
0.6918
0.69462
0.69786
0.7082
0.70702
0.69798
0.70748
0.6993
0.70306
0.7025
0.69766
0.6997
0.69416
0.69608
0.6983
0.69034
0.6936
0.69626
0.68944
0.68204
0.67538
0.6756
0.67656
0.68412
0.68752
0.6865
0.68638
0.69186
0.6914
0.68842
0.68926
0.68948
0.67982
0.68834
0.69488
0.69598
0.68828
0.69222
0.68342
0.69744
0.6867
0.6871
0.68982
0.689
0.68468
0.6961
0.69908
0.69346
0.69112
0.69174
0.6911
0.6789
0.68334
0.69226
0.68624
0.68274
0.68252
0.67836
0.6765
0.6804
0.67808
0.67652
0.68816
0.68878
0.69
0.68812
0.7013
0.70514
0.7052
0.7146
0.70212
0.70538
0.7068
0.71232
0.70702
0.70976
0.70514
0.70518
0.69502
0.69074
0.68752
0.68826
0.69556
0.69526
0.71868
0.7061
0.7127
0.70748
0.70506
0.70394
0.70404
0.70144
0.69752
0.6949
0.69588
0.69724
0.69284
0.69162
0.70006
0.68708
0.68786
0.69096
0.67922
0.67594
0.67884
0.68158
0.66156
0.66374
0.6736
0.67586
0.68008
0.6845
0.68396
0.68558
0.6804
0.67596
0.6725
0.68026
0.67942
0.6787
0.67454
0.68394
0.68292
0.68188
0.6917
0.68988
0.68336
0.67224
0.67068
0.68626
0.6866
0.68536
0.67438
0.67564
0.68584
0.68926
0.69058
0.6984
0.68434
0.6787
0.67842
0.6876
0.67646
0.68468
0.6854
0.68802
0.69344
0.70168
0.7063
0.70856
0.69634
0.70186
0.69766
0.70032
0.70548
0.70442
0.69104
0.69572
0.69642
0.69488
0.69072
0.69634
0.67668
0.6783
0.68322
0.6833
0.68674
0.6871
0.69186
0.69154
0.7011
0.70166
0.69298
0.68848
0.691
0.68654
0.68556
0.68058
0.67454
0.6865
0.6957
0.69866
0.70526
0.70064
0.69872
0.69872
0.69736
0.68912
0.68012
0.68256
0.69184
0.6933
0.68374
0.68044
0.68122
0.687
0.68954
0.67838
0.67138
0.67814
0.6839
0.67982
0.67506
0.68462
0.6872
0.6905
0.69036
0.69668
0.69834
0.69814
0.6988
0.69064
0.69296
0.68498
0.69092
0.69268
0.69964
0.7051
0.70486
0.69962
0.70194
0.70592
0.70906
0.70306
0.70314
0.70314
0.6962
0.70292
0.6966
0.69706
0.68718
0.68402
0.69112
0.68826
0.68758
0.68228
0.67726
0.68038
0.6828
0.6737
0.6741
0.67888
0.68892
0.6953
0.68912
0.68162
0.67422
0.67702
0.67636
0.67592
0.68376
0.67896
0.67262
0.68074
0.67034
0.663
0.65846
0.6683
0.67698
0.6793
0.67708
0.66846
0.67102
0.65666
0.64622
0.66736
0.67276
0.67622
0.67968
0.6706
0.67922
0.67862
0.67552
0.6697
0.68652
0.67784
0.67882
0.67564
0.67952
0.66926
0.6741
0.67366
0.67026
0.66032
0.66208
0.67328
0.68358
0.67482
0.69096
0.69446
0.69488
0.68798
0.67922
0.67882
0.67966
0.6811
0.67658
0.6775
0.6732
0.66896
0.66438
0.6717
0.66558
0.67056
0.66482
0.65904
0.66754
0.664
0.66902
0.6665
0.67084
0.67276
0.6749
0.68854
0.67932
0.68772
0.68378
0.69018
0.69492
0.69462
0.69706
0.70154
0.70874
0.70688
0.70218
0.70152
0.7027
0.71024
0.71762
0.71668
0.71044
0.6975
0.70712
0.70456
0.71004
0.69946
0.69052
0.6855
0.68224
0.67588
0.67772
0.67766
0.6695
0.6773
0.67494
0.66334
0.67146
0.66822
0.67104
0.66434
0.66322
0.65112
0.6594
0.65422
0.65944
0.65488
0.66624
0.6581
0.65654
0.66
0.6585
0.66716
0.67072
0.6795
0.67704
0.68244
0.68154
0.67328
0.67176
0.65984
0.66268
0.66582
0.66134
0.66678
0.6593
0.65144
0.65732
0.65882
0.65336
0.65276
0.65742
0.675
0.68396
0.67536
0.67638
0.67812
0.68136
0.6828
0.68628
0.68212
0.68654
0.6717
0.66668
0.67242
0.67716
0.67298
0.69092
0.69314
0.69306
0.6984
0.69854
0.68866
0.69012
0.68972
0.69598
0.69818
0.70942
0.70182
0.69548
0.68834
0.68242
0.68716
0.6918
0.69212
0.69238
0.68198
0.68384
0.68432
0.6863
0.68028
0.68812
0.6931
0.69854
0.68104
0.67598
0.67876
0.67622
0.676
0.67402
0.66968
0.67242
0.68474
0.68674
0.68276
0.67842
0.67338
0.67958
0.68344
0.68948
0.69284
0.6957
0.70048
0.69644
0.70262
0.70944
0.71104
0.70152
0.70326
0.70352
0.6974
0.69208
0.70006
0.69792
0.70184
0.69932
0.7003
0.7038
0.69508
0.69882
0.69846
0.70502
0.70578
0.7009
0.69064
0.70378
0.68474
0.68214
0.6887
0.68722
0.69752
0.69174
0.69316
0.6959
0.68386
0.6836
0.68464
0.68696
0.69578
0.69536
0.68684
0.6833
0.68142
0.69166
0.69372
0.69338
0.69922
0.69716
0.6786
0.67432
0.66978
0.67946
0.69094
0.68094
0.6955
0.69668
0.69598
0.68912
0.68656
0.68448
0.67952
0.6878
0.68252
0.69202
0.6921
0.6758
0.68228
0.68708
0.68724
0.68754
0.68298
0.6823
0.68228
0.67516
0.67924
0.67412
0.6847
0.68134
0.6749
0.66526
0.67482
0.6701
0.6673
0.66418
0.6672
0.66824
0.67222
0.66824
0.6779
0.67466
0.67668
0.67478
0.67716
0.68478
0.68916
0.70432
0.70238
0.70714
0.6992
0.70308
0.69902
0.70052
0.69212
0.68532
0.6816
0.67792
0.69072
0.69268
0.69836
0.6905
0.69388
0.6946
0.68602
0.68402
0.6851
0.68608
0.69242
0.69282
0.6942
0.69494
0.7009
0.69472
0.69266
0.6889
0.6699
0.67412
0.67998
0.68448
0.6856
0.6703
0.67554
0.67896
0.68952
0.68956
0.68814
0.68752
0.68536
0.689
0.68532
0.68388
0.67028
0.66744
0.66398
0.6714
0.67968
0.6913
0.6791
0.68718
0.68476
0.68566
0.68772
0.67636
0.69074
0.69376
0.68968
0.6862
0.69446
0.68866
0.6745
0.6737
0.6863
0.69766
0.6885
0.68966
0.67976
0.68578
0.67234
0.68258
0.6799
0.68896
0.69508
0.68168
0.67668
0.67594
0.68046
0.68958
0.69114
0.6951
0.7039
0.6951
0.69046
0.68262
0.68928
0.6936
0.68216
0.68692
0.68144
0.68598
0.69064
0.70086
0.70688
0.69926
0.69524
0.69736
0.6988
0.69632
0.70538
0.69706
0.70586
0.71498
0.7062
0.6904
0.70144
0.68776
0.6987
0.70198
0.69338
0.69516
0.69546
0.6947
0.6911
0.6861
0.68648
0.67246
0.67478
0.68672
0.68086
0.6841
0.69046
0.69454
0.6828
0.68432
0.68706
0.6962
0.70046
0.69952
0.70762
0.69736
0.69634
0.69858
0.70112
0.70076
0.6991
0.70122
0.70682
0.70678
0.70388
0.70678
0.71114
0.71076
0.71266
0.70826
0.70502
0.69292
0.70106
0.69592
0.69454
0.6875
0.6881
0.67764
0.6832
0.68678
0.68786
0.6857
0.68616
0.69022
0.69742
0.6943
0.6904
0.68616
0.69106
0.69986
0.69576
0.6859
0.68542
0.69256
0.68834
0.68922
0.69256
0.69624
0.69052
0.6775
0.68544
0.67772
0.68856
0.68094
0.67522
0.68492
0.68632
0.68088
0.6839
0.67616
0.674
0.6785
0.68326
0.6794
0.68176
0.6776
0.67912
0.6906
0.69124
0.6921
0.69822
0.69662
0.70136
0.7029
0.7022
0.70674
0.69872
0.70134
0.69834
0.69424
0.6883
0.70188
0.69706
0.7013
0.70436
0.70392
0.7044
0.7145
0.7108
0.71222
0.7122
0.7032
0.70386
0.70004
0.6874
0.68736
0.68406
0.69168
0.70426
0.6985
0.70574
0.71106
0.71252
0.70964
0.71446
0.71428
0.71506
0.7153
0.7187
0.72284
0.72406
0.72778
0.72092
0.71636
0.714
0.71182
0.72254
0.7222
0.71654
0.70766
0.70368
0.70162
0.69652
0.70112
0.70122
0.69848
0.69648
0.69716
0.69008
0.68374
0.69142
0.6955
0.69348
0.7006
0.69922
0.70222
0.70292
0.7015
0.69544
0.69996
0.71002
0.7234
0.7142
0.71702
0.72596
0.71486
0.70152
0.70446
0.69718
0.69928
0.69772
0.70102
0.6983
0.69886
0.69348
0.69502
0.69972
0.70596
0.70416
0.70042
0.6981
0.70196
0.69626
0.69364
0.70756
0.70194
0.70126
0.6955
0.6957
0.69686
0.7024
0.69664
0.68902
0.67916
0.68718
0.6901
0.6981
0.69752
0.70698
0.70374
0.70216
0.70076
0.69602
0.68736
0.68464
0.68344
0.67898
0.6854
0.68914
0.7003
0.68512
0.68894
0.68438
0.69058
0.69036
0.6928
0.68952
0.6947
0.69222
0.6893
0.70736
0.69084
0.68118
0.68648
0.69584
0.69644
0.70506
0.70498
0.70506
0.70354
0.70144
0.68768
0.6853
0.68292
0.68228
0.686
0.69596
0.69084
0.6957
0.6998
0.70068
0.70686
0.6935
0.69832
0.68176
0.6823
0.67886
0.67706
0.68014
0.68126
0.68414
0.6823
0.68748
0.68722
0.67112
0.67732
0.67504
0.6858
0.69112
0.69372
0.6909
0.68292
0.6839
0.67944
0.68612
0.6907
0.69012
0.6821
0.67982
0.68436
0.68058
0.68384
0.6928
0.694
0.68636
0.69144
0.68908
0.69578
0.68986
0.6888
0.69406
0.69
0.69984
0.7011
0.6917
0.69622
0.69338
0.69874
0.68646
0.67838
0.67812
0.6708
0.67956
0.6749
0.68042
0.68126
0.6902
0.68956
0.69338
0.69922
0.69734
0.68696
0.6888
0.6914
0.69166
0.70172
0.69792
0.69122
0.69132
0.67706
0.68358
0.68424
0.69532
0.6921
0.69506
0.70214
0.695
0.6998
0.70044
0.70588
0.70438
0.70676
0.71364
0.70144
0.69046
0.68784
0.70118
0.70096
0.70178
0.70436
0.70432
0.69932
0.69448
0.68792
0.69522
0.6863
0.683
0.68444
0.67956
0.6821
0.6864
0.6864
0.69282
0.69472
0.70344
0.7031
0.70274
0.70456
0.70122
0.70364
0.70194
0.70102
0.70396
0.69706
0.68968
0.68544
0.68234
0.67954
0.6801
0.68116
0.6733
0.67908
0.6774
0.67712
0.67826
0.6861
0.68096
0.68254
0.68702
0.6818
0.68536
0.68756
0.68812
0.68688
0.69188
0.69966
0.69854
0.69474
0.70698
0.69934
0.69826
0.70192
0.70002
0.6933
0.69358
0.69978
0.69306
0.6886
0.69118
0.69262
0.68242
0.69432
0.69192
0.68624
0.67726
0.6742
0.6737
0.6707
0.68088
0.6876
0.6869
0.6922
0.69102
0.68952
0.67898
0.6886
0.68578
0.68782
0.67756
0.66602
0.67274
0.68
0.68136
0.6827
0.68116
0.674
0.67394
0.6796
0.67654
0.67568
0.67618
0.66896
0.66754
0.6829
0.67906
0.67724
0.68082
0.66962
0.68474
0.6811
0.6932
0.69258
0.69208
0.69346
0.6883
0.69496
0.67778
0.67952
0.6816
0.6837
0.68638
0.6943
0.69142
0.69632
0.70548
0.69746
0.6913
0.68756
0.6809
0.68464
0.68974
0.69172
0.6842
0.68878
0.68356
0.68716
0.69528
0.69636
0.68482
0.68912
0.69792
0.69882
0.69596
0.69068
0.68718
0.68836
0.68152
0.6864
0.6904
0.6905
0.70136
0.69132
0.6889
0.69494
0.69152
0.6976
0.688
0.6973
0.70186
0.69194
0.68578
0.69578
0.69318
0.69074
0.69412
0.693
0.6896
0.69172
0.69102
0.6976
0.70308
0.70646
0.70656
0.70478
0.7033
0.70612
0.70062
0.70084
0.70722
0.70818
0.709
0.70546
0.70826
0.69954
0.6981
0.705
0.69558
0.69202
0.69188
0.69108
0.69874
0.69094
0.69744
0.69312
0.69106
0.69172
0.68982
0.68526
0.67602
0.67404
0.67708
0.66788
0.67024
0.67248
0.67642
0.67868
0.6846
0.67864
0.67212
0.6602
0.67196
0.66898
0.66648
0.66822
0.67522
0.67334
0.68116
0.68618
0.6962
0.69686
0.7134
0.69606
0.69998
0.69934
0.71044
0.72142
0.71344
0.70632
0.69656
0.70878
0.70264
0.70072
0.70724
0.70548
0.7109
0.70852
0.70324
0.70354
0.71216
0.70746
0.69598
0.69932
0.69192
0.69266
0.68912
0.69426
0.69784
0.69942
0.695
0.70322
0.70382
0.69456
0.7015
0.69876
0.69348
0.69624
0.68772
0.69096
0.69164
0.68826
0.69268
0.68368
0.67888
0.67366
0.68476
0.68274
0.66792
0.66398
0.66182
0.6616
0.67298
0.68014
0.66796
0.67104
0.67186
0.68292
0.68452
0.68146
0.68528
0.67618
0.67468
0.6848
0.67854
0.67782
0.67652
0.68782
0.69408
0.68908
0.7039
0.6873
0.68266
0.67804
0.68392
0.68936
0.69106
0.69356
0.68616
0.6763
0.68
0.67884
0.68102
0.68264
0.6761
0.68
0.68622
0.68048
0.68242
0.68036
0.68452
0.66718
0.6601
0.66704
0.67954
0.68182
0.69478
0.69156
0.6959
0.70012
0.7024
0.6946
0.69118
0.68618
0.6842
0.6825
0.69198
0.68844
0.68398
0.69064
0.68808
0.6863
0.69834
0.70036
0.7014
0.70706
0.69962
0.70276
0.69018
0.68632
0.68986
0.68992
0.68512
0.67992
0.6718
0.67724
0.67292
0.67662
0.67576
0.68598
0.68002
0.6764
0.67798
0.66824
0.6702
0.6669
0.67326
0.67696
0.67746
0.68008
0.67812
0.66968
0.68068
0.67736
0.68928
0.68582
0.68078
0.6786
0.68376
0.6939
0.69072
0.68062
0.6798
0.671
0.66464
0.6599
0.66436
0.66468
0.66934
0.67582
0.67158
0.67052
0.66634
0.66616
0.67798
0.66428
0.6658
0.6586
0.67574
0.67742
0.6749
0.67532
0.66896
0.67778
0.67658
0.6751
0.67948
0.67166
0.6669
0.68082
0.66762
0.66692
0.6716
0.68118
0.67658
0.6749
0.6688
0.67278
0.67254
0.67094
0.67554
0.67904
0.67756
0.66886
0.67808
0.67472
0.67258
0.68486
0.6921
0.69784
0.694
0.69114
0.6898
0.69476
0.68164
0.68206
0.68424
0.68768
0.68828
0.68208
0.67946
0.69156
0.68576
0.69082
0.69204
0.68116
0.6853
0.6835
0.6932
0.68534
0.6951
0.68596
0.68862
0.68456
0.67702
0.68878
0.69444
0.69446
0.69782
0.70186
0.70192
0.69728
0.6833
0.69432
0.69522
0.68884
0.68074
0.6794
0.68196
0.68874
0.67998
0.68322
0.67076
0.67216
0.66674
0.66648
0.66428
0.66894
0.6736
0.67792
0.66812
0.66786
0.67088
0.66872
0.66426
0.6682
0.67632
0.67134
0.67248
0.6802
0.67356
0.67858
0.66618
0.67724
0.68582
0.67906
0.68156
0.68342
0.68152
0.68678
0.68948
0.68366
0.68114
0.6855
0.67974
0.67996
0.67678
0.6884
0.68526
0.68034
0.682
0.68202
0.6753
0.6719
0.67092
0.6825
0.68648
0.68946
0.67716
0.68174
0.6858
0.68918
0.69286
0.68606
0.68934
0.69132
0.69004
0.69456
0.69098
0.6879
0.68424
0.67966
0.66796
0.67172
0.67716
0.67192
0.6788
0.66482
0.6782
0.67604
0.6832
0.68868
0.69092
0.69366
0.69
0.69182
0.69772
0.69028
0.6877
0.69454
0.69664
0.6978
0.69576
0.68796
0.69336
0.68366
0.67904
0.6741
0.67798
0.69042
0.69314
0.69136
0.70032
0.69602
0.69768
0.69926
0.6925
0.68942
0.69248
0.69924
0.6935
0.6898
0.69084
0.6977
0.70524
0.7111
0.7099
0.71086
0.70578
0.70084
0.70842
0.70324
0.70322
0.70534
0.70302
0.69828
0.69816
0.69614
0.69754
0.70912
0.70554
0.70816
0.71242
0.71278
0.70964
0.71188
0.7136
0.71248
0.70342
0.70822
0.70708
0.70706
0.70348
0.69588
0.6853
0.68636
0.68896
0.68634
0.67528
0.67248
0.67318
0.68286
0.68628
0.68796
0.69654
0.68534
0.68306
0.68572
0.69856
0.69578
0.69684
0.70048
0.70868
0.69956
0.69524
0.6945
0.69172
0.682
0.68752
0.69092
0.6856
0.6831
0.68612
0.68724
0.68834
0.67448
0.6635
0.67726
0.68152
0.68942
0.6967
0.6995
0.69792
0.7069
0.70248
0.70046
0.69284
0.6895
0.69324
0.68972
0.69694
0.69986
0.69742
0.68754
0.69168
0.6885
0.67924
0.68426
0.6798
0.67752
0.67722
0.66652
0.6718
0.67708
0.68926
0.68858
0.6899
0.69446
0.70116
0.70602
0.71308
0.71952
0.71914
0.71068
0.71224
0.71816
0.72122
0.72618
0.71472
0.7045
0.70744
0.70428
0.69764
0.7044
0.70234
0.69988
0.70832
0.70486
0.70946
0.70648
0.70368
0.70586
0.70924
0.71012
0.70802
0.70288
0.7021
0.70072
0.70232
0.70668
0.70978
0.70764
0.69708
0.69318
0.68848
0.6928
0.683
0.67928
0.68166
0.68484
0.6924
0.69604
0.6945
0.684
0.67878
0.67336
0.6763
0.67512
0.6959
0.68864
0.6836
0.6823
0.68822
0.6909
0.67688
0.68474
0.68532
0.68956
0.684
0.67476
0.676
0.68728
0.67908
0.67726
0.675
0.66934
0.67272
0.67162
0.66056
0.6683
0.6672
0.65072
0.65972
0.65646
0.6627
0.65084
0.6557
0.66136
0.67598
0.67198
0.67132
0.67532
0.6789
0.6746
0.6789
0.68544
0.6789
0.67936
0.67568
0.67994
0.68412
0.68792
0.68502
0.68376
0.68528
0.69174
0.69486
0.67966
0.6875
0.69482
0.69692
0.69352
0.7007
0.70434
0.70336
0.71276
0.70582
0.70868
0.70698
0.7006
0.70448
0.70232
0.71226
0.7136
0.70386
0.7001
0.7141
0.70632
0.70032
0.69946
0.7024
0.69672
0.6927
0.68658
0.68004
0.68308
0.68866
0.69148
0.68928
0.68784
0.6927
0.69534
0.69588
0.68786
0.70662
0.69516
0.69184
0.69624
0.68612
0.68724
0.6888
0.68734
0.69192
0.68732
0.6883
0.68544
0.6831
0.68638
0.68172
0.68174
0.68536
0.68654
0.6785
0.67836
0.6804
0.67792
0.67784
0.68104
0.68306
0.6884
0.69544
0.68932
0.68272
0.67526
0.66672
0.67442
0.6781
0.67664
0.67312
0.67566
0.67472
0.67146
0.66792
0.66786
0.6717
0.6671
0.67324
0.67064
0.67152
0.65926
0.6568
0.65954
0.6709
0.6624
0.66552
0.66808
0.66474
0.6611
0.66404
0.66398
0.66942
0.6705
0.66862
0.67356
0.68126
0.68066
0.68934
0.68496
0.6868
0.6756
0.67174
0.68148
0.68308
0.68488
0.67948
0.6868
0.67826
0.66978
0.66868
0.66806
0.66242
0.66448
0.6731
0.6692
0.66982
0.67094
0.68186
0.67898
0.67254
0.68328
0.684
0.679
0.68152
0.67928
0.67796
0.67938
0.66834
0.68056
0.67452
0.68632
0.69072
0.67918
0.6703
0.67166
0.67564
0.6721
0.66742
0.67142
0.67514
0.67034
0.67702
0.6666
0.669
0.6722
0.6646
0.67934
0.67994
0.67242
0.67922
0.67478
0.68212
0.68982
0.70018
0.70102
0.69614
0.69248
0.69018
0.69226
0.68482
0.6914
0.6863
0.68676
0.68474
0.69158
0.68764
0.6862
0.67276
0.68022
0.67566
0.67634
0.6752
0.67698
0.68072
0.68802
0.68516
0.6896
0.68256
0.67518
0.6808
0.67766
0.68234
0.68288
0.6775
0.67336
0.6698
0.66768
0.67274
0.68564
0.68466
0.69226
0.68658
0.6766
0.67974
0.68202
0.68866
0.685
0.68696
0.69884
0.68992
0.68876
0.69328
0.6796
0.67866
0.6773
0.68344
0.68894
0.68946
0.68768
0.68826
0.68788
0.69352
0.6943
0.69574
0.68752
0.68854
0.69104
0.69238
0.69554
0.69326
0.68412
0.69646
0.69082
0.69146
0.6984
0.6922
0.69614
0.69802
0.69818
0.6917
0.6877
0.69808
0.68962
0.69582
0.6945
0.70158
0.6912
0.6802
0.6756
0.68186
0.6923
0.68448
0.68012
0.67874
0.67862
0.68538
0.68674
0.69172
0.6923
0.69388
0.68746
0.68424
0.69636
0.69708
0.68728
0.68342
0.68976
0.69154
0.69684
0.69036
0.68934
0.69304
0.6919
0.69528
0.68862
0.6859
0.69364
0.6907
0.69148
0.69644
0.69664
0.69696
0.7007
0.69598
0.69322
0.70402
0.69394
0.70884
0.70716
0.70102
0.70212
0.7
0.70766
0.71026
0.72214
0.71018
0.71182
0.70944
0.7145
0.71084
0.72032
0.72668
0.73272
0.73006
0.72864
0.73194
0.72744
0.71858
0.71012
0.71018
0.7151
0.71676
0.70392
0.70832
0.70452
0.70956
0.71606
0.71224
0.71346
0.70534
0.70396
0.7049
0.7056
0.71352
0.70128
0.70238
0.70094
0.69328
0.6947
0.68422
0.68692
0.6852
0.6918
0.68044
0.68106
0.68704
0.67246
0.68012
0.68384
0.68592
0.67796
0.66996
0.6738
0.67248
0.67222
0.6742
0.68604
0.68012
0.68986
0.6836
0.68414
0.69092
0.68786
0.69062
0.70076
0.6989
0.6962
0.6967
0.6937
0.68866
0.6846
0.68714
0.68846
0.7004
0.69172
0.7005
0.70164
0.71166
0.70166
0.69618
0.69462
0.69944
0.69526
0.6956
0.71108
0.71314
0.70668
0.7139
0.71424
0.71264
0.71426
0.7239
0.72336
0.72154
0.73026
0.72216
0.71898
0.7189
0.70934
0.70794
0.70172
0.70026
0.70656
0.71166
0.71452
0.70004
0.70384
0.69462
0.69044
0.70326
0.69326
0.68688
0.68572
0.68692
0.68502
0.68578
0.68994
0.69806
0.69724
0.70616
0.71056
0.70316
0.6947
0.6857
0.68286
0.68872
0.6953
0.69632
0.68546
0.69496
0.70044
0.70898
0.713
0.72742
0.71714
0.71236
0.7161
0.70986
0.70714
0.70214
0.69614
0.70286
0.69666
0.69216
0.68388
0.6839
0.68024
0.68062
0.67862
0.6772
0.67128
0.67878
0.66818
0.66042
0.66076
0.65624
0.6593
0.66244
0.6646
0.67562
0.67056
0.6725
0.66844
0.66338
0.67538
0.67512
0.68262
0.68374
0.67148
0.67586
0.6612
0.65494
0.6545
0.64838
0.64818
0.65168
0.65646
0.66098
0.65912
0.66282
0.65898
0.6663
0.6609
0.66588
0.6664
0.66738
0.6686
0.67474
0.67104
0.67718
0.6827
0.67518
0.67834
0.67818
0.6745
0.67404
0.67938
0.67798
0.67936
0.6814
0.68416
0.68412
0.68242
0.6837
0.68206
0.6744
0.685
0.68316
0.69148
0.69198
0.68736
0.68762
0.6921
0.68614
0.6843
0.6888
0.6915
0.6798
0.67806
0.68662
0.68952
0.6889
0.68734
0.68686
0.68918
0.6867
0.69446
0.6946
0.6922
0.69448
0.6886
0.69058
0.69328
0.69968
0.69456
0.70204
0.69744
0.6981
0.699
0.69996
0.69088
0.696
0.6887
0.68768
0.68546
0.67976
0.68116
0.6862
0.67932
0.68542
0.68364
0.67748
0.68202
0.68086
