-0.03812
-0.03498
-0.02984
-0.0375
-0.06836
-0.06094
-0.0683
-0.06502
-0.07238
-0.05824
-0.06126
-0.0615
-0.05306
-0.05996
-0.05884
-0.04652
-0.03868
-0.03716
-0.03412
-0.0358
-0.0389
-0.05182
-0.05012
-0.04146
-0.03328
-0.03394
-0.04488
-0.05008
-0.04452
-0.04606
-0.05934
-0.0526
-0.04198
-0.05806
-0.04858
-0.0474
-0.0509
-0.0374
-0.04222
-0.0398
-0.04082
-0.04346
-0.055
-0.05812
-0.04478
-0.04396
-0.04476
-0.06312
-0.06198
-0.05096
-0.0595
-0.07594
-0.0716
-0.0645
-0.06756
-0.05604
-0.0717
-0.05752
-0.05904
-0.05154
-0.05436
-0.03842
-0.03914
-0.0411
-0.03792
-0.02682
-0.03576
-0.02898
-0.0391
-0.03538
-0.04238
-0.04806
-0.05508
-0.05152
-0.05114
-0.04396
-0.03496
-0.04938
-0.0477
-0.02832
-0.05056
-0.04812
-0.04524
-0.0392
-0.04212
-0.04646
-0.05618
-0.05428
-0.05494
-0.05256
-0.05424
-0.0627
-0.04816
-0.01096
-0.02866
-0.03556
-0.03628
-0.05534
-0.04798
-0.0634
-0.06282
-0.05726
-0.03992
-0.043
-0.0465
-0.03392
-0.0336
-0.02628
-0.03762
-0.0525
-0.04428
-0.05406
-0.0492
-0.05748
-0.04216
-0.04166
-0.04514
-0.05278
-0.05572
-0.03884
-0.04464
-0.03844
-0.0405
-0.0376
-0.03974
-0.0423
-0.03972
-0.039
-0.02808
-0.04904
-0.04842
-0.03544
-0.04092
-0.02046
-0.03118
-0.04028
-0.04434
-0.04092
-0.04606
-0.04912
-0.04246
-0.0425
-0.02946
-0.0471
-0.06118
-0.05394
-0.06146
-0.05592
-0.03706
-0.03824
-0.03564
-0.0433
-0.05038
-0.05146
-0.06434
-0.06094
-0.04284
-0.06054
-0.04108
-0.0514
-0.04524
-0.05638
-0.05464
-0.04858
-0.06444
-0.0598
-0.0569
-0.05458
-0.0555
-0.0745
-0.06092
-0.06634
-0.04458
-0.03906
-0.04452
-0.0463
-0.0365
-0.04112
-0.03824
-0.06416
-0.05518
-0.05452
-0.04316
-0.04842
-0.05478
-0.02814
-0.03502
-0.03426
-0.05278
-0.02932
-0.0374
-0.02586
-0.0301
-0.03276
-0.04142
-0.04562
-0.04328
-0.06472
-0.041
-0.04874
-0.04122
-0.0499
-0.0654
-0.06414
-0.07774
-0.05546
-0.05678
-0.05338
-0.04448
-0.05194
-0.0576
-0.06252
-0.04376
-0.04816
-0.04246
-0.0516
-0.06844
-0.06722
-0.06738
-0.06932
-0.07692
-0.06838
-0.05572
-0.0466
-0.0447
-0.04854
-0.04328
-0.0408
-0.04794
-0.06362
-0.07478
-0.05108
-0.04384
-0.0428
-0.04606
-0.0378
-0.06816
-0.06496
-0.03782
-0.043
-0.0458
-0.04974
-0.04606
-0.04482
-0.04212
-0.04002
-0.043
-0.04588
-0.0535
-0.06514
-0.0525
-0.04684
-0.05686
-0.05884
-0.05616
-0.03864
-0.02968
-0.04934
-0.04396
-0.0429
-0.05186
-0.05144
-0.04408
-0.05368
-0.06028
-0.08224
-0.06968
-0.07188
-0.05694
-0.05654
-0.0529
-0.04974
-0.0526
-0.04794
-0.02616
-0.02574
-0.04164
-0.03566
-0.04572
-0.06118
-0.06608
-0.0478
-0.04196
-0.05288
-0.04484
-0.03714
-0.03316
-0.03038
-0.03922
-0.05858
-0.05462
-0.04316
-0.03306
-0.02602
-0.0331
-0.04884
-0.04912
-0.0491
-0.03574
-0.04998
-0.0448
-0.04672
-0.05464
-0.04144
-0.05092
-0.04826
-0.04432
-0.04718
-0.04544
-0.04924
-0.01932
-0.0254
-0.0349
-0.03744
-0.04674
-0.04194
-0.03096
-0.0371
-0.02456
-0.03116
-0.03496
-0.0433
-0.04484
-0.0476
-0.04346
-0.02864
-0.02874
-0.03556
-0.0394
-0.02848
-0.0411
-0.03626
-0.03504
-0.01994
-0.02248
-0.04686
-0.03996
-0.04062
-0.04508
-0.05338
-0.08564
-0.07906
-0.05408
-0.06072
-0.04626
-0.03078
-0.03542
-0.04974
-0.05146
-0.05546
-0.05278
-0.03874
-0.04812
-0.0436
-0.03758
-0.05422
-0.06308
-0.05652
-0.05936
-0.04484
-0.04334
-0.05756
-0.06894
-0.05266
-0.05268
-0.05794
-0.04864
-0.0547
-0.04574
-0.05204
-0.0601
-0.07536
-0.07882
-0.0704
-0.0618
-0.06952
-0.05974
-0.04372
-0.05442
-0.04634
-0.02524
-0.03246
-0.02598
-0.03216
-0.03252
-0.03074
-0.03086
-0.03764
-0.04352
-0.043
-0.03642
-0.03132
-0.0402
-0.03298
-0.04102
-0.04348
-0.0483
-0.0588
-0.0599
-0.0547
-0.05216
-0.06414
-0.05898
-0.0442
-0.05218
-0.07032
-0.06022
-0.06824
-0.05526
-0.0527
-0.05344
-0.05428
-0.0581
-0.07202
-0.07068
-0.05832
-0.06362
-0.04642
-0.05556
-0.04814
-0.04958
-0.04434
-0.03734
-0.03592
-0.03138
-0.04506
-0.03164
-0.04344
-0.06076
-0.04332
-0.0522
-0.04572
-0.04358
-0.04904
-0.0503
-0.03806
-0.04928
-0.03514
-0.03482
-0.0465
-0.03054
-0.04932
-0.06068
-0.05212
-0.0697
-0.0635
-0.06518
-0.0486
-0.03746
-0.03086
-0.03546
-0.03992
-0.04856
-0.05022
-0.05984
-0.05414
-0.04566
-0.04522
-0.04454
-0.03638
-0.04382
-0.0306
-0.02258
-0.03326
-0.04586
-0.04618
-0.0264
-0.02166
-0.02286
-0.03388
-0.04764
-0.03882
-0.03888
-0.0485
-0.05
-0.061
-0.05484
-0.04768
-0.06898
-0.07042
-0.07952
-0.06912
-0.06622
-0.06992
-0.06304
-0.06014
-0.04648
-0.02768
-0.03146
-0.04014
-0.04556
-0.0518
-0.06572
-0.06738
-0.05946
-0.06052
-0.06384
-0.05578
-0.05242
-0.04458
-0.03362
-0.01502
-0.01826
-0.0083
-0.02464
-0.04348
-0.04402
-0.05998
-0.05852
-0.05944
-0.06182
-0.07006
-0.0631
-0.06956
-0.07298
-0.0586
-0.0545
-0.06322
-0.04478
-0.03594
-0.03828
-0.03794
-0.04938
-0.04136
-0.04878
-0.0547
-0.04814
-0.0665
-0.0735
-0.07764
-0.06166
-0.05874
-0.05358
-0.06256
-0.06632
-0.07796
-0.07472
-0.08368
-0.08316
-0.06586
-0.05674
-0.06866
-0.06774
-0.0611
-0.07628
-0.05448
-0.06048
-0.05092
-0.05136
-0.04562
-0.02992
-0.05534
-0.04472
-0.0468
-0.06148
-0.052
-0.05928
-0.05366
-0.06416
-0.05192
-0.03844
-0.04458
-0.04182
-0.0533
-0.049
-0.05702
-0.0514
-0.0327
-0.04596
-0.0353
-0.04958
-0.05494
-0.04848
-0.04368
-0.03112
-0.03894
-0.04694
-0.05776
-0.04712
-0.0583
-0.05114
-0.05072
-0.07418
-0.04214
-0.04494
-0.0429
-0.03432
-0.05198
-0.0437
-0.0462
-0.05124
-0.05988
-0.06368
-0.05326
-0.04098
-0.03706
-0.05472
-0.04884
-0.05722
-0.07322
-0.06552
-0.05412
-0.0531
-0.04648
-0.06164
-0.06652
-0.0563
-0.0519
-0.06548
-0.04858
-0.0469
-0.037
-0.0361
-0.03152
-0.04744
-0.05946
-0.05308
-0.05322
-0.04836
-0.05116
-0.0579
-0.06368
-0.04754
-0.04988
-0.04202
-0.03774
-0.02988
-0.02474
-0.03974
-0.04782
-0.06138
-0.04828
-0.05418
-0.0612
-0.07386
-0.05764
-0.05674
-0.07862
-0.06398
-0.05258
-0.0425
-0.04168
-0.05798
-0.0458
-0.03592
-0.02234
-0.0356
-0.0433
-0.0399
-0.04688
-0.02748
-0.03298
-0.05412
-0.04474
-0.04398
-0.04998
-0.04818
-0.05054
-0.03442
-0.03588
-0.0409
-0.05262
-0.05212
-0.0475
-0.05518
-0.067
-0.06338
-0.05146
-0.05026
-0.07082
-0.07706
-0.06404
-0.0604
-0.06098
-0.0514
-0.05134
-0.04478
-0.05248
-0.04658
-0.04734
-0.0411
-0.04434
-0.04882
-0.05302
-0.053
-0.05158
-0.03548
-0.05636
-0.05498
-0.05156
-0.04652
-0.04774
-0.05278
-0.04512
-0.0506
-0.0461
-0.02562
-0.04374
-0.04912
-0.0685
-0.075
-0.0556
-0.04478
-0.0312
-0.03454
-0.0277
-0.0442
-0.04754
-0.0481
-0.03156
-0.01766
-0.0213
-0.03554
-0.04004
-0.05316
-0.04948
-0.05242
-0.05398
-0.04506
-0.049
-0.05834
-0.047
-0.04154
-0.04532
-0.0204
-0.04128
-0.04288
-0.05726
-0.04896
-0.04932
-0.02336
-0.03272
-0.04266
-0.04486
-0.04942
-0.06056
-0.06474
-0.05196
-0.04494
-0.0568
-0.07178
-0.06332
-0.05694
-0.05384
-0.04782
-0.06656
-0.06036
-0.06534
-0.05696
-0.04982
-0.04134
-0.04032
-0.03326
-0.04864
-0.0484
-0.05848
-0.03124
-0.03528
-0.05072
-0.05426
-0.0584
-0.04334
-0.04648
-0.06236
-0.06942
-0.04412
-0.06474
-0.0558
-0.06414
-0.06532
-0.07
-0.06988
-0.06476
-0.0543
-0.04844
-0.03202
-0.03516
-0.03248
-0.04502
-0.04208
-0.0477
-0.0521
-0.05628
-0.05756
-0.05306
-0.06266
-0.06842
-0.0736
-0.06576
-0.04982
-0.05184
-0.06022
-0.05098
-0.04898
-0.04638
-0.05966
-0.05014
-0.0519
-0.04456
-0.0478
-0.06574
-0.06716
-0.05886
-0.05938
-0.03794
-0.04132
-0.02628
-0.02706
-0.02266
-0.04072
-0.06188
-0.0686
-0.0463
-0.03678
-0.03522
-0.04172
-0.04094
-0.04294
-0.03466
-0.03094
-0.0301
-0.03552
-0.04936
-0.05588
-0.06036
-0.06024
-0.0616
-0.0432
-0.06498
-0.05462
-0.0548
-0.04484
-0.04358
-0.03632
-0.05174
-0.0533
-0.053
-0.05224
-0.03128
-0.03902
-0.04806
-0.04672
-0.04138
-0.02752
-0.03554
-0.04222
-0.05292
-0.04612
-0.04914
-0.06178
-0.05608
-0.03842
-0.02798
-0.032
-0.049
-0.06902
-0.06544
-0.0622
-0.06156
-0.05254
-0.04998
-0.05248
-0.05242
-0.06332
-0.0636
-0.0607
-0.0406
-0.05254
-0.03444
-0.03632
-0.04262
-0.05438
-0.03896
-0.04146
-0.06262
-0.04816
-0.06656
-0.06118
-0.05932
-0.05622
-0.04266
-0.05426
-0.05436
-0.05084
-0.0445
-0.03716
-0.04678
-0.0545
-0.04234
-0.05158
-0.05466
-0.04918
-0.06376
-0.05428
-0.03754
-0.03796
-0.04528
-0.04
-0.0435
-0.05398
-0.05508
-0.04708
-0.04708
-0.0448
-0.04934
-0.0501
-0.0441
-0.05124
-0.04662
-0.03106
-0.04202
-0.04866
-0.04406
-0.04952
-0.04144
-0.04616
-0.04578
-0.0454
-0.03966
-0.04218
-0.03796
-0.05784
-0.0595
-0.06076
-0.06304
-0.0722
-0.05712
-0.04464
-0.04668
-0.035
-0.0366
-0.05266
-0.05584
-0.0595
-0.05964
-0.04242
-0.03992
-0.05254
-0.04908
-0.05326
-0.04726
-0.0566
-0.05862
-0.0505
-0.06336
-0.0607
-0.06038
-0.05302
-0.03928
-0.03344
-0.031
-0.0305
-0.04048
-0.03952
-0.03384
-0.04176
-0.04606
-0.04618
-0.03828
-0.05122
-0.04316
-0.03574
-0.03938
-0.05548
-0.0574
-0.05448
-0.03892
-0.04086
-0.03692
-0.05614
-0.06308
-0.05998
-0.04688
-0.04678
-0.04182
-0.0434
-0.05218
-0.05116
-0.05784
-0.05754
-0.0617
-0.06738
-0.05424
-0.04344
-0.03988
-0.03414
-0.03916
-0.04546
-0.03478
-0.04246
-0.03904
-0.04168
-0.03558
-0.0518
-0.05754
-0.04602
-0.04042
-0.0464
-0.04874
-0.04468
-0.04122
-0.0542
-0.0502
-0.04192
-0.04176
-0.03898
-0.03012
-0.0262
-0.03228
-0.03576
-0.03328
-0.03966
-0.04194
-0.05606
-0.04688
-0.04664
-0.05262
-0.05052
-0.05838
-0.06314
-0.06444
-0.05942
-0.05554
-0.05388
-0.05294
-0.05282
-0.0468
-0.04594
-0.04152
-0.0472
-0.04104
-0.0318
-0.01852
-0.02654
-0.04184
-0.03734
-0.03822
-0.03914
-0.03614
-0.04576
-0.04046
-0.03454
-0.03616
-0.02332
-0.04398
-0.03802
-0.05216
-0.04572
-0.03634
-0.05452
-0.0626
-0.04548
-0.0383
-0.04606
-0.0266
-0.0348
-0.0467
-0.05236
-0.047
-0.03112
-0.01752
-0.04076
-0.03214
-0.01794
-0.01216
-0.02302
-0.04462
-0.04644
-0.0428
-0.0392
-0.03448
-0.0319
-0.02782
-0.03376
-0.0408
-0.0366
-0.04884
-0.05006
-0.05906
-0.0484
-0.0451
-0.05078
-0.03694
-0.0309
-0.03338
-0.04738
-0.0432
-0.04614
-0.04148
-0.05586
-0.0706
-0.06592
-0.066
-0.06774
-0.06506
-0.05832
-0.05996
-0.05762
-0.03188
-0.03736
-0.05282
-0.06086
-0.05922
-0.0541
-0.04884
-0.05692
-0.04338
-0.0522
-0.05564
-0.03812
-0.06174
-0.05846
-0.06842
-0.06384
-0.06082
-0.0473
-0.06326
-0.05958
-0.0547
-0.04348
-0.03852
-0.03642
-0.02532
-0.03568
-0.04326
-0.03938
-0.04208
-0.0399
-0.03472
-0.04326
-0.04232
-0.04174
-0.03418
-0.04758
-0.05478
-0.05506
-0.05412
-0.06172
-0.06736
-0.055
-0.06082
-0.05286
-0.04904
-0.05778
-0.07004
-0.05814
-0.03968
-0.04984
-0.05958
-0.03944
-0.04424
-0.03994
-0.04948
-0.03828
-0.03184
-0.03232
-0.03804
-0.04284
-0.02758
-0.03724
-0.04798
-0.04828
-0.04854
-0.04874
-0.04646
-0.05182
-0.05206
-0.05408
-0.05334
-0.06712
-0.06226
-0.05254
-0.05104
-0.03966
-0.03576
-0.03782
-0.04716
-0.0389
-0.041
-0.04936
-0.0661
-0.05614
-0.049
-0.07154
-0.0587
-0.05114
-0.0464
-0.04714
-0.04642
-0.04294
-0.05286
-0.03966
-0.03654
-0.03322
-0.04258
-0.05516
-0.04356
-0.04434
-0.05796
-0.06444
-0.03778
-0.03682
-0.03872
-0.06446
-0.07882
-0.07694
-0.06324
-0.05704
-0.06366
-0.04984
-0.04518
-0.0511
-0.04756
-0.05062
-0.05706
-0.05546
-0.05292
-0.04114
-0.01942
-0.0228
-0.04166
-0.05316
-0.06258
-0.0594
-0.06938
-0.06446
-0.05456
-0.0526
-0.07074
-0.06744
-0.06632
-0.07516
-0.05438
-0.02804
-0.0323
-0.02256
-0.04106
-0.03702
-0.04708
-0.05552
-0.06484
-0.05882
-0.06308
-0.06084
-0.04808
-0.04094
-0.0585
-0.07022
-0.0588
-0.05472
-0.05904
-0.064
-0.0565
-0.04888
-0.0398
-0.03882
-0.03816
-0.05024
-0.04896
-0.04362
-0.03794
-0.02906
-0.0421
-0.03216
-0.0435
-0.0423
-0.05168
-0.04484
-0.06648
-0.05748
-0.07292
-0.07428
-0.07244
-0.06654
-0.0624
-0.06354
-0.06022
-0.06564
-0.07332
-0.07178
-0.0606
-0.05284
-0.07402
-0.08568
-0.08332
-0.07544
-0.0558
-0.05
-0.05652
-0.0606
-0.05084
-0.03458
-0.03358
-0.04478
-0.03142
-0.02992
-0.03642
-0.04578
-0.03456
-0.04974
-0.06002
-0.06802
-0.0518
-0.05386
-0.0561
-0.04626
-0.04966
-0.06364
-0.05302
-0.05114
-0.05142
-0.0522
-0.07074
-0.06682
-0.07032
-0.0465
-0.03294
-0.04044
-0.041
-0.04114
-0.05056
-0.0218
-0.04164
-0.03132
-0.0546
-0.0527
-0.05614
-0.04426
-0.06412
-0.06116
-0.06074
-0.06734
-0.06652
-0.05276
-0.04844
-0.05308
-0.05692
-0.03722
-0.0399
-0.04276
-0.02826
-0.04218
-0.0663
-0.06798
-0.07736
-0.0719
-0.06686
-0.06012
-0.0401
-0.05022
-0.0504
-0.03914
-0.05076
-0.03276
-0.05298
-0.06298
-0.0637
-0.05174
-0.04936
-0.0451
-0.03836
-0.04922
-0.06194
-0.06788
-0.07128
-0.05596
-0.05396
-0.03838
-0.04908
-0.0387
-0.04272
-0.05476
-0.06096
-0.03786
-0.0446
-0.04146
-0.06374
-0.05454
-0.07152
-0.04466
-0.0507
-0.04586
-0.06048
-0.07732
-0.0626
-0.07222
-0.0698
-0.0608
-0.06286
-0.0549
-0.05266
-0.06034
-0.05192
-0.0525
-0.04732
-0.04328
-0.04464
-0.04152
-0.04398
-0.05782
-0.05672
-0.0503
-0.04598
-0.04922
-0.04772
-0.04918
-0.05612
-0.0572
-0.07248
-0.07272
-0.0491
-0.04142
-0.043
-0.0329
-0.05088
-0.05252
-0.04368
-0.04586
-0.0651
-0.06812
-0.05702
-0.06466
-0.0596
-0.07962
-0.06874
-0.06306
-0.05324
-0.0436
-0.04064
-0.03618
-0.03718
-0.03068
-0.04094
-0.0592
-0.0516
-0.04694
-0.04862
-0.03768
-0.04182
-0.04486
-0.04346
-0.04516
-0.04816
-0.03872
-0.04214
-0.0456
-0.05838
-0.04936
-0.0409
-0.05138
-0.06384
-0.05472
-0.05432
-0.04088
-0.02848
-0.02414
-0.04258
-0.05614
-0.05958
-0.04126
-0.03234
-0.03684
-0.03888
-0.03964
-0.04622
-0.06148
-0.04076
-0.05448
-0.04812
-0.04274
-0.0411
-0.02944
-0.0215
-0.0273
-0.03674
-0.04834
-0.0574
-0.0587
-0.06186
-0.05688
-0.04798
-0.03922
-0.0529
-0.05098
-0.05468
-0.0636
-0.05434
-0.05162
-0.05264
-0.05098
-0.05354
-0.0493
-0.06206
-0.06106
-0.05086
-0.03358
-0.01882
-0.02604
-0.03986
-0.03616
-0.04708
-0.04722
-0.03678
-0.05114
-0.06746
-0.07014
-0.07758
-0.06868
-0.0522
-0.05416
-0.04888
-0.05188
-0.0496
-0.0461
-0.0567
-0.05508
-0.03312
-0.03618
-0.04612
-0.05232
-0.06042
-0.04952
-0.04136
-0.04062
-0.0361
-0.0555
-0.0529
-0.02976
-0.03472
-0.0452
-0.05752
-0.06406
-0.0395
-0.06594
-0.07362
-0.0704
-0.05928
-0.03944
-0.04296
-0.04694
-0.05446
-0.04612
-0.04296
-0.03838
-0.0426
-0.04172
-0.0309
-0.02346
-0.04666
-0.04808
-0.0514
-0.05118
-0.05624
-0.05006
-0.0591
-0.05708
-0.04698
-0.04618
-0.0419
-0.04348
-0.03696
-0.04142
-0.04232
-0.03878
-0.05536
-0.0321
-0.03472
-0.02892
-0.03498
-0.05258
-0.05358
-0.05264
-0.05368
-0.03422
-0.03724
-0.02098
-0.03866
-0.05252
-0.0506
-0.04496
-0.03894
-0.03406
-0.0301
-0.02088
-0.0286
-0.04308
-0.01944
-0.02934
-0.03588
-0.0429
-0.05006
-0.05744
-0.05002
-0.04454
-0.02656
-0.03832
-0.03566
-0.04688
-0.0552
-0.0509
-0.0359
-0.03934
-0.03974
-0.0405
-0.04962
-0.04186
-0.03374
-0.03334
-0.02642
-0.03054
-0.03862
-0.03632
-0.01814
-0.04442
-0.0536
-0.04992
-0.05088
-0.06656
-0.04058
-0.04594
-0.05158
-0.05776
-0.05818
-0.05582
-0.04522
-0.05626
-0.0564
-0.05658
-0.05474
-0.06322
-0.053
-0.03532
-0.03352
-0.03658
-0.04208
-0.0484
-0.04454
-0.04068
-0.04918
-0.05342
-0.05126
-0.05868
-0.05584
-0.07196
-0.07704
-0.07248
-0.08432
-0.0759
-0.06794
-0.0588
-0.05962
-0.06904
-0.06174
-0.06318
-0.06104
-0.05762
-0.06038
-0.05
-0.05246
-0.0663
-0.08056
-0.07466
-0.0741
-0.07236
-0.06388
-0.05874
-0.0584
-0.05032
-0.03438
-0.02996
-0.05144
-0.0365
-0.04402
-0.04148
-0.03972
-0.0342
-0.04774
-0.05654
-0.04286
-0.04934
-0.03842
-0.04568
-0.03482
-0.03948
-0.04012
-0.0498
-0.05482
-0.05322
-0.04086
-0.03526
-0.03974
-0.0392
-0.04802
-0.03748
-0.0446
-0.06018
-0.06498
-0.0674
-0.04694
-0.04278
-0.0466
-0.04442
-0.05032
-0.05288
-0.06098
-0.06536
-0.0622
-0.06386
-0.0339
-0.05462
-0.03902
-0.05078
-0.05214
-0.05446
-0.05476
-0.0428
-0.03852
-0.02884
-0.0387
-0.03622
-0.04842
-0.05034
-0.052
-0.05742
-0.05092
-0.04536
-0.04402
-0.04696
-0.04796
-0.04536
-0.04384
-0.03036
-0.0272
-0.0373
-0.05612
-0.05728
-0.05554
-0.05426
-0.0685
-0.05304
-0.05054
-0.04282
-0.04208
-0.0542
-0.04786
-0.03382
-0.05202
-0.04462
-0.04928
-0.04964
-0.02736
-0.04526
-0.03522
-0.0388
-0.03192
-0.02794
-0.02566
-0.02962
-0.036
-0.0315
-0.04592
-0.04962
-0.05864
-0.05062
-0.04284
-0.047
-0.04214
-0.05472
-0.04688
-0.05182
-0.05708
-0.06532
-0.05282
-0.05196
-0.04994
-0.047
-0.04874
-0.0398
-0.0497
-0.05112
-0.05332
-0.04838
-0.04072
-0.05084
-0.05114
-0.05264
-0.06006
-0.05634
-0.04808
-0.04314
-0.03742
-0.04808
-0.0657
-0.06592
-0.04942
-0.03342
-0.03704
-0.03146
-0.0408
-0.04676
-0.03436
-0.03744
-0.05538
-0.04726
-0.02992
-0.03512
-0.03632
-0.03744
-0.046
-0.04668
-0.03642
-0.03288
-0.0294
-0.02906
-0.03708
-0.0392
-0.03648
-0.04464
-0.06626
-0.05414
-0.052
-0.05162
-0.06162
-0.05104
-0.04724
-0.03482
-0.04194
-0.04864
-0.04072
-0.0442
-0.04208
-0.06076
-0.06246
-0.06168
-0.04904
-0.03728
-0.03456
-0.04902
-0.0427
-0.0515
-0.05254
-0.04902
-0.04518
-0.04096
-0.05372
-0.05908
-0.04898
-0.04406
-0.0321
-0.03658
-0.04208
-0.05144
-0.061
-0.05248
-0.05026
-0.05438
-0.04864
-0.05672
-0.05496
-0.04814
-0.045
-0.04652
-0.04812
-0.05762
-0.05292
-0.0597
-0.0433
-0.03702
-0.05096
-0.04696
-0.04596
-0.03152
-0.03512
-0.0475
-0.05318
-0.04942
-0.04458
-0.05338
-0.0515
-0.05296
-0.04732
-0.03376
-0.03936
-0.04956
-0.03358
-0.03928
-0.04316
-0.05818
-0.05784
-0.05194
-0.05318
-0.04916
-0.05022
-0.05724
-0.06158
-0.06358
-0.04752
-0.0558
-0.0663
-0.06444
-0.07062
-0.05488
-0.05196
-0.05718
-0.05618
-0.0521
-0.0408
-0.04784
-0.05118
-0.0486
-0.04058
-0.04194
-0.03738
-0.02686
-0.03748
-0.03374
-0.04546
-0.03766
-0.04444
-0.03354
-0.03182
-0.05244
-0.05408
-0.04492
-0.05766
-0.0376
-0.04758
-0.06152
-0.04552
-0.03736
-0.0423
-0.06242
-0.05924
-0.06758
-0.0586
-0.04804
-0.04136
-0.02566
-0.03084
-0.03204
-0.01568
-0.02072
-0.0289
-0.04124
-0.04094
-0.04472
-0.04088
-0.0328
-0.02892
-0.02772
-0.01892
-0.02346
-0.0456
-0.04738
-0.05504
-0.06636
-0.05666
-0.0401
-0.03714
-0.04796
-0.045
-0.04754
-0.04704
-0.04862
-0.03194
-0.03632
-0.05586
-0.05534
-0.03686
-0.03632
-0.04434
-0.04232
-0.03748
-0.04584
-0.03716
-0.05138
-0.04786
-0.047
-0.04666
-0.03796
-0.04452
-0.05432
-0.04908
-0.0617
-0.05282
-0.03156
-0.05184
-0.05544
-0.0531
-0.03072
-0.03488
-0.03876
-0.02432
-0.0285
-0.05194
-0.05208
-0.04132
-0.0289
-0.04212
-0.03964
-0.0359
-0.04272
-0.03668
-0.02926
-0.03058
-0.0336
-0.02828
-0.02754
-0.0283
-0.03968
-0.0299
-0.03252
-0.04786
-0.04098
-0.02492
-0.03768
-0.04796
-0.05076
-0.05192
-0.055
-0.05858
-0.05644
-0.06344
-0.06308
-0.0414
-0.04412
-0.03556
-0.04932
-0.0561
-0.06342
-0.05742
-0.04544
-0.04058
-0.03796
-0.03754
-0.0519
-0.05268
-0.03552
-0.03602
-0.04756
-0.04708
-0.0345
-0.03182
-0.02904
-0.033
-0.03622
-0.04264
-0.03838
-0.03202
-0.03296
-0.0331
-0.02156
-0.02474
-0.03314
-0.04264
-0.04072
-0.0418
-0.04416
-0.04668
-0.03228
-0.04712
-0.0493
-0.05354
-0.04798
-0.05398
-0.05334
-0.04676
-0.05426
-0.0539
-0.05158
-0.06514
-0.05028
-0.04768
-0.05932
-0.052
-0.05036
-0.052
-0.06298
-0.0532
-0.04584
-0.03654
-0.04568
-0.04776
-0.03616
-0.04862
-0.0484
-0.06012
-0.06072
-0.04944
-0.05012
-0.03658
-0.0452
-0.0398
-0.05034
-0.04786
-0.04422
-0.03722
-0.04116
-0.02734
-0.03254
-0.05372
-0.05912
-0.06114
-0.06258
-0.07726
-0.05258
-0.05494
-0.05152
-0.06108
-0.05942
-0.05568
-0.04056
-0.03406
-0.03842
-0.02436
-0.02772
-0.03664
-0.04626
-0.05076
-0.04422
-0.05642
-0.07014
-0.07324
-0.06352
-0.0509
-0.03372
-0.02746
-0.04246
-0.05368
-0.0526
-0.0499
-0.04178
-0.03892
-0.05708
-0.05932
-0.05606
-0.05338
-0.05224
-0.04524
-0.0407
-0.03696
-0.04512
-0.03392
-0.02424
-0.03608
-0.04136
-0.0362
-0.04858
-0.0584
-0.0598
-0.03468
-0.03032
-0.03754
-0.05426
-0.04688
-0.046
-0.04586
-0.03994
-0.03822
-0.03178
-0.04172
-0.03488
-0.05088
-0.06342
-0.06038
-0.06716
-0.06108
-0.06294
-0.05646
-0.0491
-0.03766
-0.05254
-0.03994
-0.04868
-0.04896
-0.06248
-0.05984
-0.05574
-0.04458
-0.03296
-0.02832
-0.029
-0.03676
-0.03196
-0.03744
-0.04788
-0.0574
-0.0578
-0.05434
-0.05458
-0.05984
-0.05438
-0.05158
-0.04126
-0.03158
-0.02812
-0.03336
-0.03288
-0.03876
-0.05416
-0.06514
-0.06084
-0.03662
-0.05172
-0.06438
-0.05698
-0.05256
-0.04284
-0.04598
-0.05906
-0.05186
-0.05886
-0.03942
-0.03984
-0.0473
-0.04494
-0.03526
-0.04194
-0.0512
-0.05464
-0.04966
-0.0474
-0.04236
-0.03998
-0.03286
-0.04244
-0.0549
-0.04886
-0.03746
-0.04464
-0.04204
-0.05758
-0.06842
-0.06846
-0.07352
-0.05746
-0.06858
-0.04466
-0.04054
-0.03454
-0.0481
-0.04134
-0.04556
-0.04854
-0.0616
-0.07866
-0.061
-0.04776
-0.04592
-0.03858
-0.03376
-0.0484
-0.05172
-0.04202
-0.03974
-0.05528
-0.04382
-0.0353
-0.02658
-0.05122
-0.04766
-0.04938
-0.04914
-0.05022
-0.041
-0.03184
-0.03626
-0.04246
-0.03882
-0.04946
-0.05628
-0.04538
-0.03316
-0.02872
-0.05694
-0.05554
-0.05946
-0.05922
-0.0459
-0.05166
-0.03676
-0.03268
-0.036
-0.03786
-0.04436
-0.04168
-0.03044
-0.02886
-0.04594
-0.04344
-0.03526
-0.04266
-0.04592
-0.05078
-0.06358
-0.05036
-0.0389
-0.03714
-0.01538
-0.01876
-0.01754
-0.04548
-0.05458
-0.0764
-0.04852
-0.05098
-0.06002
-0.06148
-0.07526
-0.06728
-0.0593
-0.04426
-0.04198
-0.03248
-0.04912
-0.04902
-0.04762
-0.04512
-0.0476
-0.08228
-0.0691
-0.04702
-0.05632
-0.04448
-0.03948
-0.03874
-0.0443
-0.0214
-0.0212
-0.02602
-0.03866
-0.04168
-0.04428
-0.03568
-0.03334
-0.03856
-0.04564
-0.0534
-0.06352
-0.0419
-0.0441
-0.05376
-0.05478
-0.05798
-0.04634
-0.03742
-0.03044
-0.0497
-0.04442
-0.035
-0.04774
-0.04018
-0.03876
-0.04506
-0.05816
-0.05348
-0.0485
-0.03148
-0.049
-0.05072
-0.05726
-0.04722
-0.05354
-0.04242
-0.03786
-0.03164
-0.03562
-0.02776
-0.0285
-0.04174
-0.05142
-0.03694
-0.02952
-0.0078
-0.02002
-0.0268
-0.02848
-0.05072
-0.06246
-0.04736
-0.04272
-0.03324
-0.0602
-0.04264
-0.04104
-0.04254
-0.0379
-0.05434
-0.04546
-0.05126
-0.05782
-0.05194
-0.03766
-0.03216
-0.0443
-0.03244
-0.04226
-0.03124
-0.04412
-0.03886
-0.04762
-0.04742
-0.03952
-0.04514
-0.05096
-0.0457
-0.05298
-0.05486
-0.04484
-0.04024
-0.0491
-0.04226
-0.0363
-0.02278
-0.03664
-0.03578
-0.02938
-0.03326
-0.04872
-0.04162
-0.0372
-0.04382
-0.0485
-0.05652
-0.04342
-0.04222
-0.04222
-0.03726
-0.03524
-0.05558
-0.04946
-0.0443
-0.04686
-0.0498
-0.05892
-0.05692
-0.0563
-0.05832
-0.06142
-0.03876
-0.04968
-0.05642
-0.0441
-0.04056
-0.0438
-0.0456
-0.03636
-0.06008
-0.04862
-0.06248
-0.06022
-0.07068
-0.0534
-0.05456
-0.05002
-0.04404
-0.05238
-0.05078
-0.0646
-0.04838
-0.049
-0.06596
-0.06144
-0.06422
-0.05426
-0.03704
-0.0431
-0.03872
-0.059
-0.05256
-0.0411
-0.04782
-0.03944
-0.04038
-0.04588
-0.05586
-0.05302
-0.04936
-0.06016
-0.04828
-0.0406
-0.05494
-0.04686
-0.0393
-0.05018
-0.04002
-0.04428
-0.06092
-0.05292
-0.04392
-0.03004
-0.03484
-0.04328
-0.03348
-0.0331
-0.04432
-0.03838
-0.03418
-0.03774
-0.04
-0.05044
-0.04776
-0.0526
-0.0477
-0.05966
-0.0571
-0.05118
-0.0528
-0.05306
-0.05418
-0.05566
-0.05416
-0.06462
-0.05448
-0.06056
-0.0477
-0.03952
-0.0482
-0.06022
-0.06526
-0.06824
-0.05068
-0.04924
-0.05004
-0.03492
-0.04434
-0.05484
-0.05784
-0.04572
-0.05274
-0.04392
-0.06478
-0.06652
-0.06856
-0.0694
-0.05522
-0.04134
-0.03634
-0.02156
-0.0193
-0.02224
-0.0343
-0.05374
-0.04918
-0.05032
-0.04864
-0.0565
-0.04948
-0.05548
-0.07462
-0.07998
-0.07742
-0.06398
-0.05846
-0.05672
-0.04984
-0.04844
-0.0518
-0.05284
-0.05344
-0.06502
-0.05934
-0.0557
-0.05624
-0.058
-0.06002
-0.0774
-0.07184
-0.06244
-0.06672
-0.06718
-0.05122
-0.05018
-0.03322
-0.02444
-0.0334
-0.03618
-0.0574
-0.065
-0.06216
-0.06164
-0.0645
-0.04556
-0.04668
-0.0363
-0.04164
-0.0305
-0.02186
-0.02304
-0.02854
-0.03066
-0.04908
-0.038
-0.04622
-0.05734
-0.04644
-0.04106
-0.04968
-0.0484
-0.04296
-0.04366
-0.04452
-0.06456
-0.07096
-0.06014
-0.06114
-0.05832
-0.05828
-0.06324
-0.06062
-0.0598
-0.05326
-0.03756
-0.0423
-0.04494
-0.03784
-0.0402
-0.0484
-0.04296
-0.05374
-0.05816
-0.05182
-0.04906
-0.04302
-0.05308
-0.04824
-0.01152
-0.0305
-0.03386
-0.0433
-0.05042
-0.04894
-0.05238
-0.06638
-0.0534
-0.05968
-0.05158
-0.03266
-0.04142
-0.05256
-0.03542
-0.01614
-0.02782
-0.0426
-0.0347
-0.03402
-0.03074
-0.03028
-0.01646
-0.0322
-0.03944
-0.03308
-0.05776
-0.04984
-0.03596
-0.04434
-0.02812
-0.04912
-0.03576
-0.04892
-0.0391
-0.04234
-0.04742
-0.04366
-0.02062
-0.01342
-0.02122
-0.03056
-0.03118
-0.04298
-0.05756
-0.05702
-0.05548
-0.05518
-0.06178
-0.05296
-0.04718
-0.05114
-0.04722
-0.06002
-0.0655
-0.05252
-0.05072
-0.06532
-0.07064
-0.0708
-0.06902
-0.05302
-0.04314
-0.04704
-0.04874
-0.03152
-0.02492
-0.04452
-0.0333
-0.03104
-0.0261
-0.04586
-0.04832
-0.04452
-0.04442
-0.0363
-0.04094
-0.0441
-0.04972
-0.044
-0.04694
-0.04052
-0.04544
-0.03364
-0.0588
-0.07094
-0.0642
-0.06608
-0.0688
-0.06028
-0.05234
-0.0368
-0.0373
-0.03258
-0.0302
-0.04682
-0.04974
-0.04918
-0.04846
-0.0546
-0.05374
-0.0435
-0.04604
-0.05338
-0.05264
-0.05344
-0.04538
-0.03302
-0.04
-0.05208
-0.03034
-0.03932
-0.05864
-0.05542
-0.04568
-0.05398
-0.0557
-0.06718
-0.07328
-0.04918
-0.03962
-0.0411
-0.04418
-0.04438
-0.037
-0.03282
-0.05428
-0.04972
-0.05372
-0.03756
-0.0417
-0.0406
-0.04484
-0.02298
-0.0419
-0.03378
-0.03534
-0.0297
-0.04976
-0.03674
-0.03076
-0.0416
-0.0319
-0.05374
-0.06594
-0.06756
-0.05282
-0.0502
-0.0519
-0.0542
-0.05854
-0.0684
-0.06304
-0.06428
-0.06732
-0.06858
-0.06314
-0.0621
-0.05892
-0.0589
-0.0631
-0.06162
-0.0575
-0.04584
-0.0443
-0.0597
-0.06254
-0.06514
-0.05114
-0.04604
-0.04106
-0.04798
-0.0453
-0.05036
-0.05912
-0.05736
-0.05688
-0.0518
-0.0392
-0.03814
-0.04372
-0.04514
-0.03388
-0.04216
-0.04416
-0.03634
-0.0467
-0.04252
-0.02618
-0.05012
-0.03968
-0.02934
-0.03926
-0.03664
-0.04198
-0.04966
-0.03744
-0.02988
-0.03446
-0.03312
-0.0483
-0.04484
-0.04408
-0.03714
-0.04574
-0.05176
-0.0538
-0.0523
-0.05916
-0.0667
-0.05346
-0.0445
-0.05162
-0.05596
-0.0541
-0.06694
-0.05724
-0.05036
-0.04508
-0.05096
-0.0541
-0.04412
-0.04626
-0.04424
-0.04632
-0.06232
-0.055
-0.07594
-0.0552
-0.05584
-0.0503
-0.04924
-0.05464
-0.05624
-0.05262
-0.0374
-0.03976
-0.04142
-0.05002
-0.04718
-0.03922
-0.0512
-0.03332
-0.02238
-0.04828
-0.04376
-0.03748
-0.04644
-0.03748
-0.0438
-0.0407
-0.04884
-0.04302
-0.03784
-0.04516
-0.04332
-0.04544
-0.04252
-0.04984
-0.04268
-0.0578
-0.0501
-0.05808
-0.0621
-0.06246
-0.0589
-0.05782
-0.05548
-0.06056
-0.05622
-0.05304
-0.04832
-0.05536
-0.04132
-0.04522
-0.0469
-0.04872
-0.04096
-0.03906
-0.05422
-0.06632
-0.06088
-0.04632
-0.05174
-0.04472
-0.04942
-0.05404
-0.0484
-0.0393
-0.04076
-0.05414
-0.06078
-0.056
-0.06474
-0.04774
-0.03366
-0.0267
-0.04244
-0.03802
-0.03486
-0.0533
-0.05402
-0.04702
-0.05952
-0.05912
-0.05998
-0.04674
-0.04896
-0.04528
-0.04762
-0.05758
-0.06342
-0.06702
-0.0567
-0.05132
-0.05542
-0.04782
-0.05278
-0.05964
-0.05638
-0.04846
-0.03954
-0.0357
-0.04446
-0.05572
-0.05034
-0.06308
-0.0745
-0.06022
-0.0538
-0.068
-0.06502
-0.0684
-0.06384
-0.05842
-0.0652
-0.05326
-0.03462
-0.04656
-0.05326
-0.0453
-0.03692
-0.04432
-0.04998
-0.05334
-0.04526
-0.04914
-0.05072
-0.04384
-0.04712
-0.05838
-0.05336
-0.0649
-0.0582
-0.05968
-0.06692
-0.06578
-0.05888
-0.05628
-0.07192
-0.07674
-0.07602
-0.05962
-0.0579
-0.05136
-0.05834
-0.0516
-0.0511
-0.05844
-0.05238
-0.05042
-0.04534
-0.05356
-0.05866
-0.06534
-0.0449
-0.05342
-0.05256
-0.04818
-0.03696
-0.04294
-0.03054
-0.0405
-0.03684
-0.02976
-0.03678
-0.02884
-0.03236
-0.05396
-0.06484
-0.06396
-0.04456
-0.0463
-0.0499
-0.04638
-0.03648
-0.0409
-0.03038
-0.04982
-0.05278
-0.04816
-0.04298
-0.0482
-0.056
-0.06756
-0.062
-0.04528
-0.03748
-0.03104
-0.0526
-0.0635
-0.05534
-0.07072
-0.06172
-0.06032
-0.0474
-0.04714
-0.03524
-0.03892
-0.03148
-0.04472
-0.05544
-0.05228
-0.05722
-0.0463
-0.0423
-0.0692
-0.04306
-0.04414
-0.05622
-0.04854
-0.0443
-0.06238
-0.06378
-0.04792
-0.0499
-0.04578
-0.05282
-0.04682
-0.04746
-0.04068
-0.04282
-0.04112
-0.0441
-0.05342
-0.0501
-0.04206
-0.03448
-0.03322
-0.03566
-0.03974
-0.0449
-0.04052
-0.04256
-0.04004
-0.04106
-0.03414
-0.03556
-0.05352
-0.05604
-0.06568
-0.06548
-0.0629
-0.0464
-0.03446
-0.0323
-0.0301
-0.0346
-0.03994
-0.03482
-0.03656
-0.03662
-0.0289
-0.03964
-0.03692
-0.04164
-0.03592
-0.0447
-0.03804
-0.0358
-0.03852
-0.04608
-0.05048
-0.0633
-0.05802
-0.04066
-0.04898
-0.04152
-0.05424
-0.05228
-0.04218
-0.04586
-0.05384
-0.04496
-0.05248
-0.05986
-0.06496
-0.05428
-0.04764
-0.04822
-0.04552
-0.0481
-0.04588
-0.05796
-0.08762
-0.07982
-0.08296
-0.07666
-0.06792
-0.07348
-0.08582
-0.09342
-0.08398
-0.06972
-0.0519
-0.04666
-0.03306
-0.02478
-0.0204
-0.0181
-0.01946
-0.0215
-0.02748
-0.02646
-0.04202
-0.0319
-0.04236
-0.04814
-0.05442
-0.05098
-0.05834
-0.06594
-0.07022
-0.04922
-0.06242
-0.04738
-0.04352
-0.04
-0.0468
-0.04362
-0.0428
-0.0314
-0.0328
-0.03666
-0.04554
-0.0409
-0.0523
-0.05148
-0.0454
-0.04112
-0.04362
-0.05672
-0.05452
-0.051
-0.05158
-0.04726
-0.04296
-0.03786
-0.0312
-0.02206
-0.02666
-0.03424
-0.03514
-0.0409
-0.05286
-0.04938
-0.05164
-0.0498
-0.03302
-0.04166
-0.03944
-0.03742
-0.05148
-0.05466
-0.0443
-0.0278
-0.03574
-0.03504
-0.03582
-0.02508
-0.03038
-0.0451
-0.05324
-0.03218
-0.03614
-0.04126
-0.04314
-0.05258
-0.0481
-0.04728
-0.0324
-0.03958
-0.03902
-0.03254
-0.04564
-0.04638
-0.05988
-0.05984
-0.06162
-0.05734
-0.05964
-0.0687
-0.06712
-0.04948
-0.04528
-0.04182
-0.04932
-0.04242
-0.0392
-0.05212
-0.0673
-0.05662
-0.05228
-0.05372
-0.03632
-0.03358
-0.04136
-0.05428
-0.0524
-0.06288
-0.05146
-0.0573
-0.07372
-0.07672
-0.06122
-0.06678
-0.06234
-0.05866
-0.0475
-0.04546
-0.03652
-0.03972
-0.0371
-0.03082
-0.04074
-0.04878
-0.04306
-0.03496
-0.03128
-0.01532
-0.02486
-0.04408
-0.02294
-0.03956
-0.02276
-0.02296
-0.02794
-0.03768
-0.0369
-0.03472
-0.0435
-0.0443
-0.0348
-0.03354
-0.04432
-0.03886
-0.05938
-0.05834
-0.06658
-0.05974
-0.05216
-0.05864
-0.0625
-0.0609
-0.07356
-0.07836
-0.06474
-0.08166
-0.06718
-0.05886
-0.05792
-0.04294
-0.05872
-0.04758
-0.04664
-0.04756
-0.05552
-0.05582
-0.06066
-0.06074
-0.04248
-0.05354
-0.06298
-0.0634
-0.06376
-0.06076
-0.06214
-0.05722
-0.05146
-0.0461
-0.0558
-0.06388
-0.04832
-0.04016
-0.03226
-0.02748
-0.02894
-0.0298
-0.03584
-0.03972
-0.05012
-0.02946
-0.03908
-0.0351
-0.03712
-0.05348
-0.04222
-0.04168
-0.03448
-0.04306
-0.0466
-0.04324
-0.05102
-0.05006
-0.05512
-0.05778
-0.05792
-0.0679
-0.0672
-0.05636
-0.03954
-0.04278
-0.04592
-0.05394
-0.04404
-0.04754
-0.04874
-0.05516
-0.0664
-0.0607
-0.05106
-0.05422
-0.0593
-0.0691
-0.06004
-0.05342
-0.06058
-0.04756
-0.0525
-0.06212
-0.05074
-0.03764
-0.0418
-0.04448
-0.05036
-0.04054
-0.031
-0.02896
-0.04498
-0.04896
-0.05232
-0.05172
-0.0529
-0.05318
-0.05694
-0.0479
-0.06034
-0.07122
-0.05978
-0.05096
-0.03932
-0.04182
-0.04848
-0.04512
-0.06484
-0.0514
-0.0492
-0.05116
-0.04156
-0.03834
-0.0461
-0.05252
-0.05002
-0.0416
-0.03832
-0.03662
-0.02542
-0.03836
-0.04448
-0.03478
-0.0366
-0.0466
-0.04552
-0.047
-0.04938
-0.05262
-0.0611
-0.04894
-0.04816
-0.04504
-0.03286
-0.05832
-0.05502
-0.07028
-0.06934
-0.0623
-0.07266
-0.07862
-0.07046
-0.06422
-0.05994
-0.06314
-0.0434
-0.0501
-0.05074
-0.04418
-0.05026
-0.04828
-0.0469
-0.04162
-0.0369
-0.03908
-0.02844
-0.04582
-0.04994
-0.04892
-0.05202
-0.0312
-0.03354
-0.06492
-0.0655
-0.05282
-0.06076
-0.05474
-0.05338
-0.05442
-0.05726
-0.05104
-0.04544
-0.04956
-0.05028
-0.05092
-0.05498
-0.06452
-0.0455
-0.0393
-0.0457
-0.05546
-0.03752
-0.05092
-0.04812
-0.04338
-0.04778
-0.0389
-0.04934
-0.05312
-0.04542
-0.02476
-0.04294
-0.04562
-0.04748
-0.04384
-0.04288
-0.0244
-0.03242
-0.03512
-0.03496
-0.02256
-0.03292
-0.03018
-0.03242
-0.0495
-0.04558
-0.04386
-0.04998
-0.0406
-0.047
-0.04666
-0.04366
-0.04252
-0.03874
-0.05446
-0.04366
-0.05866
-0.06458
-0.06308
-0.06354
-0.07212
-0.05094
-0.04084
-0.04082
-0.03606
-0.03284
-0.05504
-0.05746
-0.04354
-0.03666
-0.0449
-0.03936
-0.04394
-0.04154
-0.04402
-0.04992
-0.06732
-0.05844
-0.04906
-0.04382
-0.04844
-0.04996
-0.0484
-0.05306
-0.03814
-0.04236
-0.0217
-0.02488
-0.0262
-0.02902
-0.03462
-0.03528
-0.03764
-0.05272
-0.05504
-0.0492
-0.05304
-0.04858
-0.04552
-0.05364
-0.0506
-0.0332
-0.03622
-0.02922
-0.0229
-0.03354
-0.04532
-0.04488
-0.03338
-0.03198
-0.02756
-0.02882
-0.02938
-0.01892
-0.01242
-0.03188
-0.03302
-0.02114
-0.0275
-0.02084
-0.0378
-0.04584
-0.04286
-0.04618
-0.0455
-0.03936
-0.04452
-0.05508
-0.06432
-0.06324
-0.06024
-0.06868
-0.05314
-0.0632
-0.0591
-0.05784
-0.04828
-0.05572
-0.03438
-0.041
-0.05188
-0.04174
-0.03086
-0.03318
-0.0406
-0.04766
-0.04918
-0.05616
-0.06302
-0.04496
-0.04382
-0.0545
-0.06032
-0.05012
-0.05384
-0.05138
-0.05856
-0.05252
-0.05528
-0.0469
-0.05216
-0.05444
-0.06138
-0.05862
-0.06134
-0.04474
-0.03478
-0.03366
-0.04558
-0.06158
-0.04962
-0.0636
-0.06294
-0.048
-0.06212
-0.0398
-0.031
-0.04314
-0.04514
-0.05078
-0.04312
-0.0634
-0.05062
-0.0387
-0.04068
-0.04882
-0.04562
-0.03916
-0.04578
-0.05984
-0.05258
-0.0496
-0.04966
-0.05288
-0.04266
-0.03642
-0.05292
-0.06152
-0.07026
-0.05658
-0.04494
-0.05192
-0.05718
-0.04646
-0.05198
-0.04458
-0.05848
-0.05818
-0.05492
-0.0533
-0.05716
-0.0546
-0.04942
-0.04388
-0.02768
-0.02448
-0.03802
-0.03914
-0.0379
-0.03492
-0.04116
-0.033
-0.03224
-0.03026
-0.0337
-0.03324
-0.03456
-0.03212
-0.03202
-0.04208
-0.04708
-0.0618
-0.05548
-0.06706
-0.07048
-0.054
-0.06498
-0.05824
-0.052
-0.05468
-0.06292
-0.04886
-0.05542
-0.04708
-0.04954
-0.05162
-0.05914
-0.05262
-0.05132
-0.0527
-0.04194
-0.0494
-0.05556
-0.05092
-0.04588
-0.04648
-0.03948
-0.04058
-0.03974
-0.04234
-0.02758
-0.0424
-0.03504
-0.03936
-0.05944
-0.05552
-0.0576
-0.05846
-0.06452
-0.06082
-0.0363
-0.04262
-0.0502
-0.05276
-0.0543
-0.04852
-0.0533
-0.04304
-0.05386
-0.04744
-0.04476
-0.05024
-0.05298
-0.0422
-0.03534
-0.0452
-0.032
-0.03844
-0.04972
-0.04004
-0.04562
-0.04842
-0.04912
-0.05696
-0.06666
-0.07098
-0.05662
-0.0403
-0.03734
-0.03538
-0.04006
-0.05642
-0.05418
-0.04348
-0.04424
-0.0603
-0.057
-0.0501
-0.06228
-0.06332
-0.0602
-0.07016
-0.07122
-0.05636
-0.04592
-0.03642
-0.04036
-0.03628
-0.0426
-0.04626
-0.05864
-0.05968
-0.0719
-0.07042
-0.07168
-0.07094
-0.06166
-0.04746
-0.03684
-0.04832
-0.0418
-0.04156
-0.03664
-0.04766
-0.0451
-0.05052
-0.06642
-0.06366
-0.06794
-0.06806
-0.04938
-0.0319
-0.03934
-0.05538
-0.05068
-0.05766
-0.05682
-0.0652
-0.05214
-0.05214
-0.06042
-0.04878
-0.06096
-0.05334
-0.05446
-0.05936
-0.05312
-0.06338
-0.06584
-0.05746
-0.06586
-0.0557
-0.05802
-0.05962
-0.04972
-0.05812
-0.05984
-0.05292
-0.0489
-0.03384
-0.02748
-0.04634
-0.02612
-0.0323
-0.03212
-0.03658
-0.02786
-0.03778
-0.04412
-0.0375
-0.02402
-0.03286
-0.04114
-0.0317
-0.03726
-0.0539
-0.05204
-0.03334
-0.04354
-0.05008
-0.0415
-0.04416
-0.04714
-0.03296
-0.03646
-0.04172
-0.05564
-0.04934
-0.05046
-0.0493
-0.05992
-0.05062
-0.04474
-0.02998
-0.02678
-0.0293
-0.04368
-0.03254
-0.042
-0.0324
-0.04662
-0.03652
-0.03682
-0.03084
-0.03542
-0.02976
-0.0439
-0.03794
-0.04078
-0.04958
-0.0469
-0.05188
-0.05306
-0.04556
-0.0355
-0.03378
-0.05114
-0.04748
-0.04764
-0.05248
-0.06094
-0.04348
-0.0535
-0.0531
-0.04356
-0.05254
-0.04452
-0.05136
-0.05038
-0.03918
-0.03056
-0.04646
-0.03788
-0.0351
-0.0264
-0.03726
-0.03706
-0.05822
-0.0617
-0.06702
-0.05062
-0.04378
-0.04648
-0.03748
-0.03462
-0.03314
-0.05302
-0.04716
-0.04576
-0.04756
-0.05318
-0.05904
-0.05396
-0.04874
-0.05052
-0.04528
-0.03966
-0.04868
-0.04598
-0.0672
-0.07272
-0.06708
-0.0748
-0.07186
-0.06052
-0.04792
-0.03334
-0.03758
-0.05346
-0.04602
-0.03752
-0.04664
-0.04778
-0.03882
-0.04402
-0.04652
-0.0425
-0.02746
-0.02132
-0.03886
-0.04908
-0.04234
-0.04416
-0.0638
-0.06258
-0.05668
-0.0486
-0.06624
-0.071
-0.05638
-0.05184
-0.05
-0.0369
-0.03872
-0.04128
-0.05742
-0.05354
-0.06454
-0.05724
-0.04518
-0.05188
-0.05158
-0.05188
-0.06836
-0.07402
-0.06396
-0.07726
-0.07504
-0.08112
-0.06492
-0.06266
-0.05282
-0.03154
-0.03226
-0.03792
-0.041
-0.02648
-0.0345
-0.02898
-0.03362
-0.03464
-0.03884
-0.06058
-0.04304
-0.04538
-0.05302
-0.06574
-0.0583
-0.0574
-0.05114
-0.03816
-0.04416
-0.0404
-0.04946
-0.04748
-0.04614
-0.0519
-0.03814
-0.04456
-0.04856
-0.0555
-0.04074
-0.04698
-0.05112
-0.07324
-0.05978
-0.07352
