-0.70608
-0.70688
-0.70864
-0.70344
-0.70362
-0.71286
-0.70416
-0.70536
-0.7028
-0.7054
-0.70864
-0.71392
-0.70986
-0.71088
-0.7101
-0.7111
-0.70962
-0.70888
-0.71216
-0.7139
-0.71882
-0.70538
-0.69168
-0.69598
-0.702
-0.69724
-0.69482
-0.70584
-0.70426
-0.70116
-0.68588
-0.67852
-0.6835
-0.67524
-0.66474
-0.65914
-0.66264
-0.66436
-0.66338
-0.66264
-0.6678
-0.6555
-0.65754
-0.67858
-0.6748
-0.68812
-0.69522
-0.70246
-0.6992
-0.7116
-0.70716
-0.70244
-0.70712
-0.70244
-0.69278
-0.68906
-0.69368
-0.70206
-0.70024
-0.6986
-0.70598
-0.70074
-0.6895
-0.69126
-0.68612
-0.68894
-0.6864
-0.68952
-0.68292
-0.68396
-0.67476
-0.68296
-0.67532
-0.67638
-0.6765
-0.66648
-0.67472
-0.67988
-0.67134
-0.6749
-0.67318
-0.67044
-0.66892
-0.6681
-0.66464
-0.6644
-0.66116
-0.66932
-0.67248
-0.66726
-0.66628
-0.67266
-0.66392
-0.66578
-0.67064
-0.66586
-0.6561
-0.66052
-0.66238
-0.67578
-0.67138
-0.67286
-0.67934
-0.69624
-0.69504
-0.69882
-0.6964
-0.69994
-0.6935
-0.69416
-0.6836
-0.66854
-0.67778
-0.67392
-0.68098
-0.6746
-0.66988
-0.67056
-0.67964
-0.67768
-0.67136
-0.68442
-0.67708
-0.67368
-0.68268
-0.68202
-0.68332
-0.68634
-0.6878
-0.69484
-0.69508
-0.691
-0.68628
-0.68262
-0.68324
-0.6839
-0.68968
-0.69146
-0.68582
-0.68074
-0.6738
-0.672
-0.67032
-0.67236
-0.67828
-0.6779
-0.68026
-0.68612
-0.68456
-0.68894
-0.67916
-0.68798
-0.68656
-0.68416
-0.69424
-0.70848
-0.70928
-0.70062
-0.6999
-0.69636
-0.69238
-0.68852
-0.68054
-0.68466
-0.67328
-0.66678
-0.67536
-0.67632
-0.684
-0.68778
-0.69314
-0.68754
-0.69002
-0.68366
-0.68748
-0.6877
-0.68674
-0.69204
-0.68656
-0.69348
-0.69274
-0.69134
-0.69062
-0.6851
-0.68042
-0.68242
-0.68604
-0.68586
-0.68666
-0.69234
-0.68938
-0.68576
-0.69294
-0.69382
-0.6957
-0.67718
-0.67944
-0.68302
-0.68832
-0.69108
-0.68926
-0.68596
-0.69088
-0.69812
-0.70228
-0.69796
-0.70778
-0.70742
-0.69144
-0.68038
-0.67468
-0.68406
-0.6826
-0.6977
-0.69914
-0.69542
-0.69718
-0.69368
-0.69146
-0.68482
-0.68964
-0.69744
-0.68186
-0.6823
-0.68244
-0.68404
-0.6908
-0.68704
-0.6858
-0.68994
-0.6886
-0.68396
-0.68114
-0.68644
-0.69326
-0.6897
-0.69074
-0.68548
-0.68808
-0.68802
-0.68506
-0.68042
-0.68136
-0.68334
-0.67046
-0.67082
-0.67068
-0.67562
-0.68362
-0.68232
-0.6807
-0.67
-0.66424
-0.6594
-0.65774
-0.65974
-0.66584
-0.66218
-0.66158
-0.67456
-0.67044
-0.67304
-0.66686
-0.665
-0.67442
-0.66902
-0.67154
-0.6795
-0.6888
-0.69146
-0.6839
-0.67918
-0.68502
-0.67598
-0.6769
-0.67784
-0.67514
-0.67198
-0.67778
-0.68432
-0.69282
-0.69094
-0.6905
-0.68248
-0.68618
-0.68554
-0.68466
-0.67778
-0.6757
-0.68812
-0.68966
-0.69452
-0.69954
-0.7011
-0.69976
-0.69268
-0.6989
-0.6923
-0.69682
-0.71124
-0.71014
-0.70504
-0.70244
-0.70246
-0.69802
-0.69988
-0.69624
-0.69288
-0.70436
-0.71242
-0.7093
-0.71518
-0.70716
-0.70458
-0.70178
-0.6935
-0.69508
-0.70544
-0.70354
-0.69598
-0.69476
-0.7018
-0.6986
-0.69814
-0.7074
-0.69608
-0.6962
-0.69898
-0.69246
-0.68718
-0.6901
-0.69038
-0.69204
-0.68838
-0.6849
-0.68968
-0.68554
-0.69806
-0.69232
-0.69862
-0.6989
-0.70626
-0.70654
-0.69864
-0.7041
-0.70414
-0.6971
-0.70266
-0.69176
-0.69072
-0.67324
-0.6806
-0.68488
-0.68174
-0.67576
-0.6841
-0.67944
-0.68816
-0.67808
-0.68118
-0.68346
-0.67532
-0.67042
-0.6732
-0.67568
-0.67384
-0.67484
-0.67292
-0.67544
-0.68742
-0.69206
-0.68288
-0.67994
-0.68224
-0.68266
-0.67512
-0.67848
-0.6771
-0.68592
-0.69608
-0.69062
-0.69088
-0.69354
-0.68814
-0.69552
-0.69052
-0.6993
-0.71192
-0.71482
-0.7056
-0.694
-0.70312
-0.69736
-0.6964
-0.70362
-0.70064
-0.70706
-0.6991
-0.69708
-0.70074
-0.7023
-0.70696
-0.70124
-0.7002
-0.70034
-0.6922
-0.69192
-0.69768
-0.70518
-0.69688
-0.68434
-0.68128
-0.66314
-0.6796
-0.6798
-0.6769
-0.67938
-0.67432
-0.66332
-0.65916
-0.66738
-0.67274
-0.66434
-0.66182
-0.66472
-0.66548
-0.67094
-0.66682
-0.65372
-0.6606
-0.6622
-0.67076
-0.66772
-0.66594
-0.66302
-0.66514
-0.66956
-0.67074
-0.6625
-0.65712
-0.65978
-0.67244
-0.671
-0.66588
-0.65556
-0.65914
-0.66346
-0.65682
-0.64554
-0.65318
-0.66294
-0.6636
-0.66844
-0.67288
-0.67762
-0.68214
-0.67896
-0.66764
-0.67342
-0.67096
-0.6662
-0.67098
-0.67328
-0.68126
-0.68132
-0.68548
-0.6662
-0.66846
-0.67648
-0.681
-0.67598
-0.67636
-0.67484
-0.68652
-0.68656
-0.69204
-0.69042
-0.68336
-0.67558
-0.67374
-0.67058
-0.67324
-0.67246
-0.6759
-0.66916
-0.65712
-0.6656
-0.66346
-0.67128
-0.67184
-0.65746
-0.66456
-0.67668
-0.67424
-0.67436
-0.67342
-0.67158
-0.66508
-0.66838
-0.66628
-0.66236
-0.66186
-0.65756
-0.65978
-0.66172
-0.66906
-0.67246
-0.68306
-0.67436
-0.66722
-0.66914
-0.65804
-0.6447
-0.64894
-0.63252
-0.64246
-0.64592
-0.64626
-0.64574
-0.6514
-0.64504
-0.64594
-0.64032
-0.64398
-0.6486
-0.66242
-0.66252
-0.66646
-0.66588
-0.67824
-0.6789
-0.6854
-0.68696
-0.68444
-0.67132
-0.68438
-0.69314
-0.70078
-0.69646
-0.69294
-0.69588
-0.69928
-0.68854
-0.69258
-0.69
-0.68288
-0.68528
-0.6823
-0.68536
-0.6885
-0.67882
-0.6769
-0.6758
-0.67854
-0.68196
-0.67604
-0.67588
-0.6789
-0.67764
-0.6825
-0.6833
-0.68674
-0.68972
-0.68668
-0.68622
-0.68608
-0.67962
-0.67036
-0.67492
-0.67846
-0.68132
-0.68526
-0.6844
-0.6945
-0.69174
-0.69166
-0.68568
-0.68336
-0.68018
-0.6826
-0.69584
-0.68252
-0.70056
-0.69692
-0.69326
-0.69118
-0.69144
-0.68216
-0.68772
-0.69362
-0.69334
-0.70258
-0.69648
-0.68738
-0.68844
-0.69348
-0.70002
-0.68996
-0.68604
-0.68252
-0.6871
-0.6848
-0.68706
-0.69428
-0.69906
-0.69116
-0.68946
-0.69104
-0.69428
-0.6954
-0.69372
-0.69004
-0.69032
-0.69546
-0.698
-0.70086
-0.70614
-0.70618
-0.70296
-0.70504
-0.71014
-0.71002
-0.70846
-0.70924
-0.71128
-0.69964
-0.68732
-0.69758
-0.69722
-0.69584
-0.71088
-0.71338
-0.71148
-0.71472
-0.71512
-0.71698
-0.71178
-0.70586
-0.7106
-0.70898
-0.71116
-0.70464
-0.6956
-0.70272
-0.69894
-0.70868
-0.7111
-0.70974
-0.69266
-0.69836
-0.70224
-0.70422
-0.6979
-0.68688
-0.68954
-0.68286
-0.69468
-0.69752
-0.69596
-0.69676
-0.69174
-0.70136
-0.69898
-0.70122
-0.70554
-0.70194
-0.7056
-0.6974
-0.69548
-0.70338
-0.70098
-0.70866
-0.70076
-0.70052
-0.70614
-0.70398
-0.7041
-0.70974
-0.70524
-0.70284
-0.70034
-0.69292
-0.69092
-0.68926
-0.68874
-0.68418
-0.6839
-0.67842
-0.67944
-0.6766
-0.6794
-0.67418
-0.67064
-0.6624
-0.65528
-0.66638
-0.66382
-0.66752
-0.6727
-0.67122
-0.67292
-0.67604
-0.68642
-0.67534
-0.6715
-0.67856
-0.67778
-0.68616
-0.68408
-0.69152
-0.68572
-0.6841
-0.67874
-0.68058
-0.69502
-0.69084
-0.69202
-0.68008
-0.69336
-0.69706
-0.6962
-0.70454
-0.7019
-0.7023
-0.69688
-0.69602
-0.69486
-0.69092
-0.69208
-0.6894
-0.68782
-0.6784
-0.68342
-0.68522
-0.6812
-0.67464
-0.67332
-0.66384
-0.66548
-0.66864
-0.6793
-0.67818
-0.6847
-0.6912
-0.68902
-0.69104
-0.69304
-0.68422
-0.6964
-0.70002
-0.69886
-0.69808
-0.6977
-0.69062
-0.69056
-0.69738
-0.70118
-0.7032
-0.70076
-0.70858
-0.70722
-0.71228
-0.7117
-0.70794
-0.70012
-0.70008
-0.68852
-0.70038
-0.6945
-0.7036
-0.70336
-0.69234
-0.69212
-0.7029
-0.69018
-0.69418
-0.6898
-0.68464
-0.69724
-0.70586
-0.70562
-0.70968
-0.7058
-0.69736
-0.69652
-0.6933
-0.69238
-0.69768
-0.69288
-0.69248
-0.69262
-0.69582
-0.6931
-0.68866
-0.691
-0.69144
-0.68214
-0.68844
-0.6909
-0.68936
-0.68582
-0.6931
-0.69384
-0.69592
-0.6942
-0.68866
-0.69642
-0.68738
-0.688
-0.69606
-0.69288
-0.6883
-0.68946
-0.68662
-0.69176
-0.69782
-0.70394
-0.6915
-0.68452
-0.69014
-0.7017
-0.70188
-0.69128
-0.6952
-0.69756
-0.70278
-0.7035
-0.69136
-0.69674
-0.68908
-0.69808
-0.69806
-0.6909
-0.70342
-0.7004
-0.71478
-0.70468
-0.7058
-0.70522
-0.69786
-0.70316
-0.7024
-0.7014
-0.69364
-0.69032
-0.6797
-0.6871
-0.68286
-0.68396
-0.68128
-0.68424
-0.68594
-0.6835
-0.6871
-0.68528
-0.6869
-0.68992
-0.68314
-0.67884
-0.69078
-0.6996
-0.6966
-0.69142
-0.68562
-0.68894
-0.6824
-0.69192
-0.68308
-0.68716
-0.69372
-0.69682
-0.69918
-0.6923
-0.67808
-0.67602
-0.67334
-0.68782
-0.67762
-0.66986
-0.68326
-0.68976
-0.68704
-0.68796
-0.68096
-0.67014
-0.68276
-0.69156
-0.6937
-0.69414
-0.69708
-0.69322
-0.70478
-0.70304
-0.6967
-0.69126
-0.68872
-0.68354
-0.69418
-0.6964
-0.69558
-0.70278
-0.70794
-0.71286
-0.71404
-0.71766
-0.71212
-0.70424
-0.70454
-0.71486
-0.71686
-0.70738
-0.6957
-0.69906
-0.70188
-0.71304
-0.70112
-0.71086
-0.70252
-0.69034
-0.6987
-0.70286
-0.71182
-0.69972
-0.6934
-0.68898
-0.6919
-0.69164
-0.69446
-0.6876
-0.69076
-0.69496
-0.70226
-0.70232
-0.69846
-0.69426
-0.68774
-0.68678
-0.69174
-0.68724
-0.689
-0.68688
-0.68832
-0.68926
-0.69024
-0.68584
-0.6812
-0.6891
-0.6838
-0.6715
-0.68066
-0.6864
-0.68992
-0.68146
-0.68666
-0.6827
-0.68584
-0.6812
-0.68378
-0.6852
-0.68486
-0.69706
-0.69358
-0.69722
-0.69676
-0.69402
-0.69486
-0.69928
-0.69768
-0.69884
-0.6996
-0.6967
-0.6995
-0.69498
-0.70386
-0.7018
-0.69986
-0.69574
-0.69284
-0.68634
-0.68338
-0.68588
-0.68836
-0.69026
-0.69152
-0.6923
-0.68036
-0.68954
-0.6863
-0.68654
-0.68248
-0.67276
-0.67266
-0.68032
-0.67062
-0.68142
-0.67954
-0.68112
-0.68026
-0.69098
-0.68518
-0.69136
-0.69044
-0.69286
-0.69504
-0.69406
-0.691
-0.70184
-0.69658
-0.69068
-0.69552
-0.6956
-0.7036
-0.70968
-0.69792
-0.69284
-0.6922
-0.69332
-0.68382
-0.6824
-0.67442
-0.68034
-0.69108
-0.69616
-0.69742
-0.69696
-0.69632
-0.70116
-0.70078
-0.70272
-0.6895
-0.67878
-0.68354
-0.69366
-0.68532
-0.68838
-0.6862
-0.69114
-0.68814
-0.68936
-0.6842
-0.68312
-0.68158
-0.68934
-0.68414
-0.68264
-0.68366
-0.68726
-0.69032
-0.68972
-0.69278
-0.68774
-0.69098
-0.68554
-0.69186
-0.68312
-0.68766
-0.69174
-0.69688
-0.6974
-0.70144
-0.6988
-0.68936
-0.6911
-0.69564
-0.69058
-0.68782
-0.69596
-0.69642
-0.69692
-0.6968
-0.69248
-0.68248
-0.68008
-0.6732
-0.67084
-0.65686
-0.66888
-0.6774
-0.67544
-0.67738
-0.68246
-0.6774
-0.68644
-0.6749
-0.68382
-0.67678
-0.6758
-0.6843
-0.67058
-0.68206
-0.68184
-0.67626
-0.6681
-0.6643
-0.66542
-0.66742
-0.6589
-0.67382
-0.67122
-0.67336
-0.67296
-0.66892
-0.6683
-0.68014
-0.6786
-0.6792
-0.69204
-0.6836
-0.67924
-0.68024
-0.67792
-0.68658
-0.66936
-0.66988
-0.67246
-0.68176
-0.68276
-0.68314
-0.6816
-0.6781
-0.6839
-0.67348
-0.68836
-0.68518
-0.6876
-0.68548
-0.6892
-0.67994
-0.68114
-0.67178
-0.67154
-0.68396
-0.69274
-0.68738
-0.6933
-0.6911
-0.68778
-0.68324
-0.6862
-0.68944
-0.68694
-0.69248
-0.69032
-0.68914
-0.69124
-0.69104
-0.6904
-0.69156
-0.70276
-0.70896
-0.71484
-0.71232
-0.70496
-0.71462
-0.71354
-0.71438
-0.70878
-0.71574
-0.7217
-0.72478
-0.717
-0.71826
-0.71202
-0.71318
-0.71488
-0.7136
-0.71424
-0.70714
-0.70676
-0.70812
-0.71396
-0.70434
-0.70344
-0.69648
-0.69744
-0.69054
-0.68802
-0.69508
-0.69746
-0.70062
-0.69282
-0.70106
-0.69184
-0.6886
-0.69226
-0.68612
-0.68028
-0.68954
-0.7023
-0.70788
-0.71144
-0.71216
-0.71432
-0.70604
-0.6995
-0.68988
-0.6906
-0.68414
-0.6809
-0.6774
-0.67948
-0.69166
-0.69884
-0.68744
-0.6918
-0.67604
-0.69006
-0.69384
-0.69056
-0.69032
-0.70522
-0.70544
-0.71392
-0.71286
-0.70906
-0.6984
-0.69626
-0.70142
-0.7033
-0.69786
-0.70184
-0.71358
-0.71202
-0.71574
-0.715
-0.70686
-0.6988
-0.69386
-0.71106
-0.70458
-0.70482
-0.69254
-0.7034
-0.69394
-0.69564
-0.69772
-0.6917
-0.70172
-0.70502
-0.69458
-0.69728
-0.69028
-0.69188
-0.69508
-0.69368
-0.69922
-0.69176
-0.69462
-0.68772
-0.6806
-0.68506
-0.69032
-0.68632
-0.68964
-0.68886
-0.69152
-0.68934
-0.68402
-0.68406
-0.68782
-0.68644
-0.67726
-0.68114
-0.68228
-0.67672
-0.67988
-0.67106
-0.66928
-0.66168
-0.66078
-0.6754
-0.67022
-0.66864
-0.67154
-0.66802
-0.67752
-0.6831
-0.68174
-0.67788
-0.684
-0.67854
-0.67862
-0.68704
-0.68258
-0.67888
-0.67248
-0.67528
-0.67048
-0.66786
-0.67384
-0.67816
-0.67626
-0.68042
-0.67928
-0.6901
-0.68528
-0.69216
-0.68894
-0.6894
-0.67594
-0.67118
-0.6787
-0.67788
-0.68238
-0.68446
-0.67654
-0.67134
-0.6789
-0.68666
-0.68086
-0.68318
-0.6977
-0.69076
-0.69736
-0.69044
-0.6882
-0.68816
-0.68104
-0.6892
-0.68674
-0.6903
-0.69278
-0.69944
-0.694
-0.69756
-0.69426
-0.67836
-0.68582
-0.68688
-0.70064
-0.68944
-0.69854
-0.70006
-0.69394
-0.70598
-0.70456
-0.69982
-0.69538
-0.6953
-0.69666
-0.69138
-0.6981
-0.69906
-0.69446
-0.69006
-0.68514
-0.6767
-0.67368
-0.67818
-0.67606
-0.67414
-0.67398
-0.69096
-0.69622
-0.69312
-0.6975
-0.69822
-0.69322
-0.68942
-0.69464
-0.69598
-0.70056
-0.69952
-0.70258
-0.69676
-0.68726
-0.68432
-0.68478
-0.67998
-0.68522
-0.67932
-0.66962
-0.67206
-0.66976
-0.67548
-0.66878
-0.66068
-0.65868
-0.65558
-0.66722
-0.67386
-0.68126
-0.67708
-0.6753
-0.6772
-0.67006
-0.6779
-0.6781
-0.68256
-0.6806
-0.6926
-0.69716
-0.70178
-0.7007
-0.69878
-0.68314
-0.69188
-0.69638
-0.69514
-0.70298
-0.7042
-0.69604
-0.68258
-0.68306
-0.6884
-0.68732
-0.68216
-0.68408
-0.67736
-0.67898
-0.67916
-0.67402
-0.67498
-0.67104
-0.66726
-0.65626
-0.65464
-0.65984
-0.66336
-0.66492
-0.66606
-0.66418
-0.6636
-0.66276
-0.66302
-0.68104
-0.6731
-0.68968
-0.68866
-0.6812
-0.6705
-0.68264
-0.68078
-0.6865
-0.68542
-0.70012
-0.70346
-0.70332
-0.70548
-0.70956
-0.71158
-0.69744
-0.68926
-0.68542
-0.68642
-0.68636
-0.6803
-0.6789
-0.6712
-0.6729
-0.67994
-0.6702
-0.68002
-0.68924
-0.69322
-0.6948
-0.6893
-0.68702
-0.68388
-0.68706
-0.6873
-0.68572
-0.68016
-0.66652
-0.67392
-0.67868
-0.6869
-0.68302
-0.67184
-0.67084
-0.6737
-0.6775
-0.6814
-0.673
-0.6741
-0.67244
-0.66314
-0.67028
-0.68154
-0.68146
-0.68752
-0.6857
-0.68168
-0.67516
-0.6809
-0.6796
-0.67492
-0.6912
-0.6865
-0.68902
-0.6894
-0.69642
-0.68496
-0.6841
-0.69004
-0.69316
-0.69456
-0.69742
-0.70846
-0.6969
-0.69428
-0.69238
-0.69828
-0.69816
-0.7008
-0.69504
-0.70008
-0.69762
-0.70376
-0.70472
-0.7028
-0.70428
-0.7036
-0.71264
-0.71716
-0.70706
-0.71208
-0.70864
-0.7006
-0.69186
-0.6983
-0.69818
-0.6959
-0.69816
-0.69824
-0.7013
-0.69814
-0.6986
-0.69922
-0.70642
-0.69696
-0.69536
-0.69612
-0.69934
-0.70252
-0.69828
-0.69632
-0.69436
-0.68376
-0.68412
-0.68274
-0.67426
-0.672
-0.6778
-0.6753
-0.6731
-0.68178
-0.6803
-0.67086
-0.67574
-0.66536
-0.67386
-0.68136
-0.68384
-0.68504
-0.68286
-0.68184
-0.68276
-0.68496
-0.6833
-0.68
-0.67916
-0.67052
-0.68358
-0.67206
-0.67738
-0.67678
-0.67548
-0.68206
-0.68752
-0.67838
-0.68414
-0.6772
-0.6729
-0.66542
-0.67248
-0.67048
-0.66734
-0.68834
-0.68878
-0.69306
-0.6894
-0.68982
-0.68928
-0.67918
-0.68438
-0.6863
-0.68512
-0.67834
-0.6807
-0.68938
-0.6954
-0.69462
-0.68942
-0.6954
-0.69674
-0.69976
-0.70438
-0.70002
-0.69746
-0.70616
-0.71332
-0.70718
-0.70218
-0.69776
-0.69718
-0.7038
-0.70274
-0.70192
-0.69896
-0.69638
-0.69684
-0.69406
-0.6898
-0.69426
-0.69186
-0.6949
-0.68638
-0.69922
-0.70858
-0.70304
-0.7076
-0.70744
-0.69498
-0.69998
-0.69682
-0.70868
-0.70564
-0.706
-0.7126
-0.70272
-0.7109
-0.71482
-0.71408
-0.7086
-0.71786
-0.71088
-0.71942
-0.71894
-0.70582
-0.70674
-0.71566
-0.70236
-0.69874
-0.6979
-0.69162
-0.69168
-0.6913
-0.70158
-0.70728
-0.70468
-0.69882
-0.70146
-0.69882
-0.70284
-0.70002
-0.69432
-0.69558
-0.70134
-0.69694
-0.68952
-0.67992
-0.68602
-0.67148
-0.67334
-0.67782
-0.68466
-0.68278
-0.687
-0.68356
-0.68742
-0.68008
-0.68164
-0.68722
-0.68814
-0.68174
-0.67888
-0.68668
-0.69402
-0.68614
-0.6764
-0.68316
-0.67418
-0.67438
-0.67608
-0.66742
-0.66178
-0.67076
-0.65632
-0.66928
-0.66342
-0.66412
-0.66168
-0.66902
-0.67624
-0.67688
-0.66856
-0.67754
-0.6674
-0.67294
-0.68004
-0.68706
-0.68
-0.67422
-0.66918
-0.6742
-0.67986
-0.6763
-0.66516
-0.66442
-0.6679
-0.66512
-0.67118
-0.6755
-0.68704
-0.68568
-0.68834
-0.68758
-0.68316
-0.67832
-0.66762
-0.67868
-0.68848
-0.69674
-0.69804
-0.69934
-0.70776
-0.702
-0.70026
-0.7072
-0.69372
-0.70298
-0.70142
-0.69876
-0.6995
-0.7008
-0.699
-0.6976
-0.7085
-0.70124
-0.69612
-0.70882
-0.69606
-0.70182
-0.7037
-0.69418
-0.69258
-0.69484
-0.6964
-0.7004
-0.70144
-0.693
-0.68766
-0.6917
-0.69158
-0.68508
-0.68184
-0.68588
-0.68542
-0.69494
-0.69352
-0.68536
-0.68444
-0.68822
-0.6936
-0.69462
-0.6866
-0.68464
-0.6818
-0.6829
-0.67532
-0.6733
-0.66974
-0.6697
-0.67764
-0.67016
-0.67508
-0.6773
-0.6675
-0.6791
-0.69036
-0.68794
-0.70084
-0.69436
-0.695
-0.69434
-0.68828
-0.693
-0.68544
-0.69522
-0.6935
-0.68138
-0.68888
-0.68172
-0.67838
-0.6749
-0.67564
-0.67522
-0.6731
-0.67468
-0.67028
-0.68
-0.66836
-0.65696
-0.66322
-0.65702
-0.66542
-0.66174
-0.66852
-0.67098
-0.67438
-0.67528
-0.66936
-0.68182
-0.6765
-0.68316
-0.68778
-0.692
-0.68872
-0.67094
-0.67712
-0.69056
-0.68124
-0.6743
-0.68484
-0.68384
-0.68036
-0.68894
-0.6852
-0.67862
-0.67882
-0.68376
-0.69676
-0.69086
-0.68758
-0.6831
-0.67984
-0.68536
-0.671
-0.67106
-0.68922
-0.69086
-0.70162
-0.69884
-0.69898
-0.69164
-0.69776
-0.69902
-0.69348
-0.696
-0.68524
-0.69198
-0.69014
-0.6865
-0.69178
-0.69432
-0.6891
-0.70054
-0.70392
-0.6984
-0.69688
-0.69866
-0.691
-0.69046
-0.69602
-0.70166
-0.69832
-0.6894
-0.6923
-0.68066
-0.69532
-0.69602
-0.69432
-0.68726
-0.68438
-0.69374
-0.6916
-0.70282
-0.70778
-0.7015
-0.70658
-0.69884
-0.70138
-0.70218
-0.7022
-0.69908
-0.69624
-0.70488
-0.69768
-0.6959
-0.70726
-0.7131
-0.7057
-0.70684
-0.71642
-0.70864
-0.6985
-0.70666
-0.7121
-0.70972
-0.70502
-0.70378
-0.7101
-0.70796
-0.70316
-0.70494
-0.7012
-0.6971
-0.69876
-0.69546
-0.70698
-0.69302
-0.70032
-0.69586
-0.6849
-0.69054
-0.6945
-0.69326
-0.70006
-0.6993
-0.6935
-0.69078
-0.68956
-0.69674
-0.69564
-0.70204
-0.7064
-0.69558
-0.69478
-0.69082
-0.69374
-0.70438
-0.69878
-0.70072
-0.69194
-0.70318
-0.70346
-0.70484
-0.69638
-0.6976
-0.6905
-0.69264
-0.6939
-0.68484
-0.68332
-0.67658
-0.68878
-0.69406
-0.6995
-0.70166
-0.70992
-0.6942
-0.69732
-0.69636
-0.7045
-0.70542
-0.70878
-0.69902
-0.69052
-0.68196
-0.69084
-0.69296
-0.70132
-0.68982
-0.68386
-0.68526
-0.68472
-0.68392
-0.67556
-0.67224
-0.66718
-0.67224
-0.6801
-0.68168
-0.67874
-0.67604
-0.68126
-0.6838
-0.69188
-0.68052
-0.6874
-0.6841
-0.67522
-0.6701
-0.68128
-0.68386
-0.69058
-0.68136
-0.68558
-0.68966
-0.69108
-0.68548
-0.68548
-0.6819
-0.6949
-0.68606
-0.6821
-0.6769
-0.67314
-0.66108
-0.66158
-0.67
-0.6685
-0.6766
-0.682
-0.66924
-0.676
-0.68168
-0.66468
-0.66574
-0.66012
-0.67398
-0.67688
-0.67684
-0.67338
-0.67268
-0.67882
-0.67966
-0.68948
-0.68844
-0.69852
-0.70084
-0.69362
-0.69158
-0.68686
-0.69364
-0.69942
-0.70224
-0.69874
-0.69706
-0.69888
-0.69048
-0.69464
-0.69908
-0.70468
-0.69918
-0.68596
-0.69352
-0.68324
-0.6806
-0.68208
-0.68784
-0.68676
-0.69624
-0.69394
-0.70356
-0.70124
-0.70154
-0.69082
-0.69852
-0.69206
-0.68136
-0.69346
-0.69494
-0.70162
-0.69372
-0.69112
-0.69596
-0.70014
-0.70516
-0.70244
-0.70574
-0.69838
-0.69522
-0.69996
-0.6984
-0.68838
-0.6888
-0.6867
-0.68604
-0.68316
-0.68358
-0.68318
-0.6847
-0.6807
-0.6842
-0.68296
-0.68458
-0.68378
-0.69226
-0.69242
-0.69324
-0.69716
-0.70408
-0.6953
-0.69252
-0.68408
-0.68488
-0.67782
-0.68478
-0.68512
-0.6853
-0.68782
-0.68274
-0.68878
-0.68356
-0.6918
-0.69034
-0.68584
-0.69616
-0.69704
-0.70534
-0.69716
-0.69936
-0.69196
-0.6996
-0.70212
-0.69918
-0.69754
-0.69802
-0.70204
-0.69192
-0.7044
-0.703
-0.70056
-0.6976
-0.69984
-0.69558
-0.6913
-0.6828
-0.67706
-0.6788
-0.67482
-0.6804
-0.6863
-0.68364
-0.6893
-0.68658
-0.69448
-0.69844
-0.69748
-0.69142
-0.6989
-0.70312
-0.702
-0.6909
-0.68936
-0.6874
-0.6864
-0.685
-0.6881
-0.6833
-0.69476
-0.69748
-0.70542
-0.70406
-0.70682
-0.71254
-0.70886
-0.70204
-0.7069
-0.71626
-0.70808
-0.70742
-0.71732
-0.72926
-0.71796
-0.70788
-0.7078
-0.70162
-0.70656
-0.70308
-0.70616
-0.71014
-0.7024
-0.69606
-0.6814
-0.68812
-0.69008
-0.68894
-0.69204
-0.69406
-0.68668
-0.68364
-0.69318
-0.68992
-0.68444
-0.68074
-0.69712
-0.69182
-0.6928
-0.69706
-0.69696
-0.68966
-0.68466
-0.6821
-0.6882
-0.69138
-0.6792
-0.67336
-0.67236
-0.67436
-0.67202
-0.67246
-0.66744
-0.6702
-0.6766
-0.68444
-0.67764
-0.67684
-0.67892
-0.67918
-0.68478
-0.69548
-0.69132
-0.69816
-0.69348
-0.69142
-0.68964
-0.69386
-0.69346
-0.69624
-0.70392
-0.69808
-0.6956
-0.70332
-0.69494
-0.70372
-0.69544
-0.69364
-0.6951
-0.69272
-0.69962
-0.6981
-0.70344
-0.70046
-0.69608
-0.69008
-0.69074
-0.6976
-0.69254
-0.69658
-0.70098
-0.69478
-0.69054
-0.69088
-0.6854
-0.68668
-0.68024
-0.67054
-0.68612
-0.69694
-0.692
-0.68238
-0.68286
-0.68028
-0.67056
-0.66484
-0.67674
-0.6787
-0.6734
-0.67604
-0.66634
-0.67366
-0.66466
-0.66566
-0.66954
-0.6745
-0.68726
-0.68882
-0.69224
-0.69252
-0.6893
-0.68966
-0.68856
-0.6966
-0.7015
-0.70198
-0.69982
-0.69982
-0.70028
-0.69962
-0.69384
-0.6842
-0.68704
-0.68144
-0.68792
-0.68086
-0.68556
-0.67636
-0.67334
-0.6841
-0.68604
-0.68768
-0.68408
-0.68934
-0.69382
-0.68258
-0.6938
-0.68546
-0.67384
-0.67754
-0.67492
-0.6789
-0.68434
-0.68948
-0.68432
-0.68072
-0.69132
-0.68998
-0.68596
-0.69342
-0.67292
-0.67988
-0.67058
-0.68034
-0.67534
-0.68194
-0.68034
-0.67348
-0.6795
-0.68496
-0.68776
-0.6942
-0.6965
-0.6891
-0.69264
-0.6885
-0.68152
-0.6827
-0.67798
-0.68372
-0.67744
-0.67798
-0.67418
-0.67448
-0.67364
-0.67204
-0.6695
-0.65866
-0.66664
-0.67008
-0.667
-0.66892
-0.67434
-0.6687
-0.67376
-0.66654
-0.67556
-0.67628
-0.68122
-0.67202
-0.6687
-0.66436
-0.66424
-0.6776
-0.66804
-0.66702
-0.66858
-0.66818
-0.67494
-0.67308
-0.66174
-0.66892
-0.66788
-0.66408
-0.67086
-0.67568
-0.67752
-0.67722
-0.68234
-0.67276
-0.67584
-0.67626
-0.68536
-0.67672
-0.6784
-0.6669
-0.66866
-0.66828
-0.66942
-0.67482
-0.6838
-0.6792
-0.67754
-0.67676
-0.66828
-0.67178
-0.67004
-0.67604
-0.67748
-0.68528
-0.68394
-0.68058
-0.68412
-0.68044
-0.6784
-0.68698
-0.68796
-0.68566
-0.6944
-0.7015
-0.69742
-0.69064
-0.68972
-0.68926
-0.69826
-0.69168
-0.67864
-0.67286
-0.67974
-0.6785
-0.68474
-0.68194
-0.6812
-0.68186
-0.6814
-0.67802
-0.68876
-0.68796
-0.6996
-0.68978
-0.68764
-0.68826
-0.69894
-0.69566
-0.69852
-0.68788
-0.68866
-0.69966
-0.70728
-0.71246
-0.70578
-0.70188
-0.70336
-0.70022
-0.70274
-0.69882
-0.69918
-0.69444
-0.69288
-0.69638
-0.69644
-0.6946
-0.6817
-0.68888
-0.68876
-0.69118
-0.691
-0.69958
-0.70144
-0.7003
-0.7045
-0.69694
-0.7033
-0.69848
-0.70288
-0.69188
-0.68956
-0.6791
-0.68144
-0.68086
-0.6791
-0.6792
-0.68572
-0.69014
-0.67366
-0.67446
-0.67098
-0.68238
-0.69346
-0.69642
-0.69732
-0.7064
-0.69974
-0.69218
-0.68626
-0.68796
-0.68616
-0.68856
-0.6862
-0.69766
-0.69192
-0.68902
-0.6833
-0.6818
-0.6882
-0.69212
-0.69544
-0.69894
-0.70162
-0.7074
-0.70756
-0.70764
-0.71164
-0.71668
-0.7135
-0.71448
-0.71028
-0.71052
-0.71398
-0.70438
-0.70114
-0.699
-0.70222
-0.6948
-0.69722
-0.69648
-0.69624
-0.70508
-0.69444
-0.69508
-0.69432
-0.70552
-0.70894
-0.7032
-0.69728
-0.6995
-0.68784
-0.68928
-0.68388
-0.67702
-0.69194
-0.69202
-0.68394
-0.6764
-0.68364
-0.6709
-0.66614
-0.6534
-0.64746
-0.65384
-0.6515
-0.65626
-0.665
-0.65962
-0.65072
-0.65616
-0.66056
-0.65674
-0.6676
-0.67374
-0.67258
-0.65798
-0.65146
-0.65872
-0.66134
-0.66484
-0.6655
-0.65812
-0.6542
-0.65866
-0.66368
-0.65842
-0.65966
-0.66634
-0.66812
-0.66288
-0.6676
-0.67288
-0.6735
-0.66752
-0.66262
-0.66786
-0.66144
-0.6515
-0.65952
-0.65016
-0.65168
-0.64658
-0.65106
-0.64524
-0.63496
-0.62744
-0.63576
-0.6462
-0.64092
-0.65268
-0.65974
-0.6622
-0.66382
-0.66576
-0.65708
-0.66984
-0.65574
-0.6587
-0.65922
-0.6518
-0.6554
-0.65462
-0.65672
-0.65744
-0.67104
-0.68146
-0.67798
-0.68424
-0.6677
-0.67264
-0.67396
-0.67416
-0.6902
-0.6901
-0.67894
-0.67134
-0.67638
-0.68676
-0.68608
-0.6905
-0.7019
-0.7028
-0.70514
-0.70252
-0.69824
-0.6987
-0.6921
-0.6853
-0.68084
-0.68778
-0.69176
-0.68926
-0.69088
-0.69306
-0.6961
-0.69724
-0.70338
-0.70462
-0.71096
-0.7064
-0.7008
-0.68812
-0.68602
-0.68626
-0.68392
-0.67518
-0.69152
-0.68802
-0.6936
-0.70084
-0.70074
-0.6939
-0.69782
-0.70166
-0.6942
-0.69348
-0.69538
-0.69178
-0.69686
-0.69638
-0.7092
-0.69518
-0.6888
-0.69526
-0.7076
-0.71232
-0.698
-0.6983
-0.69956
-0.69882
-0.69358
-0.6873
-0.69848
-0.69652
-0.69846
-0.70396
-0.69802
-0.69926
-0.69984
-0.68738
-0.69178
-0.68754
-0.67318
-0.6823
-0.6801
-0.67016
-0.66378
-0.66582
-0.6698
-0.6695
-0.66158
-0.66918
-0.65896
-0.66718
-0.66604
-0.67784
-0.67772
-0.67994
-0.67198
-0.6692
-0.68256
-0.68424
-0.67048
-0.67324
-0.67678
-0.67284
-0.67928
-0.67534
-0.68728
-0.68466
-0.68238
-0.68434
-0.68198
-0.68466
-0.6853
-0.67932
-0.68494
-0.67744
-0.67238
-0.67694
-0.68384
-0.67246
-0.66586
-0.66538
-0.66502
-0.66552
-0.6745
-0.67472
-0.67816
-0.66988
-0.6742
-0.68068
-0.67578
-0.68258
-0.69132
-0.69112
-0.68526
-0.67654
-0.67544
-0.66278
-0.66454
-0.65364
-0.6592
-0.65534
-0.64898
-0.64604
-0.64392
-0.6376
-0.63498
-0.65242
-0.65992
-0.65784
-0.652
-0.64534
-0.65098
-0.65762
-0.65978
-0.66408
-0.6594
-0.65778
-0.65434
-0.65842
-0.67718
-0.66588
-0.66976
-0.67326
-0.67578
-0.68722
-0.6898
-0.68542
-0.68138
-0.6765
-0.68704
-0.69224
-0.70096
-0.6952
-0.70556
-0.70318
-0.70218
-0.69818
-0.69388
-0.67948
-0.68872
-0.68996
-0.69732
-0.69946
-0.70616
-0.70904
-0.70034
-0.6928
-0.6934
-0.69856
-0.69702
-0.69152
-0.68806
-0.69494
-0.6894
-0.68366
-0.68656
-0.6922
-0.6986
-0.69428
-0.69778
-0.68962
-0.68716
-0.68492
-0.68548
-0.69334
-0.69686
-0.69406
-0.69916
-0.69768
-0.69792
-0.7026
-0.69324
-0.7023
-0.70256
-0.70192
-0.70696
-0.69954
-0.69912
-0.7099
-0.70614
-0.71658
-0.71164
-0.7069
-0.7024
-0.7021
-0.6993
-0.69722
-0.68888
-0.6943
-0.6984
-0.69236
-0.68926
-0.6881
-0.6837
-0.67978
-0.66786
-0.66408
-0.66656
-0.668
-0.6775
-0.6782
-0.68456
-0.68414
-0.68324
-0.68816
-0.691
-0.69468
-0.69224
-0.69792
-0.69424
-0.68322
-0.68126
-0.6747
-0.67018
-0.65748
-0.65878
-0.65838
-0.6413
-0.65158
-0.6504
-0.65034
-0.65868
-0.65826
-0.66214
-0.67838
-0.67692
-0.67488
-0.6791
-0.665
-0.67856
-0.68404
-0.68476
-0.68134
-0.68144
-0.68286
-0.69008
-0.69246
-0.69454
-0.6995
-0.7055
-0.7026
-0.6964
-0.6864
-0.68252
-0.68522
-0.68948
-0.69564
-0.69174
-0.6864
-0.69146
-0.69386
-0.689
-0.69048
-0.6894
-0.68412
-0.68118
-0.6841
-0.6743
-0.6857
-0.67642
-0.67028
-0.67364
-0.6692
-0.6713
-0.65984
-0.67774
-0.68474
-0.68236
-0.68584
-0.68672
-0.68404
-0.68488
-0.69512
-0.69476
-0.70118
-0.69688
-0.70086
-0.70188
-0.70178
-0.69614
-0.68432
-0.69636
-0.69272
-0.69416
-0.69212
-0.68958
-0.68652
-0.69744
-0.69504
-0.70548
-0.70456
-0.71104
-0.71154
-0.70088
-0.69538
-0.68782
-0.68448
-0.6836
-0.70416
-0.7016
-0.6904
-0.6936
-0.70562
-0.69888
-0.69686
-0.69342
-0.69966
-0.708
-0.7016
-0.7025
-0.71002
-0.69778
-0.6904
-0.6743
-0.67348
-0.68248
-0.67956
-0.6794
-0.68282
-0.68474
-0.68876
-0.69172
-0.68494
-0.68232
-0.6918
-0.689
-0.68252
-0.6797
-0.6752
-0.68318
-0.6684
-0.6649
-0.67404
-0.67052
-0.67586
-0.66876
-0.67582
-0.67706
-0.66778
-0.66414
-0.66506
-0.66572
-0.65956
-0.66696
-0.66852
-0.67252
-0.68562
-0.6868
-0.6919
-0.68524
-0.69252
-0.67592
-0.6725
-0.6773
-0.67984
-0.67714
-0.67662
-0.66686
-0.67322
-0.67706
-0.68134
-0.67524
-0.6822
-0.67818
-0.68286
-0.68112
-0.68048
-0.676
-0.68602
-0.68862
-0.6764
-0.68516
-0.685
-0.6911
-0.69278
-0.69372
-0.69636
-0.70456
-0.70364
-0.71074
-0.7229
-0.714
-0.71838
-0.71294
-0.70292
-0.71202
-0.7172
-0.71132
-0.7049
-0.70056
-0.6854
-0.69244
-0.6898
-0.69216
-0.69152
-0.6928
-0.6868
-0.68202
-0.68432
-0.68116
-0.67518
-0.67254
-0.6649
-0.66144
-0.66334
-0.6687
-0.6634
-0.65856
-0.65438
-0.66114
-0.66452
-0.67406
-0.67562
-0.66886
-0.67982
-0.68062
-0.68356
-0.68236
-0.6623
-0.668
-0.6682
-0.67524
-0.66778
-0.6704
-0.67182
-0.66906
-0.66176
-0.67018
-0.66388
-0.66384
-0.66286
-0.66096
-0.65214
-0.65646
-0.658
-0.66098
-0.66588
-0.66586
-0.66546
-0.66216
-0.66234
-0.66074
-0.65486
-0.66206
-0.65428
-0.65358
-0.64698
-0.65468
-0.65986
-0.65272
-0.66104
-0.66972
-0.66862
-0.65586
-0.656
-0.66836
-0.673
-0.67192
-0.69086
-0.69382
-0.69086
-0.68816
-0.67862
-0.68144
-0.68852
-0.6946
-0.692
-0.68886
-0.68724
-0.69348
-0.68918
-0.68922
-0.69144
-0.68226
-0.69186
-0.68528
-0.6872
-0.6944
-0.67876
-0.6934
-0.69006
-0.69672
-0.68814
-0.68852
-0.69108
-0.69872
-0.69898
-0.71194
-0.69488
-0.6946
-0.69674
-0.70274
-0.70652
-0.70966
-0.71196
-0.7087
-0.71468
-0.711
-0.70926
-0.71268
-0.70738
-0.71078
-0.71376
-0.70702
-0.70952
-0.71032
-0.70542
-0.71088
-0.69582
-0.68458
-0.68676
-0.69174
-0.67998
-0.68954
-0.6872
-0.68852
-0.68396
-0.67874
-0.68204
-0.67954
-0.68366
-0.68102
-0.68504
-0.68214
-0.6918
-0.68892
-0.6996
-0.70204
-0.70132
-0.69678
-0.69998
-0.6997
-0.69838
-0.69338
-0.6922
-0.69006
-0.68386
-0.69374
-0.69192
-0.69064
-0.68682
-0.68572
-0.68882
-0.70006
-0.70922
-0.70524
-0.69918
-0.70406
-0.70188
-0.69426
-0.6886
-0.6997
-0.69512
-0.6956
-0.68942
-0.68976
-0.68202
-0.6784
-0.68282
-0.67766
-0.68022
-0.6808
-0.66948
-0.66808
-0.65944
-0.66854
-0.66488
-0.66628
-0.6688
-0.66724
-0.66192
-0.65812
-0.65334
-0.6542
-0.66396
-0.66566
-0.6693
-0.66842
-0.66014
-0.67146
-0.6751
-0.67694
-0.6778
-0.67146
-0.66348
-0.67318
-0.65828
-0.66158
-0.6657
-0.66282
-0.65004
-0.65666
-0.6615
-0.65718
-0.66062
-0.65826
-0.65656
-0.6608
-0.65736
-0.66026
-0.66352
-0.66968
-0.67104
-0.67182
-0.68398
-0.6769
-0.67248
-0.66964
-0.66346
-0.66364
-0.66862
-0.67032
-0.65992
-0.65884
-0.6597
-0.66538
-0.6614
-0.68036
-0.69046
-0.68948
-0.6917
-0.68974
-0.68378
-0.6904
-0.69592
-0.68458
-0.6787
-0.68172
-0.68148
-0.6791
-0.68222
-0.68112
-0.68798
-0.68836
-0.68886
-0.68572
-0.68138
-0.6825
-0.68094
-0.6909
-0.67866
-0.6768
-0.67204
-0.67552
-0.68752
-0.68122
-0.68586
-0.69032
-0.68946
-0.68766
-0.69498
-0.70184
-0.6999
-0.69864
-0.70086
-0.6954
-0.6903
-0.69306
-0.68226
-0.67306
-0.68088
-0.68178
-0.6733
-0.67212
-0.66838
-0.68632
-0.68088
-0.67168
-0.68658
-0.68548
-0.69494
-0.69578
-0.6892
-0.69782
-0.70022
-0.7014
-0.70228
-0.70174
-0.70308
-0.70564
-0.71694
-0.69996
-0.69872
-0.69878
-0.6919
-0.69244
-0.703
-0.69286
-0.69562
-0.6959
-0.70268
-0.69552
-0.69242
-0.69302
-0.70112
-0.68604
-0.69002
-0.68998
-0.6889
-0.68406
-0.67812
-0.69368
-0.69956
-0.68928
-0.69438
-0.6961
-0.6956
-0.69638
-0.6989
-0.70238
-0.69618
-0.68866
-0.68878
-0.68984
-0.69546
-0.69536
-0.68866
-0.69368
-0.68466
-0.68054
-0.68244
-0.6931
-0.69168
-0.68054
-0.68046
-0.68236
-0.69124
-0.68874
-0.69212
-0.69582
-0.69254
-0.68812
-0.68658
-0.68024
-0.6946
-0.697
-0.69106
-0.68502
-0.68036
-0.67782
-0.67706
-0.67542
-0.66956
-0.68388
-0.68134
-0.69526
-0.70346
-0.69558
-0.69128
-0.69824
-0.6936
-0.69284
-0.6905
-0.69278
-0.6906
-0.69706
-0.69216
-0.69246
-0.69504
-0.69924
-0.69982
-0.69896
-0.69824
-0.70014
-0.70762
-0.70694
-0.70088
-0.69596
-0.69838
-0.69664
-0.69046
-0.70022
-0.69364
-0.70278
-0.69488
-0.68632
-0.68332
-0.67546
-0.65402
-0.66038
-0.6613
-0.66362
-0.65982
-0.6566
-0.66336
-0.66212
-0.67078
-0.65828
-0.66036
-0.66498
-0.67744
-0.68438
-0.68462
-0.68944
-0.6799
-0.6864
-0.68892
-0.68834
-0.68694
-0.68284
-0.68576
-0.6817
-0.68628
-0.68638
-0.67856
-0.68698
-0.68404
-0.68382
-0.69462
-0.70038
-0.68372
-0.68594
-0.69314
-0.6898
-0.69016
-0.68894
-0.68374
-0.6773
-0.67774
-0.6763
-0.67394
-0.67502
-0.68228
-0.67472
-0.68028
-0.69036
-0.68644
-0.69094
-0.69156
-0.69302
-0.693
-0.68946
-0.6832
-0.68052
-0.68202
-0.68366
-0.68338
-0.68688
-0.68612
-0.68454
-0.6865
-0.68278
-0.68752
-0.69654
-0.7025
-0.7036
-0.70832
-0.71184
-0.70582
-0.70524
-0.70582
-0.71254
-0.71222
-0.7185
-0.71582
-0.7091
-0.7065
-0.71102
-0.70616
-0.7063
-0.69656
-0.70154
-0.7026
-0.70304
-0.6968
-0.68914
-0.69846
-0.70396
-0.69792
-0.69464
-0.69244
-0.68482
-0.67804
-0.6836
-0.69432
-0.69028
-0.6911
-0.6925
-0.69288
-0.68356
-0.68284
-0.68742
-0.69352
-0.68634
-0.69038
-0.6837
-0.68442
-0.68584
-0.6868
-0.6917
-0.68646
-0.68448
-0.68558
-0.6963
-0.69188
-0.69136
-0.6999
-0.70078
-0.69128
-0.69176
-0.6912
-0.69922
-0.70056
-0.69334
-0.69938
-0.70404
-0.69672
-0.69184
-0.69556
-0.69062
-0.7006
-0.70332
-0.69618
-0.69958
-0.7013
-0.69882
-0.69252
-0.6931
-0.69438
-0.7031
-0.70062
-0.69884
-0.69928
-0.69036
-0.69282
-0.68684
-0.6799
-0.67998
-0.69096
-0.6979
-0.68802
-0.69336
-0.69884
-0.68656
-0.67784
-0.67854
-0.67678
-0.6746
-0.67034
-0.6698
-0.67186
-0.66432
-0.67086
-0.65852
-0.6639
-0.6715
-0.67052
-0.66702
-0.67298
-0.66946
-0.6643
-0.66268
-0.66176
-0.65942
-0.65838
-0.66064
-0.64764
-0.65248
-0.66654
-0.6599
-0.67104
-0.66318
-0.6576
-0.65558
-0.66674
-0.6666
-0.66662
-0.66802
-0.67226
-0.66808
-0.67264
-0.66534
-0.6723
-0.67406
-0.67446
-0.66956
-0.67234
-0.6828
-0.67694
-0.67724
-0.68726
-0.6842
-0.68228
-0.68102
-0.6808
-0.68682
-0.6877
-0.69582
-0.69808
-0.69766
-0.6891
-0.69818
-0.69574
-0.69372
-0.68502
-0.68432
-0.6889
-0.692
-0.69684
-0.69394
-0.69514
-0.69656
-0.69636
-0.7015
-0.69944
-0.7002
-0.7131
-0.70122
-0.70462
-0.6989
-0.69042
-0.6964
-0.70632
-0.69322
-0.69208
-0.69722
-0.70106
-0.70034
-0.7005
-0.69804
-0.69114
-0.70156
-0.68826
-0.69236
-0.69464
-0.70524
-0.71206
-0.71356
-0.70502
-0.69888
-0.7043
-0.69462
-0.70224
-0.71204
-0.71254
-0.70734
-0.70852
-0.7154
-0.7209
-0.71716
-0.72338
-0.72818
-0.73172
-0.71848
-0.70842
-0.70158
-0.70578
-0.71156
-0.70388
-0.70392
-0.70578
-0.70212
-0.70376
-0.70162
-0.69546
-0.69688
-0.68644
-0.68704
-0.6957
-0.68226
-0.68628
-0.68674
-0.6857
-0.68286
-0.68408
-0.69
-0.69404
-0.69532
-0.69364
-0.6992
-0.69332
-0.7014
-0.69926
-0.6981
-0.7015
-0.69886
-0.7022
-0.70368
-0.696
-0.7024
-0.6928
-0.69146
-0.69212
-0.69102
-0.68042
-0.68034
-0.67482
-0.67114
-0.65458
-0.6616
-0.66098
-0.6742
-0.67142
-0.66952
-0.67108
-0.67676
-0.67348
-0.6759
-0.68352
-0.68866
-0.67514
-0.67632
-0.67558
-0.6825
-0.67434
-0.67918
-0.6825
-0.68294
-0.69002
-0.69022
-0.67654
-0.69006
-0.68924
-0.6926
-0.69122
-0.68648
-0.69542
-0.6901
-0.6829
-0.67924
-0.67522
-0.67928
-0.6738
-0.67296
-0.67302
-0.67348
-0.67682
-0.67452
-0.6725
-0.66938
-0.6715
-0.68088
-0.68638
-0.69536
-0.69082
-0.68654
-0.6919
-0.69036
-0.68452
-0.68228
-0.67668
-0.69046
-0.69902
-0.69816
-0.6922
-0.68564
-0.68758
-0.68986
-0.68906
-0.689
-0.69484
-0.69684
-0.69486
-0.6878
-0.6855
-0.67802
-0.68012
-0.67964
-0.67566
-0.67242
-0.6752
-0.67638
-0.68084
-0.67046
-0.67474
-0.6703
-0.67196
-0.66998
-0.66908
-0.66408
-0.66096
-0.67452
-0.68374
-0.68976
-0.68088
-0.67248
-0.68264
-0.67676
-0.67628
-0.66578
-0.67014
-0.67416
-0.66628
-0.67686
-0.68064
-0.68158
-0.67914
-0.67528
-0.67076
-0.66918
-0.68144
-0.6749
-0.67462
-0.67994
-0.68198
-0.68178
-0.68074
-0.6835
-0.6846
-0.67682
-0.67492
-0.67902
-0.68468
-0.6936
-0.68224
-0.68136
-0.67992
-0.68386
-0.6883
-0.68006
-0.69054
-0.69242
-0.69786
-0.69928
-0.6941
-0.6955
-0.69268
-0.6951
-0.69342
-0.69796
-0.6957
-0.70342
-0.68928
-0.68916
-0.69154
-0.68866
-0.6878
-0.69526
-0.70012
-0.69432
-0.68482
-0.6891
-0.68044
-0.68676
-0.68488
-0.6831
-0.6836
-0.68456
-0.68508
-0.68868
-0.68824
-0.69198
-0.6887
-0.69756
-0.6939
-0.69144
-0.7017
-0.70614
-0.7033
-0.69824
-0.69534
-0.69878
-0.69978
-0.708
-0.70424
-0.68924
-0.67744
-0.69008
-0.69432
-0.68958
-0.69282
-0.7025
-0.69856
-0.69058
-0.69688
-0.69586
-0.70572
-0.70124
-0.70594
-0.70798
-0.7061
-0.70226
-0.69756
-0.69924
-0.6997
-0.70272
-0.7017
-0.68792
-0.69656
-0.69714
-0.69932
-0.69486
-0.69904
-0.68848
-0.69192
-0.68178
-0.68354
-0.68704
-0.68148
-0.68998
-0.6864
-0.69312
-0.69908
-0.69468
-0.69466
-0.70316
-0.70512
-0.70252
-0.70388
-0.70426
-0.70606
-0.69708
-0.6911
-0.6952
-0.70132
-0.705
-0.70336
-0.71654
-0.7205
-0.7217
-0.7234
-0.70924
-0.70616
-0.71194
-0.70108
-0.69776
-0.6924
-0.69956
-0.6965
-0.69912
-0.69878
-0.70418
-0.68944
-0.68212
-0.69642
-0.6974
-0.69796
-0.69096
-0.67942
-0.68152
-0.6965
-0.69374
-0.69956
-0.6842
-0.68416
-0.691
-0.68578
-0.68586
-0.69406
-0.69574
-0.70006
-0.6999
-0.69792
-0.68866
-0.69044
-0.69202
-0.69202
-0.6979
-0.69126
-0.69194
-0.69216
-0.68402
-0.6891
-0.69378
-0.7028
-0.68964
-0.69552
-0.69556
-0.6998
-0.69504
-0.69302
-0.6934
-0.69654
-0.6939
-0.70434
-0.70376
-0.6993
-0.68956
-0.69622
-0.69984
-0.69424
-0.6959
-0.69724
-0.7015
-0.69944
-0.70176
-0.70156
-0.68836
-0.68998
