-0.56692
-0.55674
-0.55916
-0.5508
-0.55356
-0.5562
-0.56628
-0.56164
-0.57548
-0.55912
-0.55948
-0.56564
-0.56276
-0.56538
-0.56432
-0.56818
-0.5576
-0.55224
-0.56518
-0.57896
-0.57268
-0.56676
-0.57392
-0.5693
-0.57468
-0.56766
-0.56502
-0.56408
-0.56632
-0.56416
-0.55422
-0.55522
-0.56076
-0.56172
-0.55812
-0.55844
-0.57298
-0.55708
-0.54664
-0.55214
-0.55824
-0.56618
-0.55926
-0.5641
-0.56768
-0.54984
-0.55698
-0.56174
-0.558
-0.55538
-0.55128
-0.5585
-0.56618
-0.5616
-0.5599
-0.5568
-0.55152
-0.55308
-0.55208
-0.56182
-0.56552
-0.57078
-0.56096
-0.56162
-0.55298
-0.55156
-0.56036
-0.5602
-0.57048
-0.55968
-0.55098
-0.5502
-0.56062
-0.54954
-0.56936
-0.5573
-0.55778
-0.5562
-0.55562
-0.57084
-0.56234
-0.5563
-0.56256
-0.56052
-0.55068
-0.55578
-0.56364
-0.57076
-0.54974
-0.567
-0.56802
-0.56534
-0.57564
-0.56748
-0.56554
-0.55788
-0.55974
-0.5692
-0.56186
-0.55768
-0.558
-0.56702
-0.55278
-0.55348
-0.55618
-0.55156
-0.55072
-0.56878
-0.5726
-0.57496
-0.55796
-0.55124
-0.5418
-0.54434
-0.551
-0.55392
-0.54426
-0.55274
-0.56212
-0.56376
-0.56278
-0.57128
-0.57202
-0.55556
-0.54748
-0.5482
-0.56312
-0.54818
-0.5499
-0.55182
-0.55592
-0.56686
-0.57222
-0.5702
-0.56394
-0.5664
-0.5654
-0.56826
-0.5657
-0.56144
-0.5799
-0.57386
-0.56724
-0.56802
-0.55736
-0.54758
-0.54644
-0.55808
-0.54868
-0.55232
-0.5536
-0.56212
-0.55792
-0.56044
-0.56498
-0.54422
-0.53774
-0.54338
-0.5457
-0.54336
-0.55968
-0.56356
-0.55532
-0.55866
-0.54932
-0.55598
-0.554
-0.5477
-0.56148
-0.57354
-0.57308
-0.57358
-0.57974
-0.56138
-0.56044
-0.56918
-0.5684
-0.56724
-0.5639
-0.55918
-0.55682
-0.55122
-0.55312
-0.56114
-0.55832
-0.56416
-0.54876
-0.55364
-0.56464
-0.58234
-0.56388
-0.55346
-0.55412
-0.54848
-0.5531
-0.5477
-0.56716
-0.56174
-0.56882
-0.55612
-0.56912
-0.57892
-0.57796
-0.56348
-0.55678
-0.56698
-0.56278
-0.5636
-0.56222
-0.55068
-0.54886
-0.5582
-0.55266
-0.55874
-0.56232
-0.56156
-0.57072
-0.5575
-0.565
-0.56174
-0.56198
-0.55286
-0.5527
-0.55862
-0.56134
-0.55928
-0.55888
-0.5696
-0.57284
-0.57464
-0.56704
-0.56262
-0.56692
-0.57174
-0.56426
-0.56552
-0.55558
-0.54692
-0.54788
-0.56246
-0.56094
-0.56908
-0.57038
-0.56748
-0.55818
-0.5593
-0.55676
-0.5583
-0.56188
-0.55248
-0.56316
-0.55714
-0.56206
-0.5557
-0.55626
-0.56218
-0.57854
-0.5635
-0.56852
-0.5794
-0.57278
-0.58196
-0.57182
-0.55284
-0.55604
-0.556
-0.56014
-0.56684
-0.56752
-0.56058
-0.54982
-0.54884
-0.54892
-0.5597
-0.56898
-0.5612
-0.55836
-0.5556
-0.55726
-0.56048
-0.54538
-0.55456
-0.55104
-0.54168
-0.54466
-0.5506
-0.55932
-0.56542
-0.55314
-0.54492
-0.55334
-0.54896
-0.5492
-0.54116
-0.55242
-0.54994
-0.5475
-0.54864
-0.56248
-0.57166
-0.5698
-0.56128
-0.57092
-0.56662
-0.56634
-0.55962
-0.56686
-0.56812
-0.5804
-0.57114
-0.56278
-0.54806
-0.54798
-0.56524
-0.57108
-0.56272
-0.55968
-0.56808
-0.5658
-0.56394
-0.56848
-0.56002
-0.5654
-0.58176
-0.57666
-0.5628
-0.56094
-0.56092
-0.5645
-0.56762
-0.55744
-0.5515
-0.54334
-0.55356
-0.57666
-0.5674
-0.57366
-0.5742
-0.5548
-0.54164
-0.55088
-0.55704
-0.55946
-0.55572
-0.54416
-0.55876
-0.55618
-0.55596
-0.55336
-0.56126
-0.56304
-0.5614
-0.56978
-0.55464
-0.5524
-0.56974
-0.5677
-0.56112
-0.55726
-0.5586
-0.56666
-0.57494
-0.5802
-0.56616
-0.57232
-0.56732
-0.5728
-0.5662
-0.56894
-0.56556
-0.56388
-0.558
-0.56748
-0.56972
-0.56714
-0.57536
-0.5739
-0.5671
-0.55412
-0.55892
-0.55018
-0.56332
-0.55898
-0.55664
-0.56318
-0.56866
-0.57866
-0.57226
-0.55712
-0.56338
-0.55192
-0.56586
-0.57432
-0.57804
-0.57254
-0.56546
-0.56412
-0.56586
-0.56398
-0.56732
-0.55286
-0.55302
-0.54366
-0.57492
-0.5611
-0.57612
-0.57786
-0.5744
-0.57904
-0.55834
-0.55542
-0.56378
-0.55408
-0.56036
-0.5549
-0.5545
-0.55846
-0.5483
-0.55238
-0.54596
-0.56868
-0.57126
-0.57612
-0.56632
-0.56268
-0.56076
-0.5621
-0.55596
-0.5584
-0.57314
-0.5694
-0.56346
-0.55894
-0.56498
-0.55962
-0.56018
-0.55266
-0.55484
-0.56394
-0.5622
-0.56482
-0.56374
-0.56116
-0.56456
-0.57366
-0.58414
-0.56828
-0.56128
-0.56644
-0.5667
-0.56532
-0.5719
-0.55946
-0.54998
-0.55682
-0.5563
-0.55982
-0.57038
-0.56544
-0.5637
-0.57392
-0.57412
-0.56022
-0.58186
-0.5798
-0.57388
-0.56544
-0.56604
-0.56166
-0.55888
-0.56264
-0.55216
-0.54858
-0.55464
-0.55062
-0.54374
-0.54394
-0.5521
-0.55988
-0.5734
-0.57956
-0.58058
-0.56532
-0.55878
-0.55256
-0.55672
-0.54908
-0.56162
-0.5674
-0.57302
-0.56766
-0.55598
-0.55692
-0.55542
-0.5503
-0.5563
-0.55458
-0.55016
-0.54758
-0.54696
-0.54548
-0.55386
-0.54906
-0.56404
-0.54756
-0.55336
-0.54652
-0.55854
-0.55718
-0.5499
-0.555
-0.55246
-0.5484
-0.5448
-0.5618
-0.55766
-0.56016
-0.56314
-0.56134
-0.55968
-0.55892
-0.54908
-0.55666
-0.56342
-0.565
-0.56962
-0.57418
-0.56918
-0.57844
-0.56984
-0.56826
-0.56686
-0.56266
-0.56314
-0.56392
-0.5687
-0.56266
-0.56666
-0.56862
-0.57288
-0.56748
-0.5657
-0.5693
-0.56754
-0.58148
-0.56628
-0.56532
-0.56026
-0.5606
-0.55462
-0.55148
-0.5569
-0.54374
-0.55548
-0.57764
-0.56704
-0.56648
-0.55988
-0.54986
-0.55576
-0.5617
-0.57688
-0.56726
-0.56018
-0.5515
-0.55186
-0.55344
-0.54284
-0.54708
-0.55956
-0.5579
-0.56572
-0.55272
-0.54858
-0.55122
-0.55686
-0.56908
-0.55764
-0.56004
-0.55786
-0.5548
-0.557
-0.56714
-0.56068
-0.55776
-0.55774
-0.5707
-0.55214
-0.56726
-0.56278
-0.56496
-0.57754
-0.57408
-0.57072
-0.57708
-0.57774
-0.56722
-0.55244
-0.54334
-0.56002
-0.55826
-0.55336
-0.5541
-0.55054
-0.55244
-0.55988
-0.56602
-0.55238
-0.5486
-0.54742
-0.55058
-0.54788
-0.56768
-0.55394
-0.55418
-0.55306
-0.55142
-0.5498
-0.5601
-0.56748
-0.56494
-0.5643
-0.55556
-0.55936
-0.55028
-0.55064
-0.54888
-0.54746
-0.56094
-0.56172
-0.56154
-0.57216
-0.58144
-0.55996
-0.5539
-0.55684
-0.55784
-0.56456
-0.58496
-0.5749
-0.56576
-0.56796
-0.56658
-0.5733
-0.57574
-0.5653
-0.56394
-0.57452
-0.5694
-0.56164
-0.56738
-0.56096
-0.55588
-0.54908
-0.53824
-0.5475
-0.5555
-0.5571
-0.55984
-0.56968
-0.55646
-0.55208
-0.54886
-0.5485
-0.56246
-0.56952
-0.57564
-0.5816
-0.58632
-0.57124
-0.5683
-0.56244
-0.5591
-0.5583
-0.57802
-0.55682
-0.5604
-0.55918
-0.55854
-0.56826
-0.56564
-0.57192
-0.56344
-0.56578
-0.57058
-0.5597
-0.55286
-0.54744
-0.55592
-0.56452
-0.56434
-0.56384
-0.57716
-0.57622
-0.57462
-0.5726
-0.57208
-0.56094
-0.55602
-0.57532
-0.57728
-0.56878
-0.55356
-0.56234
-0.55178
-0.54864
-0.5533
-0.56
-0.55902
-0.56004
-0.56392
-0.55742
-0.55122
-0.55412
-0.55364
-0.5552
-0.55186
-0.56268
-0.55524
-0.55424
-0.54978
-0.5611
-0.55526
-0.57366
-0.57466
-0.57548
-0.5769
-0.56388
-0.57084
-0.55486
-0.56024
-0.56178
-0.55716
-0.5542
-0.54936
-0.55376
-0.56138
-0.55474
-0.56142
-0.55562
-0.56216
-0.57474
-0.56482
-0.55868
-0.57058
-0.56406
-0.54844
-0.55294
-0.55698
-0.55648
-0.55602
-0.5475
-0.5431
-0.5565
-0.55646
-0.55698
-0.5659
-0.5631
-0.56842
-0.5732
-0.57252
-0.56792
-0.57582
-0.58484
-0.57584
-0.5841
-0.58152
-0.5745
-0.56628
-0.56184
-0.56308
-0.55808
-0.5514
-0.55766
-0.54094
-0.5551
-0.54722
-0.54946
-0.55352
-0.547
-0.54136
-0.55334
-0.55842
-0.55242
-0.5563
-0.56214
-0.5691
-0.5679
-0.55718
-0.56446
-0.57098
-0.57102
-0.56046
-0.56066
-0.56378
-0.55106
-0.55804
-0.56422
-0.55662
-0.5611
-0.56976
-0.57826
-0.56006
-0.56542
-0.5637
-0.55758
-0.55546
-0.55444
-0.56814
-0.5635
-0.5639
-0.55746
-0.55466
-0.562
-0.5708
-0.55734
-0.5622
-0.55518
-0.5561
-0.57022
-0.57142
-0.57
-0.57124
-0.56338
-0.57016
-0.56606
-0.5701
-0.55562
-0.56216
-0.55864
-0.55904
-0.55044
-0.56258
-0.57008
-0.57194
-0.5693
-0.56894
-0.56428
-0.56894
-0.55848
-0.56464
-0.55638
-0.56044
-0.55786
-0.55066
-0.5481
-0.55988
-0.55702
-0.5561
-0.56438
-0.5762
-0.57032
-0.54778
-0.56846
-0.5658
-0.5652
-0.57998
-0.57232
-0.57434
-0.559
-0.56248
-0.55276
-0.55858
-0.564
-0.56298
-0.57436
-0.5476
-0.55366
-0.5684
-0.5698
-0.55562
-0.55762
-0.55114
-0.5615
-0.56752
-0.57344
-0.56924
-0.5751
-0.57524
-0.57674
-0.56638
-0.56124
-0.57022
-0.5693
-0.57218
-0.5697
-0.57424
-0.56984
-0.57104
-0.56828
-0.56732
-0.55596
-0.55264
-0.56202
-0.5589
-0.57208
-0.56678
-0.56008
-0.55398
-0.55546
-0.55424
-0.55452
-0.54948
-0.56204
-0.5645
-0.56432
-0.57026
-0.57268
-0.5631
-0.5613
-0.56308
-0.56712
-0.56232
-0.57894
-0.5772
-0.56092
-0.55564
-0.55512
-0.5659
-0.5771
-0.5547
-0.55264
-0.55094
-0.55454
-0.55272
-0.54372
-0.54576
-0.54216
-0.54296
-0.54186
-0.55562
-0.56448
-0.56006
-0.5476
-0.54966
-0.55784
-0.54578
-0.55972
-0.57142
-0.57714
-0.55904
-0.56144
-0.55924
-0.57846
-0.57468
-0.56992
-0.55434
-0.55792
-0.5558
-0.54468
-0.5577
-0.55994
-0.57372
-0.55288
-0.5549
-0.53418
-0.53872
-0.53874
-0.55096
-0.55692
-0.56522
-0.55776
-0.56076
-0.55984
-0.55634
-0.55596
-0.57054
-0.57092
-0.56842
-0.55438
-0.54608
-0.5619
-0.5578
-0.57156
-0.56338
-0.55068
-0.5549
-0.5672
-0.56104
-0.56402
-0.56456
-0.56338
-0.57306
-0.56924
-0.57406
-0.5704
-0.57982
-0.5722
-0.5657
-0.57408
-0.57164
-0.56234
-0.55874
-0.55862
-0.56038
-0.56682
-0.5636
-0.55696
-0.5563
-0.55868
-0.56424
-0.56544
-0.55694
-0.56176
-0.56132
-0.56826
-0.56864
-0.55258
-0.5503
-0.56396
-0.56382
-0.56872
-0.5623
-0.55846
-0.56138
-0.57268
-0.56488
-0.5493
-0.56976
-0.57036
-0.55872
-0.56222
-0.55594
-0.54692
-0.54754
-0.5557
-0.56528
-0.566
-0.56904
-0.56216
-0.55886
-0.5707
-0.57724
-0.56632
-0.5608
-0.56082
-0.57212
-0.57306
-0.56418
-0.56584
-0.55564
-0.55994
-0.5668
-0.5715
-0.5698
-0.56398
-0.56504
-0.55746
-0.55406
-0.55572
-0.56002
-0.55512
-0.54838
-0.5631
-0.57208
-0.56178
-0.5717
-0.567
-0.56508
-0.5505
-0.54856
-0.5593
-0.5684
-0.5643
-0.56288
-0.56198
-0.55964
-0.57314
-0.58082
-0.56676
-0.56744
-0.5522
-0.57138
-0.57152
-0.55316
-0.5564
-0.5616
-0.56628
-0.55754
-0.54952
-0.55124
-0.55884
-0.56848
-0.55878
-0.56858
-0.55798
-0.55594
-0.5535
-0.57252
-0.55646
-0.55988
-0.56448
-0.56434
-0.5648
-0.5684
-0.55318
-0.55842
-0.56122
-0.56928
-0.56412
-0.55254
-0.55882
-0.55212
-0.55682
-0.55932
-0.5584
-0.5643
-0.56436
-0.54618
-0.55162
-0.5608
-0.5534
-0.5514
-0.55054
-0.54776
-0.5518
-0.55538
-0.55672
-0.5608
-0.56554
-0.56008
-0.56198
-0.5732
-0.58044
-0.57186
-0.56026
-0.56462
-0.57064
-0.55048
-0.56138
-0.57276
-0.57096
-0.56558
-0.56122
-0.5561
-0.5517
-0.5602
-0.56262
-0.56906
-0.56554
-0.57138
-0.57702
-0.56788
-0.57004
-0.5587
-0.55032
-0.55
-0.5501
-0.5501
-0.56434
-0.56118
-0.5586
-0.55578
-0.56082
-0.55668
-0.55006
-0.5546
-0.55146
-0.5489
-0.54856
-0.55082
-0.5544
-0.55444
-0.54898
-0.5633
-0.55198
-0.56434
-0.55434
-0.54596
-0.55136
-0.55848
-0.56672
-0.5583
-0.56748
-0.56948
-0.56466
-0.564
-0.57164
-0.56876
-0.56108
-0.55598
-0.55694
-0.56234
-0.55406
-0.55416
-0.55136
-0.56352
-0.57998
-0.58314
-0.5727
-0.57308
-0.57156
-0.5686
-0.57124
-0.56186
-0.56578
-0.55538
-0.55952
-0.5602
-0.55606
-0.56962
-0.56888
-0.57404
-0.56504
-0.55846
-0.56502
-0.57024
-0.56962
-0.56722
-0.5765
-0.56934
-0.57432
-0.58114
-0.58094
-0.58004
-0.57056
-0.57096
-0.56814
-0.56962
-0.5543
-0.54188
-0.55744
-0.56594
-0.56772
-0.57248
-0.55716
-0.55354
-0.5549
-0.56728
-0.56248
-0.56722
-0.5659
-0.55902
-0.56688
-0.5557
-0.55216
-0.56014
-0.56308
-0.55858
-0.56172
-0.56232
-0.55716
-0.56166
-0.56898
-0.56848
-0.5555
-0.55366
-0.5565
-0.5451
-0.54568
-0.55412
-0.56912
-0.57102
-0.57042
-0.56542
-0.56688
-0.56844
-0.56608
-0.57022
-0.57754
-0.57162
-0.56942
-0.57132
-0.5653
-0.56574
-0.55512
-0.55654
-0.5641
-0.56514
-0.56228
-0.56298
-0.5665
-0.56718
-0.56276
-0.5565
-0.56852
-0.56036
-0.54608
-0.55226
-0.55438
-0.55814
-0.56296
-0.55942
-0.56692
-0.56762
-0.54882
-0.54604
-0.54524
-0.54796
-0.5558
-0.55442
-0.55648
-0.55836
-0.55656
-0.5603
-0.56706
-0.5473
-0.55272
-0.56382
-0.56006
-0.55418
-0.5583
-0.55856
-0.5596
-0.55462
-0.5617
-0.55528
-0.55604
-0.54714
-0.55088
-0.5594
-0.5596
-0.5496
-0.54998
-0.56616
-0.56356
-0.5619
-0.56474
-0.56362
-0.555
-0.5766
-0.5718
-0.55666
-0.55434
-0.56292
-0.55434
-0.56836
-0.57316
-0.55996
-0.56628
-0.57316
-0.56404
-0.56188
-0.56312
-0.56436
-0.5672
-0.56128
-0.56304
-0.5739
-0.57452
-0.56296
-0.57218
-0.56564
-0.5725
-0.56972
-0.5589
-0.562
-0.5552
-0.5672
-0.5716
-0.56814
-0.56292
-0.55796
-0.56184
-0.55184
-0.55796
-0.56676
-0.55722
-0.55702
-0.55744
-0.5591
-0.56248
-0.56556
-0.56856
-0.58334
-0.57116
-0.56172
-0.55546
-0.55962
-0.5473
-0.54934
-0.56238
-0.57322
-0.55872
-0.56264
-0.5652
-0.5566
-0.5731
-0.56316
-0.55854
-0.5622
-0.56674
-0.55742
-0.5513
-0.56478
-0.57044
-0.5695
-0.56314
-0.56482
-0.5689
-0.56696
-0.56302
-0.56642
-0.56938
-0.56568
-0.55668
-0.5548
-0.56358
-0.55466
-0.55064
-0.5487
-0.54974
-0.5625
-0.56198
-0.56382
-0.55362
-0.55038
-0.56196
-0.555
-0.56158
-0.56598
-0.5566
-0.55962
-0.55962
-0.56126
-0.55254
-0.56554
-0.5716
-0.57172
-0.5641
-0.56658
-0.56644
-0.559
-0.56646
-0.57486
-0.57766
-0.56912
-0.5624
-0.56184
-0.55218
-0.55722
-0.5697
-0.56906
-0.55626
-0.56036
-0.55736
-0.5576
-0.56892
-0.56846
-0.56072
-0.5632
-0.55562
-0.55402
-0.55192
-0.55754
-0.56982
-0.56514
-0.57458
-0.5621
-0.56394
-0.56062
-0.55838
-0.55068
-0.56424
-0.56754
-0.56644
-0.57006
-0.55718
-0.55134
-0.55914
-0.55472
-0.5722
-0.56906
-0.56158
-0.56094
-0.55784
-0.55648
-0.5589
-0.55432
-0.55756
-0.56366
-0.55746
-0.55674
-0.5709
-0.5632
-0.55942
-0.56192
-0.57194
-0.56288
-0.56614
-0.56706
-0.56802
-0.5608
-0.55822
-0.55342
-0.55592
-0.5558
-0.56082
-0.56746
-0.56724
-0.57296
-0.56226
-0.56638
-0.5657
-0.56344
-0.57054
-0.56812
-0.5628
-0.55766
-0.56366
-0.56356
-0.55768
-0.56132
-0.56662
-0.57032
-0.5623
-0.56362
-0.5697
-0.56822
-0.565
-0.57162
-0.5652
-0.5608
-0.55532
-0.55016
-0.55602
-0.5605
-0.56544
-0.55504
-0.55012
-0.55884
-0.56378
-0.5646
-0.57676
-0.57428
-0.56804
-0.56476
-0.5586
-0.56534
-0.56562
-0.56568
-0.55326
-0.55682
-0.5641
-0.56126
-0.56456
-0.567
-0.56538
-0.56396
-0.5533
-0.54436
-0.55076
-0.57206
-0.5644
-0.55862
-0.5619
-0.56654
-0.55522
-0.55354
-0.5512
-0.54234
-0.55328
-0.56784
-0.56318
-0.57072
-0.56132
-0.57372
-0.5806
-0.57234
-0.55664
-0.5591
-0.55518
-0.5536
-0.55208
-0.56222
-0.56514
-0.56932
-0.57744
-0.56974
-0.5743
-0.5698
-0.55846
-0.55422
-0.54782
-0.55454
-0.56402
-0.5538
-0.55848
-0.5565
-0.5632
-0.56896
-0.56358
-0.57484
-0.57688
-0.57164
-0.56232
-0.55698
-0.55036
-0.5512
-0.55702
-0.55306
-0.55804
-0.56238
-0.56718
-0.56236
-0.57242
-0.56454
-0.5606
-0.56798
-0.56348
-0.5614
-0.56978
-0.56644
-0.5612
-0.56662
-0.5648
-0.56206
-0.55652
-0.55276
-0.55786
-0.56546
-0.55446
-0.55836
-0.54598
-0.56008
-0.55884
-0.56128
-0.55578
-0.55564
-0.55882
-0.55974
-0.56064
-0.56714
-0.57474
-0.55402
-0.56186
-0.5668
-0.56976
-0.5731
-0.578
-0.57796
-0.5674
-0.57404
-0.5721
-0.55284
-0.5562
-0.54826
-0.55774
-0.5469
-0.56024
-0.5542
-0.54852
-0.5467
-0.55106
-0.56812
-0.56324
-0.56524
-0.5603
-0.56746
-0.56046
-0.55398
-0.56374
-0.56558
-0.55654
-0.5592
-0.57002
-0.56204
-0.55468
-0.54718
-0.54766
-0.554
-0.55578
-0.55838
-0.55372
-0.55638
-0.5571
-0.55968
-0.56766
-0.56192
-0.5705
-0.57378
-0.57678
-0.57288
-0.57048
-0.57352
-0.56842
-0.55592
-0.55064
-0.55852
-0.56046
-0.5765
-0.57892
-0.56342
-0.55674
-0.54484
-0.55058
-0.55696
-0.55288
-0.54292
-0.54992
-0.54866
-0.55894
-0.55786
-0.55278
-0.55134
-0.53806
-0.55186
-0.5571
-0.55102
-0.56192
-0.5591
-0.55876
-0.56474
-0.57414
-0.56368
-0.56572
-0.55724
-0.55774
-0.55726
-0.5519
-0.55894
-0.55826
-0.56674
-0.56322
-0.57584
-0.57374
-0.56016
-0.5673
-0.55412
-0.55254
-0.5546
-0.5611
-0.55114
-0.5582
-0.55856
-0.5603
-0.57166
-0.56806
-0.56276
-0.56578
-0.57022
-0.57132
-0.56452
-0.56512
-0.56516
-0.56816
-0.56712
-0.57036
-0.575
-0.56866
-0.55562
-0.5663
-0.5642
-0.5642
-0.5726
-0.57508
-0.56724
-0.56364
-0.5635
-0.569
-0.574
-0.5806
-0.5709
-0.577
-0.56798
-0.55694
-0.55862
-0.55864
-0.56212
-0.55984
-0.5646
-0.56694
-0.5457
-0.54876
-0.55818
-0.56072
-0.56266
-0.567
-0.55774
-0.55288
-0.56182
-0.55378
-0.54998
-0.5483
-0.55694
-0.55748
-0.54664
-0.54724
-0.54884
-0.53934
-0.54616
-0.55868
-0.56374
-0.5598
-0.56212
-0.55356
-0.56458
-0.55268
-0.5625
-0.56666
-0.56292
-0.56598
-0.55088
-0.55484
-0.56842
-0.56778
-0.56448
-0.56362
-0.56258
-0.57002
-0.5609
-0.55512
-0.55002
-0.55578
-0.55176
-0.56242
-0.56564
-0.55788
-0.553
-0.5441
-0.55236
-0.5514
-0.55
-0.55656
-0.55794
-0.55454
-0.54574
-0.55524
-0.56802
-0.5678
-0.56344
-0.55234
-0.56526
-0.55872
-0.55038
-0.5589
-0.56996
-0.56784
-0.56434
-0.56592
-0.56668
-0.5624
-0.56912
-0.57684
-0.58272
-0.56892
-0.56968
-0.56602
-0.57236
-0.56306
-0.57238
-0.55586
-0.55506
-0.56608
-0.56932
-0.56438
-0.57172
-0.5698
-0.55648
-0.5531
-0.55218
-0.55206
-0.55442
-0.56876
-0.5613
-0.55632
-0.55778
-0.56834
-0.56936
-0.57236
-0.57368
-0.56134
-0.56294
-0.55544
-0.55302
-0.5654
-0.57246
-0.5855
-0.56584
-0.56806
-0.56962
-0.56516
-0.56856
-0.5609
-0.55608
-0.56328
-0.56766
-0.57032
-0.567
-0.56364
-0.56024
-0.56768
-0.57446
-0.56288
-0.5581
-0.57316
-0.57448
-0.56528
-0.5722
-0.57158
-0.57094
-0.57006
-0.56552
-0.5526
-0.55294
-0.56104
-0.55494
-0.54482
-0.53722
-0.55274
-0.55566
-0.56718
-0.57356
-0.58456
-0.57666
-0.56586
-0.5638
-0.5647
-0.57106
-0.56068
-0.5665
-0.56328
-0.56698
-0.57494
-0.56654
-0.56482
-0.57232
-0.5823
-0.57036
-0.56988
-0.56602
-0.56056
-0.57206
-0.5765
-0.57306
-0.5663
-0.55254
-0.56454
-0.56508
-0.55576
-0.54962
-0.57048
-0.57464
-0.567
-0.559
-0.5608
-0.5533
-0.5624
-0.56404
-0.56404
-0.556
-0.54542
-0.5557
-0.55144
-0.56
-0.54618
-0.55126
-0.55214
-0.5638
-0.566
-0.56646
-0.56898
-0.56156
-0.56096
-0.55584
-0.55176
-0.56328
-0.55996
-0.55922
-0.55264
-0.56288
-0.5685
-0.56372
-0.56504
-0.56518
-0.5695
-0.57906
-0.5654
-0.55994
-0.55524
-0.56666
-0.56196
-0.5597
-0.55908
-0.57156
-0.55792
-0.55898
-0.55834
-0.55968
-0.5625
-0.5664
-0.55986
-0.57582
-0.56614
-0.5667
-0.56832
-0.56086
-0.55978
-0.56002
-0.55444
-0.56034
-0.55362
-0.57006
-0.57522
-0.56782
-0.57034
-0.56038
-0.55772
-0.55016
-0.54572
-0.55368
-0.55822
-0.55168
-0.56006
-0.5669
-0.56324
-0.56116
-0.55566
-0.55994
-0.5609
-0.5627
-0.56436
-0.5682
-0.56166
-0.5689
-0.56992
-0.55832
-0.56838
-0.56866
-0.55556
-0.55668
-0.5623
-0.56312
-0.56332
-0.556
-0.55606
-0.55964
-0.56574
-0.56766
-0.55624
-0.55172
-0.5658
-0.56814
-0.57252
-0.57372
-0.57426
-0.56582
-0.56682
-0.55774
-0.55936
-0.55466
-0.56328
-0.55726
-0.56508
-0.56754
-0.57974
-0.57316
-0.56474
-0.57124
-0.55286
-0.55018
-0.5484
-0.55876
-0.55666
-0.54976
-0.56888
-0.57396
-0.56688
-0.5706
-0.56608
-0.56586
-0.56214
-0.55076
-0.55466
-0.55504
-0.54962
-0.5626
-0.56016
-0.56228
-0.567
-0.56522
-0.5623
-0.57092
-0.57868
-0.57478
-0.58162
-0.56624
-0.55912
-0.55838
-0.55446
-0.56638
-0.56184
-0.56734
-0.57002
-0.57658
-0.57564
-0.57552
-0.56026
-0.57466
-0.5582
-0.56382
-0.56274
-0.556
-0.5573
-0.55632
-0.54834
-0.5524
-0.5547
-0.55036
-0.55724
-0.5737
-0.56228
-0.57302
-0.56342
-0.5472
-0.5427
-0.54594
-0.5654
-0.56086
-0.56178
-0.56144
-0.56002
-0.55238
-0.56928
-0.56478
-0.55754
-0.55894
-0.55886
-0.55284
-0.5632
-0.56256
-0.57342
-0.57254
-0.5629
-0.57218
-0.56882
-0.56688
-0.56088
-0.57576
-0.57388
-0.561
-0.5694
-0.55748
-0.56002
-0.55952
-0.56688
-0.5654
-0.5698
-0.56756
-0.5608
-0.55776
-0.55002
-0.55474
-0.55598
-0.55344
-0.55268
-0.56536
-0.56412
-0.55284
-0.5515
-0.55728
-0.55938
-0.54562
-0.56386
-0.5526
-0.55514
-0.56988
-0.56098
-0.56018
-0.55386
-0.54974
-0.54512
-0.55296
-0.55374
-0.56766
-0.57014
-0.56578
-0.55246
-0.55776
-0.56122
-0.55334
-0.54228
-0.55066
-0.55588
-0.5619
-0.56174
-0.5579
-0.56076
-0.56132
-0.56644
-0.56044
-0.55216
-0.54742
-0.56138
-0.5561
-0.54976
-0.54518
-0.5567
-0.55752
-0.5583
-0.5568
-0.54826
-0.547
-0.55322
-0.5542
-0.55568
-0.55224
-0.54774
-0.55524
-0.55458
-0.56276
-0.55614
-0.55984
-0.55806
-0.55688
-0.54942
-0.55324
-0.55172
-0.56598
-0.5691
-0.56544
-0.57026
-0.57248
-0.57026
-0.56308
-0.56164
-0.55534
-0.55004
-0.56208
-0.56824
-0.57232
-0.5499
-0.55692
-0.5462
-0.559
-0.5558
-0.56838
-0.56796
-0.56174
-0.56132
-0.5548
-0.56214
-0.54708
-0.56406
-0.55292
-0.55636
-0.55808
-0.57112
-0.5765
-0.5718
-0.56694
-0.56406
-0.5754
-0.57954
-0.58704
-0.57242
-0.56718
-0.57224
-0.56318
-0.56944
-0.55876
-0.5627
-0.56186
-0.55936
-0.56268
-0.55732
-0.55208
-0.54724
-0.5548
-0.55386
-0.55534
-0.56694
-0.569
-0.56622
-0.55402
-0.5518
-0.55598
-0.56268
-0.56246
-0.55646
-0.5567
-0.5594
-0.54778
-0.54782
-0.55936
-0.55998
-0.55174
-0.54504
-0.56168
-0.568
-0.55934
-0.5514
-0.54734
-0.5607
-0.56108
-0.56668
-0.56408
-0.56996
-0.56058
-0.57096
-0.55902
-0.55784
-0.5691
-0.57002
-0.57216
-0.56318
-0.5631
-0.57038
-0.582
-0.57758
-0.56916
-0.55806
-0.56198
-0.55642
-0.5519
-0.56296
-0.56682
-0.55414
-0.56274
-0.56228
-0.55696
-0.55484
-0.5688
-0.56114
-0.5699
-0.57178
-0.58072
-0.57652
-0.56302
-0.56664
-0.57024
-0.56746
-0.57112
-0.5728
-0.56746
-0.57572
-0.57156
-0.5721
-0.55842
-0.55094
-0.5392
-0.54866
-0.56316
-0.55772
-0.56776
-0.55846
-0.5393
-0.55184
-0.55792
-0.56146
-0.5511
-0.56794
-0.56884
-0.55892
-0.55022
-0.55426
-0.56544
-0.57472
-0.57224
-0.57208
-0.5595
-0.56568
-0.55842
-0.55452
-0.55284
-0.54702
-0.55454
-0.55714
-0.5591
-0.55404
-0.55334
-0.55062
-0.56614
-0.56814
-0.56886
-0.55538
-0.56476
-0.56642
-0.57424
-0.57668
-0.57152
-0.57016
-0.57124
-0.57234
-0.56396
-0.5624
-0.5682
-0.55912
-0.5527
-0.55858
-0.55816
-0.54262
-0.54618
-0.55534
-0.5567
-0.55782
-0.562
-0.56708
-0.56922
-0.56102
-0.5542
-0.54674
-0.54974
-0.55854
-0.55802
-0.55636
-0.56228
-0.5618
-0.5512
-0.55456
-0.56398
-0.56032
-0.55746
-0.57036
-0.55444
-0.55308
-0.55618
-0.56292
-0.55918
-0.55164
-0.56094
-0.56788
-0.56184
-0.56658
-0.57326
-0.56532
-0.56512
-0.57098
-0.56864
-0.56128
-0.56394
-0.56386
-0.55792
-0.55202
-0.55308
-0.56296
-0.56322
-0.5551
-0.56912
-0.56614
-0.57226
-0.56716
-0.57002
-0.56666
-0.57528
-0.57306
-0.5739
-0.56944
-0.56654
-0.56812
-0.572
-0.56854
-0.56444
-0.56852
-0.56262
-0.55666
-0.56632
-0.57344
-0.5579
-0.56198
-0.5624
-0.56204
-0.5628
-0.568
-0.57098
-0.57508
-0.57104
-0.5781
-0.55998
-0.55616
-0.56338
-0.56808
-0.56388
-0.55374
-0.56212
-0.55664
-0.5534
-0.55874
-0.5562
-0.55622
-0.5505
-0.56114
-0.5736
-0.56902
-0.56952
-0.56882
-0.56868
-0.56286
-0.56184
-0.55746
-0.5555
-0.56212
-0.56276
-0.54902
-0.55066
-0.54932
-0.55224
-0.55644
-0.55472
-0.54952
-0.56008
-0.55994
-0.55818
-0.54424
-0.5502
-0.5391
-0.54674
-0.55794
-0.55254
-0.5576
-0.55274
-0.56172
-0.56092
-0.55448
-0.55892
-0.54528
-0.53934
-0.55272
-0.54994
-0.55426
-0.56054
-0.55652
-0.56486
-0.56208
-0.56094
-0.55808
-0.55352
-0.56258
-0.55372
-0.57402
-0.57408
-0.56292
-0.56034
-0.56784
-0.57096
-0.5681
-0.57406
-0.573
-0.55898
-0.5673
-0.5665
-0.57222
-0.56878
-0.56918
-0.57758
-0.57708
-0.5795
-0.58414
-0.56682
-0.55926
-0.56324
-0.56176
-0.56182
-0.5547
-0.54884
-0.55996
-0.55698
-0.55822
-0.55564
-0.55904
-0.56498
-0.55916
-0.55488
-0.56616
-0.56432
-0.55808
-0.56418
-0.5556
-0.55538
-0.55196
-0.54716
-0.55554
-0.56436
-0.55278
-0.56534
-0.54638
-0.552
-0.55876
-0.55948
-0.56252
-0.55912
-0.55368
-0.55906
-0.56518
-0.55292
-0.56736
-0.56778
-0.57002
-0.57002
-0.565
-0.5626
-0.5703
-0.56826
-0.5694
-0.56344
-0.55286
-0.55656
-0.56392
-0.5727
-0.57206
-0.57092
-0.57098
-0.5657
-0.56678
-0.5562
-0.56074
-0.56692
-0.5586
-0.56094
-0.55382
-0.55874
-0.55764
-0.56066
-0.5546
-0.56822
-0.55616
-0.56264
-0.56094
-0.56422
-0.56642
-0.57294
-0.56308
-0.56126
-0.5646
-0.55222
-0.55808
-0.5633
-0.56494
-0.56784
-0.56706
-0.56692
-0.56952
-0.56576
-0.56896
-0.56572
-0.56018
-0.55396
-0.56296
-0.5536
-0.55366
-0.56358
-0.55532
-0.5603
-0.56004
-0.55536
-0.56318
-0.57744
-0.5731
-0.57066
-0.56482
-0.5618
-0.57986
-0.57102
-0.5627
-0.56512
-0.5596
-0.54968
-0.55278
-0.55802
-0.55532
-0.57822
-0.57128
-0.57438
-0.57772
-0.58624
-0.5788
-0.56388
-0.5602
-0.56408
-0.58256
-0.5696
-0.5745
-0.55738
-0.54808
-0.5438
-0.55266
-0.56228
-0.55692
-0.55342
-0.55204
-0.55618
-0.5565
-0.55154
-0.55118
-0.54018
-0.55472
-0.5449
-0.54796
-0.54812
-0.55556
-0.55958
-0.561
-0.56324
-0.56038
-0.55032
-0.56242
-0.55452
-0.5625
-0.56588
-0.55536
-0.5567
-0.5569
-0.5651
-0.55416
-0.56514
-0.5635
-0.56756
-0.561
-0.56394
-0.57238
-0.56562
-0.55982
-0.557
-0.56476
-0.5561
-0.55958
-0.5616
-0.55954
-0.55778
-0.55084
-0.55674
-0.55796
-0.55276
-0.5501
-0.55246
-0.55812
-0.55608
-0.54994
-0.55818
-0.56256
-0.56166
-0.56108
-0.56788
-0.56266
-0.55932
-0.55396
-0.55472
-0.564
-0.5574
-0.55788
-0.56552
-0.56086
-0.55764
-0.54902
-0.55486
-0.56654
-0.55824
-0.55942
-0.55908
-0.55712
-0.54636
-0.5513
-0.5508
-0.5499
-0.56912
-0.57642
-0.56224
-0.55794
-0.55712
-0.5743
-0.56406
-0.5698
-0.55728
-0.54586
-0.53884
-0.54964
-0.54982
-0.54472
-0.55138
-0.54572
-0.55092
-0.54584
-0.54948
-0.55464
-0.57418
-0.5606
-0.557
-0.55866
-0.57038
-0.57154
-0.56194
-0.55792
-0.55308
-0.5563
-0.56014
-0.5656
-0.55426
-0.56096
-0.56416
-0.55736
-0.55928
-0.56034
-0.57302
-0.57352
-0.56922
-0.569
-0.5619
-0.5587
-0.54884
-0.55974
-0.56744
-0.56132
-0.55044
-0.54996
-0.55922
-0.56992
-0.56496
-0.55234
-0.56198
-0.56826
-0.57226
-0.5648
-0.56308
-0.5608
-0.56754
-0.56538
-0.5718
-0.57112
-0.56404
-0.5689
-0.56368
-0.549
-0.5632
-0.5489
-0.54952
-0.5657
-0.56384
-0.55986
-0.5503
-0.56148
-0.57544
-0.57684
-0.5708
-0.56842
-0.5513
-0.55186
-0.56242
-0.56868
-0.57694
-0.57358
-0.5656
-0.5685
-0.57786
-0.56534
-0.56396
-0.55402
-0.55164
-0.56042
-0.56484
-0.57064
-0.56018
-0.56498
-0.5695
-0.57264
-0.57358
-0.5627
-0.56918
-0.56694
-0.5712
-0.5708
-0.57312
-0.58018
-0.59024
-0.57506
-0.56624
-0.5718
-0.58744
-0.57592
-0.58206
-0.5818
-0.57238
-0.57198
-0.56364
-0.56124
-0.55724
-0.56078
-0.56262
-0.5661
-0.55182
-0.55274
-0.56256
-0.55298
-0.55868
-0.5535
-0.57014
-0.57018
-0.57138
-0.57518
-0.57108
-0.56658
-0.5737
-0.57394
-0.567
-0.5699
-0.55942
-0.5657
-0.56214
-0.56008
-0.55662
-0.54164
-0.5449
-0.55606
-0.56004
-0.55944
-0.55024
-0.5562
-0.57066
-0.57038
-0.57046
-0.55546
-0.56284
-0.563
-0.55476
-0.55022
-0.5608
-0.56312
-0.5677
-0.55556
-0.55518
-0.56558
-0.563
-0.5642
-0.56184
-0.57844
-0.5659
-0.56446
-0.55146
-0.55442
-0.54638
-0.55264
-0.57442
-0.56264
-0.5636
-0.56138
-0.56204
-0.5612
-0.56022
-0.55448
-0.5668
-0.56212
-0.55738
-0.55362
-0.53998
-0.55104
-0.56528
-0.57154
-0.5531
-0.5552
-0.55358
-0.56466
-0.5626
-0.55496
-0.54588
-0.5601
-0.5433
-0.54988
-0.54858
-0.5554
-0.5503
-0.55522
-0.55506
-0.5564
-0.54968
-0.55984
-0.55718
-0.5608
-0.56726
-0.5677
-0.56712
-0.55852
-0.55832
-0.56226
-0.57542
-0.5575
-0.55244
-0.55118
-0.56388
-0.57024
-0.55736
-0.54546
-0.54908
-0.56422
-0.55344
-0.55088
-0.54904
-0.5522
-0.54706
-0.54864
-0.55426
-0.55358
-0.5549
-0.55044
-0.55182
-0.54938
-0.55546
-0.55514
-0.56266
-0.56176
-0.55842
-0.55182
-0.55812
-0.56524
-0.55776
-0.5476
-0.5526
-0.54958
-0.56356
-0.57346
-0.56464
-0.5749
-0.56716
-0.56474
-0.56352
-0.55436
-0.55296
-0.55536
-0.55684
-0.54126
-0.55788
-0.5583
-0.5626
-0.5613
-0.56204
-0.55424
-0.55302
-0.56236
-0.57082
-0.56538
-0.5651
-0.56158
-0.56506
-0.56798
-0.56128
-0.55282
-0.56866
-0.58074
-0.57208
-0.55466
-0.55828
-0.56628
-0.57194
-0.56382
-0.57546
-0.5726
-0.56612
-0.55996
-0.5675
-0.56458
-0.55286
-0.55636
-0.5548
-0.54722
-0.54494
-0.53554
-0.54912
-0.55386
-0.5595
-0.56578
-0.55966
-0.56776
-0.5633
-0.56028
-0.55224
-0.5465
-0.559
-0.55554
-0.53984
-0.53704
-0.54546
-0.54276
-0.53266
-0.54796
-0.5385
-0.5407
-0.55142
-0.55046
-0.55664
-0.55708
-0.55842
-0.54658
-0.55394
-0.56086
-0.56408
-0.55542
-0.55918
-0.56258
-0.5544
-0.5621
-0.56366
-0.56154
-0.57458
-0.56618
-0.59142
-0.58592
-0.5824
-0.57556
-0.56842
-0.5568
-0.55884
-0.56334
-0.5614
-0.55714
-0.5672
-0.56806
-0.5591
-0.55836
-0.55922
-0.55936
-0.55652
-0.56964
-0.5583
-0.56372
-0.55922
-0.55934
-0.56734
-0.5566
-0.54052
-0.55996
-0.5541
-0.56016
-0.55448
-0.5558
-0.5535
-0.55016
-0.54746
-0.55168
-0.57174
-0.559
-0.55712
-0.55248
-0.55952
-0.5586
-0.56388
-0.55614
-0.55528
-0.54628
-0.54586
-0.54532
-0.55112
-0.55614
-0.56276
-0.56538
-0.55546
-0.5654
-0.55234
-0.54502
-0.54988
-0.55272
-0.56044
-0.55628
-0.55914
-0.56232
-0.56486
-0.57314
-0.57266
-0.57162
-0.56626
-0.55044
-0.5461
-0.54712
-0.55758
-0.55216
-0.55298
-0.5517
-0.56486
-0.56924
-0.56652
-0.56446
-0.56028
-0.5654
-0.5663
-0.55434
-0.5746
-0.55944
-0.54582
-0.54822
-0.55584
-0.58252
-0.57134
-0.56848
-0.57112
-0.56886
-0.5577
-0.56044
-0.55904
-0.5651
-0.58012
-0.57768
-0.57014
-0.56404
-0.56596
-0.56868
-0.57234
-0.56528
-0.56148
-0.5612
-0.56568
-0.55818
-0.54812
-0.5638
-0.56178
-0.56212
-0.56148
-0.55422
-0.55304
-0.5676
-0.5573
-0.55752
-0.54776
-0.53902
-0.55234
-0.55194
-0.57818
-0.57652
-0.57388
-0.57922
-0.55572
-0.55966
-0.56262
-0.55702
-0.56336
-0.57068
-0.55544
-0.55828
-0.56044
-0.55906
-0.56686
-0.56596
-0.57928
-0.56524
-0.57074
-0.56626
-0.55338
-0.55452
-0.55524
-0.57114
-0.5698
-0.57192
-0.56804
-0.55922
-0.55298
-0.55454
-0.5534
-0.55838
-0.56632
-0.56556
-0.57552
-0.56036
-0.55754
-0.55982
-0.55924
-0.56534
-0.55462
-0.55642
-0.56944
-0.56896
-0.56164
-0.55568
-0.56472
-0.55916
-0.56358
-0.56046
-0.55202
-0.55458
-0.55102
-0.55284
-0.55636
-0.56452
-0.5713
-0.57362
-0.5736
-0.5707
-0.56128
-0.56086
-0.56542
-0.5545
-0.55214
-0.56852
-0.5662
-0.56922
-0.55518
-0.5531
-0.55824
-0.55516
-0.55632
-0.55474
-0.55672
-0.56152
-0.5635
-0.55048
-0.54598
-0.55888
-0.5543
-0.55674
-0.5606
-0.55846
-0.56434
-0.56244
-0.55476
-0.55142
-0.5491
-0.56664
-0.55256
-0.54304
-0.54176
-0.52726
-0.54506
-0.56142
-0.56552
-0.5625
-0.56326
-0.57278
-0.56722
-0.55688
-0.5655
-0.56662
-0.56396
-0.55006
-0.55744
-0.55576
-0.55856
-0.5517
-0.55248
-0.5634
-0.5599
-0.5601
-0.57014
-0.57058
-0.56422
-0.563
-0.55686
-0.5605
-0.5678
-0.56868
-0.5706
-0.55354
-0.56744
-0.5544
-0.56182
-0.55906
-0.57512
-0.56498
-0.56588
-0.5541
-0.56218
-0.56116
-0.55958
-0.56528
-0.56926
-0.56986
-0.56124
-0.55802
-0.55582
-0.56218
-0.57424
-0.56738
-0.56418
-0.5583
-0.5681
-0.56668
-0.55768
-0.5492
-0.55788
-0.57404
-0.56816
-0.5618
-0.55886
-0.55578
-0.55362
-0.55258
-0.55542
-0.549
-0.56228
-0.5531
-0.54608
-0.55098
-0.55184
-0.53796
-0.55232
-0.5504
-0.55592
-0.55388
-0.55404
-0.55042
-0.55842
-0.55698
-0.55808
-0.55962
-0.56994
-0.56838
-0.56214
-0.56032
-0.56618
-0.56116
-0.57476
-0.57014
-0.56936
-0.56598
-0.5649
-0.57622
-0.57086
-0.57802
-0.5893
-0.5799
-0.57684
-0.5673
-0.56594
-0.55114
-0.54898
-0.5499
-0.56072
-0.56106
-0.5594
-0.55604
-0.55918
-0.56728
-0.56206
-0.56146
-0.55206
-0.54314
-0.5488
-0.5522
-0.55816
-0.5612
-0.56684
-0.5676
-0.56674
-0.5701
-0.57368
-0.56558
-0.5607
-0.5628
-0.56458
-0.57264
-0.56528
-0.55504
-0.5505
-0.5444
-0.55904
-0.57204
-0.56014
-0.55604
-0.55922
-0.55894
-0.55908
-0.561
-0.55828
-0.56278
-0.56206
-0.55524
-0.55392
-0.54866
-0.56668
-0.56212
-0.55502
-0.5594
-0.56426
-0.5631
-0.57048
-0.55674
-0.56444
-0.56696
-0.56642
-0.57408
-0.57036
-0.5606
-0.56528
-0.5666
-0.56772
-0.56432
-0.56434
-0.57826
-0.5721
-0.5602
-0.5433
-0.54792
-0.5505
-0.55434
-0.55732
-0.56286
-0.56886
-0.56492
-0.55716
-0.55518
-0.55942
-0.56716
-0.56998
-0.56352
-0.56672
-0.56142
-0.55856
-0.5419
-0.54786
-0.54604
-0.5537
-0.5585
-0.55718
-0.54556
-0.5559
-0.56268
-0.55784
-0.55874
-0.57366
-0.57188
-0.57328
-0.5743
-0.57458
-0.57438
-0.56548
-0.55536
-0.55494
-0.54594
-0.55232
-0.56002
-0.56582
-0.56152
-0.57174
-0.56966
-0.56216
-0.55328
-0.54236
-0.55022
-0.56038
-0.55292
-0.54044
-0.5492
-0.55354
-0.56216
-0.56302
-0.56606
-0.559
-0.56184
-0.55488
-0.56566
-0.5608
-0.56352
-0.57172
-0.56934
-0.55886
-0.552
-0.5656
-0.56114
-0.5529
-0.57206
-0.56738
-0.56016
-0.56248
-0.55336
-0.5535
-0.57122
-0.57324
-0.57166
-0.56634
-0.55604
-0.5615
-0.55214
-0.56068
-0.5591
-0.57254
-0.56074
-0.54264
-0.53886
-0.55498
-0.56514
-0.5664
-0.55956
-0.55642
-0.5551
-0.5699
-0.56478
-0.57078
-0.56798
-0.57026
-0.569
-0.56208
-0.56412
-0.55856
-0.5652
-0.56396
-0.5523
-0.55428
-0.55492
-0.5569
-0.55174
-0.5551
-0.53966
-0.54392
-0.55112
-0.5559
-0.55966
-0.56078
-0.56044
-0.55826
-0.55844
-0.55976
-0.578
-0.56788
-0.56484
-0.5747
-0.56746
-0.56052
-0.57176
-0.57342
-0.55972
-0.57048
-0.5709
-0.55832
-0.55784
-0.55792
-0.55528
-0.5633
-0.56056
-0.56278
-0.57272
-0.56702
-0.5665
-0.55426
-0.56736
-0.56516
-0.56808
-0.5625
-0.56322
-0.55418
-0.54968
-0.55624
-0.55836
-0.55432
-0.55212
-0.56234
-0.55372
-0.55854
-0.56696
-0.573
-0.55962
-0.56114
-0.55804
-0.5543
-0.5493
-0.5511
-0.56304
-0.56498
-0.56434
-0.56222
-0.55748
-0.56308
-0.5756
-0.58018
-0.57582
-0.5721
-0.56996
-0.56428
-0.56004
-0.55468
-0.55832
-0.54502
-0.55278
-0.562
-0.55774
-0.55912
-0.56076
-0.565
-0.56848
-0.56356
-0.5654
-0.5701
-0.57014
-0.58038
-0.58534
-0.56686
-0.56474
-0.5659
-0.56834
-0.57264
-0.55526
-0.54758
-0.55126
-0.54236
-0.54568
-0.55836
-0.55612
-0.55692
-0.55948
-0.54456
-0.54876
-0.55306
-0.55792
-0.55238
-0.5494
-0.55628
-0.54748
-0.55754
-0.56094
-0.55356
-0.55066
-0.54786
-0.55922
-0.55812
-0.56498
-0.5664
-0.56708
-0.54936
-0.55596
-0.5691
-0.5639
-0.56384
-0.55146
-0.55984
-0.55454
-0.55558
-0.56204
-0.55954
-0.56214
-0.54688
-0.54444
-0.55058
-0.54364
-0.55206
-0.55978
-0.56806
-0.56338
-0.56062
-0.57172
-0.56634
-0.56524
-0.55474
-0.55554
-0.55646
-0.55368
-0.5589
-0.5652
-0.55428
-0.56204
-0.56308
-0.56182
-0.55548
-0.55116
-0.55752
-0.55754
-0.5599
-0.56842
-0.57686
-0.5585
-0.55128
-0.5372
-0.54722
-0.5472
-0.5527
-0.55966
-0.5469
-0.54474
-0.54142
-0.55258
-0.55852
-0.558
-0.54384
-0.55002
-0.56448
-0.56722
-0.56334
-0.56734
-0.5648
-0.55938
-0.56618
-0.56774
-0.55186
-0.54134
-0.5681
-0.5704
-0.56448
-0.57382
-0.56624
-0.56116
-0.566
-0.56404
-0.5703
-0.56394
-0.56494
-0.5565
-0.56782
-0.55986
-0.55396
-0.5485
-0.55442
-0.5732
-0.57758
-0.56322
-0.5599
-0.56052
-0.56026
-0.57144
-0.56578
-0.56244
-0.54
-0.53926
-0.55698
-0.55644
-0.55228
-0.56438
-0.55624
-0.55298
-0.55004
-0.55884
-0.56654
-0.55692
-0.55076
-0.55478
-0.55274
-0.55474
-0.55602
-0.55332
-0.5583
-0.56786
-0.56742
-0.56062
-0.5657
-0.56222
-0.56598
-0.56508
-0.57128
-0.57268
-0.56844
-0.56228
-0.5714
-0.56336
-0.57316
-0.56702
-0.55954
-0.56164
-0.57734
-0.57376
-0.57474
-0.57186
-0.56644
-0.56566
-0.5728
-0.57116
-0.56462
-0.56866
-0.56138
-0.5585
-0.5552
-0.54844
-0.55666
-0.56336
-0.56376
-0.55264
-0.55922
-0.55822
-0.55958
-0.5534
-0.55338
-0.55448
-0.55646
-0.5508
-0.56116
-0.54956
-0.56002
-0.55802
-0.55672
-0.54942
-0.5588
-0.54082
-0.5391
-0.53382
-0.54208
-0.54072
-0.54994
-0.55652
-0.5588
-0.55906
-0.56618
-0.5745
-0.56908
-0.56968
-0.55404
-0.55816
-0.56044
-0.55288
-0.56066
-0.57044
-0.56752
-0.56598
-0.55858
-0.55926
-0.56348
-0.54672
-0.55604
-0.56206
-0.5587
-0.55284
-0.56174
-0.55388
-0.55818
-0.55796
-0.56828
-0.54656
-0.56216
-0.57036
-0.57142
-0.56478
-0.56814
-0.55978
-0.56748
-0.55702
-0.55998
-0.56728
-0.56518
-0.55676
-0.55268
-0.5574
-0.5583
-0.56754
-0.57402
-0.5659
-0.57024
-0.56916
-0.56558
-0.55782
-0.55552
-0.55398
-0.5482
-0.5403
-0.54908
-0.55826
-0.562
-0.56714
-0.56058
-0.56206
-0.56612
-0.56262
-0.5581
-0.554
-0.54976
-0.54446
-0.5357
-0.55564
-0.55874
-0.55234
-0.5605
-0.5602
-0.57264
-0.56546
-0.56224
-0.55306
-0.55272
-0.54772
-0.54776
-0.54568
-0.55516
-0.55904
-0.56604
-0.55456
-0.55468
-0.55466
-0.55824
-0.55878
-0.56056
-0.55572
-0.56362
-0.56456
-0.55954
-0.56408
-0.57172
-0.5658
-0.562
-0.55348
-0.54556
-0.5496
-0.54588
-0.54928
-0.5531
-0.5497
-0.55962
-0.57668
-0.58074
-0.58072
-0.57042
-0.56048
-0.5644
-0.56048
-0.5623
-0.55572
-0.54844
-0.54966
-0.5515
-0.56616
-0.56066
-0.55042
-0.5485
-0.56156
-0.56224
-0.56232
-0.5703
-0.56828
-0.5624
-0.56286
-0.55956
-0.57426
-0.57198
-0.56302
-0.56776
-0.56408
-0.56782
-0.56518
-0.55236
-0.55208
-0.5601
-0.56736
-0.55714
-0.56202
