-0.94612
-0.94906
-0.94628
-0.94816
-0.94586
-0.94708
-0.94714
-0.94978
-0.94806
-0.94898
-0.94458
-0.94722
-0.94766
-0.9493
-0.94888
-0.94894
-0.94966
-0.94654
-0.9466
-0.94858
-0.94406
-0.94816
-0.94544
-0.94802
-0.94556
-0.94448
-0.94464
-0.94556
-0.94822
-0.94566
-0.94676
-0.94832
-0.94802
-0.9468
-0.94566
-0.94414
-0.94728
-0.94708
-0.94666
-0.9479
-0.94726
-0.94626
-0.94822
-0.94526
-0.94686
-0.94494
-0.94724
-0.94398
-0.9486
-0.94998
-0.94764
-0.94956
-0.94954
-0.9478
-0.9503
-0.94466
-0.94778
-0.94554
-0.9459
-0.9447
-0.94908
-0.94582
-0.94658
-0.94652
-0.94622
-0.94672
-0.94688
-0.94338
-0.94496
-0.94556
-0.94588
-0.94518
-0.94348
-0.9448
-0.9465
-0.9459
-0.94288
-0.94552
-0.94674
-0.94248
-0.9454
-0.94424
-0.94592
-0.94924
-0.94678
-0.94432
-0.94618
-0.9466
-0.94614
-0.94592
-0.9447
-0.94596
-0.94778
-0.94668
-0.94692
-0.94818
-0.94548
-0.94438
-0.9462
-0.94254
-0.94388
-0.94656
-0.94656
-0.94684
-0.9469
-0.94486
-0.94802
-0.94502
-0.94476
-0.94326
-0.94348
-0.94556
-0.94788
-0.94678
-0.94556
-0.94512
-0.94616
-0.94952
-0.94586
-0.94976
-0.94586
-0.94656
-0.94752
-0.9459
-0.94676
-0.94744
-0.94708
-0.94726
-0.94392
-0.94304
-0.94534
-0.94582
-0.94674
-0.94714
-0.94512
-0.94598
-0.94626
-0.9463
-0.94984
-0.94794
-0.94712
-0.94748
-0.94468
-0.94692
-0.9464
-0.946
-0.94728
-0.94646
-0.95098
-0.9472
-0.9479
-0.94734
-0.94684
-0.94874
-0.94844
-0.94994
-0.9454
-0.9463
-0.94584
-0.94852
-0.9474
-0.94894
-0.94832
-0.94572
-0.94652
-0.94654
-0.94792
-0.94904
-0.94736
-0.94676
-0.94728
-0.94764
-0.9475
-0.9483
-0.95052
-0.94746
-0.9488
-0.94836
-0.94638
-0.94846
-0.94598
-0.94708
-0.94634
-0.94688
-0.94576
-0.94632
-0.94708
-0.9443
-0.94756
-0.94342
-0.94266
-0.9477
-0.94708
-0.94234
-0.94718
-0.94594
-0.94608
-0.94526
-0.94498
-0.95012
-0.94624
-0.94542
-0.94866
-0.94762
-0.94974
-0.9465
-0.94644
-0.94502
-0.94682
-0.9455
-0.94898
-0.94566
-0.9467
-0.9495
-0.9457
-0.9452
-0.94626
-0.94518
-0.94452
-0.94576
-0.94772
-0.948
-0.94648
-0.94828
-0.94476
-0.9467
-0.9466
-0.9465
-0.94666
-0.94714
-0.94518
-0.94874
-0.94788
-0.94516
-0.94512
-0.94904
-0.94876
-0.94696
-0.94606
-0.94548
-0.94488
-0.94328
-0.94948
-0.94966
-0.9473
-0.9465
-0.94666
-0.94756
-0.94536
-0.94642
-0.94296
-0.94508
-0.94724
-0.94624
-0.94208
-0.94678
-0.9454
-0.94734
-0.9478
-0.9463
-0.94602
-0.94594
-0.94638
-0.94398
-0.94582
-0.94764
-0.94804
-0.94874
-0.9495
-0.94908
-0.94416
-0.94874
-0.94436
-0.94484
-0.94778
-0.94844
-0.94722
-0.94814
-0.94822
-0.94362
-0.94558
-0.94432
-0.94942
-0.94778
-0.94566
-0.94752
-0.94452
-0.9455
-0.94464
-0.94978
-0.94466
-0.94792
-0.94302
-0.94728
-0.9469
-0.9452
-0.94978
-0.94524
-0.94654
-0.94862
-0.94666
-0.94644
-0.94666
-0.94622
-0.9438
-0.94802
-0.94684
-0.94622
-0.9478
-0.9467
-0.94804
-0.94722
-0.94556
-0.94348
-0.94512
-0.94636
-0.9444
-0.94642
-0.94406
-0.94452
-0.94806
-0.94772
-0.94716
-0.94784
-0.94802
-0.94574
-0.94596
-0.94888
-0.9464
-0.94632
-0.9464
-0.94624
-0.9459
-0.94728
-0.94898
-0.94934
-0.9439
-0.9451
-0.94782
-0.94434
-0.94728
-0.94708
-0.94576
-0.94498
-0.94378
-0.94634
-0.94428
-0.94484
-0.9484
-0.9471
-0.94594
-0.94538
-0.94562
-0.94866
-0.94534
-0.94544
-0.94308
-0.94628
-0.94774
-0.94476
-0.94758
-0.94508
-0.94726
-0.94606
-0.9482
-0.94668
-0.94732
-0.94492
-0.94604
-0.948
-0.94968
-0.94528
-0.94664
-0.9474
-0.9433
-0.94486
-0.94776
-0.9439
-0.9459
-0.9456
-0.94676
-0.94684
-0.94678
-0.94382
-0.9453
-0.94804
-0.94484
-0.9442
-0.94932
-0.94726
-0.9458
-0.9484
-0.94634
-0.94778
-0.9439
-0.94598
-0.94716
-0.9464
-0.94696
-0.94888
-0.94552
-0.94672
-0.94584
-0.94696
-0.9452
-0.9462
-0.94646
-0.94476
-0.95024
-0.94732
-0.9472
-0.94448
-0.9481
-0.94482
-0.94728
-0.94498
-0.94502
-0.94688
-0.9468
-0.94334
-0.94322
-0.94384
-0.94672
-0.94524
-0.94662
-0.9472
-0.94924
-0.94456
-0.94624
-0.94426
-0.94818
-0.94454
-0.94462
-0.9468
-0.9464
-0.94384
-0.9468
-0.94308
-0.9461
-0.94706
-0.94502
-0.94572
-0.94762
-0.94874
-0.946
-0.94884
-0.9463
-0.94708
-0.94734
-0.94466
-0.9476
-0.9465
-0.94654
-0.94632
-0.9477
-0.94668
-0.9446
-0.94552
-0.944
-0.9474
-0.94648
-0.94476
-0.94598
-0.9489
-0.94466
-0.94472
-0.94632
-0.94626
-0.94786
-0.9465
-0.94576
-0.94572
-0.94562
-0.9454
-0.94228
-0.9444
-0.94464
-0.94532
-0.94504
-0.94668
-0.9473
-0.9454
-0.94672
-0.94874
-0.94676
-0.9473
-0.9463
-0.9495
-0.94538
-0.9444
-0.94738
-0.94682
-0.94858
-0.94544
-0.9474
-0.94664
-0.94592
-0.9472
-0.94904
-0.94622
-0.94662
-0.94818
-0.94932
-0.94358
-0.94378
-0.94576
-0.94554
-0.94652
-0.94476
-0.9457
-0.94284
-0.94598
-0.9488
-0.94704
-0.94618
-0.94586
-0.94592
-0.9465
-0.94592
-0.94494
-0.94688
-0.9454
-0.9451
-0.94576
-0.94568
-0.94518
-0.94604
-0.94834
-0.94968
-0.9428
-0.94636
-0.94798
-0.94484
-0.94778
-0.94616
-0.94606
-0.94546
-0.94802
-0.94608
-0.94676
-0.94568
-0.94486
-0.94392
-0.94756
-0.94604
-0.94664
-0.95018
-0.9462
-0.94498
-0.94766
-0.9451
-0.9449
-0.94618
-0.94722
-0.94766
-0.94532
-0.94806
-0.9456
-0.94824
-0.9464
-0.94384
-0.94858
-0.94836
-0.9448
-0.9467
-0.94684
-0.94702
-0.9484
-0.94782
-0.94864
-0.94532
-0.94408
-0.94736
-0.94408
-0.94752
-0.9474
-0.94308
-0.9429
-0.94762
-0.9497
-0.9446
-0.94674
-0.94604
-0.94726
-0.94692
-0.94472
-0.94828
-0.94828
-0.94538
-0.9471
-0.94524
-0.94536
-0.94394
-0.94952
-0.9454
-0.9447
-0.94396
-0.94372
-0.94692
-0.94806
-0.94674
-0.94294
-0.94678
-0.9477
-0.94502
-0.94668
-0.94944
-0.94564
-0.94624
-0.94386
-0.94878
-0.94784
-0.94472
-0.94618
-0.94658
-0.94662
-0.94772
-0.94512
-0.94676
-0.94894
-0.94842
-0.9435
-0.94476
-0.94404
-0.94636
-0.94732
-0.94484
-0.94552
-0.948
-0.94994
-0.94868
-0.94734
-0.94698
-0.94792
-0.94416
-0.94546
-0.94412
-0.94524
-0.9473
-0.94642
-0.94612
-0.94602
-0.94634
-0.94326
-0.9475
-0.9477
-0.9456
-0.94856
-0.94506
-0.94772
-0.94692
-0.94632
-0.94434
-0.9479
-0.94654
-0.94674
-0.94664
-0.94758
-0.94432
-0.94792
-0.94612
-0.94666
-0.9462
-0.94468
-0.94764
-0.94612
-0.94488
-0.94646
-0.94776
-0.95002
-0.9463
-0.94618
-0.94388
-0.94696
-0.94508
-0.94546
-0.95012
-0.9478
-0.94738
-0.94602
-0.94582
-0.9474
-0.9463
-0.94724
-0.94948
-0.94502
-0.9476
-0.9487
-0.9436
-0.9469
-0.94596
-0.94748
-0.94536
-0.94558
-0.9445
-0.9458
-0.94692
-0.94574
-0.94726
-0.94696
-0.94516
-0.94796
-0.94582
-0.94572
-0.94792
-0.94584
-0.945
-0.945
-0.94738
-0.94568
-0.94682
-0.94806
-0.94702
-0.94928
-0.9472
-0.94744
-0.9457
-0.94562
-0.94574
-0.94556
-0.9459
-0.94762
-0.94546
-0.94778
-0.9489
-0.94854
-0.94598
-0.9455
-0.94572
-0.94344
-0.94516
-0.9436
-0.9473
-0.946
-0.94676
-0.94714
-0.94662
-0.94696
-0.94872
-0.94884
-0.94748
-0.94448
-0.94526
-0.94644
-0.94524
-0.94742
-0.94466
-0.94576
-0.94356
-0.94432
-0.95038
-0.94626
-0.94458
-0.94492
-0.94848
-0.94764
-0.94402
-0.94626
-0.9453
-0.94798
-0.94624
-0.9457
-0.9447
-0.94566
-0.94652
-0.94624
-0.94512
-0.94604
-0.9467
-0.947
-0.9476
-0.94492
-0.94526
-0.94778
-0.94626
-0.94706
-0.94556
-0.94846
-0.94618
-0.94478
-0.94566
-0.94372
-0.94742
-0.947
-0.9428
-0.94692
-0.94512
-0.94748
-0.94824
-0.94758
-0.94918
-0.94542
-0.9459
-0.9459
-0.95142
-0.94496
-0.9455
-0.946
-0.94718
-0.94578
-0.9482
-0.94912
-0.9483
-0.94562
-0.94582
-0.94804
-0.94408
-0.94756
-0.94542
-0.9493
-0.94678
-0.94358
-0.94754
-0.94482
-0.94484
-0.9461
-0.94458
-0.94632
-0.9491
-0.94532
-0.94226
-0.94582
-0.9475
-0.94798
-0.95028
-0.94694
-0.94654
-0.94638
-0.94546
-0.94576
-0.94514
-0.94648
-0.94792
-0.94252
-0.94808
-0.94578
-0.94468
-0.94702
-0.94686
-0.94686
-0.9463
-0.94746
-0.946
-0.94736
-0.9476
-0.9465
-0.94904
-0.94398
-0.94768
-0.94538
-0.94598
-0.94458
-0.94484
-0.94584
-0.94882
-0.94646
-0.946
-0.9466
-0.94568
-0.94524
-0.94764
-0.94756
-0.9446
-0.94924
-0.94466
-0.94718
-0.94652
-0.94554
-0.947
-0.94652
-0.94876
-0.94692
-0.94772
-0.94736
-0.94638
-0.94478
-0.94866
-0.94648
-0.94694
-0.94768
-0.94652
-0.94694
-0.94594
-0.94774
-0.94898
-0.9485
-0.94898
-0.9461
-0.9463
-0.94816
-0.9471
-0.94888
-0.94934
-0.9466
-0.94564
-0.94478
-0.94588
-0.94332
-0.94564
-0.94638
-0.94612
-0.94472
-0.94582
-0.94884
-0.94682
-0.94696
-0.94792
-0.94556
-0.94574
-0.94904
-0.94928
-0.94848
-0.94454
-0.94582
-0.946
-0.94892
-0.94896
-0.95002
-0.94926
-0.94566
-0.94354
-0.9465
-0.94354
-0.94676
-0.9473
-0.95054
-0.9459
-0.9443
-0.94516
-0.94524
-0.94964
-0.94786
-0.94746
-0.94916
-0.94788
-0.94382
-0.94408
-0.94556
-0.94574
-0.94514
-0.94966
-0.94846
-0.9451
-0.94596
-0.94568
-0.94764
-0.94718
-0.9486
-0.94972
-0.94814
-0.94452
-0.94736
-0.94572
-0.9443
-0.94712
-0.94742
-0.9485
-0.9461
-0.94634
-0.94584
-0.94544
-0.94594
-0.94836
-0.9468
-0.946
-0.9464
-0.94722
-0.94656
-0.94798
-0.94884
-0.94566
-0.94618
-0.94492
-0.9466
-0.94522
-0.94506
-0.94834
-0.94794
-0.94712
-0.94444
-0.9469
-0.94588
-0.943
-0.94482
-0.94906
-0.94508
-0.947
-0.94784
-0.9481
-0.9464
-0.9489
-0.9454
-0.94638
-0.94532
-0.94424
-0.94628
-0.9466
-0.94538
-0.94768
-0.94964
-0.94562
-0.94646
-0.94702
-0.94684
-0.9458
-0.94562
-0.94806
-0.94558
-0.94378
-0.94812
-0.94802
-0.94618
-0.94594
-0.94388
-0.9465
-0.94892
-0.94562
-0.94766
-0.94646
-0.94596
-0.94786
-0.94582
-0.94786
-0.94404
-0.94652
-0.94728
-0.94572
-0.94698
-0.9466
-0.9443
-0.9448
-0.94926
-0.94754
-0.94692
-0.94732
-0.94698
-0.94856
-0.9481
-0.94908
-0.9468
-0.94426
-0.94852
-0.94768
-0.94404
-0.9478
-0.94756
-0.94758
-0.94752
-0.94424
-0.94406
-0.94584
-0.94712
-0.94608
-0.94516
-0.94692
-0.94588
-0.94542
-0.94508
-0.94682
-0.9469
-0.9477
-0.94704
-0.94754
-0.94718
-0.94702
-0.94356
-0.94772
-0.94588
-0.9459
-0.948
-0.94428
-0.94436
-0.94422
-0.94616
-0.94714
-0.94682
-0.94728
-0.94622
-0.94862
-0.94772
-0.9468
-0.94598
-0.9437
-0.9468
-0.94638
-0.94432
-0.94706
-0.94418
-0.94608
-0.9454
-0.94718
-0.94602
-0.94652
-0.94502
-0.94624
-0.94652
-0.94686
-0.94974
-0.9493
-0.94568
-0.94638
-0.94808
-0.945
-0.94678
-0.94696
-0.94518
-0.94802
-0.94892
-0.94526
-0.94762
-0.94868
-0.94708
-0.94546
-0.944
-0.94494
-0.94582
-0.94408
-0.94424
-0.94728
-0.94798
-0.94714
-0.94496
-0.94466
-0.9467
-0.94594
-0.9475
-0.94446
-0.94512
-0.9454
-0.94868
-0.94756
-0.94822
-0.94596
-0.94638
-0.94488
-0.94604
-0.94568
-0.94646
-0.94772
-0.94654
-0.9459
-0.94672
-0.94842
-0.9477
-0.94866
-0.94464
-0.94496
-0.94794
-0.94684
-0.94548
-0.94574
-0.94792
-0.9489
-0.94834
-0.94664
-0.94872
-0.94442
-0.94666
-0.9463
-0.94412
-0.94422
-0.94454
-0.9469
-0.94524
-0.9466
-0.94564
-0.94456
-0.947
-0.9481
-0.9471
-0.94752
-0.94746
-0.94706
-0.94606
-0.94584
-0.94788
-0.94482
-0.94854
-0.94496
-0.94442
-0.9454
-0.94694
-0.94944
-0.9457
-0.9453
-0.947
-0.94388
-0.9461
-0.94638
-0.94634
-0.9446
-0.94908
-0.94712
-0.9492
-0.94308
-0.94486
-0.94736
-0.94896
-0.94364
-0.94492
-0.94794
-0.94586
-0.94838
-0.9494
-0.95058
-0.94826
-0.94798
-0.94638
-0.9474
-0.94622
-0.94698
-0.9443
-0.94516
-0.94734
-0.94542
-0.9465
-0.9479
-0.94346
-0.9457
-0.94512
-0.945
-0.94618
-0.94544
-0.94606
-0.94566
-0.94612
-0.94434
-0.94578
-0.94434
-0.94702
-0.94628
-0.95012
-0.94602
-0.94456
-0.94752
-0.94532
-0.9493
-0.94848
-0.94508
-0.94766
-0.94654
-0.94758
-0.94604
-0.94684
-0.94828
-0.94448
-0.94914
-0.94598
-0.9482
-0.9458
-0.94676
-0.94482
-0.9486
-0.94868
-0.95108
-0.94696
-0.94634
-0.94416
-0.94746
-0.9455
-0.9475
-0.94636
-0.94842
-0.94822
-0.9462
-0.94452
-0.94292
-0.94494
-0.94436
-0.94444
-0.94616
-0.94666
-0.94538
-0.94332
-0.9457
-0.94618
-0.94944
-0.9482
-0.94716
-0.94602
-0.94524
-0.94226
-0.94514
-0.9435
-0.94548
-0.94642
-0.94668
-0.9466
-0.94638
-0.9427
-0.9469
-0.94546
-0.94412
-0.94856
-0.94678
-0.94824
-0.9463
-0.94732
-0.9477
-0.94634
-0.9433
-0.94544
-0.94892
-0.9483
-0.94628
-0.94554
-0.94336
-0.94682
-0.9473
-0.94614
-0.9447
-0.94532
-0.94518
-0.94718
-0.94476
-0.94426
-0.94548
-0.94864
-0.94476
-0.94562
-0.94836
-0.9458
-0.9437
-0.94746
-0.9478
-0.94574
-0.94616
-0.9444
-0.94728
-0.9456
-0.94534
-0.94754
-0.945
-0.94418
-0.94728
-0.94866
-0.94828
-0.94278
-0.94326
-0.94692
-0.9483
-0.94638
-0.94688
-0.9432
-0.94538
-0.94618
-0.94714
-0.94558
-0.94806
-0.94498
-0.94802
-0.94672
-0.94538
-0.9465
-0.94548
-0.94388
-0.94404
-0.94726
-0.94754
-0.94614
-0.94698
-0.94672
-0.94652
-0.94498
-0.9453
-0.9451
-0.94858
-0.94666
-0.94564
-0.94576
-0.94614
-0.9436
-0.94662
-0.94502
-0.9452
-0.94524
-0.94722
-0.94704
-0.94542
-0.94774
-0.94696
-0.94616
-0.94536
-0.94544
-0.94698
-0.94542
-0.94784
-0.94222
-0.94656
-0.94712
-0.94608
-0.9464
-0.94406
-0.94432
-0.94456
-0.94476
-0.94568
-0.94724
-0.94574
-0.94518
-0.94558
-0.94802
-0.94544
-0.94622
-0.9457
-0.9481
-0.9456
-0.94634
-0.94736
-0.94514
-0.95032
-0.94664
-0.94786
-0.94414
-0.94794
-0.94658
-0.9474
-0.94802
-0.94518
-0.94594
-0.94756
-0.94558
-0.94536
-0.94752
-0.94266
-0.9448
-0.94426
-0.94804
-0.9449
-0.94642
-0.94758
-0.94586
-0.9458
-0.94586
-0.94204
-0.94386
-0.9475
-0.9463
-0.94546
-0.9441
-0.94554
-0.94674
-0.94474
-0.94654
-0.94786
-0.94618
-0.94952
-0.94764
-0.94484
-0.9492
-0.94444
-0.94606
-0.94534
-0.94716
-0.94652
-0.94468
-0.94518
-0.94556
-0.94984
-0.94904
-0.9464
-0.94564
-0.94694
-0.94304
-0.94682
-0.94814
-0.94628
-0.94638
-0.94634
-0.94614
-0.94986
-0.9486
-0.94822
-0.94642
-0.94726
-0.94694
-0.94638
-0.94768
-0.94864
-0.94786
-0.94654
-0.94906
-0.94676
-0.94512
-0.9431
-0.94726
-0.94784
-0.94548
-0.94718
-0.9489
-0.94908
-0.9481
-0.94608
-0.94524
-0.94898
-0.9458
-0.94828
-0.94752
-0.94588
-0.94534
-0.94786
-0.9466
-0.94436
-0.94558
-0.94634
-0.94876
-0.94914
-0.94704
-0.94726
-0.94784
-0.9489
-0.94708
-0.9465
-0.94832
-0.9471
-0.94576
-0.94554
-0.94594
-0.94902
-0.9462
-0.94516
-0.94432
-0.94602
-0.94814
-0.94724
-0.9456
-0.94504
-0.94802
-0.94586
-0.94592
-0.94518
-0.9458
-0.94456
-0.94824
-0.94786
-0.9462
-0.94564
-0.94812
-0.94636
-0.94596
-0.94808
-0.94466
-0.94698
-0.9477
-0.94636
-0.94412
-0.94954
-0.94698
-0.94638
-0.94624
-0.94688
-0.94528
-0.94548
-0.94748
-0.94464
-0.94676
-0.9456
-0.94684
-0.94658
-0.94626
-0.94686
-0.94968
-0.94214
-0.94628
-0.94822
-0.94616
-0.94662
-0.94656
-0.94606
-0.9477
-0.94514
-0.94582
-0.94516
-0.9473
-0.94534
-0.95042
-0.94444
-0.94454
-0.94532
-0.94996
-0.9431
-0.94346
-0.94448
-0.94614
-0.946
-0.94898
-0.94806
-0.9451
-0.94648
-0.9451
-0.94628
-0.94498
-0.94782
-0.9469
-0.94708
-0.94786
-0.94382
-0.94622
-0.94846
-0.94928
-0.94684
-0.94694
-0.9451
-0.9476
-0.94552
-0.94718
-0.949
-0.94668
-0.94812
-0.94712
-0.95064
-0.94588
-0.9457
-0.94864
-0.94638
-0.94484
-0.94616
-0.94332
-0.94858
-0.9493
-0.9467
-0.9475
-0.945
-0.95114
-0.94996
-0.94806
-0.94852
-0.94684
-0.94538
-0.94598
-0.94792
-0.94586
-0.94714
-0.9464
-0.94432
-0.94686
-0.94678
-0.94596
-0.94518
-0.94694
-0.94616
-0.9446
-0.94536
-0.94638
-0.9466
-0.94514
-0.9468
-0.9462
-0.94572
-0.9454
-0.9465
-0.9484
-0.94482
-0.9426
-0.94614
-0.94826
-0.9443
-0.94662
-0.94784
-0.94624
-0.94576
-0.9452
-0.94832
-0.94664
-0.94676
-0.951
-0.94788
-0.94644
-0.94662
-0.94388
-0.94472
-0.94802
-0.94588
-0.94662
-0.9485
-0.95206
-0.94704
-0.9454
-0.945
-0.94548
-0.94676
-0.9472
-0.94522
-0.94828
-0.94572
-0.94648
-0.94634
-0.9471
-0.94526
-0.94494
-0.94578
-0.94934
-0.94828
-0.9478
-0.94706
-0.94646
-0.94526
-0.94826
-0.9467
-0.94852
-0.94438
-0.94838
-0.94328
-0.94556
-0.94468
-0.94734
-0.94774
-0.94536
-0.94532
-0.94832
-0.94528
-0.94672
-0.94798
-0.94914
-0.94542
-0.9457
-0.94572
-0.94924
-0.94912
-0.9441
-0.9434
-0.9447
-0.94622
-0.9477
-0.9451
-0.94806
-0.94466
-0.94432
-0.94602
-0.9443
-0.9464
-0.94632
-0.94506
-0.94766
-0.94288
-0.94316
-0.94742
-0.94744
-0.94606
-0.94764
-0.94418
-0.94748
-0.94808
-0.94672
-0.94732
-0.94756
-0.9453
-0.94472
-0.94698
-0.94796
-0.9469
-0.9441
-0.94762
-0.94766
-0.94606
-0.94434
-0.94578
-0.94496
-0.94812
-0.94474
-0.94788
-0.94664
-0.94414
-0.94628
-0.94852
-0.94662
-0.94698
-0.94638
-0.94418
-0.94476
-0.94702
-0.94762
-0.94468
-0.9466
-0.94586
-0.94728
-0.94668
-0.94508
-0.94592
-0.94958
-0.94578
-0.94816
-0.95046
-0.94574
-0.94662
-0.9464
-0.94656
-0.94638
-0.94612
-0.9458
-0.9493
-0.94558
-0.94568
-0.94696
-0.94528
-0.9455
-0.94782
-0.94586
-0.94606
-0.94698
-0.94758
-0.94796
-0.94512
-0.94522
-0.94688
-0.94678
-0.94746
-0.9477
-0.94832
-0.94634
-0.94444
-0.94626
-0.9444
-0.9498
-0.94358
-0.94754
-0.94762
-0.9488
-0.94606
-0.9493
-0.94712
-0.9489
-0.94678
-0.94344
-0.9471
-0.94692
-0.94652
-0.94756
-0.95088
-0.94428
-0.95032
-0.94574
-0.94822
-0.94852
-0.94644
-0.94424
-0.94718
-0.94498
-0.94514
-0.94642
-0.94556
-0.94774
-0.947
-0.94688
-0.94676
-0.94556
-0.9475
-0.94766
-0.9428
-0.94552
-0.94514
-0.94916
-0.94698
-0.9496
-0.94814
-0.94812
-0.94796
-0.94612
-0.945
-0.946
-0.94646
-0.94656
-0.94352
-0.94726
-0.94796
-0.94712
-0.94386
-0.9497
-0.94434
-0.94564
-0.9492
-0.94664
-0.94672
-0.94658
-0.94628
-0.94654
-0.94654
-0.94696
-0.9433
-0.94508
-0.9453
-0.94764
-0.94406
-0.94662
-0.94142
-0.95124
-0.94734
-0.94396
-0.94552
-0.94674
-0.94502
-0.94758
-0.94648
-0.94554
-0.9468
-0.94826
-0.94712
-0.9477
-0.9471
-0.94452
-0.94568
-0.94534
-0.94584
-0.9472
-0.9463
-0.94436
-0.94704
-0.94708
-0.94492
-0.94514
-0.94558
-0.94548
-0.9448
-0.94598
-0.94604
-0.94728
-0.94912
-0.94704
-0.94558
-0.94468
-0.94402
-0.94514
-0.9493
-0.94662
-0.94492
-0.94626
-0.9477
-0.94934
-0.94794
-0.94718
-0.94776
-0.94708
-0.94646
-0.9456
-0.94704
-0.94586
-0.94666
-0.94796
-0.94692
-0.94724
-0.94474
-0.94734
-0.94588
-0.94492
-0.94594
-0.9488
-0.94578
-0.94618
-0.94768
-0.94678
-0.94492
-0.94422
-0.94694
-0.94366
-0.94554
-0.94704
-0.94602
-0.94924
-0.9446
-0.94556
-0.94424
-0.94754
-0.94596
-0.94634
-0.94572
-0.948
-0.94484
-0.94614
-0.94854
-0.94338
-0.94586
-0.9464
-0.9473
-0.94392
-0.94832
-0.94704
-0.94548
-0.94444
-0.94552
-0.94562
-0.94568
-0.9443
-0.94554
-0.94558
-0.94912
-0.94666
-0.94446
-0.94724
-0.94942
-0.94488
-0.9468
-0.948
-0.9473
-0.94772
-0.94732
-0.94618
-0.9456
-0.94756
-0.94602
-0.94584
-0.94714
-0.94576
-0.94534
-0.945
-0.9469
-0.94674
-0.94452
-0.94724
-0.94934
-0.9452
-0.94588
-0.94692
-0.94528
-0.94556
-0.9468
-0.94536
-0.94494
-0.94592
-0.94396
-0.94656
-0.94578
-0.94344
-0.94604
-0.94832
-0.94666
-0.94572
-0.9474
-0.94658
-0.94648
-0.9457
-0.94502
-0.9468
-0.9489
-0.94778
-0.94744
-0.94908
-0.94688
-0.94378
-0.94874
-0.94742
-0.9484
-0.94176
-0.94292
-0.9455
-0.94836
-0.9465
-0.94836
-0.94676
-0.94806
-0.94648
-0.9466
-0.94506
-0.94316
-0.94752
-0.9437
-0.94922
-0.94798
-0.94706
-0.94672
-0.93986
-0.94416
-0.94826
-0.94838
-0.9466
-0.94842
-0.94788
-0.94896
-0.94838
-0.94708
-0.94642
-0.94624
-0.94866
-0.94464
-0.94644
-0.9477
-0.94698
-0.94566
-0.94744
-0.9427
-0.9445
-0.9439
-0.94616
-0.94538
-0.94828
-0.94572
-0.9439
-0.94766
-0.9458
-0.94616
-0.9446
-0.94694
-0.94606
-0.94594
-0.94694
-0.94778
-0.94798
-0.94714
-0.9467
-0.94842
-0.94816
-0.94812
-0.94732
-0.94388
-0.94864
-0.94532
-0.94536
-0.94682
-0.94524
-0.94706
-0.95024
-0.944
-0.94738
-0.94558
-0.9465
-0.94816
-0.94712
-0.9471
-0.94744
-0.94344
-0.94808
-0.94762
-0.94922
-0.9458
-0.94432
-0.94636
-0.9474
-0.9492
-0.94652
-0.9464
-0.9479
-0.94916
-0.94788
-0.94712
-0.94588
-0.9439
-0.94514
-0.94608
-0.94392
-0.9455
-0.94644
-0.94574
-0.94692
-0.9479
-0.94302
-0.9441
-0.95146
-0.94684
-0.94766
-0.94768
-0.94722
-0.94716
-0.94664
-0.9457
-0.94732
-0.94408
-0.94694
-0.94694
-0.946
-0.9471
-0.94734
-0.94564
-0.94814
-0.94506
-0.94548
-0.94922
-0.94728
-0.9482
-0.94834
-0.94722
-0.94706
-0.94774
-0.94656
-0.94726
-0.94596
-0.94478
-0.94822
-0.94746
-0.9478
-0.9476
-0.94616
-0.94766
-0.94622
-0.94752
-0.94546
-0.94836
-0.94534
-0.94452
-0.94526
-0.9485
-0.9461
-0.94846
-0.94964
-0.94864
-0.94736
-0.9469
-0.94418
-0.94474
-0.94824
-0.94738
-0.94612
-0.94694
-0.94616
-0.94808
-0.94624
-0.94774
-0.94656
-0.94846
-0.94626
-0.94718
-0.94562
-0.94698
-0.9478
-0.94758
-0.94668
-0.94522
-0.94378
-0.94698
-0.94546
-0.94378
-0.95102
-0.94728
-0.94668
-0.94414
-0.94618
-0.94556
-0.9468
-0.94848
-0.94614
-0.9475
-0.9454
-0.94556
-0.94518
-0.94738
-0.94618
-0.94574
-0.94608
-0.9452
-0.94738
-0.9466
-0.94624
-0.947
-0.9477
-0.9469
-0.9447
-0.94596
-0.94838
-0.94424
-0.94546
-0.94498
-0.94768
-0.94628
-0.94666
-0.9456
-0.94736
-0.94514
-0.94552
-0.9457
-0.94534
-0.9461
-0.94592
-0.94502
-0.94602
-0.94458
-0.94662
-0.94824
-0.9503
-0.94776
-0.94282
-0.94308
-0.94262
-0.9452
-0.94512
-0.94846
-0.94472
-0.94616
-0.94532
-0.94452
-0.946
-0.94514
-0.94198
-0.94666
-0.94674
-0.94532
-0.94556
-0.94724
-0.94712
-0.94644
-0.94866
-0.94896
-0.94704
-0.94354
-0.94792
-0.94376
-0.94366
-0.94566
-0.9491
-0.9486
-0.94764
-0.95022
-0.94586
-0.94658
-0.94636
-0.94856
-0.94634
-0.94942
-0.9475
-0.94594
-0.9456
-0.947
-0.94614
-0.94674
-0.94558
-0.94392
-0.9478
-0.94806
-0.94436
-0.94778
-0.94726
-0.9469
-0.94512
-0.9455
-0.94534
-0.9422
-0.94572
-0.94638
-0.94498
-0.94384
-0.94734
-0.944
-0.94438
-0.94902
-0.94586
-0.94738
-0.94406
-0.94382
-0.94366
-0.94414
-0.9478
-0.94452
-0.94396
-0.94716
-0.94622
-0.94504
-0.94656
-0.94538
-0.94768
-0.94478
-0.94648
-0.9464
-0.9478
-0.94684
-0.94536
-0.9503
-0.94692
-0.94524
-0.94646
-0.94796
-0.94412
-0.94772
-0.9443
-0.94716
-0.94672
-0.94546
-0.94748
-0.94852
-0.94548
-0.9444
-0.94646
-0.94832
-0.94854
-0.94748
-0.9476
-0.94638
-0.94708
-0.9483
-0.946
-0.94956
-0.94536
-0.94604
-0.94642
-0.94696
-0.94672
-0.94406
-0.94886
-0.94746
-0.94618
-0.94736
-0.9452
-0.94678
-0.94798
-0.94332
-0.94492
-0.94798
-0.9474
-0.94784
-0.94652
-0.94876
-0.94904
-0.94426
-0.94506
-0.94766
-0.94246
-0.94676
-0.9477
-0.94508
-0.94732
-0.94422
-0.94458
-0.94532
-0.94566
-0.94492
-0.94972
-0.94642
-0.94286
-0.94754
-0.94524
-0.94684
-0.94752
-0.9473
-0.94514
-0.94704
-0.94464
-0.9484
-0.94582
-0.94398
-0.94566
-0.94802
-0.94974
-0.9473
-0.94234
-0.94718
-0.9458
-0.94648
-0.94898
-0.94666
-0.9456
-0.94492
-0.94488
-0.94484
-0.94512
-0.94538
-0.9444
-0.94784
-0.94412
-0.94602
-0.94852
-0.94526
-0.94444
-0.94906
-0.9469
-0.94472
-0.94702
-0.9478
-0.94802
-0.9478
-0.94578
-0.9462
-0.94774
-0.94362
-0.9449
-0.94622
-0.94846
-0.94954
-0.94482
-0.94704
-0.94118
-0.94618
-0.94532
-0.9421
-0.948
-0.94594
-0.94594
-0.94784
-0.94524
-0.94752
-0.94496
-0.9463
-0.94704
-0.94672
-0.94572
-0.94916
-0.94592
-0.94202
-0.94778
-0.94786
-0.94558
-0.95058
-0.94628
-0.94968
-0.94596
-0.94264
-0.945
-0.9463
-0.94468
-0.94858
-0.94374
-0.94164
-0.94692
-0.94712
-0.94908
-0.94552
-0.94576
-0.94046
-0.94558
-0.9448
-0.94598
-0.9458
-0.94468
-0.94904
-0.94372
-0.94644
-0.94598
-0.94724
-0.94352
-0.94352
-0.94424
-0.9482
-0.94674
-0.94668
-0.94526
-0.94566
-0.9464
-0.94732
-0.94664
-0.94852
-0.94858
-0.9497
-0.94372
-0.94742
-0.94606
-0.9485
-0.94824
-0.9482
-0.94758
-0.94978
-0.94674
-0.94798
-0.94558
-0.94718
-0.94448
-0.94708
-0.94554
-0.94686
-0.9478
-0.946
-0.94758
-0.94544
-0.9466
-0.94616
-0.94542
-0.9451
-0.94692
-0.94282
-0.94606
-0.94864
-0.94734
-0.94504
-0.94696
-0.94494
-0.94822
-0.94256
-0.94536
-0.94422
-0.94196
-0.94956
-0.94544
-0.94458
-0.94324
-0.94624
-0.94906
-0.94668
-0.9483
-0.94672
-0.9462
-0.94892
-0.94848
-0.94652
-0.9462
-0.94568
-0.94694
-0.946
-0.94574
-0.94968
-0.94672
-0.94734
-0.9481
-0.94618
-0.94432
-0.94606
-0.94678
-0.94534
-0.94258
-0.94752
-0.9444
-0.94546
-0.94424
-0.9469
-0.94518
-0.944
-0.94406
-0.94844
-0.9451
-0.94622
-0.94804
-0.94812
-0.94582
-0.94888
-0.94652
-0.94516
-0.94556
-0.94408
-0.94516
-0.94768
-0.94652
-0.94428
-0.94638
-0.9468
-0.94766
-0.94532
-0.94758
-0.9452
-0.94876
-0.94858
-0.9475
-0.94552
-0.94618
-0.95088
-0.94846
-0.94396
-0.94684
-0.94782
-0.9464
-0.94684
-0.9471
-0.9448
-0.94698
-0.94784
-0.9431
-0.94598
-0.94756
-0.94676
-0.94792
-0.94672
-0.9468
-0.9455
-0.94532
-0.94662
-0.94674
-0.9433
-0.94414
-0.94334
-0.94556
-0.9473
-0.94702
-0.9442
-0.94756
-0.94402
-0.9427
-0.94398
-0.94556
-0.94756
-0.94494
-0.94404
-0.94406
-0.94366
-0.94622
-0.94666
-0.94566
-0.94836
-0.94494
-0.9468
-0.94812
-0.9493
-0.94688
-0.94676
-0.94836
-0.94758
-0.94772
-0.94642
-0.94712
-0.94612
-0.94544
-0.94504
-0.94624
-0.94482
-0.94524
-0.9473
-0.94722
-0.94496
-0.9443
-0.94876
-0.94416
-0.94706
-0.9473
-0.94736
-0.94544
-0.94616
-0.94844
-0.94486
-0.9466
-0.94678
-0.9459
-0.94674
-0.94702
-0.94688
-0.94896
-0.95026
-0.94572
-0.94528
-0.9484
-0.94674
-0.94354
-0.94556
-0.94818
-0.94648
-0.94506
-0.94468
-0.94596
-0.94332
-0.94746
-0.94878
-0.94594
-0.94576
-0.94602
-0.94634
-0.94532
-0.94368
-0.9455
-0.94672
-0.9454
-0.94716
-0.94524
-0.94862
-0.94512
-0.94704
-0.94892
-0.94386
-0.94978
-0.94684
-0.94608
-0.94592
-0.94386
-0.94922
-0.94658
-0.94862
-0.94694
-0.94532
-0.94644
-0.94854
-0.9482
-0.94674
-0.94542
-0.94702
-0.94802
-0.9482
-0.94598
-0.94838
-0.9468
-0.94498
-0.94496
-0.9462
-0.94722
-0.9453
-0.94584
-0.94794
-0.94636
-0.94802
-0.94416
-0.9475
-0.94382
-0.94536
-0.94604
-0.94706
-0.94674
-0.94922
-0.94722
-0.94812
-0.94482
-0.94806
-0.94692
-0.94508
-0.94822
-0.947
-0.94448
-0.9451
-0.94726
-0.94732
-0.9473
-0.94686
-0.94594
-0.94488
-0.95146
-0.94692
-0.94638
-0.9459
-0.9485
-0.9501
-0.94558
-0.94904
-0.94476
-0.94382
-0.94326
-0.94552
-0.94922
-0.94708
-0.944
-0.94498
-0.9444
-0.94804
-0.94576
-0.94422
-0.94846
-0.947
-0.94838
-0.9473
-0.9497
-0.94774
-0.94554
-0.94484
-0.9487
-0.94526
-0.94712
-0.94798
-0.94718
-0.9506
-0.94558
-0.94888
-0.9476
-0.94564
-0.94724
-0.94576
-0.94726
-0.94532
-0.94736
-0.94712
-0.94688
-0.94794
-0.94856
-0.94586
-0.9494
-0.94606
-0.9488
-0.94758
-0.94678
-0.9484
-0.94638
-0.94862
-0.94704
-0.9481
-0.94612
-0.94644
-0.94898
-0.94852
-0.94588
-0.94278
-0.94952
-0.95018
-0.9478
-0.94496
-0.94678
-0.9503
-0.9473
-0.9457
-0.94566
-0.94546
-0.94788
-0.94498
-0.94962
-0.94652
-0.94956
-0.94566
-0.94642
-0.94668
-0.94682
-0.9487
-0.94664
-0.94658
-0.94642
-0.94958
-0.94434
-0.94746
-0.94606
-0.94688
-0.9479
-0.94332
-0.9466
-0.94694
-0.94712
-0.94738
-0.9488
-0.94658
-0.94688
-0.94474
-0.9479
-0.94722
-0.9443
-0.94336
-0.94502
-0.9449
-0.9447
-0.94644
-0.94618
-0.94872
-0.9496
-0.94766
-0.94842
-0.94888
-0.94732
-0.94668
-0.94546
-0.94558
-0.94382
-0.94812
-0.94616
-0.94976
-0.94908
-0.94576
-0.94742
-0.9482
-0.94726
-0.94568
-0.94672
-0.94536
-0.94766
-0.94742
-0.94324
-0.9462
-0.94672
-0.94936
-0.94488
-0.94532
-0.949
-0.94754
-0.94686
-0.9472
-0.94594
-0.94704
-0.94694
-0.94824
-0.9466
-0.94622
-0.94552
-0.94786
-0.94696
-0.94904
-0.94848
-0.94776
-0.94788
-0.9458
-0.94744
-0.94572
-0.94646
-0.94802
-0.94994
-0.9483
-0.94792
-0.94854
-0.9468
-0.945
-0.94274
-0.94474
-0.95052
-0.94562
-0.9469
-0.94498
-0.94584
-0.94566
-0.9457
-0.94466
-0.94744
-0.95022
-0.94624
-0.9451
-0.94668
-0.94484
-0.94554
-0.94178
-0.94538
-0.94624
-0.94594
-0.94422
-0.942
-0.94606
-0.9462
-0.94722
-0.94564
-0.94652
-0.9474
-0.94806
-0.94784
-0.94502
-0.94452
-0.94256
-0.94518
-0.9477
-0.94546
-0.94558
-0.94626
-0.94674
-0.94486
-0.94634
-0.9464
-0.94366
-0.94614
-0.94712
-0.94588
-0.94732
-0.94552
-0.94316
-0.94744
-0.94764
-0.9464
-0.94314
-0.94588
-0.94508
-0.94754
-0.94768
-0.94708
-0.94468
-0.9474
-0.94574
-0.94776
-0.94586
-0.94776
-0.94522
-0.94706
-0.9467
-0.94692
-0.94688
-0.9484
-0.94684
-0.9453
-0.94506
-0.94854
-0.94432
-0.94846
-0.94668
-0.94514
-0.94488
-0.95108
-0.94462
-0.94478
-0.94656
-0.94498
-0.94584
-0.94366
-0.94612
-0.94664
-0.94562
-0.94808
-0.94522
-0.94792
-0.94792
-0.94508
-0.9473
-0.94642
-0.94856
-0.94868
-0.94868
-0.9479
-0.947
-0.9506
-0.94902
-0.947
-0.94768
-0.9464
-0.94484
-0.9442
-0.9471
-0.94778
-0.94834
-0.94182
-0.94676
-0.94524
-0.9491
-0.94582
-0.9495
-0.94906
-0.94544
-0.94686
-0.9467
-0.94592
-0.94802
-0.94764
-0.9491
-0.94604
-0.94696
-0.94806
-0.94508
-0.9463
-0.94546
-0.94506
-0.948
-0.94484
-0.94544
-0.94664
-0.94714
-0.9474
-0.94636
-0.94732
-0.94418
-0.9443
-0.94638
-0.94602
-0.94522
-0.94762
-0.94522
-0.94744
-0.94704
-0.94488
-0.94566
-0.94672
-0.94542
-0.94798
-0.95006
-0.9457
-0.94456
-0.94782
-0.94822
-0.94706
-0.94604
-0.94806
-0.9474
-0.94666
-0.9455
-0.94346
-0.94672
-0.94794
-0.94418
-0.94616
-0.94804
-0.94532
-0.94322
-0.94594
-0.9451
-0.94682
-0.94692
-0.94412
-0.9463
-0.94664
-0.94634
-0.94334
-0.9472
-0.94914
-0.94656
-0.94838
-0.9471
-0.94536
-0.9465
-0.94936
-0.94952
-0.94636
-0.94998
-0.94884
-0.94606
-0.94648
-0.94572
-0.94582
-0.94758
-0.94708
-0.94722
-0.94642
-0.94632
-0.9442
-0.94526
-0.94838
-0.94518
-0.94614
-0.94654
-0.94666
-0.94718
-0.9483
-0.94734
-0.94598
-0.94398
-0.94754
-0.94738
-0.94662
-0.94408
-0.94594
-0.94386
-0.9433
-0.94644
-0.94732
-0.94596
-0.94392
-0.94898
-0.94464
-0.9453
-0.94654
-0.94654
-0.94462
-0.94774
-0.94416
-0.94662
-0.947
-0.94576
-0.94476
-0.94622
-0.95048
-0.94694
-0.94632
-0.94504
-0.94592
-0.9484
-0.9472
-0.9464
-0.94482
-0.94726
-0.94766
-0.94746
-0.94752
-0.94626
-0.94618
-0.94626
-0.94586
-0.94686
-0.94646
-0.9471
-0.94554
-0.94688
-0.94668
-0.94518
-0.94652
-0.94514
-0.94554
-0.9453
-0.94772
-0.94436
-0.94742
-0.94916
-0.94676
-0.94582
-0.94654
-0.94628
-0.94594
-0.94728
-0.94574
-0.9459
-0.9452
-0.9463
-0.94652
-0.9485
-0.95002
-0.94878
-0.94672
-0.94618
-0.94872
-0.94458
-0.94606
-0.9444
-0.94704
-0.94776
-0.94666
-0.94838
-0.9475
-0.9443
-0.9464
-0.94652
-0.94774
-0.94736
-0.94606
-0.9464
-0.94646
-0.94722
-0.9458
-0.94578
-0.94908
-0.94688
-0.94098
-0.9446
-0.9456
-0.9466
-0.94848
-0.94762
-0.94672
-0.94566
-0.94272
-0.94764
-0.94488
-0.94768
-0.94416
-0.94686
-0.94488
-0.9483
-0.94786
-0.94512
-0.9476
-0.94722
-0.94616
-0.94706
-0.94724
-0.94622
-0.9465
-0.94742
-0.94522
-0.94578
-0.94682
-0.94612
-0.9458
-0.94492
-0.9463
-0.94638
-0.94792
-0.9449
-0.94678
-0.94652
-0.94678
-0.94436
-0.94684
-0.94658
-0.94472
-0.94684
-0.94456
-0.94752
-0.94696
-0.94668
-0.9476
-0.94706
-0.9461
-0.94708
-0.94894
-0.94564
-0.94602
-0.94702
-0.94678
-0.94532
-0.94414
-0.94846
-0.94622
-0.9482
-0.94756
-0.9484
-0.9495
-0.94658
-0.94474
-0.94396
-0.94626
-0.94634
-0.9469
-0.94752
-0.94768
-0.94778
-0.9473
-0.9463
-0.947
-0.94502
-0.94792
-0.94672
-0.94766
-0.94592
-0.94744
-0.94514
-0.94918
-0.9458
-0.94924
-0.95034
-0.949
-0.94428
-0.94686
-0.9448
-0.9447
-0.94542
-0.94914
-0.94438
-0.94716
-0.94812
-0.94544
-0.9483
-0.94522
-0.94766
-0.94798
-0.94742
-0.94438
-0.94786
-0.94834
-0.94458
-0.94634
-0.94676
-0.94668
-0.94834
-0.94686
-0.9471
-0.9457
-0.9489
-0.94638
-0.94836
-0.94928
-0.94776
-0.94674
-0.944
-0.94508
-0.9471
-0.94938
-0.94686
-0.94826
-0.94778
-0.94544
-0.94514
-0.94632
-0.94952
-0.94748
-0.9471
-0.94924
-0.94338
-0.9465
-0.94448
-0.94446
-0.94594
-0.94586
-0.94368
-0.94342
-0.94496
-0.94644
-0.947
-0.94452
-0.94568
-0.94554
-0.9459
-0.94828
-0.94914
-0.94298
-0.94724
-0.94882
-0.94724
-0.94636
-0.94922
-0.94752
-0.94434
-0.94384
-0.94306
-0.94792
-0.94638
-0.94444
-0.94416
-0.94718
-0.94478
-0.9451
-0.94908
-0.94766
-0.94396
-0.94654
-0.9441
-0.94678
-0.9468
-0.94722
-0.94848
-0.9467
-0.94672
-0.94376
-0.94636
-0.94606
-0.94732
-0.94834
-0.94564
-0.9449
-0.94844
-0.94778
-0.946
-0.9491
-0.94624
-0.94444
-0.94638
-0.94622
-0.94514
-0.94414
-0.94232
-0.9475
-0.9454
-0.9437
-0.94594
-0.94782
-0.94614
-0.9486
-0.94592
-0.94744
-0.94476
-0.94708
-0.94664
-0.94528
-0.94552
-0.9446
-0.94684
-0.94576
-0.94486
-0.9456
-0.94422
-0.9462
-0.94618
-0.9493
-0.94578
-0.94708
-0.94658
-0.94636
-0.94612
-0.94412
-0.94652
-0.94802
-0.94606
-0.94728
-0.9465
-0.94646
-0.94964
-0.94724
-0.94662
-0.94478
-0.94794
-0.94552
-0.94802
-0.94524
-0.94634
-0.94662
-0.94858
-0.94954
-0.94732
-0.94768
-0.94536
-0.94742
-0.9468
-0.94616
-0.94624
-0.94544
-0.94458
-0.9446
-0.9454
-0.9457
-0.9451
-0.947
-0.94626
-0.94526
-0.94618
-0.94526
-0.94466
-0.9453
-0.94782
-0.94448
-0.94674
-0.94844
-0.94578
-0.9481
-0.94796
-0.94548
-0.94612
-0.94194
-0.94432
-0.94654
-0.94432
-0.94854
-0.94508
-0.94574
-0.94328
-0.94734
-0.94786
-0.94394
-0.94654
-0.94416
-0.94534
-0.94284
-0.94442
-0.9454
-0.94718
-0.94944
-0.94586
-0.9455
-0.9497
-0.9475
-0.9448
-0.94894
-0.94668
-0.94438
-0.9459
-0.94648
-0.94686
-0.94688
-0.94682
-0.9449
-0.94894
-0.9466
-0.94872
-0.94514
-0.94474
-0.94608
-0.94868
-0.94628
-0.9472
-0.94476
-0.94788
-0.94574
-0.94786
-0.94606
-0.94844
-0.94694
-0.9459
-0.94772
-0.94982
-0.94398
-0.9455
-0.9474
-0.945
-0.9483
-0.94658
-0.94938
-0.94622
-0.94962
-0.94566
-0.94756
-0.94594
-0.94572
-0.94726
-0.95062
-0.94778
-0.9467
-0.94654
-0.94746
-0.9499
-0.94562
-0.9468
-0.9459
-0.94872
-0.94874
-0.94528
-0.94558
-0.94554
-0.94358
-0.94444
-0.94716
-0.9456
-0.94906
-0.94582
-0.9487
-0.94392
-0.94554
-0.94334
-0.94366
-0.94542
-0.94686
-0.94748
-0.94782
-0.94754
-0.94766
-0.94524
-0.94704
-0.94448
-0.94716
-0.9454
-0.94714
-0.94506
-0.94688
-0.94992
-0.94786
-0.9456
-0.94722
-0.9443
-0.9454
-0.94782
-0.95016
-0.94564
-0.9452
-0.94398
-0.9474
-0.94284
-0.94622
-0.94402
-0.94742
-0.94814
-0.9473
-0.94826
-0.9458
-0.94748
-0.9452
-0.94622
-0.9477
-0.9456
-0.94714
-0.94668
-0.94874
-0.94778
-0.94638
-0.9491
-0.94658
-0.94728
-0.94444
-0.94884
-0.9454
-0.94512
-0.94574
-0.94908
-0.9477
-0.9454
-0.94698
-0.94658
-0.94702
-0.94718
-0.94566
-0.94356
-0.94498
-0.94622
-0.9476
-0.94666
-0.94546
-0.94714
-0.94368
-0.948
-0.94486
-0.94738
-0.9412
-0.94816
-0.94552
-0.94666
-0.9465
-0.94646
-0.94564
-0.94652
-0.94646
-0.94672
-0.94522
-0.94578
-0.94544
-0.9457
-0.94638
-0.9452
-0.94666
-0.94822
-0.94666
-0.94904
-0.94788
-0.9474
-0.94652
-0.94404
-0.94574
-0.94454
-0.9471
-0.94466
-0.94574
-0.94948
-0.94652
-0.94776
-0.94712
-0.94508
-0.9457
-0.94582
-0.94698
-0.94664
-0.94854
-0.94858
-0.94788
-0.94632
-0.94554
-0.94824
-0.9461
-0.94652
-0.94786
-0.94526
-0.94602
-0.94796
-0.94668
-0.9483
-0.94256
-0.94828
-0.94758
-0.94422
-0.94616
-0.94672
-0.94492
-0.94668
-0.94552
-0.94572
-0.94554
-0.94644
-0.94488
-0.94458
-0.94778
-0.94642
-0.9473
-0.94722
-0.9489
-0.94676
-0.9436
-0.94576
-0.94598
-0.9484
-0.94764
-0.94652
-0.94468
-0.94618
-0.9455
-0.94536
-0.94568
-0.94542
-0.94476
-0.94518
-0.94472
-0.9468
-0.94882
-0.94788
-0.94578
-0.9468
-0.94742
-0.9464
-0.94718
-0.94486
-0.94636
-0.94756
-0.94738
-0.94964
-0.94742
-0.94642
-0.94766
-0.94576
-0.94502
-0.9458
-0.95052
-0.94626
-0.9453
-0.94672
-0.94554
-0.94584
-0.94654
-0.9467
-0.94814
-0.9449
-0.9465
-0.94696
-0.94868
-0.9471
-0.94462
-0.94584
-0.94452
-0.94528
-0.94478
-0.945
-0.94632
-0.9475
-0.9427
-0.94546
-0.94678
-0.94864
-0.94574
-0.94606
-0.94772
-0.94594
-0.94792
-0.94324
-0.94686
-0.94452
-0.94542
-0.9461
-0.94578
-0.94404
-0.94804
-0.94858
-0.94602
-0.94522
-0.94608
-0.94506
-0.94646
-0.9437
-0.94594
-0.9453
-0.94812
-0.94628
-0.94726
-0.9478
-0.94562
-0.9475
-0.94828
-0.94562
-0.94734
-0.94584
-0.94874
-0.94836
-0.95022
-0.94556
-0.9449
-0.94638
-0.9461
-0.94576
-0.9435
-0.94494
-0.94708
-0.94734
-0.9466
-0.94722
-0.94812
-0.9462
-0.9456
-0.94548
-0.94642
-0.94924
-0.9458
-0.9443
-0.94494
-0.94708
-0.94306
-0.94696
-0.94864
-0.94652
-0.94754
-0.94664
-0.94468
-0.94472
-0.9441
-0.9457
-0.94384
-0.94772
-0.94728
-0.94544
-0.94542
-0.94686
-0.94824
-0.94846
-0.94598
-0.948
-0.95094
-0.94598
-0.9483
-0.9451
-0.94512
-0.94546
-0.9472
-0.94678
-0.94588
-0.94728
-0.94752
-0.94746
-0.94616
-0.94768
-0.94548
-0.94566
-0.94314
-0.94652
-0.94506
-0.94798
-0.94762
-0.94854
-0.94502
-0.94294
-0.94336
-0.94514
-0.94812
-0.94896
-0.94542
-0.94508
-0.94374
-0.94514
-0.94522
-0.94448
-0.94808
-0.94786
-0.94552
-0.9464
-0.94676
-0.94416
-0.94556
-0.94534
-0.94822
-0.94494
-0.94684
-0.94702
-0.94792
-0.94584
-0.94794
-0.94816
-0.94436
-0.94402
-0.94636
-0.94664
-0.94628
-0.9437
-0.94842
-0.94562
-0.94314
-0.94304
-0.946
-0.94588
-0.94822
-0.94754
-0.94404
-0.94612
-0.94804
-0.94578
-0.94576
-0.9435
-0.9478
-0.94416
-0.94566
-0.94688
-0.9449
-0.94706
-0.94806
-0.94606
-0.94358
-0.94494
-0.94542
-0.9471
-0.94964
-0.94432
-0.9474
-0.94654
-0.94706
