-0.9814
-0.98246
-0.9829
-0.98232
-0.98118
-0.98274
-0.98168
-0.98146
-0.98282
-0.9826
-0.9818
-0.98266
-0.9825
-0.98204
-0.98112
-0.98294
-0.98166
-0.98154
-0.98252
-0.98228
-0.98218
-0.98198
-0.98104
-0.98198
-0.98224
-0.9822
-0.98212
-0.98232
-0.98144
-0.98204
-0.98244
-0.98092
-0.98112
-0.98164
-0.98168
-0.98222
-0.98184
-0.98164
-0.98274
-0.98232
-0.98154
-0.98188
-0.98208
-0.98234
-0.9823
-0.98248
-0.98214
-0.98276
-0.9813
-0.9807
-0.98276
-0.98178
-0.98272
-0.98346
-0.98334
-0.98254
-0.9825
-0.9819
-0.98138
-0.98238
-0.98278
-0.9819
-0.98212
-0.98204
-0.98232
-0.98042
-0.98242
-0.98192
-0.98266
-0.98246
-0.98302
-0.98306
-0.98216
-0.98252
-0.98098
-0.98258
-0.98208
-0.98246
-0.98166
-0.98222
-0.98194
-0.9817
-0.9821
-0.98102
-0.98204
-0.98226
-0.98342
-0.98198
-0.98244
-0.98254
-0.98226
-0.98304
-0.9833
-0.98142
-0.98144
-0.98226
-0.98358
-0.98142
-0.9821
-0.983
-0.9825
-0.98194
-0.98288
-0.98236
-0.98152
-0.98228
-0.98084
-0.98184
-0.98152
-0.98092
-0.98124
-0.98114
-0.98142
-0.98216
-0.98196
-0.98204
-0.9823
-0.98242
-0.98106
-0.98056
-0.98236
-0.98192
-0.98194
-0.98166
-0.98274
-0.98088
-0.9817
-0.98064
-0.98172
-0.98112
-0.98354
-0.9821
-0.9822
-0.9817
-0.98128
-0.98192
-0.98196
-0.98242
-0.98188
-0.9829
-0.98146
-0.98248
-0.9818
-0.98212
-0.98302
-0.98224
-0.9829
-0.98186
-0.98164
-0.98236
-0.9831
-0.98168
-0.98146
-0.98236
-0.98168
-0.98174
-0.98244
-0.9811
-0.9834
-0.98302
-0.98218
-0.98254
-0.98244
-0.98108
-0.98152
-0.98272
-0.9824
-0.98218
-0.98156
-0.9814
-0.9827
-0.98222
-0.98228
-0.98214
-0.9812
-0.9827
-0.9828
-0.98154
-0.9831
-0.98304
-0.98226
-0.98316
-0.98148
-0.98142
-0.98222
-0.98148
-0.98378
-0.98142
-0.98208
-0.98216
-0.98188
-0.98194
-0.98284
-0.98076
-0.9824
-0.98212
-0.9823
-0.9823
-0.98192
-0.98236
-0.98182
-0.98242
-0.98308
-0.9818
-0.98148
-0.98206
-0.98292
-0.98156
-0.9817
-0.98304
-0.98202
-0.98266
-0.98202
-0.98248
-0.98202
-0.98122
-0.98214
-0.9824
-0.9813
-0.98168
-0.98192
-0.9823
-0.98158
-0.9823
-0.98108
-0.98158
-0.98102
-0.98238
-0.98212
-0.98218
-0.9822
-0.98216
-0.9808
-0.9836
-0.98366
-0.9817
-0.98178
-0.98242
-0.9815
-0.98284
-0.98042
-0.98264
-0.98214
-0.98298
-0.98348
-0.98184
-0.98254
-0.98108
-0.98144
-0.98156
-0.98328
-0.982
-0.98056
-0.98234
-0.98106
-0.98232
-0.98138
-0.98224
-0.982
-0.98346
-0.98216
-0.9826
-0.9831
-0.98254
-0.98152
-0.98314
-0.9827
-0.98242
-0.98186
-0.98222
-0.98328
-0.98262
-0.9826
-0.9829
-0.98154
-0.98214
-0.98098
-0.98144
-0.98246
-0.98192
-0.98316
-0.98178
-0.9809
-0.98238
-0.9825
-0.9822
-0.98152
-0.98244
-0.98298
-0.98158
-0.98226
-0.98216
-0.98292
-0.9826
-0.98282
-0.98282
-0.98254
-0.98222
-0.9821
-0.9822
-0.9816
-0.9834
-0.9821
-0.98182
-0.982
-0.97986
-0.98206
-0.98342
-0.98196
-0.982
-0.9819
-0.9829
-0.9815
-0.9824
-0.98158
-0.98178
-0.98206
-0.9831
-0.98224
-0.98256
-0.98296
-0.98152
-0.98142
-0.98324
-0.98132
-0.9811
-0.98182
-0.98198
-0.98242
-0.98104
-0.98114
-0.98218
-0.9821
-0.9817
-0.98222
-0.9817
-0.98176
-0.98056
-0.9812
-0.98224
-0.98194
-0.98084
-0.98132
-0.98192
-0.98232
-0.98186
-0.98246
-0.98048
-0.98158
-0.98242
-0.9824
-0.98208
-0.98156
-0.98272
-0.98236
-0.98176
-0.98112
-0.98122
-0.98182
-0.98282
-0.98222
-0.98148
-0.98252
-0.98214
-0.9814
-0.98328
-0.98208
-0.98196
-0.98096
-0.98172
-0.98192
-0.98256
-0.9837
-0.98026
-0.98226
-0.98132
-0.98298
-0.9813
-0.98196
-0.98322
-0.98264
-0.98218
-0.98206
-0.98144
-0.98284
-0.9817
-0.98322
-0.98218
-0.98172
-0.98102
-0.98232
-0.98288
-0.98244
-0.98262
-0.9826
-0.98216
-0.98162
-0.98182
-0.98202
-0.9817
-0.98182
-0.98192
-0.98146
-0.98294
-0.9823
-0.98254
-0.98326
-0.98154
-0.98328
-0.98182
-0.98186
-0.98178
-0.9825
-0.98164
-0.98248
-0.98184
-0.98186
-0.98228
-0.98248
-0.9805
-0.9825
-0.9828
-0.98072
-0.98298
-0.98172
-0.98158
-0.9827
-0.98214
-0.98208
-0.9807
-0.98172
-0.98124
-0.9828
-0.98292
-0.98244
-0.98348
-0.98174
-0.98332
-0.98172
-0.98198
-0.98252
-0.98132
-0.98244
-0.98176
-0.98282
-0.98136
-0.98134
-0.9818
-0.98208
-0.98184
-0.98236
-0.98088
-0.98208
-0.98184
-0.98096
-0.98284
-0.98272
-0.98332
-0.98212
-0.98188
-0.98112
-0.9831
-0.98266
-0.98244
-0.98232
-0.98142
-0.9808
-0.98254
-0.98192
-0.98242
-0.98208
-0.98268
-0.98134
-0.9823
-0.98136
-0.98342
-0.9816
-0.98258
-0.984
-0.98118
-0.98178
-0.98204
-0.98244
-0.98294
-0.98226
-0.98118
-0.98286
-0.98192
-0.98216
-0.98148
-0.98116
-0.98268
-0.98248
-0.98224
-0.98162
-0.98102
-0.9836
-0.98168
-0.9816
-0.98214
-0.98178
-0.9825
-0.98202
-0.98234
-0.9817
-0.98076
-0.98294
-0.98058
-0.9827
-0.98202
-0.98184
-0.98128
-0.98186
-0.98192
-0.98224
-0.98266
-0.98176
-0.98118
-0.98218
-0.98202
-0.9834
-0.9814
-0.98172
-0.98152
-0.98204
-0.98154
-0.9818
-0.98156
-0.981
-0.98214
-0.98146
-0.98208
-0.98176
-0.98174
-0.9833
-0.98224
-0.98194
-0.98174
-0.98338
-0.98198
-0.9826
-0.9817
-0.98236
-0.98092
-0.98254
-0.98172
-0.98114
-0.98202
-0.98134
-0.98214
-0.98162
-0.98232
-0.98248
-0.98184
-0.98258
-0.98218
-0.9818
-0.98338
-0.98184
-0.9824
-0.9817
-0.98238
-0.98106
-0.98174
-0.9816
-0.98242
-0.98282
-0.98206
-0.9821
-0.9823
-0.98174
-0.98268
-0.983
-0.98274
-0.9808
-0.98232
-0.9818
-0.98114
-0.98182
-0.98114
-0.98354
-0.9811
-0.9821
-0.9826
-0.98348
-0.98196
-0.98304
-0.9821
-0.98234
-0.98242
-0.9829
-0.98166
-0.98238
-0.98166
-0.98234
-0.98286
-0.98132
-0.983
-0.98176
-0.9816
-0.98264
-0.98162
-0.98176
-0.98246
-0.98214
-0.98144
-0.98198
-0.9817
-0.982
-0.98118
-0.98132
-0.98238
-0.9844
-0.98162
-0.98336
-0.9822
-0.98248
-0.9824
-0.98268
-0.982
-0.98118
-0.9822
-0.98248
-0.98262
-0.98156
-0.98302
-0.9815
-0.98208
-0.98156
-0.98278
-0.98294
-0.98208
-0.9824
-0.98172
-0.98182
-0.98224
-0.98238
-0.98218
-0.98202
-0.98192
-0.98238
-0.98206
-0.9832
-0.98294
-0.98272
-0.98324
-0.98102
-0.98174
-0.98172
-0.98192
-0.98184
-0.98204
-0.98102
-0.98114
-0.98264
-0.98332
-0.98248
-0.98294
-0.98266
-0.9817
-0.98178
-0.98172
-0.98216
-0.9827
-0.98326
-0.98112
-0.98302
-0.98108
-0.98308
-0.98102
-0.98192
-0.98116
-0.98126
-0.98138
-0.98196
-0.98162
-0.98264
-0.98236
-0.98114
-0.98126
-0.9826
-0.98378
-0.98152
-0.98312
-0.98156
-0.98262
-0.98298
-0.9824
-0.98178
-0.98286
-0.98156
-0.98102
-0.98242
-0.98214
-0.98222
-0.98202
-0.98186
-0.98284
-0.98208
-0.98226
-0.98334
-0.98102
-0.98282
-0.98306
-0.98106
-0.9824
-0.98204
-0.98078
-0.98138
-0.98254
-0.98208
-0.98194
-0.98226
-0.98336
-0.9817
-0.98188
-0.98196
-0.98202
-0.98176
-0.9813
-0.98202
-0.98136
-0.98138
-0.98134
-0.98142
-0.9824
-0.9821
-0.98178
-0.98214
-0.98328
-0.98244
-0.98186
-0.9825
-0.98186
-0.98126
-0.98238
-0.98184
-0.98242
-0.98144
-0.98232
-0.98132
-0.98152
-0.98124
-0.98132
-0.9816
-0.98236
-0.98172
-0.98204
-0.9809
-0.98158
-0.9822
-0.98098
-0.98206
-0.98262
-0.98092
-0.98226
-0.981
-0.98244
-0.98264
-0.98262
-0.98212
-0.9826
-0.98186
-0.98234
-0.98128
-0.9836
-0.98118
-0.98128
-0.98206
-0.98374
-0.98258
-0.9833
-0.98176
-0.9815
-0.98232
-0.9833
-0.98296
-0.98048
-0.98152
-0.98314
-0.98132
-0.98184
-0.98238
-0.98176
-0.98206
-0.98156
-0.98058
-0.98124
-0.98154
-0.98282
-0.98252
-0.98202
-0.98112
-0.98094
-0.9823
-0.98164
-0.98288
-0.9813
-0.98224
-0.98206
-0.98208
-0.98278
-0.98226
-0.98218
-0.98226
-0.98152
-0.98312
-0.9833
-0.98154
-0.98074
-0.9818
-0.98192
-0.98188
-0.9825
-0.98276
-0.9827
-0.98282
-0.98206
-0.98242
-0.98202
-0.98212
-0.98182
-0.98246
-0.98174
-0.98174
-0.98384
-0.98132
-0.98202
-0.98058
-0.98224
-0.98128
-0.98174
-0.9814
-0.98198
-0.9826
-0.98216
-0.98198
-0.98244
-0.98288
-0.98348
-0.98254
-0.9825
-0.98108
-0.98176
-0.98118
-0.98274
-0.9822
-0.98248
-0.98176
-0.98056
-0.98182
-0.98332
-0.98224
-0.98296
-0.98142
-0.98132
-0.98162
-0.98282
-0.98294
-0.98142
-0.98178
-0.98196
-0.98208
-0.98162
-0.98094
-0.9829
-0.98106
-0.9813
-0.98226
-0.98192
-0.98252
-0.98282
-0.98302
-0.9824
-0.9827
-0.98308
-0.98134
-0.98252
-0.98296
-0.98224
-0.98194
-0.98124
-0.98218
-0.98136
-0.98044
-0.98212
-0.98202
-0.98188
-0.98128
-0.98192
-0.9809
-0.98304
-0.98402
-0.98138
-0.98124
-0.98234
-0.9819
-0.98184
-0.98212
-0.98208
-0.982
-0.9825
-0.9817
-0.98242
-0.98306
-0.98194
-0.98402
-0.98258
-0.98228
-0.98088
-0.98158
-0.98264
-0.98154
-0.98308
-0.98314
-0.98226
-0.98242
-0.98266
-0.98022
-0.981
-0.98282
-0.98076
-0.98266
-0.98086
-0.98192
-0.9813
-0.98256
-0.98132
-0.98212
-0.982
-0.98228
-0.98266
-0.98226
-0.9819
-0.9814
-0.9816
-0.98196
-0.98176
-0.98132
-0.98374
-0.9823
-0.98344
-0.98298
-0.98368
-0.9814
-0.98228
-0.98174
-0.98348
-0.98316
-0.98296
-0.9832
-0.98192
-0.98174
-0.98134
-0.982
-0.98284
-0.98282
-0.9818
-0.9828
-0.98186
-0.98182
-0.98116
-0.98314
-0.98256
-0.98354
-0.98206
-0.98124
-0.98206
-0.98194
-0.98032
-0.9815
-0.98146
-0.98188
-0.98168
-0.98228
-0.98276
-0.98218
-0.98264
-0.98104
-0.98234
-0.98154
-0.98108
-0.98162
-0.98096
-0.9829
-0.98144
-0.98192
-0.98172
-0.98278
-0.98146
-0.98234
-0.9817
-0.9832
-0.98258
-0.98172
-0.98218
-0.9825
-0.98272
-0.98088
-0.9817
-0.98188
-0.98226
-0.98174
-0.98246
-0.98226
-0.98182
-0.98144
-0.98276
-0.98192
-0.98172
-0.98228
-0.98136
-0.9824
-0.98214
-0.98184
-0.98106
-0.98266
-0.98262
-0.98132
-0.98268
-0.9819
-0.98204
-0.9828
-0.981
-0.98358
-0.98304
-0.98232
-0.98316
-0.98218
-0.98208
-0.98178
-0.9835
-0.98216
-0.98216
-0.9806
-0.98202
-0.98224
-0.98148
-0.98224
-0.9821
-0.98134
-0.98144
-0.98236
-0.98036
-0.98126
-0.98184
-0.98106
-0.98276
-0.98226
-0.98284
-0.98228
-0.98276
-0.98178
-0.9819
-0.98296
-0.98298
-0.98258
-0.98246
-0.98148
-0.98244
-0.98248
-0.98146
-0.9819
-0.9797
-0.98268
-0.98334
-0.98134
-0.98258
-0.98272
-0.98134
-0.98248
-0.982
-0.98144
-0.9815
-0.98168
-0.98264
-0.98222
-0.98086
-0.98228
-0.98238
-0.98282
-0.98172
-0.98268
-0.9824
-0.98296
-0.98064
-0.98172
-0.98298
-0.98216
-0.98174
-0.98154
-0.98292
-0.98312
-0.98194
-0.98284
-0.982
-0.98226
-0.98144
-0.98142
-0.98208
-0.98256
-0.98142
-0.98296
-0.98142
-0.9815
-0.98322
-0.9825
-0.98186
-0.98368
-0.98216
-0.98328
-0.98208
-0.9811
-0.98272
-0.9825
-0.98192
-0.98128
-0.98224
-0.98162
-0.9821
-0.98286
-0.98124
-0.98198
-0.98314
-0.98148
-0.98284
-0.98142
-0.98206
-0.98374
-0.98066
-0.9817
-0.98132
-0.98286
-0.98164
-0.98248
-0.98196
-0.9821
-0.98138
-0.98158
-0.98278
-0.98272
-0.98162
-0.98208
-0.98164
-0.98294
-0.98148
-0.98244
-0.98368
-0.98184
-0.98116
-0.9813
-0.98388
-0.98212
-0.98202
-0.9816
-0.98122
-0.98116
-0.98228
-0.98214
-0.98238
-0.9814
-0.98182
-0.98172
-0.98208
-0.98284
-0.98276
-0.98112
-0.9817
-0.98174
-0.98202
-0.98118
-0.98084
-0.98254
-0.98174
-0.98274
-0.98216
-0.9813
-0.98136
-0.98294
-0.9815
-0.98318
-0.98166
-0.98132
-0.98272
-0.98298
-0.9826
-0.98166
-0.98238
-0.98224
-0.98142
-0.98256
-0.98222
-0.9815
-0.98102
-0.98178
-0.9824
-0.9817
-0.9827
-0.98124
-0.98222
-0.98218
-0.981
-0.98208
-0.98036
-0.98262
-0.98246
-0.98192
-0.98258
-0.98244
-0.98242
-0.98234
-0.98172
-0.98094
-0.98378
-0.98196
-0.98228
-0.9806
-0.98196
-0.98222
-0.98226
-0.98238
-0.98192
-0.98188
-0.98212
-0.98186
-0.982
-0.98102
-0.9821
-0.98152
-0.98304
-0.98142
-0.98206
-0.98128
-0.98132
-0.98126
-0.98306
-0.98074
-0.98258
-0.98084
-0.98292
-0.98268
-0.9817
-0.98166
-0.98252
-0.98182
-0.98222
-0.98186
-0.98188
-0.9825
-0.98248
-0.98206
-0.98146
-0.98186
-0.98056
-0.98286
-0.98244
-0.98308
-0.9823
-0.98134
-0.98102
-0.98176
-0.98242
-0.98304
-0.98328
-0.9809
-0.98066
-0.98192
-0.9825
-0.98186
-0.98198
-0.98138
-0.98206
-0.98236
-0.98274
-0.98234
-0.98212
-0.98158
-0.98112
-0.98312
-0.98238
-0.98092
-0.98174
-0.98344
-0.98322
-0.98328
-0.98168
-0.98248
-0.98186
-0.9813
-0.98214
-0.9834
-0.98178
-0.98252
-0.982
-0.98196
-0.98282
-0.98236
-0.98322
-0.98166
-0.98236
-0.98188
-0.98224
-0.9827
-0.98198
-0.9816
-0.98156
-0.98204
-0.98178
-0.98276
-0.98192
-0.98172
-0.9825
-0.98194
-0.98236
-0.98282
-0.9814
-0.98288
-0.98276
-0.9813
-0.98168
-0.98126
-0.98224
-0.98286
-0.98072
-0.9825
-0.98126
-0.98148
-0.98206
-0.983
-0.98186
-0.98328
-0.98178
-0.98192
-0.98184
-0.9827
-0.98216
-0.98182
-0.98256
-0.98258
-0.9814
-0.98152
-0.98118
-0.98256
-0.98052
-0.9822
-0.98184
-0.98244
-0.98236
-0.98244
-0.98292
-0.98104
-0.98158
-0.9832
-0.98028
-0.98122
-0.98292
-0.98306
-0.98266
-0.98236
-0.98292
-0.98154
-0.98206
-0.98322
-0.98228
-0.9819
-0.98172
-0.9814
-0.98132
-0.9809
-0.98302
-0.9821
-0.98266
-0.98278
-0.98156
-0.98202
-0.9819
-0.98294
-0.98202
-0.9835
-0.98158
-0.9835
-0.98076
-0.9819
-0.98078
-0.98254
-0.9819
-0.98194
-0.98202
-0.98226
-0.98226
-0.98274
-0.98178
-0.98126
-0.98162
-0.98132
-0.98112
-0.98238
-0.98142
-0.98258
-0.98306
-0.98216
-0.9812
-0.98208
-0.98224
-0.98254
-0.98146
-0.9829
-0.98254
-0.98248
-0.9824
-0.98166
-0.98236
-0.9821
-0.98198
-0.98128
-0.98272
-0.9826
-0.9829
-0.98232
-0.98152
-0.98268
-0.9826
-0.98236
-0.9822
-0.9827
-0.9822
-0.98238
-0.98104
-0.9825
-0.98382
-0.98306
-0.98176
-0.9813
-0.98074
-0.98288
-0.9818
-0.9822
-0.98246
-0.98226
-0.98332
-0.98092
-0.98168
-0.98202
-0.98228
-0.98334
-0.98202
-0.98248
-0.98242
-0.98286
-0.9806
-0.98174
-0.98378
-0.98246
-0.9812
-0.98214
-0.98262
-0.98156
-0.98206
-0.98176
-0.98134
-0.98158
-0.98292
-0.98124
-0.98226
-0.98254
-0.9815
-0.98312
-0.98268
-0.98304
-0.98124
-0.98182
-0.98232
-0.9816
-0.98266
-0.98196
-0.98082
-0.98192
-0.9818
-0.9825
-0.98226
-0.98182
-0.98262
-0.98144
-0.9824
-0.98196
-0.98236
-0.98276
-0.98138
-0.98246
-0.98176
-0.98202
-0.98146
-0.98188
-0.9826
-0.98084
-0.98278
-0.98124
-0.98222
-0.9826
-0.98188
-0.9826
-0.98064
-0.98098
-0.98222
-0.98176
-0.9827
-0.98288
-0.98148
-0.98222
-0.98242
-0.98144
-0.98206
-0.9827
-0.98228
-0.983
-0.98084
-0.98044
-0.98152
-0.98224
-0.98298
-0.98194
-0.98248
-0.98092
-0.98206
-0.98212
-0.98132
-0.98226
-0.98346
-0.98266
-0.98176
-0.98238
-0.983
-0.98266
-0.98248
-0.98252
-0.98178
-0.98364
-0.9821
-0.98246
-0.9827
-0.98174
-0.98256
-0.98326
-0.98176
-0.98152
-0.98216
-0.98276
-0.9824
-0.98218
-0.98252
-0.98196
-0.9811
-0.98234
-0.983
-0.98182
-0.98174
-0.9821
-0.98204
-0.98254
-0.98196
-0.98202
-0.98306
-0.98208
-0.98302
-0.98156
-0.9827
-0.98292
-0.98118
-0.98226
-0.98248
-0.98224
-0.98136
-0.9812
-0.98016
-0.9819
-0.98188
-0.98094
-0.98256
-0.9815
-0.98168
-0.98272
-0.983
-0.98246
-0.9815
-0.98266
-0.98244
-0.98138
-0.98186
-0.98194
-0.98164
-0.98318
-0.98086
-0.98066
-0.98354
-0.98146
-0.98296
-0.98198
-0.98264
-0.9834
-0.98064
-0.98236
-0.98146
-0.98164
-0.98126
-0.98184
-0.9827
-0.98234
-0.98076
-0.98178
-0.98302
-0.98296
-0.98218
-0.983
-0.98274
-0.98222
-0.98092
-0.98252
-0.98158
-0.9823
-0.98124
-0.98106
-0.98126
-0.98168
-0.98172
-0.9818
-0.98212
-0.9832
-0.98172
-0.98068
-0.98224
-0.9826
-0.98138
-0.98294
-0.98216
-0.981
-0.98152
-0.98156
-0.98252
-0.9825
-0.98228
-0.9825
-0.98192
-0.98164
-0.9827
-0.98244
-0.98196
-0.98288
-0.98142
-0.98316
-0.98254
-0.98196
-0.98114
-0.98318
-0.98256
-0.98172
-0.98124
-0.98134
-0.98232
-0.98294
-0.98202
-0.98162
-0.98232
-0.98202
-0.98262
-0.98178
-0.98312
-0.9815
-0.98238
-0.98202
-0.98106
-0.9825
-0.98216
-0.98242
-0.98124
-0.98242
-0.98198
-0.98136
-0.98184
-0.98252
-0.98092
-0.98336
-0.98274
-0.98272
-0.98212
-0.98258
-0.98158
-0.98136
-0.98156
-0.98156
-0.98204
-0.98348
-0.98182
-0.98106
-0.98178
-0.98212
-0.98152
-0.98244
-0.98206
-0.98172
-0.98222
-0.98222
-0.98278
-0.9811
-0.98328
-0.98154
-0.9828
-0.98116
-0.98178
-0.98236
-0.98214
-0.9813
-0.98266
-0.98208
-0.98198
-0.98108
-0.9815
-0.98198
-0.982
-0.98142
-0.98252
-0.98312
-0.98268
-0.98222
-0.98182
-0.9815
-0.98272
-0.98302
-0.9823
-0.98176
-0.98314
-0.98262
-0.98264
-0.9819
-0.98202
-0.9814
-0.98196
-0.9813
-0.98258
-0.9809
-0.98272
-0.98244
-0.98274
-0.9811
-0.98162
-0.98104
-0.9818
-0.98222
-0.98276
-0.98266
-0.98188
-0.9828
-0.98138
-0.98164
-0.98226
-0.98148
-0.98068
-0.98256
-0.98118
-0.9824
-0.9823
-0.98148
-0.98276
-0.98216
-0.98142
-0.98362
-0.98266
-0.98282
-0.98206
-0.98184
-0.98216
-0.98316
-0.98152
-0.98198
-0.98124
-0.98198
-0.9827
-0.98068
-0.98248
-0.9817
-0.98118
-0.98138
-0.98194
-0.98234
-0.98086
-0.98282
-0.9825
-0.98218
-0.98282
-0.98136
-0.9824
-0.98302
-0.98124
-0.98328
-0.98296
-0.98166
-0.98242
-0.98272
-0.98162
-0.98252
-0.98184
-0.98258
-0.98204
-0.98168
-0.98182
-0.98142
-0.98078
-0.98182
-0.98304
-0.98334
-0.98194
-0.98264
-0.98302
-0.98162
-0.98226
-0.98318
-0.98298
-0.98206
-0.98208
-0.98178
-0.98188
-0.98236
-0.9826
-0.98228
-0.9819
-0.98238
-0.98194
-0.98268
-0.98142
-0.98166
-0.98176
-0.9807
-0.98288
-0.98356
-0.9817
-0.98232
-0.9821
-0.98184
-0.98218
-0.9832
-0.98112
-0.98112
-0.98286
-0.98304
-0.98272
-0.98248
-0.98272
-0.98122
-0.98118
-0.98104
-0.98262
-0.98236
-0.9826
-0.9825
-0.98252
-0.98268
-0.98186
-0.98162
-0.98312
-0.98178
-0.98142
-0.98288
-0.98284
-0.9823
-0.98262
-0.98114
-0.98256
-0.98158
-0.98112
-0.98196
-0.98224
-0.98256
-0.98238
-0.9825
-0.98162
-0.98328
-0.98222
-0.98198
-0.9821
-0.98132
-0.98136
-0.98284
-0.98246
-0.983
-0.98212
-0.98218
-0.9828
-0.98276
-0.98186
-0.98228
-0.98078
-0.98088
-0.98232
-0.98216
-0.98306
-0.98282
-0.98242
-0.98158
-0.98176
-0.98402
-0.98166
-0.98202
-0.9823
-0.98104
-0.98212
-0.98168
-0.98082
-0.9803
-0.98238
-0.98214
-0.98198
-0.98248
-0.98266
-0.98168
-0.98102
-0.98126
-0.98118
-0.98132
-0.98154
-0.983
-0.98148
-0.98188
-0.9823
-0.9828
-0.9819
-0.98128
-0.98174
-0.98288
-0.98246
-0.98212
-0.98198
-0.98052
-0.98158
-0.98278
-0.98218
-0.98208
-0.98278
-0.98244
-0.98212
-0.9833
-0.9818
-0.98182
-0.98136
-0.98166
-0.98206
-0.9823
-0.9821
-0.98264
-0.98208
-0.98276
-0.98164
-0.9817
-0.98204
-0.98178
-0.9819
-0.98106
-0.98238
-0.98158
-0.9809
-0.98238
-0.98198
-0.98204
-0.98226
-0.98342
-0.98094
-0.98124
-0.98196
-0.98184
-0.98268
-0.98302
-0.98148
-0.9822
-0.98186
-0.98262
-0.98162
-0.98238
-0.98206
-0.98272
-0.98254
-0.98252
-0.98324
-0.98276
-0.98184
-0.98268
-0.9826
-0.98282
-0.98092
-0.98084
-0.98138
-0.98304
-0.98214
-0.98156
-0.9813
-0.98096
-0.98186
-0.98162
-0.98162
-0.98236
-0.98168
-0.98244
-0.98198
-0.98204
-0.98108
-0.98238
-0.9832
-0.9823
-0.98222
-0.98232
-0.98182
-0.9822
-0.9826
-0.98278
-0.98282
-0.98154
-0.98226
-0.98342
-0.98216
-0.9816
-0.98188
-0.98252
-0.9827
-0.98168
-0.98292
-0.98102
-0.9822
-0.9822
-0.98288
-0.98134
-0.98142
-0.98086
-0.98234
-0.98096
-0.98208
-0.98206
-0.98184
-0.98192
-0.98168
-0.9819
-0.98288
-0.98174
-0.98182
-0.98044
-0.98044
-0.98204
-0.9819
-0.98202
-0.98266
-0.98152
-0.98342
-0.98122
-0.98282
-0.9811
-0.98138
-0.98144
-0.98282
-0.9826
-0.9821
-0.98354
-0.98236
-0.98158
-0.98088
-0.98108
-0.98282
-0.98256
-0.98128
-0.98194
-0.9826
-0.98122
-0.9813
-0.98328
-0.98124
-0.9824
-0.9827
-0.98246
-0.98276
-0.98216
-0.98266
-0.98138
-0.9816
-0.98148
-0.98276
-0.98126
-0.98224
-0.9835
-0.981
-0.98318
-0.98338
-0.98158
-0.98126
-0.98146
-0.98142
-0.98286
-0.9827
-0.98142
-0.98166
-0.9819
-0.9823
-0.98184
-0.9816
-0.98192
-0.98274
-0.98208
-0.98142
-0.9825
-0.98114
-0.9825
-0.98276
-0.98158
-0.98372
-0.9821
-0.98198
-0.98236
-0.9824
-0.98116
-0.98092
-0.98218
-0.98178
-0.9831
-0.9817
-0.98094
-0.98174
-0.9819
-0.98116
-0.98266
-0.98146
-0.98052
-0.9821
-0.98284
-0.98202
-0.98318
-0.9832
-0.98318
-0.98182
-0.98208
-0.98168
-0.98112
-0.98264
-0.98338
-0.98248
-0.98246
-0.98134
-0.98268
-0.98128
-0.98224
-0.98234
-0.98074
-0.98148
-0.98176
-0.9828
-0.98226
-0.98246
-0.9825
-0.98196
-0.98134
-0.98018
-0.98192
-0.98144
-0.98404
-0.98194
-0.98258
-0.98124
-0.98242
-0.98198
-0.9825
-0.98168
-0.98254
-0.9813
-0.98258
-0.98214
-0.9824
-0.98368
-0.98232
-0.98218
-0.9812
-0.98128
-0.98184
-0.98234
-0.9819
-0.98314
-0.98152
-0.98234
-0.98244
-0.98226
-0.98208
-0.98392
-0.98176
-0.98278
-0.98308
-0.98166
-0.9821
-0.98162
-0.98322
-0.98098
-0.9832
-0.98238
-0.98184
-0.98332
-0.98164
-0.98132
-0.98174
-0.98198
-0.98212
-0.98196
-0.98278
-0.98232
-0.98248
-0.98192
-0.98142
-0.98296
-0.98242
-0.9822
-0.98224
-0.98198
-0.98276
-0.98222
-0.9826
-0.98214
-0.98184
-0.98026
-0.98248
-0.98268
-0.98234
-0.98174
-0.98266
-0.98222
-0.9818
-0.98254
-0.9822
-0.98204
-0.98284
-0.98218
-0.9815
-0.982
-0.98216
-0.98154
-0.9816
-0.9817
-0.98242
-0.98192
-0.98246
-0.98244
-0.98188
-0.98158
-0.98166
-0.98042
-0.98132
-0.983
-0.9821
-0.98148
-0.98194
-0.98248
-0.98162
-0.98304
-0.98112
-0.98346
-0.9811
-0.98196
-0.98168
-0.98174
-0.98148
-0.98284
-0.98336
-0.98232
-0.9819
-0.98282
-0.983
-0.9813
-0.9826
-0.98168
-0.98172
-0.9819
-0.98182
-0.98126
-0.98252
-0.98206
-0.98266
-0.98192
-0.98184
-0.9821
-0.98236
-0.9812
-0.98154
-0.98216
-0.98176
-0.98192
-0.98226
-0.98138
-0.98236
-0.98236
-0.9831
-0.98264
-0.98064
-0.9826
-0.98232
-0.9814
-0.98192
-0.98202
-0.98142
-0.98164
-0.98262
-0.98196
-0.98292
-0.98246
-0.9814
-0.97982
-0.98204
-0.9826
-0.9824
-0.98088
-0.98282
-0.98264
-0.98078
-0.98094
-0.98224
-0.98122
-0.98214
-0.98202
-0.98182
-0.98244
-0.98176
-0.98138
-0.98308
-0.98286
-0.98172
-0.98284
-0.98314
-0.9819
-0.98184
-0.98178
-0.9836
-0.98284
-0.98152
-0.982
-0.98128
-0.9823
-0.9824
-0.98152
-0.98274
-0.98264
-0.9817
-0.98162
-0.98228
-0.98102
-0.98166
-0.9818
-0.98118
-0.9814
-0.9832
-0.98124
-0.9821
-0.98236
-0.9829
-0.98154
-0.98314
-0.9818
-0.98176
-0.9824
-0.98106
-0.98184
-0.98246
-0.98288
-0.98218
-0.98174
-0.9821
-0.98222
-0.982
-0.98134
-0.98284
-0.9832
-0.98198
-0.98176
-0.98028
-0.98176
-0.98268
-0.98298
-0.98234
-0.98254
-0.98286
-0.98226
-0.98304
-0.98282
-0.98192
-0.9814
-0.9829
-0.9813
-0.98212
-0.98174
-0.98202
-0.98268
-0.98142
-0.98156
-0.9815
-0.98278
-0.98196
-0.98322
-0.98208
-0.9811
-0.98186
-0.98162
-0.98198
-0.983
-0.98172
-0.98116
-0.98306
-0.9835
-0.98218
-0.98214
-0.9817
-0.98172
-0.98168
-0.98274
-0.98134
-0.98104
-0.98094
-0.98084
-0.98134
-0.9829
-0.98086
-0.98192
-0.98288
-0.98214
-0.98132
-0.982
-0.98016
-0.98266
-0.98176
-0.98096
-0.982
-0.98334
-0.98268
-0.98306
-0.98166
-0.98164
-0.98178
-0.9821
-0.98112
-0.98236
-0.98314
-0.98232
-0.98204
-0.9805
-0.98218
-0.98326
-0.9822
-0.98186
-0.98358
-0.98096
-0.98222
-0.9812
-0.9822
-0.9817
-0.9815
-0.98274
-0.98286
-0.9827
-0.98086
-0.98158
-0.98206
-0.9812
-0.98182
-0.98126
-0.98216
-0.98152
-0.98306
-0.9823
-0.98124
-0.98214
-0.9833
-0.98166
-0.98136
-0.98176
-0.98256
-0.98262
-0.98194
-0.98128
-0.98158
-0.98174
-0.98306
-0.98192
-0.98308
-0.98202
-0.98264
-0.98338
-0.98252
-0.98202
-0.98198
-0.98096
-0.9834
-0.9829
-0.98208
-0.98168
-0.9833
-0.982
-0.98326
-0.98168
-0.98176
-0.9812
-0.98136
-0.98118
-0.9824
-0.98246
-0.98244
-0.98224
-0.98138
-0.98242
-0.98304
-0.9814
-0.98356
-0.9823
-0.98268
-0.98238
-0.9812
-0.98102
-0.9831
-0.98248
-0.98304
-0.98262
-0.98222
-0.98172
-0.9817
-0.98148
-0.98246
-0.9825
-0.98226
-0.98258
-0.98276
-0.98192
-0.98344
-0.98224
-0.98186
-0.98206
-0.9819
-0.98096
-0.9825
-0.98188
-0.98076
-0.98102
-0.98186
-0.98132
-0.98252
-0.98216
-0.98216
-0.98254
-0.98248
-0.98198
-0.98124
-0.98186
-0.9822
-0.9821
-0.98142
-0.98212
-0.98292
-0.98094
-0.98274
-0.98244
-0.9826
-0.98058
-0.98228
-0.98174
-0.9814
-0.98188
-0.98256
-0.98292
-0.98224
-0.98248
-0.98052
-0.98208
-0.98266
-0.98168
-0.98342
-0.98184
-0.98092
-0.98284
-0.98244
-0.9816
-0.98164
-0.98178
-0.9814
-0.98182
-0.98164
-0.9812
-0.98182
-0.9832
-0.9825
-0.98292
-0.98204
-0.98284
-0.98306
-0.98398
-0.9818
-0.98282
-0.9814
-0.98316
-0.9819
-0.98152
-0.98368
-0.98254
-0.98132
-0.98122
-0.9823
-0.98312
-0.98246
-0.98266
-0.98186
-0.98164
-0.98244
-0.98262
-0.98138
-0.9827
-0.98118
-0.98206
-0.98274
-0.98212
-0.98238
-0.98346
-0.9822
-0.98252
-0.9821
-0.98348
-0.9827
-0.98154
-0.98294
-0.98146
-0.98278
-0.98146
-0.98082
-0.98214
-0.98136
-0.9815
-0.98278
-0.98094
-0.9823
-0.98132
-0.98344
-0.98314
-0.98128
-0.9817
-0.98216
-0.9825
-0.98232
-0.98218
-0.98168
-0.98194
-0.9826
-0.98268
-0.98236
-0.98108
-0.98262
-0.98224
-0.98142
-0.98114
-0.98256
-0.98274
-0.98122
-0.98276
-0.98166
-0.98246
-0.98148
-0.98168
-0.98258
-0.98196
-0.98148
-0.98256
-0.9816
-0.98116
-0.982
-0.98154
-0.98214
-0.98078
-0.98278
-0.98182
-0.98118
-0.9828
-0.98308
-0.98288
-0.98134
-0.98188
-0.98284
-0.98216
-0.98292
-0.98294
-0.98224
-0.98226
-0.98184
-0.9817
-0.98234
-0.9818
-0.98306
-0.98222
-0.98124
-0.98098
-0.98148
-0.98232
-0.98324
-0.98108
-0.98172
-0.98326
-0.9813
-0.98288
-0.9814
-0.9829
-0.9823
-0.98186
-0.983
-0.98172
-0.98296
-0.98142
-0.98138
-0.98204
-0.98164
-0.98222
-0.9821
-0.98172
-0.98158
-0.9821
-0.98276
-0.98288
-0.98268
-0.98328
-0.98198
-0.98302
-0.98184
-0.98266
-0.98196
-0.9826
-0.98134
-0.98176
-0.9828
-0.98232
-0.9818
-0.9819
-0.98214
-0.98124
-0.98124
-0.98178
-0.98296
-0.98144
-0.98224
-0.98214
-0.9813
-0.9819
-0.98244
-0.98202
-0.98158
-0.98278
-0.98222
-0.98278
-0.98218
-0.9816
-0.9827
-0.98306
-0.98236
-0.9811
-0.98178
-0.98202
-0.98214
-0.98168
-0.9827
-0.98122
-0.98268
-0.98174
-0.98196
-0.98184
-0.98174
-0.98222
-0.98262
-0.98184
-0.98252
-0.98328
-0.98072
-0.98242
-0.9828
-0.98256
-0.9816
-0.98296
-0.98178
-0.98138
-0.98162
-0.98268
-0.98182
-0.98252
-0.98176
-0.9815
-0.98154
-0.98184
-0.98308
-0.98164
-0.98212
-0.98296
-0.98242
-0.98218
-0.98268
-0.98294
-0.98198
-0.98304
-0.98172
-0.98134
-0.9817
-0.98284
-0.98178
-0.98166
-0.98106
-0.98256
-0.9822
-0.98238
-0.9831
-0.98162
-0.98154
-0.98272
-0.98234
-0.98224
-0.98204
-0.98154
-0.98242
-0.9829
-0.98142
-0.98208
-0.98138
-0.98084
-0.98146
-0.98146
-0.98322
-0.98008
-0.98128
-0.98136
-0.98194
-0.98048
-0.9829
-0.98124
-0.98294
-0.98278
-0.98274
-0.98196
-0.98198
-0.9821
-0.98166
-0.9817
-0.9825
-0.98212
-0.98178
-0.98168
-0.9823
-0.98156
-0.98226
-0.98022
-0.9824
-0.98156
-0.98272
-0.98258
-0.98308
-0.98094
-0.9828
-0.98138
-0.98138
-0.98202
-0.98176
-0.98272
-0.9805
-0.98118
-0.9832
-0.98158
-0.98222
-0.98224
-0.98232
-0.98152
-0.98222
-0.98162
-0.9818
-0.982
-0.981
-0.98216
-0.98208
-0.9823
-0.98196
-0.9826
-0.9827
-0.98266
-0.9823
-0.98278
-0.98088
-0.9825
-0.9805
-0.98166
-0.98086
-0.98214
-0.9819
-0.98124
-0.98262
-0.98174
-0.98244
-0.9828
-0.98254
-0.98222
-0.98134
-0.9832
-0.9839
-0.98124
-0.98144
-0.9816
-0.98144
-0.98222
-0.98194
-0.98186
-0.98326
-0.98138
-0.98158
-0.98274
-0.98212
-0.9814
-0.98176
-0.98268
-0.98208
-0.98194
-0.98176
-0.98254
-0.98274
-0.98166
-0.9826
-0.9832
-0.98172
-0.98186
-0.9815
-0.98328
-0.98244
-0.9827
-0.98144
-0.98296
-0.98188
-0.98176
-0.9827
-0.9824
-0.9817
-0.98276
-0.98212
-0.98196
-0.98184
-0.98052
-0.9808
-0.982
-0.98222
-0.98258
-0.98118
-0.98168
-0.98228
-0.98296
-0.98224
-0.9819
-0.98294
-0.9822
-0.98304
-0.9813
-0.98076
-0.98218
-0.98226
-0.984
-0.9818
-0.98056
-0.98164
-0.98186
-0.98212
-0.98116
-0.98262
-0.98134
-0.98196
-0.98302
-0.98182
-0.98154
-0.98326
-0.98254
-0.98186
-0.9823
-0.98152
-0.98214
-0.98172
-0.98208
-0.98108
-0.98304
-0.98186
-0.9817
-0.98266
-0.98088
-0.9823
-0.98212
-0.98194
-0.9813
-0.9827
-0.98178
-0.98078
-0.98288
-0.98038
-0.98246
-0.98222
-0.98306
-0.98254
-0.98216
-0.9812
-0.9809
-0.98194
-0.98212
-0.98264
-0.98216
-0.9827
-0.98218
-0.98192
-0.98252
-0.98096
-0.98266
-0.98242
-0.98358
-0.9818
-0.98284
-0.9819
-0.98216
-0.98132
-0.9832
-0.98184
-0.981
-0.98304
-0.9828
-0.98162
-0.9823
-0.9826
-0.98048
-0.9833
-0.98292
-0.98162
-0.98232
-0.98154
-0.9832
-0.98306
-0.9823
-0.98172
-0.98296
-0.98198
-0.98236
-0.98268
-0.98348
-0.98208
-0.98258
-0.98128
-0.98306
-0.98202
-0.98294
-0.98238
-0.98216
-0.98166
-0.98264
-0.98078
-0.98306
-0.98208
-0.98176
-0.98312
-0.98084
-0.9812
-0.98202
-0.98144
-0.98234
-0.98122
-0.98196
-0.98194
-0.98232
-0.98174
-0.98146
-0.98126
-0.9825
-0.98248
-0.98124
-0.98156
-0.98312
-0.9814
-0.98262
-0.98226
-0.98234
-0.98156
-0.98218
-0.98218
-0.98278
-0.98224
-0.98222
-0.98224
-0.98222
-0.98206
-0.98246
-0.98134
-0.98184
-0.98238
-0.98148
-0.98286
-0.98142
-0.98256
-0.98374
-0.98128
-0.9831
-0.98128
-0.98128
-0.98242
-0.98182
-0.98226
-0.98222
-0.98298
-0.98122
-0.9818
-0.98192
-0.98108
-0.98128
-0.98186
-0.98268
-0.98124
-0.98246
-0.98254
-0.98172
-0.98288
-0.98196
-0.98112
-0.98258
-0.98186
-0.98128
-0.98168
-0.98142
-0.98126
-0.98284
-0.9817
-0.98266
-0.98258
-0.9825
-0.98262
-0.9821
-0.98124
-0.98262
-0.98088
-0.98268
-0.98284
-0.98046
-0.98134
-0.98302
-0.98146
-0.98288
-0.98116
-0.98164
-0.98258
-0.98108
-0.98256
-0.98222
-0.98114
-0.98214
-0.98174
-0.98156
-0.9814
-0.98314
-0.98068
-0.9814
-0.98244
-0.98182
-0.98172
-0.98134
-0.9815
-0.9821
-0.98278
-0.9821
-0.98278
-0.98222
-0.98204
-0.9812
-0.98194
-0.98276
-0.98202
-0.98116
-0.9824
-0.9825
-0.9821
-0.98156
-0.98102
-0.98156
-0.98146
-0.98284
-0.98156
-0.98164
-0.9822
-0.98222
-0.98302
-0.98176
-0.98234
-0.9817
-0.98278
-0.98186
-0.9832
-0.98184
-0.9828
-0.98252
-0.9819
-0.98274
-0.98162
-0.98198
-0.98254
-0.98228
-0.9831
-0.98272
-0.98142
-0.98114
-0.98292
-0.98224
-0.98192
-0.98266
-0.98188
-0.98266
-0.98366
-0.9813
-0.98116
-0.98088
-0.98182
-0.98354
-0.98248
-0.98308
-0.98194
-0.98182
-0.98294
-0.98236
-0.98246
-0.98264
-0.98174
-0.98258
-0.98372
-0.98154
-0.9815
-0.98156
-0.9828
-0.98214
-0.9816
-0.98228
-0.98244
-0.98318
-0.98102
-0.98156
-0.98164
-0.98128
-0.98332
-0.98236
-0.98172
-0.98078
-0.9806
-0.98266
-0.98212
-0.9815
-0.9824
-0.98208
-0.98218
-0.9827
-0.98242
-0.98088
-0.98232
-0.981
-0.98134
-0.98206
-0.98114
-0.9823
-0.98076
-0.9824
-0.98282
-0.98178
-0.98156
-0.9811
-0.98192
-0.9816
-0.98256
-0.98312
-0.98166
-0.98184
-0.98212
-0.9823
-0.98156
-0.9826
-0.9817
-0.98176
-0.98242
-0.98254
-0.98174
-0.9835
-0.98258
-0.98232
-0.9817
-0.9816
-0.98314
-0.98204
-0.98186
-0.98328
-0.98228
-0.98118
-0.98308
-0.98312
-0.98312
-0.9836
-0.98176
-0.9832
-0.98194
-0.98326
-0.9814
-0.98114
-0.9819
-0.98214
-0.98188
-0.98246
-0.98172
-0.98208
-0.98234
-0.9807
-0.98176
-0.98196
-0.9817
-0.9824
-0.98228
-0.9822
-0.98242
-0.98322
-0.98158
-0.98248
-0.9806
-0.98172
-0.98206
-0.98278
-0.98234
-0.98298
-0.9826
-0.98164
-0.98212
-0.98202
-0.98358
-0.98208
-0.98152
-0.98224
-0.9818
-0.98258
-0.98166
-0.98178
-0.98324
-0.98286
-0.981
-0.98206
-0.9831
-0.98126
-0.98246
-0.98174
-0.98178
-0.98126
-0.98274
-0.98198
-0.9825
-0.9823
-0.98236
-0.98182
-0.98126
-0.98204
-0.9828
-0.9824
-0.98228
-0.98304
-0.98194
-0.98156
-0.98058
-0.98186
-0.98246
-0.9822
-0.98146
-0.98248
-0.98224
-0.98242
-0.98186
-0.98338
-0.98252
-0.98148
-0.98232
-0.9825
-0.98288
-0.98218
-0.98172
-0.9829
-0.98186
-0.9815
-0.98334
-0.98206
-0.98142
-0.9817
-0.98214
-0.98196
-0.9821
-0.98158
-0.98232
-0.98282
-0.98214
-0.98276
-0.98206
-0.98304
-0.98292
-0.98262
-0.9817
-0.98112
-0.98156
-0.98204
-0.9808
-0.98216
-0.9831
-0.98196
-0.98186
-0.98304
-0.98296
-0.983
-0.98142
-0.98158
-0.98232
-0.9821
-0.98236
-0.9815
-0.98266
-0.98324
-0.98298
-0.98162
-0.98166
-0.9821
-0.9813
-0.9812
-0.98174
-0.98242
-0.98234
-0.98204
-0.98254
-0.98232
-0.98114
-0.98136
-0.98156
-0.98242
-0.98152
-0.98066
-0.98164
-0.98144
-0.98096
-0.98184
-0.9815
-0.98182
-0.98242
-0.9821
-0.98364
-0.9818
-0.98156
-0.9812
-0.98222
-0.9822
-0.98244
-0.98146
-0.98146
-0.98238
-0.98072
-0.98262
-0.98292
-0.9819
-0.98274
-0.98124
-0.98284
-0.98276
-0.98298
-0.98148
-0.9835
-0.9822
-0.98214
-0.98238
-0.98182
-0.98184
-0.9824
-0.98182
-0.98136
-0.9827
-0.98138
-0.98214
-0.9818
-0.9817
-0.9819
-0.98278
-0.98218
-0.98168
-0.98182
-0.98348
-0.9813
-0.98256
-0.98312
-0.9824
-0.98254
-0.9819
-0.98228
-0.98166
-0.98206
-0.9808
-0.98088
-0.98146
-0.98224
-0.9819
-0.9818
-0.98196
-0.9829
-0.9818
-0.98198
-0.98162
-0.98202
-0.9824
-0.98186
-0.98114
-0.98154
-0.98178
-0.98094
-0.98238
-0.98278
-0.98112
-0.98272
-0.98174
-0.98166
-0.98288
-0.9814
-0.9825
-0.98032
-0.98166
-0.98128
-0.98156
-0.98158
-0.98134
-0.981
-0.98186
-0.98198
-0.9827
-0.98188
-0.98164
-0.98266
-0.98186
-0.98302
-0.98308
-0.98168
-0.98208
-0.9812
-0.98168
-0.9829
-0.9823
-0.9817
-0.9829
-0.98342
-0.98188
-0.98204
-0.9823
-0.98178
-0.98236
-0.98298
-0.98272
-0.98144
-0.98268
-0.98194
-0.98154
-0.98278
-0.98244
-0.9833
-0.98108
-0.98238
-0.983
-0.98214
-0.98106
-0.98198
-0.9817
-0.98192
-0.98282
-0.98238
-0.98168
-0.98198
-0.98206
-0.98244
-0.98172
-0.98206
-0.98168
-0.98278
-0.98112
-0.98336
-0.98202
-0.98114
-0.98256
-0.9822
-0.9836
-0.98256
-0.98242
-0.98294
-0.98188
-0.9806
-0.98206
-0.98274
-0.98164
-0.98172
-0.98102
-0.981
-0.98168
-0.98178
-0.982
-0.9827
-0.9825
-0.98148
-0.98076
-0.98294
-0.98188
-0.98218
-0.98072
-0.98244
-0.98314
-0.98128
-0.9814
-0.98292
-0.98252
-0.98234
-0.98248
-0.98286
-0.98224
-0.98288
-0.98222
-0.98288
-0.98136
-0.9831
-0.98196
-0.98156
-0.98228
-0.9811
-0.98182
-0.98218
-0.98268
-0.98188
-0.98248
-0.98254
-0.98128
-0.98134
-0.98168
-0.98356
-0.9823
-0.98134
-0.9826
-0.9831
-0.98234
-0.98132
-0.98248
-0.98116
-0.98174
-0.98242
-0.98158
-0.9831
-0.98198
-0.98164
-0.9813
-0.98182
-0.98176
-0.9817
-0.98222
-0.9815
-0.9828
-0.98148
-0.98354
-0.98216
-0.98232
-0.98178
-0.98292
-0.98212
-0.98168
-0.98126
-0.98224
-0.98176
-0.98278
-0.98232
-0.98324
-0.98174
-0.98274
-0.9806
-0.98172
-0.9835
-0.98086
-0.98234
-0.98276
-0.98342
-0.98176
-0.98238
-0.98218
-0.98314
-0.98124
-0.9826
-0.9822
-0.98154
-0.98202
-0.98186
-0.9829
-0.98174
-0.98182
-0.98216
-0.9813
-0.98082
-0.98226
-0.98236
-0.98212
-0.98124
-0.9809
-0.98204
-0.98216
-0.9828
-0.98176
-0.98308
-0.98236
-0.98258
-0.98248
-0.98282
-0.9813
-0.98288
-0.9826
-0.98212
-0.98254
-0.98198
-0.98258
-0.981
-0.98176
-0.98338
-0.9823
-0.98188
-0.98278
-0.98188
-0.98316
-0.98184
-0.9815
-0.98212
-0.98044
-0.98256
-0.98166
-0.98136
-0.98134
-0.9817
-0.98286
-0.98238
-0.98242
-0.98174
-0.9834
-0.9809
-0.9817
-0.9823
-0.98098
-0.9811
-0.9825
-0.98122
-0.98272
-0.98186
-0.9813
-0.98196
-0.98348
-0.98276
-0.98098
-0.9833
-0.98182
-0.98208
-0.98302
-0.98246
-0.98224
-0.98068
-0.98212
-0.98154
-0.98176
-0.98212
-0.98162
-0.9831
-0.98242
-0.98098
-0.98148
-0.9815
-0.9811
-0.98202
-0.98224
-0.98242
-0.98176
-0.98158
-0.98182
-0.98192
-0.98358
-0.98214
-0.98172
-0.98236
-0.98068
-0.98184
-0.98192
-0.9817
-0.98248
-0.98206
-0.98076
-0.98152
-0.98166
-0.98188
-0.98206
-0.98184
-0.98212
-0.98358
-0.9824
-0.98344
-0.98298
-0.98262
-0.98196
-0.98214
-0.982
-0.98232
-0.98276
-0.98212
-0.98252
-0.98232
-0.98164
-0.98194
-0.9831
-0.98142
-0.982
-0.98272
-0.9816
-0.98182
-0.98208
-0.98156
-0.98116
-0.98116
-0.9822
-0.9818
-0.9807
-0.9827
-0.9815
-0.98182
-0.98176
-0.98104
-0.98188
-0.98112
-0.9817
-0.98224
-0.9824
-0.98214
-0.98316
-0.9814
-0.9813
-0.98224
-0.98168
-0.98244
-0.98192
-0.98114
-0.98186
-0.98272
-0.98266
-0.98314
-0.9821
-0.98274
-0.9813
-0.9831
-0.98
-0.9825
-0.98122
-0.98274
-0.98274
-0.98182
-0.9815
-0.9832
-0.98154
-0.98162
-0.9822
-0.98214
-0.98214
-0.98176
-0.98228
-0.98214
-0.98276
-0.9814
-0.98246
-0.98162
-0.98092
-0.98158
-0.98264
-0.98272
-0.98252
-0.98278
-0.98212
-0.98164
-0.98284
-0.98112
-0.98236
-0.98114
-0.98266
-0.9825
-0.98258
-0.98266
-0.98246
-0.9827
-0.98136
-0.98202
-0.9821
-0.9808
-0.98258
-0.98198
-0.98222
-0.98228
-0.98204
-0.9817
-0.98244
-0.98082
-0.9817
-0.98264
-0.9824
-0.98118
-0.98274
-0.98242
-0.98162
-0.98224
-0.98174
-0.98178
-0.98314
-0.98292
-0.98172
-0.9821
-0.98254
-0.98182
-0.98268
-0.98266
-0.9817
-0.9813
-0.98066
-0.98234
-0.9825
-0.98238
-0.98296
-0.98262
-0.98264
-0.98064
-0.98008
-0.9826
-0.98172
-0.98334
-0.98232
-0.98192
-0.98282
-0.982
-0.98216
-0.98204
-0.98292
-0.98162
-0.98218
-0.98138
-0.9809
-0.98244
-0.98268
-0.98262
-0.9833
-0.98154
-0.98078
-0.98242
-0.98166
-0.98358
-0.98162
-0.98292
-0.98168
-0.98178
-0.98136
-0.98094
-0.98278
-0.98222
-0.98142
-0.98318
-0.9818
-0.98116
-0.98282
-0.98206
-0.98134
-0.98208
-0.98122
-0.98276
-0.98296
-0.98132
-0.98206
-0.98072
-0.9816
-0.98096
-0.98208
-0.98244
-0.9822
-0.98156
-0.98308
-0.98244
-0.98066
-0.9819
-0.98164
-0.98172
-0.98136
-0.98134
-0.98328
-0.98152
-0.98222
-0.98158
-0.9831
-0.98166
-0.98228
-0.98268
-0.98164
-0.98092
-0.98202
-0.98194
-0.98254
-0.9806
-0.98156
-0.98258
-0.98284
-0.98248
-0.98226
