0.97352
0.97144
0.97346
0.97216
0.97436
0.97252
0.97372
0.97438
0.97324
0.97462
0.97226
0.97342
0.97176
0.97148
0.97426
0.97288
0.97326
0.97398
0.97262
0.97208
0.97274
0.97342
0.97276
0.97524
0.97208
0.97322
0.97294
0.97274
0.97388
0.97348
0.97394
0.97342
0.9734
0.97154
0.97114
0.97474
0.9737
0.9739
0.97418
0.97198
0.9739
0.97394
0.97296
0.97192
0.97328
0.97278
0.974
0.9737
0.97248
0.97376
0.97264
0.97336
0.97306
0.97476
0.97296
0.97344
0.97314
0.97372
0.97586
0.9751
0.97234
0.97406
0.97296
0.97382
0.97232
0.97306
0.97272
0.97266
0.97368
0.97252
0.97448
0.97198
0.97312
0.97462
0.9737
0.97266
0.97278
0.97444
0.97384
0.97178
0.97376
0.97326
0.974
0.97202
0.97198
0.9736
0.97316
0.97278
0.972
0.97218
0.97328
0.97552
0.9729
0.97272
0.97288
0.9755
0.97382
0.97152
0.97344
0.97326
0.97496
0.97442
0.97144
0.97244
0.9736
0.97248
0.97612
0.97414
0.97406
0.97214
0.9724
0.9724
0.97238
0.97058
0.97248
0.97358
0.9723
0.9751
0.97382
0.97352
0.97256
0.97424
0.9738
0.97128
0.97308
0.97296
0.97478
0.9733
0.97306
0.97364
0.97338
0.97256
0.97274
0.97456
0.9727
0.97296
0.97388
0.9731
0.97144
0.97324
0.97352
0.97234
0.97238
0.97396
0.97476
0.97278
0.97428
0.9733
0.97228
0.9745
0.97194
0.9726
0.9727
0.9735
0.97468
0.97418
0.97342
0.97288
0.97324
0.97394
0.97154
0.97356
0.97272
0.97458
0.9722
0.97398
0.97522
0.97258
0.97374
0.97294
0.97416
0.97358
0.97458
0.9738
0.97378
0.9751
0.9737
0.97292
0.97316
0.97368
0.9727
0.97184
0.9719
0.9729
0.9735
0.9737
0.97376
0.97436
0.97388
0.97376
0.97268
0.97178
0.97322
0.9747
0.97478
0.97466
0.9727
0.97324
0.97504
0.97336
0.97344
0.97412
0.97214
0.97408
0.97248
0.97328
0.97374
0.9738
0.9736
0.97226
0.97468
0.97524
0.97284
0.97348
0.97376
0.9744
0.97296
0.9737
0.97402
0.97214
0.97426
0.97314
0.9725
0.97198
0.97454
0.97472
0.97404
0.97366
0.97432
0.9722
0.97312
0.97392
0.9749
0.97448
0.9721
0.97392
0.97314
0.97224
0.97314
0.9726
0.97482
0.97058
0.97498
0.97156
0.97192
0.97286
0.97304
0.97174
0.9721
0.97182
0.97382
0.97304
0.97194
0.97394
0.9737
0.9716
0.9718
0.97104
0.9726
0.97326
0.97236
0.97332
0.97438
0.973
0.9724
0.97474
0.97364
0.97218
0.97054
0.97314
0.9725
0.97288
0.9744
0.97388
0.9723
0.9729
0.97314
0.97388
0.97458
0.97264
0.97388
0.97206
0.97346
0.97268
0.97394
0.97322
0.97442
0.97168
0.97498
0.9727
0.97154
0.9734
0.9727
0.9737
0.97352
0.97276
0.97298
0.97394
0.9721
0.97248
0.97376
0.97326
0.97378
0.9719
0.97336
0.97348
0.97106
0.9732
0.97222
0.97438
0.97386
0.97318
0.97384
0.97254
0.9737
0.97228
0.97206
0.97124
0.97484
0.97448
0.97232
0.9734
0.97352
0.97338
0.9706
0.97288
0.97388
0.97354
0.9727
0.9729
0.97332
0.97166
0.97394
0.97452
0.97364
0.97234
0.97258
0.97398
0.973
0.97248
0.97334
0.9739
0.9721
0.97322
0.97322
0.97322
0.97172
0.97432
0.97282
0.97398
0.97282
0.9729
0.97258
0.97266
0.97346
0.97346
0.97336
0.97256
0.9733
0.97402
0.9735
0.97414
0.97288
0.9715
0.97466
0.97258
0.97378
0.97272
0.9737
0.97334
0.97236
0.9724
0.97354
0.97186
0.97298
0.9726
0.97402
0.97302
0.97186
0.9738
0.97454
0.97454
0.97178
0.97412
0.9734
0.97394
0.97398
0.97364
0.97454
0.97382
0.9717
0.974
0.97176
0.97514
0.97464
0.9725
0.97264
0.9728
0.97304
0.9721
0.97398
0.97448
0.97454
0.97224
0.97398
0.97312
0.97258
0.97396
0.9748
0.97246
0.9744
0.97168
0.9717
0.97268
0.9713
0.9732
0.9738
0.97402
0.9737
0.97328
0.9724
0.97266
0.9729
0.97336
0.97482
0.9734
0.97292
0.97418
0.97316
0.97298
0.97304
0.97182
0.97258
0.97396
0.97324
0.9744
0.97252
0.97334
0.97462
0.97502
0.97306
0.97132
0.97196
0.97468
0.9737
0.97214
0.97324
0.97286
0.97256
0.97086
0.97426
0.97438
0.97372
0.97374
0.97234
0.97272
0.9725
0.97406
0.97392
0.97352
0.97332
0.97254
0.97302
0.97342
0.97238
0.97162
0.97284
0.97198
0.9728
0.97218
0.97266
0.97384
0.97314
0.97248
0.9731
0.97196
0.97184
0.97308
0.97272
0.97212
0.97044
0.97328
0.97442
0.9721
0.97128
0.97322
0.97342
0.97468
0.97354
0.9726
0.9722
0.97412
0.97274
0.97238
0.97428
0.97396
0.97456
0.97384
0.97356
0.9728
0.97346
0.97362
0.97174
0.97262
0.9741
0.9715
0.9731
0.9726
0.97168
0.97222
0.97302
0.9725
0.97384
0.9736
0.97418
0.97174
0.97386
0.97494
0.97372
0.9734
0.97478
0.97246
0.97264
0.97288
0.9745
0.9732
0.97296
0.97104
0.9724
0.97278
0.97322
0.97284
0.97448
0.97242
0.97288
0.97426
0.9737
0.97376
0.97072
0.9729
0.97402
0.97392
0.9739
0.97256
0.9724
0.97436
0.97204
0.97316
0.9723
0.9739
0.97404
0.9729
0.97342
0.97378
0.9751
0.974
0.97464
0.97288
0.97484
0.97308
0.97332
0.97486
0.97448
0.97334
0.97332
0.97108
0.9729
0.97398
0.97262
0.9741
0.9736
0.97236
0.97212
0.97422
0.9726
0.97492
0.97268
0.97284
0.9734
0.97304
0.97338
0.97262
0.97332
0.97226
0.97506
0.9728
0.97366
0.97402
0.97236
0.97224
0.97416
0.97146
0.97326
0.97354
0.97388
0.97294
0.9745
0.9731
0.97252
0.97252
0.9723
0.97324
0.97376
0.973
0.97426
0.97396
0.97202
0.97274
0.97306
0.97286
0.97252
0.97366
0.97276
0.97298
0.9743
0.9724
0.97242
0.9736
0.97334
0.97254
0.97172
0.97408
0.97228
0.9729
0.97326
0.97228
0.97306
0.9726
0.97204
0.9736
0.97302
0.97368
0.974
0.97076
0.97416
0.97408
0.97316
0.97278
0.97242
0.97356
0.97436
0.97438
0.97064
0.97518
0.97248
0.97416
0.9726
0.97336
0.97372
0.97454
0.97428
0.97396
0.97116
0.97274
0.97374
0.9736
0.97246
0.973
0.9739
0.97236
0.9735
0.97354
0.97216
0.97302
0.97332
0.97482
0.97458
0.97356
0.97316
0.97248
0.9739
0.97304
0.97392
0.972
0.9714
0.97378
0.97364
0.97318
0.97136
0.9739
0.97412
0.9735
0.97216
0.97228
0.97254
0.97314
0.97346
0.97404
0.97368
0.9724
0.97324
0.97236
0.97358
0.97316
0.97332
0.9728
0.97638
0.97354
0.9742
0.97384
0.97426
0.97288
0.9723
0.97256
0.97372
0.97384
0.97212
0.97306
0.97336
0.97252
0.9718
0.97468
0.97472
0.97184
0.97404
0.97322
0.97158
0.97236
0.9742
0.97408
0.9717
0.97156
0.97282
0.97136
0.9735
0.97384
0.97158
0.97292
0.97468
0.97252
0.97304
0.97302
0.97292
0.9739
0.97282
0.97342
0.97266
0.97084
0.97344
0.97446
0.9739
0.97332
0.9737
0.9736
0.97178
0.97292
0.97372
0.9749
0.97266
0.97234
0.97316
0.9716
0.97154
0.97284
0.97304
0.97416
0.97246
0.9726
0.97166
0.9743
0.97416
0.9731
0.97338
0.9735
0.9732
0.97358
0.97354
0.9739
0.97322
0.97396
0.97306
0.97356
0.97256
0.9715
0.97118
0.97234
0.97222
0.9735
0.9746
0.97516
0.97362
0.97404
0.9735
0.97312
0.97508
0.97354
0.9741
0.973
0.97306
0.97332
0.97428
0.97308
0.97246
0.97308
0.97432
0.97228
0.97364
0.9727
0.97228
0.97374
0.9722
0.97488
0.9753
0.97398
0.97228
0.9727
0.97434
0.9723
0.97268
0.97412
0.97318
0.97368
0.97366
0.97312
0.97412
0.9749
0.97224
0.97476
0.9742
0.97154
0.97366
0.97428
0.97314
0.97286
0.97326
0.97384
0.97286
0.97262
0.9735
0.97226
0.97318
0.97256
0.97288
0.9721
0.97256
0.97404
0.97226
0.9728
0.97354
0.97448
0.97344
0.97378
0.9741
0.9733
0.97372
0.97274
0.97476
0.97326
0.97234
0.97288
0.97386
0.97368
0.97298
0.9725
0.9729
0.97204
0.97432
0.97352
0.97378
0.97392
0.9713
0.97268
0.97284
0.9727
0.9714
0.97376
0.97452
0.97318
0.97366
0.97452
0.97494
0.9735
0.97114
0.97292
0.97464
0.97252
0.97386
0.97198
0.97202
0.9754
0.9716
0.97354
0.9738
0.9727
0.97422
0.97374
0.97208
0.9749
0.97358
0.973
0.97178
0.9729
0.97262
0.97358
0.97288
0.97274
0.97262
0.97106
0.97314
0.97312
0.97356
0.97422
0.97326
0.97066
0.97438
0.97334
0.97522
0.97258
0.9724
0.97076
0.972
0.97216
0.97148
0.9726
0.9731
0.97326
0.97454
0.9742
0.97476
0.97374
0.97306
0.97254
0.97272
0.9715
0.97278
0.97208
0.97208
0.97328
0.97372
0.97322
0.97394
0.9718
0.97398
0.97334
0.97328
0.97324
0.9742
0.9728
0.97112
0.97234
0.97436
0.97388
0.97254
0.97286
0.9722
0.97324
0.97234
0.97472
0.9747
0.97356
0.9731
0.97414
0.97324
0.97428
0.97194
0.97474
0.9738
0.9747
0.9719
0.97328
0.973
0.9722
0.9733
0.97264
0.97404
0.97346
0.97348
0.97374
0.97378
0.97186
0.9735
0.97376
0.97308
0.97236
0.9746
0.97312
0.97292
0.9731
0.97406
0.9735
0.97422
0.9733
0.9717
0.97326
0.97274
0.97232
0.97298
0.9736
0.97192
0.97334
0.97464
0.97362
0.97274
0.97184
0.97328
0.97156
0.97426
0.97202
0.97272
0.97292
0.9728
0.97226
0.97338
0.9731
0.97144
0.97246
0.97268
0.97386
0.9716
0.97256
0.97372
0.97188
0.974
0.97368
0.9736
0.97462
0.9728
0.97466
0.97094
0.9737
0.97306
0.9716
0.97154
0.9742
0.9737
0.9737
0.97264
0.97288
0.97572
0.97272
0.97208
0.97364
0.9712
0.9729
0.97326
0.97378
0.97316
0.97138
0.97192
0.97256
0.9738
0.97304
0.97364
0.97294
0.97482
0.9708
0.97354
0.9722
0.97268
0.9733
0.97392
0.9725
0.97364
0.97392
0.9719
0.97368
0.97356
0.97376
0.97534
0.97276
0.9731
0.97272
0.97576
0.9722
0.97306
0.97424
0.97278
0.97426
0.97326
0.97466
0.97272
0.97058
0.9724
0.97294
0.9736
0.97322
0.97302
0.97482
0.97086
0.97354
0.97376
0.97544
0.97242
0.9729
0.97402
0.97304
0.97284
0.9733
0.97266
0.97248
0.9732
0.97378
0.97478
0.97312
0.9748
0.97406
0.97292
0.97406
0.97304
0.97374
0.97332
0.97218
0.97382
0.97338
0.9726
0.97132
0.97308
0.97224
0.97274
0.97382
0.97238
0.97342
0.97242
0.97518
0.97248
0.97302
0.97294
0.9715
0.97292
0.97332
0.97204
0.97404
0.97338
0.97378
0.9726
0.97342
0.97248
0.97226
0.97334
0.97244
0.97484
0.97282
0.9729
0.97222
0.9726
0.97264
0.97306
0.9718
0.97208
0.97322
0.97352
0.9735
0.97428
0.9726
0.97418
0.97382
0.97394
0.9729
0.9721
0.97348
0.97388
0.97366
0.97186
0.9718
0.97472
0.9746
0.97394
0.97378
0.97396
0.97378
0.97232
0.97314
0.97314
0.97468
0.97348
0.97388
0.9738
0.97366
0.97428
0.97464
0.97338
0.97428
0.97192
0.973
0.97172
0.97314
0.97394
0.97388
0.97324
0.97272
0.97444
0.97376
0.97274
0.97152
0.97438
0.97338
0.9713
0.9735
0.97394
0.97376
0.9734
0.9722
0.97188
0.9739
0.97406
0.97364
0.97198
0.9723
0.97228
0.9707
0.97522
0.97268
0.97408
0.97394
0.97322
0.97312
0.97204
0.9731
0.97422
0.97256
0.9725
0.97396
0.97368
0.97332
0.97414
0.9749
0.97256
0.97296
0.97248
0.97214
0.97272
0.97208
0.97324
0.973
0.97308
0.97344
0.97188
0.97328
0.97398
0.97406
0.97364
0.97344
0.9731
0.97426
0.97236
0.97416
0.97378
0.97458
0.97334
0.97348
0.9742
0.97286
0.97122
0.97252
0.9742
0.9729
0.97434
0.97098
0.9728
0.97244
0.97238
0.9732
0.97346
0.97246
0.97318
0.97154
0.97336
0.97402
0.97334
0.97214
0.97338
0.9734
0.97384
0.97282
0.97428
0.97404
0.97348
0.97282
0.9707
0.97344
0.97222
0.97238
0.9738
0.97224
0.9741
0.97352
0.97416
0.972
0.97322
0.97324
0.973
0.9728
0.97282
0.97254
0.97394
0.97308
0.97232
0.97316
0.97446
0.9723
0.9727
0.9741
0.9728
0.97216
0.97424
0.97368
0.97296
0.97364
0.97422
0.97326
0.97606
0.97188
0.9732
0.97442
0.97358
0.9739
0.97456
0.97368
0.9724
0.97306
0.97384
0.97176
0.97102
0.97348
0.97236
0.9736
0.97312
0.97438
0.97332
0.9736
0.9741
0.97344
0.97264
0.9742
0.97324
0.97192
0.97444
0.97404
0.97246
0.97346
0.97404
0.97348
0.97422
0.97262
0.97154
0.97292
0.97416
0.97226
0.97334
0.97334
0.97322
0.9738
0.9748
0.9719
0.97582
0.97356
0.9743
0.97234
0.97472
0.97246
0.97492
0.9737
0.97428
0.9727
0.97356
0.97324
0.97146
0.97354
0.9737
0.97386
0.97288
0.97298
0.97476
0.97366
0.973
0.97416
0.97352
0.97406
0.97372
0.97348
0.97368
0.97412
0.97296
0.97316
0.97292
0.97234
0.97306
0.97256
0.97424
0.97388
0.97342
0.97252
0.97174
0.9735
0.97378
0.9734
0.97342
0.97274
0.97184
0.97426
0.97188
0.9742
0.97298
0.97456
0.9713
0.97422
0.97346
0.97172
0.9736
0.97298
0.97354
0.97432
0.97434
0.97262
0.97308
0.97322
0.97248
0.97456
0.9743
0.9747
0.97262
0.97266
0.97226
0.97322
0.97402
0.97254
0.97234
0.97358
0.97486
0.97404
0.97362
0.974
0.97288
0.97222
0.97326
0.97444
0.97262
0.9728
0.97346
0.97116
0.97232
0.97236
0.97318
0.97276
0.97348
0.97298
0.97428
0.9732
0.97342
0.97114
0.97332
0.9732
0.97296
0.97516
0.97078
0.97198
0.97174
0.97292
0.9737
0.97198
0.97178
0.9714
0.97268
0.97326
0.97126
0.97402
0.97338
0.97244
0.97278
0.97492
0.97258
0.9735
0.97484
0.97278
0.973
0.97332
0.97236
0.9734
0.97286
0.97388
0.9722
0.97324
0.97276
0.97424
0.97268
0.97248
0.97344
0.97458
0.97128
0.97264
0.9734
0.9751
0.97346
0.97328
0.97342
0.97378
0.97334
0.97294
0.97326
0.9733
0.97376
0.9729
0.97228
0.97264
0.97374
0.97452
0.97106
0.97292
0.97376
0.97294
0.97492
0.9747
0.97372
0.9733
0.97222
0.97548
0.97252
0.9737
0.97174
0.9729
0.97294
0.97346
0.97174
0.97184
0.9724
0.971
0.9727
0.9734
0.97362
0.97246
0.97396
0.9712
0.971
0.9749
0.9735
0.9712
0.97224
0.97408
0.97482
0.97272
0.97562
0.97252
0.97368
0.97424
0.97336
0.97412
0.9716
0.97372
0.9748
0.97166
0.97406
0.97348
0.97358
0.97216
0.9719
0.97418
0.97258
0.97398
0.97358
0.97266
0.97324
0.97272
0.97376
0.9725
0.97348
0.9716
0.97336
0.97276
0.97406
0.97208
0.97238
0.97288
0.97326
0.97134
0.97048
0.9736
0.97366
0.97196
0.97276
0.97262
0.97262
0.97514
0.97322
0.97388
0.97358
0.97268
0.97412
0.9724
0.97372
0.97512
0.9744
0.97218
0.97262
0.97316
0.97248
0.97358
0.97272
0.97202
0.97294
0.97334
0.97266
0.97096
0.97256
0.97444
0.97322
0.9747
0.97396
0.9721
0.97328
0.97484
0.97326
0.97372
0.97392
0.97322
0.97288
0.97382
0.97296
0.97308
0.97336
0.97094
0.97192
0.97358
0.97332
0.97494
0.9747
0.97148
0.97182
0.97284
0.97168
0.9727
0.97344
0.97456
0.97294
0.97256
0.97364
0.97364
0.97536
0.9729
0.97272
0.97514
0.97254
0.97124
0.97378
0.97416
0.9739
0.97302
0.9724
0.97224
0.97468
0.9724
0.97386
0.97268
0.9742
0.974
0.97452
0.97212
0.97314
0.97362
0.97292
0.97172
0.97278
0.97326
0.97306
0.97324
0.97308
0.97324
0.97292
0.97138
0.9735
0.97144
0.97316
0.9716
0.97326
0.97436
0.97296
0.9722
0.97302
0.97268
0.97364
0.97436
0.97284
0.97408
0.97342
0.97494
0.97368
0.9733
0.97396
0.97232
0.97232
0.97222
0.97258
0.97372
0.971
0.97386
0.97178
0.97352
0.97186
0.97266
0.97232
0.97506
0.97322
0.97408
0.97458
0.97312
0.9729
0.97398
0.97422
0.97344
0.97194
0.97342
0.97342
0.9732
0.97284
0.97262
0.97484
0.97166
0.97274
0.97254
0.97286
0.97348
0.97286
0.97352
0.9726
0.97356
0.97358
0.97254
0.97402
0.97384
0.97182
0.97322
0.97326
0.97178
0.97402
0.9719
0.97406
0.97296
0.97204
0.97206
0.97286
0.97282
0.97192
0.9719
0.97218
0.97298
0.97494
0.97398
0.97406
0.97438
0.9728
0.97144
0.97274
0.97294
0.9739
0.97324
0.97304
0.9726
0.97456
0.97312
0.9728
0.9738
0.97208
0.97492
0.97272
0.97458
0.9752
0.97338
0.97366
0.97486
0.9737
0.97204
0.9707
0.97336
0.97284
0.97274
0.97396
0.97192
0.97258
0.97194
0.9727
0.97516
0.9737
0.9744
0.97166
0.97168
0.97356
0.974
0.97296
0.973
0.97242
0.97304
0.97208
0.97244
0.97258
0.97282
0.97198
0.97352
0.97388
0.97216
0.97482
0.974
0.97456
0.97402
0.97246
0.97402
0.97358
0.97394
0.97424
0.9744
0.97274
0.97362
0.9734
0.97248
0.9709
0.97174
0.97326
0.97404
0.9728
0.97354
0.9743
0.97104
0.97316
0.97252
0.97404
0.97238
0.97326
0.97336
0.97354
0.97418
0.97264
0.97472
0.97354
0.97272
0.97408
0.97068
0.97172
0.9725
0.97314
0.97336
0.97406
0.97442
0.97278
0.97296
0.973
0.9707
0.97506
0.97248
0.97476
0.9736
0.974
0.97294
0.97254
0.97212
0.97516
0.9738
0.97286
0.97252
0.9741
0.97468
0.97484
0.97434
0.97346
0.97302
0.97478
0.97334
0.97352
0.9729
0.97444
0.97312
0.9732
0.97362
0.97212
0.97284
0.97314
0.97478
0.9726
0.97468
0.97432
0.97376
0.9733
0.97308
0.97296
0.97248
0.97368
0.96984
0.97392
0.97278
0.97394
0.97342
0.97188
0.97314
0.97498
0.97236
0.97344
0.97286
0.9727
0.9712
0.97014
0.97262
0.9727
0.97298
0.97392
0.97306
0.97332
0.97472
0.9727
0.97368
0.97294
0.97414
0.97296
0.9719
0.97492
0.97156
0.97268
0.97286
0.97286
0.97204
0.97298
0.97332
0.9721
0.97478
0.97392
0.97456
0.9732
0.97324
0.97414
0.97316
0.97268
0.97422
0.97328
0.97176
0.97358
0.97186
0.9732
0.97388
0.9731
0.97302
0.97396
0.97372
0.97514
0.97234
0.9734
0.9744
0.97398
0.9726
0.97424
0.9731
0.973
0.9711
0.97306
0.97158
0.9727
0.97294
0.97306
0.9726
0.974
0.97182
0.97206
0.97364
0.972
0.97332
0.97114
0.9738
0.97402
0.97214
0.97296
0.9717
0.97336
0.97224
0.97336
0.97288
0.97334
0.9738
0.97432
0.97442
0.97318
0.974
0.97302
0.9718
0.9725
0.97368
0.97356
0.97368
0.9738
0.97304
0.9729
0.97364
0.9721
0.97376
0.97576
0.9732
0.97144
0.97328
0.9715
0.97502
0.97404
0.97306
0.97278
0.97386
0.97344
0.97202
0.97304
0.97306
0.97174
0.9725
0.97364
0.97304
0.9732
0.97358
0.97264
0.9715
0.97424
0.97402
0.97246
0.97336
0.9732
0.97498
0.97256
0.97258
0.97152
0.97216
0.97222
0.97412
0.9747
0.97434
0.97374
0.9717
0.9728
0.9735
0.97362
0.97314
0.97464
0.97148
0.97466
0.97394
0.9713
0.97284
0.97342
0.975
0.97424
0.97464
0.97252
0.97414
0.9738
0.97266
0.97204
0.97204
0.97208
0.9741
0.97474
0.97332
0.97294
0.97292
0.9716
0.97266
0.97508
0.97224
0.97312
0.97314
0.9737
0.974
0.97346
0.97236
0.9752
0.97306
0.97378
0.97294
0.97228
0.97286
0.97372
0.97468
0.97232
0.97444
0.97316
0.97476
0.97426
0.97244
0.97274
0.97528
0.9721
0.97342
0.97348
0.97302
0.97244
0.97244
0.97418
0.97276
0.9737
0.974
0.97332
0.9734
0.97486
0.97408
0.97312
0.97394
0.97262
0.97208
0.974
0.97288
0.97336
0.97258
0.9741
0.97106
0.9722
0.97408
0.97446
0.97148
0.97586
0.97308
0.9715
0.97292
0.9731
0.97452
0.97356
0.97216
0.9733
0.97418
0.97408
0.97202
0.97306
0.9721
0.9741
0.97254
0.97382
0.97154
0.97276
0.97388
0.97372
0.97356
0.97242
0.97332
0.97372
0.97258
0.97324
0.97362
0.97344
0.97322
0.9717
0.97422
0.9731
0.97428
0.97272
0.97384
0.97252
0.97368
0.97238
0.97278
0.97256
0.97436
0.973
0.97328
0.9735
0.97282
0.9727
0.97292
0.97412
0.97394
0.97262
0.9723
0.97118
0.97202
0.97298
0.97218
0.97334
0.97356
0.97454
0.97294
0.97322
0.97386
0.97438
0.97438
0.97296
0.97284
0.9733
0.97264
0.97336
0.97246
0.97226
0.97442
0.97426
0.9738
0.97384
0.974
0.97334
0.97406
0.9734
0.97216
0.97312
0.97356
0.97246
0.9736
0.97392
0.97396
0.974
0.97232
0.97236
0.97428
0.97418
0.97216
0.97198
0.9732
0.97328
0.97132
0.97344
0.97432
0.97378
0.97334
0.97366
0.9739
0.9718
0.97202
0.9726
0.97292
0.97074
0.97336
0.9752
0.97394
0.97298
0.97392
0.97188
0.97308
0.97492
0.97292
0.97422
0.97148
0.97464
0.97182
0.97316
0.97296
0.97252
0.97334
0.97172
0.9736
0.97324
0.97592
0.97468
0.973
0.97322
0.97448
0.97558
0.97422
0.97514
0.97322
0.97288
0.97216
0.97354
0.97332
0.9728
0.97394
0.9737
0.97166
0.9739
0.97096
0.97396
0.9726
0.97394
0.97196
0.97462
0.97272
0.97348
0.97356
0.97168
0.97376
0.9719
0.972
0.97294
0.97288
0.97346
0.97198
0.97174
0.97188
0.97454
0.97526
0.97368
0.9723
0.97372
0.9716
0.97472
0.97462
0.9727
0.97422
0.97318
0.97216
0.97264
0.97474
0.97298
0.97398
0.9723
0.97156
0.97504
0.975
0.97168
0.97356
0.97306
0.97332
0.9738
0.9746
0.97472
0.97456
0.97334
0.97334
0.97336
0.97362
0.97322
0.97382
0.97328
0.9731
0.97374
0.97464
0.97466
0.9739
0.97478
0.97326
0.97288
0.97286
0.97364
0.97226
0.9721
0.97402
0.9727
0.97278
0.97344
0.97364
0.97332
0.97244
0.97256
0.97486
0.97284
0.97422
0.9741
0.97432
0.97404
0.97274
0.9724
0.97284
0.97248
0.97288
0.97254
0.97338
0.97358
0.97272
0.97342
0.97228
0.97396
0.97374
0.97466
0.97642
0.97302
0.9731
0.9748
0.97264
0.97414
0.9731
0.97404
0.97452
0.9729
0.9729
0.973
0.97104
0.97552
0.97404
0.9745
0.97312
0.97226
0.97262
0.9718
0.9752
0.97378
0.97394
0.97186
0.9741
0.97344
0.97314
0.97488
0.973
0.9731
0.97138
0.9733
0.97224
0.9706
0.97206
0.9739
0.97236
0.97232
0.97226
0.97206
0.97172
0.97208
0.97376
0.97194
0.97454
0.9733
0.97458
0.97456
0.97348
0.97146
0.97374
0.97348
0.97332
0.97294
0.9708
0.97378
0.97202
0.97348
0.97394
0.97212
0.97258
0.97514
0.97208
0.97304
0.97364
0.97292
0.97294
0.97376
0.97236
0.97198
0.97078
0.97262
0.97184
0.97432
0.97488
0.97338
0.97442
0.9742
0.97328
0.9732
0.97168
0.97336
0.9729
0.97304
0.97338
0.97512
0.9734
0.97324
0.97234
0.97552
0.97358
0.97316
0.97274
0.97314
0.97246
0.97462
0.97352
0.97324
0.97248
0.97246
0.97372
0.97328
0.97192
0.97332
0.97372
0.97308
0.97226
0.97412
0.97426
0.9728
0.97244
0.97374
0.9729
0.97142
0.97344
0.9728
0.97328
0.97272
0.975
0.97296
0.97144
0.97508
0.97372
0.97382
0.97406
0.97378
0.97514
0.97422
0.973
0.97304
0.97458
0.97236
0.97364
0.97178
0.97244
0.9738
0.97364
0.97126
0.97408
0.97312
0.9734
0.97402
0.97236
0.97314
0.97204
0.97324
0.97314
0.974
0.97406
0.97394
0.97226
0.97304
0.97112
0.9725
0.97362
0.97344
0.9748
0.9725
0.97538
0.97402
0.97242
0.97336
0.9712
0.97306
0.97436
0.97332
0.97348
0.97316
0.97296
0.97166
0.97258
0.97312
0.9733
0.97354
0.9737
0.97092
0.97398
0.97254
0.97356
0.9728
0.97226
0.97238
0.97224
0.97322
0.97294
0.97492
0.97406
0.97372
0.972
0.9745
0.97392
0.97214
0.97208
0.97256
0.97128
0.97286
0.97254
0.97522
0.97332
0.97294
0.9736
0.97286
0.974
0.9731
0.97498
0.97124
0.97462
0.97278
0.97312
0.97484
0.9712
0.97298
0.97284
0.97528
0.97318
0.97326
0.97406
0.97536
0.97342
0.97374
0.97296
0.9733
0.9733
0.97454
0.97404
0.97376
0.97212
0.97418
0.97266
0.9741
0.97318
0.97118
0.9723
0.97334
0.97228
0.97258
0.97236
0.9739
0.97478
0.9737
0.97162
0.971
0.9739
0.97288
0.97332
0.97116
0.97236
0.9728
0.97098
0.97252
0.97166
0.9726
0.97252
0.97434
0.97286
0.97132
0.97344
0.9746
0.97224
0.97364
0.9733
0.9722
0.97296
0.97324
0.971
0.97374
0.97374
0.97278
0.9733
0.9726
0.97254
0.97326
0.97352
0.97564
0.97224
0.97382
0.97342
0.97096
0.9732
0.97322
0.97284
0.97358
0.9728
0.97292
0.9724
0.97484
0.97316
0.9724
0.97394
0.97624
0.9732
0.97368
0.97292
0.97284
0.97352
0.97174
0.97284
0.97248
0.9734
0.97286
0.97412
0.97334
0.9719
0.9712
0.97324
0.97244
0.97228
0.9726
0.97228
0.9747
0.97294
0.97282
0.97342
0.97288
0.97108
0.97448
0.9724
0.97246
0.97176
0.97344
0.97356
0.97442
0.97206
0.9748
0.97404
0.97206
0.9753
0.97366
0.97306
0.97326
0.97148
0.9733
0.97242
0.97424
0.9729
0.97458
0.97426
0.9751
0.97314
0.97364
0.97206
0.97432
0.97224
0.97284
0.97378
0.9742
0.97232
0.9727
0.97286
0.973
0.97322
0.97252
0.97488
0.9744
0.97394
0.97178
0.97378
0.97446
0.97244
0.9724
0.97464
0.97406
0.97282
0.97102
0.97188
0.97348
0.97348
0.97356
0.97372
0.97238
0.97574
0.9722
0.97334
0.97464
0.9732
0.9716
0.9739
0.97418
0.973
0.97328
0.97204
0.97386
0.97166
0.9727
0.97388
0.9731
0.97268
0.97334
0.9746
0.97476
0.97418
0.97364
0.974
0.97196
0.97274
0.97212
0.97362
0.97248
0.97308
0.97372
0.97272
0.97508
0.97242
0.97392
0.97384
0.97354
0.9747
0.9727
0.97452
0.97284
0.97402
0.97396
0.97136
0.97424
0.9741
0.97412
0.9719
0.97282
0.97322
0.97298
0.9733
0.9734
0.9726
0.97432
0.9734
0.97474
0.97264
0.97178
0.9758
0.97186
0.97334
0.97518
0.97352
0.97276
0.97372
0.97128
0.9727
0.9717
0.97292
0.97462
0.9732
0.97354
0.97192
0.9733
0.9727
0.97314
0.97426
0.97312
0.97452
0.97374
0.97274
0.972
0.9728
0.97324
0.97352
0.97172
0.9734
0.97348
0.9728
0.97242
0.97304
0.97436
0.9731
0.97374
0.97432
0.97228
0.97582
0.97314
0.97414
0.97466
0.9733
0.9732
0.97412
0.97312
0.97136
0.97274
0.971
0.97258
0.97604
0.97402
0.97142
0.9725
0.97292
0.97336
0.97288
0.9736
0.97396
0.97212
0.97118
0.97212
0.97298
0.97306
0.97364
0.97142
0.9726
0.97352
0.9748
0.97224
0.9699
0.97394
0.97228
0.97362
0.97324
0.97272
0.97536
0.97432
0.97352
0.97162
0.97364
0.97262
0.97404
0.97412
0.97288
0.97574
0.97148
0.97274
0.97384
0.97266
0.97322
0.97142
0.97334
0.97408
0.97448
0.97274
0.97292
0.97164
0.97458
0.97348
0.97362
0.97402
0.97446
0.97378
0.97262
0.97428
0.97302
0.97382
0.97312
0.97174
0.97386
0.97422
0.97252
0.9741
0.97328
0.97384
0.97396
0.97494
0.97174
0.97394
0.97354
0.97438
0.97254
0.97472
0.97192
0.9723
0.97404
0.97344
0.9737
0.97254
0.9732
0.97322
0.97304
0.97206
0.97366
0.97232
0.97228
0.9739
0.9729
0.97382
0.97482
0.97412
0.97222
0.97346
0.97404
0.97168
0.973
0.97454
0.97262
0.9739
0.97326
0.97206
0.97076
0.9712
0.97196
0.97324
0.97362
0.9745
0.97452
0.97216
0.97244
0.97416
0.97398
0.9729
0.9734
0.9737
0.97442
0.97252
0.97282
0.97356
0.9741
0.97318
0.9727
0.97308
0.97358
0.97222
0.97416
0.97106
0.97252
0.9742
0.97412
0.97442
0.97412
0.9726
0.97194
0.97252
0.97174
0.97332
0.97264
0.97384
0.97238
0.97444
0.97184
0.97266
0.97538
0.9739
0.97306
0.97286
0.97314
0.97364
0.9715
0.97258
0.97246
0.97378
0.97228
0.97482
0.97416
0.9729
0.97216
0.97186
0.97358
0.97236
0.97236
0.97302
0.97434
0.97398
0.97258
0.9733
0.97464
0.97428
0.97382
0.97404
0.97292
0.97226
0.9732
0.97414
0.97384
0.97324
0.973
0.97302
0.97264
0.97302
0.97364
0.97378
0.97426
0.97518
0.97478
0.97262
0.97378
0.9731
0.97406
0.97374
0.97432
0.97318
0.97344
0.97294
0.97404
0.9737
0.9729
0.97406
0.97158
0.97284
0.97198
0.9752
0.97216
0.9736
0.97452
0.97282
0.97378
0.97208
0.97146
0.9736
0.97074
0.97418
0.97096
0.9746
0.97402
0.97316
0.97228
0.97254
0.97124
0.97356
0.97118
0.97428
0.97308
0.97516
0.97406
0.97196
0.97284
0.9743
0.9734
0.97316
0.97272
0.97514
0.97422
0.97404
0.9739
0.97446
0.97388
0.97344
0.97402
0.97222
0.97226
0.97394
0.97326
0.97058
0.97266
0.97244
0.97402
0.97184
0.97236
0.97452
0.97382
0.97572
0.97318
0.97284
0.97424
0.9749
0.9728
0.97346
0.9718
0.97252
0.9739
0.97398
0.97284
0.97338
0.97206
0.97192
0.97208
0.97402
0.97298
0.97558
0.97384
0.97348
0.9741
0.97334
0.97088
0.97462
0.97448
0.97266
0.9717
0.97186
0.971
0.9728
0.97334
0.97304
0.97362
0.97402
0.97186
0.97162
0.97314
0.97292
0.97042
0.97432
0.9738
0.97234
0.97364
0.97224
0.9734
0.97298
0.9744
0.97376
0.9748
0.97368
0.97374
0.97166
0.97348
0.97286
0.97392
0.9737
0.97222
0.97366
0.97362
0.9716
0.97146
0.97254
0.97426
0.97308
0.9713
0.97386
0.97364
0.97348
0.97442
0.97272
0.97416
0.9752
0.97298
0.97144
0.97224
0.97264
0.97478
0.97222
0.97328
0.974
0.97378
0.9716
0.97362
0.9742
0.97334
0.97446
0.97326
0.97326
0.9733
0.97384
0.9722
0.9731
0.97402
0.97324
0.97344
0.97342
0.97482
0.97352
0.97424
0.97268
0.9735
0.97282
0.9717
0.97244
0.9734
0.9726
0.97254
0.97316
0.9737
0.97248
0.97302
0.97324
0.97298
0.97422
0.97264
0.97314
0.97372
0.97474
0.9715
0.97378
0.9746
0.97204
0.97376
0.97356
0.97278
0.97426
0.97366
0.97304
0.97228
0.97364
0.97236
0.97262
0.97364
0.9728
0.97258
0.97384
0.97228
0.9725
0.97226
0.9747
0.97332
0.97402
0.97362
0.97396
0.97398
0.97404
0.97388
0.97326
0.9705
0.973
0.97262
0.97168
0.97194
0.97396
0.97402
0.9731
0.97438
0.97336
0.97386
0.97352
0.97294
0.97448
0.97272
0.97518
0.97246
0.97188
0.97228
0.973
0.97368
0.97244
0.97414
0.97228
0.9733
0.97212
0.9742
0.97234
0.97362
0.97352
0.97492
0.97432
0.97364
0.97442
0.97282
0.97322
0.97304
0.97308
0.9729
0.97356
0.97288
0.97276
0.97272
0.97366
0.9724
0.97564
0.97416
0.97174
0.97268
0.97646
0.97382
0.97422
0.97326
0.9731
0.97422
0.97444
0.97264
0.972
0.97352
0.97414
0.97348
0.9737
0.97388
0.97502
0.97122
0.97292
0.97364
0.97258
0.97356
0.97358
0.97234
0.9737
0.97412
0.97476
0.97348
0.97274
0.97136
0.97298
0.9714
0.9714
0.97226
0.9725
0.9736
0.97372
0.97136
0.9732
0.97336
0.97252
0.97426
0.9735
0.97244
0.97408
0.97214
0.97276
0.97292
0.97354
0.97426
0.97346
0.97368
0.97442
0.97458
0.9746
0.9728
0.97372
0.97338
0.97278
0.97404
0.9719
0.97528
0.97286
0.9727
0.97226
0.9729
0.9735
0.97258
0.9722
0.97402
0.97418
0.97158
0.9742
0.97312
0.97212
0.97332
0.97296
0.97368
0.9742
0.97386
0.9718
0.97442
0.97176
0.97368
0.97312
0.97326
0.97428
0.97184
0.97218
0.97314
0.97338
0.9727
0.9744
0.97244
0.97394
0.97368
0.97358
0.97374
0.97304
0.97266
0.97378
0.97234
0.97384
0.97138
0.97336
0.97124
0.9724
0.97248
0.97214
0.97426
0.97344
0.97176
0.97246
0.97384
0.97244
0.972
0.9705
0.97224
0.97452
0.97418
0.97202
0.97532
0.97282
0.9741
0.97274
0.97348
0.9723
0.97422
0.9745
0.97336
0.97568
0.97426
0.9743
0.97242
0.97406
0.97396
0.97474
0.9736
0.9759
0.9742
0.97332
0.97238
0.97364
0.97298
0.97322
0.97468
0.9719
0.97202
0.97322
0.97312
0.97248
0.9728
0.97258
0.97476
0.97412
0.97334
0.97446
0.97284
0.97314
0.97284
0.97252
0.9741
0.97376
0.97372
0.974
0.97206
0.97336
0.97228
0.97298
0.97514
0.97478
0.97184
0.97238
0.97292
0.97414
0.971
0.9737
0.9731
0.9719
0.9719
0.97326
0.97212
0.9737
0.9748
0.97506
0.97202
0.97178
0.9738
0.9746
0.97374
0.97342
0.9727
0.97192
0.97124
0.97214
0.97328
0.97428
0.97472
0.97254
0.97232
0.97306
0.97324
0.9738
0.97416
0.97186
0.975
0.97294
0.97266
0.9747
0.97144
0.97386
0.97322
0.97446
0.97194
0.97236
0.97452
0.9737
0.97224
0.97362
0.97352
0.9735
0.97328
0.97252
0.97518
0.97296
0.9734
0.97334
0.97262
0.97158
0.97386
0.97162
0.97288
0.9735
0.97216
0.97206
0.97276
0.97368
0.97434
0.97468
0.97464
0.97186
0.97294
0.97238
0.97356
0.97232
0.97232
0.97196
0.9759
0.97348
0.97226
0.97424
0.97256
0.97324
0.97168
0.97418
0.97448
0.97324
0.97336
0.97448
0.97224
0.97482
0.97288
0.97208
0.9715
0.97334
0.9723
0.97226
0.97164
0.97246
0.9739
0.9725
0.97294
0.97284
0.97162
0.97366
0.97308
0.9723
0.97244
0.97512
0.97196
0.97424
0.9728
0.97442
0.97306
0.97456
0.97502
0.97422
0.97258
0.9727
0.97536
0.9716
0.9736
0.97402
0.97372
0.97378
0.97466
0.97246
0.97388
0.97194
0.9737
0.97274
0.97344
0.97308
0.97216
0.97422
0.9726
0.97346
0.9727
0.97346
0.97352
0.97514
0.97294
0.97442
0.97272
0.97236
0.9742
0.9733
0.97378
0.97286
0.97352
0.97158
0.9729
0.97444
0.97358
0.97246
0.97336
0.9735
0.97344
0.97314
0.9746
0.9738
0.9733
0.97156
0.9709
0.97246
0.97482
0.97408
0.97262
0.97438
0.97394
0.97382
0.9741
0.97432
0.97236
0.97368
0.9713
0.97432
0.97392
0.9713
0.97456
0.97266
0.9734
0.97206
0.97428
0.9732
0.97466
0.97334
0.9724
0.9719
0.97508
0.97344
0.9742
0.97552
0.97268
0.97292
0.97382
0.97316
0.97446
0.97302
0.97242
0.9739
0.97188
0.97256
0.9725
0.97328
0.97402
0.97272
0.974
0.97302
0.97274
0.97246
0.97366
0.97254
0.97442
0.97392
0.97324
0.97552
0.97308
0.97232
0.9721
0.97224
0.97058
0.97398
0.97286
0.97358
0.9748
0.97348
0.97394
0.9747
0.97412
0.97346
0.97354
0.97252
0.97316
0.97302
0.97202
0.9744
0.9725
0.97354
0.97404
0.97252
0.97428
0.97262
0.97264
0.97378
0.97246
0.9726
0.97452
0.97216
0.97186
0.97376
0.97292
0.97426
0.97504
0.9759
0.973
0.97448
0.97338
0.97168
0.9711
0.9733
0.97498
0.97452
0.97318
0.9729
0.96984
0.97286
0.97108
0.97428
0.97226
0.97174
0.97292
0.97396
0.97422
0.97424
0.97366
0.97402
0.97418
0.97326
0.97172
0.97086
0.97554
0.97324
0.97318
0.97268
0.97288
0.9717
0.97156
0.97224
0.97528
0.97328
0.9716
0.97282
0.97348
0.9733
0.97286
0.97356
0.97174
0.97406
0.97128
0.97214
0.97244
0.97372
0.97324
0.97282
0.97426
0.97394
0.9728
0.97182
0.9726
0.97306
0.97244
0.97358
0.9748
0.97266
0.97344
0.97244
0.9728
0.9735
0.97334
0.9728
0.97316
0.9715
0.97454
0.9749
0.97048
0.9731
0.97286
0.97272
0.97338
0.97294
0.97488
0.97462
0.97274
0.97296
0.97432
0.9733
0.97342
0.97296
0.97406
0.97314
0.97352
0.97238
0.97258
0.9744
0.97252
0.97234
0.9731
0.97188
0.9729
0.97168
0.9746
0.97258
0.97366
0.97346
0.97158
0.97436
0.97426
0.97344
0.97172
0.97322
0.97306
0.97188
0.97278
0.97386
0.97322
0.9718
0.97386
0.97272
0.97364
0.97338
0.97284
0.97352
0.97322
0.97314
0.97324
0.9733
0.9737
0.97444
0.9726
0.97344
0.97546
0.97332
0.97294
0.97242
0.97292
0.97368
0.97398
0.9713
0.97408
0.97344
0.973
0.9733
0.97248
0.97356
0.97334
0.97398
0.97446
0.97132
0.97278
0.97374
0.97472
0.97324
0.97286
0.97194
0.97308
0.97502
0.9742
0.9725
0.97418
0.97344
0.97252
0.97252
0.97452
0.97244
0.97112
0.97348
0.9707
0.9725
0.97372
0.9739
0.97422
0.97316
0.97386
0.97404
0.97398
0.97392
0.97366
0.97254
0.97486
0.97336
0.97392
0.973
0.97302
0.97164
0.9713
0.97402
0.97408
0.97496
0.97212
0.97272
0.97328
0.97314
0.97274
0.9722
0.97286
0.97376
0.97124
0.97194
0.97156
0.97468
0.9733
0.97278
0.97186
0.97296
0.97418
0.97226
0.97194
0.97394
0.97132
0.9715
0.97472
0.97362
0.97208
0.9723
0.9739
0.97252
0.97474
0.97412
0.9734
0.9726
0.97342
0.97364
0.97442
0.97254
0.97344
0.9738
0.9722
0.9727
0.9746
0.97452
0.97436
0.97442
0.97304
0.97378
0.97372
0.9747
0.97258
0.97422
0.97304
0.9718
0.97306
0.97366
0.97348
0.97272
0.9733
0.97336
0.9728
0.97254
0.9724
0.97388
0.97278
0.97212
0.97312
0.97256
0.97398
0.97378
0.97188
0.9727
0.97374
0.97174
0.97208
0.97368
0.9725
0.9729
0.97384
0.972
0.97386
0.97374
0.97356
0.97362
0.97382
0.97354
0.97326
0.9735
0.97188
0.97204
0.97352
0.97404
0.97418
0.97312
0.9735
0.97352
0.97336
0.97254
0.97416
0.9719
0.97416
0.97282
0.97322
0.97322
0.97338
0.97356
0.97274
0.97282
0.9744
0.97318
0.9743
0.97222
0.97382
0.97178
0.97438
0.97278
0.97322
0.97398
0.97318
0.97186
0.97338
0.97248
0.97552
0.9736
0.97328
0.97286
0.97232
0.9728
0.97376
0.97352
0.97358
