0.14836
0.15704
0.14466
0.14642
0.14816
0.14844
0.14992
0.16462
0.15222
0.17186
0.1597
0.17594
0.18616
0.16528
0.153
0.14802
0.16478
0.16722
0.17224
0.16458
0.16338
0.17382
0.15922
0.15928
0.16192
0.1658
0.1589
0.16302
0.1594
0.14844
0.15694
0.15564
0.13556
0.15324
0.15882
0.15764
0.15398
0.16886
0.15892
0.15224
0.16796
0.1683
0.1675
0.15092
0.13826
0.14324
0.14994
0.13124
0.14664
0.16318
0.16324
0.16232
0.14816
0.16206
0.16588
0.17142
0.1638
0.15604
0.15664
0.14552
0.15474
0.15024
0.14834
0.14812
0.1528
0.15202
0.16502
0.17048
0.15324
0.16086
0.14894
0.14324
0.14566
0.1397
0.15378
0.16246
0.14652
0.14892
0.1483
0.14028
0.14774
0.15066
0.15124
0.15536
0.17168
0.18022
0.16756
0.1642
0.1619
0.16208
0.17608
0.16908
0.14996
0.15682
0.15786
0.1535
0.1508
0.15328
0.14136
0.15512
0.16424
0.16438
0.15944
0.17116
0.16716
0.17148
0.17294
0.17048
0.14878
0.14582
0.12574
0.15038
0.1557
0.14032
0.14626
0.13574
0.1523
0.16624
0.16232
0.15608
0.1533
0.14684
0.15308
0.15528
0.15722
0.16034
0.1543
0.15974
0.17512
0.15712
0.15986
0.16532
0.17154
0.1486
0.15344
0.157
0.1379
0.16716
0.16734
0.16002
0.14888
0.16466
0.15846
0.16038
0.15666
0.16152
0.16428
0.16094
0.14328
0.14404
0.13346
0.14958
0.15774
0.14116
0.15414
0.15856
0.15412
0.1739
0.15166
0.16256
0.15814
0.14574
0.14616
0.14608
0.14914
0.15048
0.15386
0.15518
0.14578
0.14432
0.15868
0.1702
0.16852
0.17528
0.16496
0.15988
0.16838
0.16682
0.153
0.15302
0.15478
0.16526
0.1641
0.16714
0.16316
0.15488
0.16628
0.1633
0.1536
0.1502
0.1613
0.1545
0.14692
0.1404
0.15968
0.16438
0.1546
0.14594
0.15106
0.14088
0.1458
0.15962
0.15514
0.16346
0.16328
0.15312
0.1514
0.16312
0.16512
0.16012
0.15676
0.15896
0.15674
0.165
0.15684
0.13378
0.12764
0.13542
0.14186
0.1458
0.13868
0.1461
0.14974
0.16628
0.16906
0.15614
0.16224
0.15692
0.16214
0.15846
0.14538
0.1553
0.16128
0.1627
0.16174
0.16564
0.14958
0.16084
0.16304
0.15414
0.16674
0.16616
0.16776
0.16168
0.15766
0.15348
0.14704
0.13874
0.14362
0.14462
0.13656
0.1625
0.15194
0.14696
0.15014
0.1632
0.1553
0.15086
0.14072
0.14644
0.13406
0.1489
0.1463
0.14908
0.15584
0.158
0.15926
0.14022
0.1392
0.13446
0.13624
0.1464
0.14084
0.14986
0.14736
0.15228
0.16428
0.1445
0.14974
0.13442
0.14354
0.13872
0.14066
0.13022
0.14396
0.15294
0.1698
0.15134
0.15124
0.155
0.16482
0.16664
0.15242
0.14944
0.1593
0.15372
0.14472
0.14406
0.15558
0.15396
0.14748
0.16646
0.14928
0.16468
0.15852
0.15188
0.15426
0.14474
0.14224
0.14316
0.14642
0.16018
0.1616
0.16044
0.16034
0.16586
0.16262
0.146
0.143
0.1497
0.15838
0.16046
0.15746
0.14696
0.15926
0.16538
0.15602
0.16332
0.15654
0.15002
0.14574
0.14294
0.13342
0.14188
0.15932
0.15088
0.15372
0.1609
0.1531
0.1482
0.14202
0.14902
0.14244
0.15058
0.15098
0.13392
0.13344
0.14356
0.14634
0.1551
0.15794
0.13488
0.13798
0.14556
0.15316
0.15512
0.15732
0.1633
0.14914
0.13902
0.14942
0.152
0.1547
0.14372
0.14976
0.16802
0.1745
0.16126
0.17434
0.16554
0.16998
0.15896
0.1561
0.15258
0.13978
0.14182
0.15306
0.15452
0.1468
0.16338
0.16806
0.15552
0.15254
0.15694
0.1627
0.14994
0.15284
0.17024
0.15136
0.15452
0.16876
0.16682
0.17488
0.16434
0.15716
0.15122
0.15204
0.15636
0.15784
0.16852
0.16116
0.16694
0.16298
0.16656
0.16124
0.1596
0.15928
0.1514
0.14588
0.15478
0.17392
0.16752
0.16986
0.15922
0.14902
0.15422
0.15064
0.1597
0.14052
0.14804
0.14174
0.14048
0.15278
0.1521
0.14092
0.11934
0.13816
0.16388
0.15226
0.1631
0.15504
0.15352
0.15602
0.141
0.1531
0.16148
0.14444
0.15566
0.17474
0.1837
0.1723
0.1722
0.15844
0.15346
0.1385
0.14788
0.13964
0.1578
0.1567
0.16514
0.16972
0.15478
0.16212
0.15814
0.15592
0.1707
0.17488
0.16222
0.14918
0.1454
0.14046
0.14902
0.16122
0.1451
0.16124
0.1666
0.16684
0.15654
0.17098
0.16952
0.15278
0.16792
0.1585
0.16098
0.16162
0.15372
0.1545
0.14508
0.15542
0.1409
0.14946
0.1553
0.15238
0.15434
0.16662
0.14498
0.1537
0.15076
0.13696
0.14942
0.1583
0.15518
0.15274
0.14278
0.13908
0.16008
0.16402
0.16052
0.16774
0.154
0.1482
0.15864
0.14992
0.1532
0.15476
0.1611
0.1567
0.15906
0.14526
0.1459
0.1459
0.15832
0.1487
0.1585
0.14496
0.14438
0.14946
0.15248
0.15874
0.15926
0.15826
0.1587
0.14926
0.14934
0.14214
0.14694
0.14138
0.1555
0.15928
0.15816
0.15298
0.14374
0.15528
0.15854
0.13838
0.14874
0.15706
0.15968
0.16382
0.16784
0.17726
0.16828
0.15038
0.14152
0.15724
0.17012
0.17122
0.16084
0.14556
0.13928
0.14528
0.14866
0.15658
0.1501
0.15994
0.16078
0.15272
0.15292
0.14634
0.15388
0.16462
0.16698
0.15818
0.15824
0.14386
0.13176
0.15244
0.17836
0.16832
0.15698
0.14526
0.15102
0.16026
0.15772
0.15254
0.14682
0.14734
0.1607
0.16138
0.15342
0.1554
0.14988
0.15912
0.1592
0.16046
0.16596
0.1574
0.16414
0.14916
0.16226
0.15934
0.1717
0.16718
0.1721
0.1656
0.17624
0.16606
0.16652
0.16154
0.1724
0.15786
0.1551
0.14192
0.14524
0.13956
0.15534
0.15694
0.1541
0.15938
0.15574
0.17056
0.17064
0.15192
0.15826
0.1692
0.16914
0.16182
0.15836
0.16176
0.15668
0.14704
0.15482
0.1467
0.14174
0.14668
0.144
0.14156
0.14776
0.1437
0.14912
0.1445
0.14364
0.1221
0.13184
0.13502
0.15164
0.1505
0.13946
0.13488
0.14274
0.14512
0.161
0.1576
0.1628
0.15792
0.14232
0.14894
0.16084
0.16382
0.17158
0.16908
0.17264
0.1586
0.1497
0.1466
0.13856
0.14762
0.15018
0.16068
0.16428
0.16264
0.16032
0.15132
0.13474
0.1585
0.1487
0.15718
0.16398
0.16418
0.14938
0.1505
0.16504
0.1621
0.15756
0.162
0.14906
0.1622
0.16268
0.16124
0.16344
0.16508
0.14562
0.1569
0.15232
0.14996
0.16468
0.15526
0.15988
0.16336
0.16086
0.14892
0.13808
0.13502
0.16134
0.161
0.16716
0.15194
0.15438
0.15476
0.1495
0.1608
0.16622
0.16958
0.1631
0.15892
0.14966
0.14966
0.15514
0.15036
0.15158
0.14532
0.15878
0.15892
0.1602
0.16226
0.15752
0.16726
0.17406
0.17452
0.16262
0.15596
0.17026
0.15238
0.14846
0.15912
0.15718
0.16186
0.15344
0.14508
0.14258
0.13592
0.16718
0.15612
0.15542
0.16962
0.1836
0.18588
0.17432
0.18208
0.17104
0.16348
0.16132
0.1556
0.15818
0.16964
0.16584
0.1653
0.15164
0.16508
0.16382
0.1486
0.14188
0.14754
0.16384
0.17602
0.16524
0.16262
0.17374
0.15128
0.15288
0.146
0.16638
0.15976
0.1758
0.15508
0.15326
0.1388
0.14182
0.16012
0.14586
0.14332
0.14656
0.15338
0.16476
0.15528
0.13614
0.13286
0.13878
0.1592
0.1713
0.15962
0.15524
0.14282
0.13892
0.15496
0.148
0.15252
0.157
0.14164
0.1422
0.15452
0.16826
0.1609
0.1637
0.17826
0.17814
0.15386
0.15606
0.14842
0.14066
0.15036
0.16716
0.16708
0.15782
0.14024
0.1363
0.15058
0.1496
0.15234
0.1638
0.16042
0.16296
0.16172
0.16044
0.17094
0.1508
0.16706
0.15322
0.1419
0.1423
0.15828
0.14146
0.1453
0.14392
0.1435
0.13932
0.15164
0.15104
0.1533
0.15552
0.15034
0.15242
0.15292
0.16554
0.14674
0.15854
0.1694
0.15766
0.1549
0.15608
0.17666
0.18568
0.16788
0.15758
0.14748
0.13508
0.13936
0.15022
0.15414
0.15912
0.16708
0.16146
0.15554
0.15554
0.14714
0.1487
0.15482
0.17184
0.1543
0.17482
0.17642
0.16996
0.16012
0.16782
0.17222
0.17058
0.15308
0.14846
0.15262
0.14704
0.15102
0.14674
0.1386
0.14588
0.14732
0.13864
0.15194
0.16054
0.14586
0.1542
0.14832
0.13938
0.14246
0.15138
0.15142
0.1676
0.1578
0.14372
0.15532
0.16126
0.14634
0.15224
0.15122
0.15578
0.15242
0.15352
0.16678
0.17104
0.15318
0.14666
0.15216
0.15656
0.15412
0.16626
0.16916
0.1604
0.16778
0.16214
0.14116
0.14404
0.15048
0.1567
0.1404
0.13674
0.15374
0.15094
0.15324
0.1457
0.16036
0.17312
0.17014
0.16688
0.1627
0.16808
0.17246
0.1478
0.13248
0.1488
0.15632
0.17658
0.16346
0.13168
0.158
0.14278
0.15248
0.15006
0.16244
0.14406
0.136
0.15302
0.14816
0.14444
0.16106
0.15344
0.16422
0.16658
0.1559
0.14646
0.15054
0.15056
0.1669
0.16042
0.16398
0.16068
0.16814
0.16036
0.14728
0.16346
0.1599
0.15784
0.15316
0.15684
0.1819
0.16538
0.15296
0.16212
0.15092
0.1508
0.15678
0.16466
0.16054
0.15872
0.14358
0.15754
0.1481
0.16694
0.15444
0.16166
0.16052
0.16126
0.14594
0.14944
0.15312
0.15792
0.14408
0.157
0.15404
0.14418
0.15914
0.16694
0.16122
0.16042
0.15536
0.159
0.15546
0.14744
0.15418
0.14404
0.15914
0.15618
0.14664
0.15056
0.13984
0.13644
0.14908
0.13218
0.13692
0.14056
0.14694
0.1558
0.15306
0.15268
0.14364
0.14794
0.15644
0.15218
0.1737
0.15142
0.15974
0.15112
0.16052
0.15414
0.14752
0.15974
0.1548
0.1559
0.16126
0.1678
0.1665
0.17278
0.15882
0.15124
0.16398
0.1566
0.15628
0.16226
0.16452
0.165
0.1527
0.14338
0.1517
0.16222
0.15586
0.14602
0.15512
0.15188
0.15184
0.15786
0.16234
0.13196
0.12214
0.14582
0.1483
0.15302
0.14482
0.13908
0.15054
0.15988
0.14308
0.1468
0.15808
0.15624
0.16146
0.15212
0.13768
0.15064
0.14562
0.15476
0.15524
0.15914
0.16126
0.16318
0.16036
0.14786
0.1345
0.1457
0.14108
0.13832
0.14076
0.14426
0.14844
0.1487
0.15156
0.1407
0.15308
0.15008
0.14932
0.14478
0.15268
0.15846
0.1529
0.155
0.14742
0.15674
0.16228
0.16318
0.1555
0.16346
0.1525
0.1462
0.15378
0.15578
0.15644
0.12912
0.14322
0.1516
0.1521
0.15316
0.15516
0.1562
0.151
0.147
0.16538
0.1606
0.1401
0.1598
0.16114
0.15986
0.1474
0.16054
0.16696
0.15942
0.14962
0.15404
0.14942
0.15404
0.16714
0.17302
0.1676
0.16544
0.17134
0.15834
0.16626
0.1591
0.15926
0.15852
0.14278
0.14584
0.12686
0.13098
0.15104
0.15032
0.15554
0.17258
0.16016
0.15634
0.15498
0.15128
0.14254
0.15926
0.15994
0.15262
0.1598
0.13778
0.15544
0.1457
0.14882
0.14918
0.14576
0.15348
0.14998
0.15372
0.15996
0.14462
0.13838
0.14866
0.15998
0.15352
0.14242
0.14974
0.14382
0.1596
0.15358
0.1505
0.14316
0.16062
0.15752
0.14426
0.1384
0.13558
0.14628
0.15392
0.14092
0.15012
0.14782
0.1448
0.15068
0.15586
0.17006
0.15628
0.16056
0.15886
0.1515
0.15152
0.15168
0.1595
0.15678
0.1569
0.15932
0.16104
0.15456
0.15744
0.16536
0.14988
0.14478
0.15506
0.15814
0.1611
0.1532
0.16144
0.17164
0.16414
0.16276
0.15334
0.1522
0.15
0.14692
0.14482
0.1369
0.15984
0.14812
0.14986
0.1414
0.16414
0.15424
0.16326
0.15974
0.14868
0.16788
0.1718
0.1626
0.16558
0.1635
0.14746
0.15612
0.15938
0.15948
0.16168
0.1752
0.16436
0.14702
0.15226
0.14876
0.13632
0.13206
0.14244
0.14954
0.15158
0.14414
0.12952
0.13092
0.12598
0.14196
0.14984
0.17052
0.15558
0.15396
0.14402
0.14438
0.14154
0.13714
0.14528
0.14622
0.15026
0.15892
0.15494
0.13846
0.15224
0.15612
0.14296
0.15606
0.1738
0.17754
0.1593
0.1643
0.14772
0.13938
0.14594
0.14606
0.15016
0.15752
0.1632
0.1615
0.13616
0.15126
0.15442
0.1516
0.16258
0.15498
0.14628
0.15056
0.16438
0.16566
0.1744
0.16562
0.16468
0.17016
0.16018
0.14602
0.16756
0.1717
0.17518
0.16394
0.15374
0.15414
0.15062
0.15476
0.15592
0.16144
0.13644
0.13838
0.15868
0.17364
0.16292
0.15438
0.16336
0.1632
0.14794
0.15592
0.15258
0.16386
0.1618
0.16942
0.16684
0.15998
0.14808
0.1505
0.15446
0.15244
0.14912
0.15916
0.15546
0.14782
0.16364
0.16822
0.1539
0.16356
0.1637
0.16788
0.15924
0.1714
0.16204
0.1443
0.13254
0.1403
0.1345
0.15148
0.13604
0.13732
0.14252
0.1558
0.14074
0.16336
0.15928
0.16822
0.1661
0.17046
0.17048
0.16832
0.15572
0.15052
0.16024
0.16576
0.15992
0.14992
0.15242
0.16618
0.13976
0.13914
0.15052
0.12966
0.13984
0.15128
0.1635
0.16258
0.15644
0.15378
0.16196
0.1539
0.15426
0.16324
0.15668
0.1528
0.14268
0.15722
0.14778
0.162
0.14996
0.1521
0.14008
0.15422
0.1664
0.16604
0.15514
0.16162
0.15536
0.1534
0.16478
0.1598
0.15114
0.17188
0.16602
0.15532
0.15792
0.15098
0.15534
0.14552
0.14402
0.1557
0.16654
0.16278
0.16602
0.16354
0.16186
0.14998
0.1626
0.15992
0.14582
0.169
0.15926
0.15894
0.15538
0.15262
0.14416
0.15646
0.14818
0.14668
0.15438
0.17146
0.1629
0.13858
0.15262
0.15918
0.15208
0.15018
0.1459
0.15572
0.15714
0.15434
0.15156
0.15808
0.1616
0.15104
0.13872
0.152
0.14752
0.15728
0.14844
0.1369
0.13744
0.15718
0.15394
0.155
0.15212
0.15066
0.15604
0.15498
0.15996
0.16444
0.1776
0.16672
0.17134
0.15036
0.14402
0.14782
0.1483
0.13934
0.14628
0.16148
0.17458
0.15674
0.14948
0.14442
0.1557
0.14556
0.13278
0.15498
0.1591
0.16218
0.15294
0.13566
0.14768
0.15888
0.15164
0.16136
0.15948
0.14182
0.14682
0.14976
0.14946
0.14682
0.1438
0.15458
0.16458
0.14616
0.15232
0.14898
0.15686
0.1583
0.15206
0.15672
0.15142
0.16126
0.15354
0.15554
0.16168
0.1624
0.16008
0.16052
0.16636
0.15812
0.15884
0.16746
0.15914
0.15602
0.1724
0.17006
0.17682
0.1687
0.16848
0.16162
0.16114
0.1637
0.16284
0.14648
0.16896
0.17224
0.16616
0.16084
0.15522
0.13722
0.1531
0.15032
0.14954
0.15586
0.16246
0.1606
0.16144
0.15398
0.15422
0.14576
0.14654
0.14234
0.13672
0.15116
0.15592
0.15538
0.14878
0.151
0.13752
0.14312
0.1523
0.14974
0.1499
0.1483
0.16446
0.16614
0.16068
0.14766
0.14632
0.15084
0.15024
0.16068
0.1414
0.14642
0.14646
0.14644
0.16234
0.16072
0.15154
0.14944
0.16114
0.15432
0.1483
0.15616
0.158
0.15574
0.16338
0.1536
0.15814
0.15824
0.15906
0.1667
0.16524
0.13816
0.15096
0.16682
0.16816
0.16174
0.1572
0.15156
0.15456
0.16558
0.16772
0.16484
0.16698
0.16346
0.15348
0.1498
0.15076
0.14508
0.15676
0.1524
0.16132
0.15908
0.15534
0.15704
0.15656
0.15458
0.16906
0.15974
0.15524
0.16658
0.14846
0.1516
0.15268
0.16334
0.17536
0.1755
0.15632
0.15792
0.16544
0.1617
0.15806
0.16478
0.1472
0.15012
0.1524
0.15046
0.15374
0.16626
0.15944
0.16646
0.17206
0.15842
0.14992
0.14176
0.15066
0.14516
0.16452
0.15354
0.15386
0.15358
0.13826
0.14794
0.15056
0.15164
0.1377
0.14464
0.14158
0.153
0.14696
0.14098
0.14364
0.15292
0.1525
0.1502
0.1525
0.14934
0.1508
0.15068
0.15776
0.14876
0.14238
0.14074
0.15212
0.1439
0.15198
0.14448
0.1459
0.16004
0.13848
0.13776
0.14502
0.15786
0.1516
0.14684
0.16688
0.16468
0.1622
0.14372
0.14528
0.13442
0.13722
0.13398
0.1361
0.1443
0.15266
0.14768
0.14208
0.13712
0.1485
0.15322
0.15218
0.16076
0.14238
0.15304
0.15744
0.15358
0.15212
0.1711
0.16182
0.16438
0.17852
0.1599
0.15582
0.16554
0.15478
0.1511
0.14928
0.15984
0.15708
0.15824
0.14964
0.15598
0.15082
0.16216
0.16342
0.15148
0.16548
0.15524
0.14516
0.13918
0.15342
0.15782
0.16358
0.16032
0.14598
0.14296
0.15002
0.15132
0.16638
0.16406
0.16058
0.16528
0.15534
0.12882
0.13664
0.1448
0.14458
0.15602
0.1586
0.16346
0.15542
0.15994
0.15942
0.16346
0.17506
0.15718
0.17106
0.15228
0.14732
0.14212
0.1434
0.16202
0.15694
0.15994
0.15966
0.15954
0.14126
0.16154
0.16306
0.15966
0.16368
0.17316
0.18636
0.17142
0.16036
0.139
0.14808
0.1568
0.16254
0.15994
0.15648
0.14188
0.15134
0.16338
0.1523
0.15978
0.16642
0.16466
0.1726
0.16334
0.16282
0.1655
0.14998
0.15338
0.15556
0.15274
0.16214
0.15712
0.15958
0.16092
0.16214
0.1443
0.15058
0.15872
0.14888
0.1614
0.15674
0.15906
0.16736
0.1452
0.15572
0.15552
0.15618
0.14966
0.15928
0.15544
0.1561
0.16478
0.1602
0.16148
0.1739
0.15828
0.15694
0.14934
0.1587
0.15824
0.15706
0.1567
0.14974
0.16138
0.1467
0.1611
0.14576
0.15548
0.15898
0.15672
0.14872
0.1561
0.16612
0.16014
0.15426
0.15394
0.15988
0.15716
0.1431
0.151
0.15186
0.15344
0.1479
0.14082
0.13994
0.15926
0.16296
0.15586
0.15896
0.15898
0.15886
0.14524
0.14036
0.13534
0.15762
0.16092
0.1527
0.15954
0.1494
0.16012
0.171
0.1649
0.15962
0.16282
0.1596
0.15246
0.1612
0.1569
0.15662
0.14994
0.1541
0.14382
0.15578
0.16432
0.15098
0.1506
0.15226
0.14574
0.1742
0.17636
0.15898
0.1709
0.1692
0.17324
0.17584
0.1908
0.16582
0.14406
0.1559
0.15276
0.16616
0.17712
0.16106
0.14072
0.1408
0.14242
0.1504
0.15382
0.15216
0.14282
0.15242
0.14112
0.14808
0.15062
0.147
0.14856
0.1508
0.15064
0.15182
0.15104
0.15092
0.15834
0.16128
0.1522
0.1509
0.1489
0.15084
0.14914
0.14536
0.14686
0.15236
0.16162
0.1634
0.1687
0.1623
0.15874
0.15164
0.15242
0.14624
0.1443
0.16074
0.14722
0.14704
0.15474
0.15178
0.15816
0.17298
0.16286
0.15164
0.16528
0.1564
0.15744
0.16152
0.16706
0.1616
0.14872
0.1585
0.15958
0.15438
0.16064
0.1686
0.16584
0.17584
0.16108
0.16428
0.1569
0.16722
0.1654
0.16324
0.17394
0.17526
0.16062
0.16126
0.15084
0.16282
0.16126
0.16566
0.14634
0.15122
0.15334
0.1476
0.13864
0.14168
0.14814
0.14572
0.14564
0.14916
0.15166
0.16024
0.15196
0.15174
0.16346
0.16308
0.16938
0.16012
0.15134
0.16116
0.14632
0.1573
0.16556
0.16708
0.1559
0.1709
0.16752
0.15118
0.15906
0.16278
0.16608
0.16502
0.16926
0.15212
0.14914
0.15144
0.15142
0.15432
0.15682
0.15568
0.1501
0.15104
0.15366
0.15822
0.16064
0.1627
0.1594
0.1626
0.15052
0.1494
0.15126
0.15318
0.1676
0.1668
0.17236
0.17074
0.16038
0.15742
0.15276
0.16566
0.15184
0.15566
0.15394
0.15454
0.1634
0.16534
0.15492
0.1481
0.15368
0.14286
0.16252
0.1526
0.17398
0.1719
0.1782
0.16628
0.15902
0.17086
0.17342
0.16756
0.17052
0.16358
0.16288
0.1621
0.15158
0.17354
0.18102
0.15172
0.15732
0.16116
0.14946
0.14444
0.1599
0.17288
0.1679
0.16798
0.16762
0.14578
0.1415
0.14718
0.14408
0.1487
0.16006
0.15368
0.16774
0.1723
0.16322
0.15704
0.15134
0.16196
0.157
0.14312
0.16386
0.15884
0.15796
0.162
0.16384
0.16116
0.15982
0.14946
0.14684
0.1487
0.16046
0.1529
0.16206
0.16944
0.16258
0.15456
0.15446
0.15452
0.15312
0.16056
0.16124
0.16292
0.16244
0.15184
0.15762
0.15982
0.1594
0.15366
0.15958
0.16042
0.16164
0.155
0.15344
0.15662
0.15682
0.15368
0.14414
0.15488
0.15352
0.14588
0.14904
0.15044
0.15052
0.14024
0.1528
0.14566
0.1526
0.13638
0.14128
0.16832
0.14678
0.15558
0.15918
0.15584
0.1424
0.14234
0.14794
0.14452
0.15724
0.15408
0.1478
0.1599
0.15868
0.1632
0.16778
0.15228
0.15584
0.14234
0.1553
0.16772
0.1519
0.1586
0.15608
0.1642
0.16268
0.15022
0.13318
0.14934
0.14256
0.16228
0.15938
0.16526
0.15544
0.16846
0.15596
0.15196
0.15196
0.15166
0.15906
0.1531
0.1627
0.15974
0.16436
0.1597
0.14412
0.15488
0.16074
0.16062
0.14618
0.15592
0.15832
0.1625
0.15532
0.13866
0.14288
0.15646
0.15722
0.15122
0.14588
0.15298
0.16304
0.17324
0.16498
0.15634
0.16932
0.16774
0.15566
0.14158
0.16388
0.1622
0.15662
0.15204
0.1564
0.15412
0.16382
0.16392
0.16214
0.15256
0.16794
0.16974
0.1676
0.16314
0.16278
0.16112
0.177
0.1619
0.15964
0.1542
0.15116
0.1422
0.15486
0.15654
0.16524
0.15554
0.1612
0.16074
0.16486
0.16826
0.16214
0.16308
0.16138
0.15268
0.149
0.1506
0.15308
0.16204
0.15714
0.14878
0.15908
0.16416
0.16874
0.14674
0.14516
0.1506
0.1454
0.14404
0.14348
0.15484
0.15046
0.15986
0.13938
0.1458
0.14576
0.1478
0.15734
0.1649
0.1611
0.16054
0.15194
0.15746
0.14954
0.14954
0.15802
0.15172
0.14732
0.14724
0.15332
0.15234
0.1475
0.14878
0.1515
0.13662
0.13898
0.15154
0.16724
0.16842
0.1765
0.15214
0.15094
0.1581
0.15392
0.1603
0.15996
0.15826
0.16134
0.16032
0.16094
0.1573
0.15014
0.15164
0.13722
0.14544
0.14356
0.1483
0.14532
0.14514
0.14794
0.13986
0.15578
0.1673
0.15008
0.15224
0.14478
0.1425
0.1407
0.14466
0.15432
0.15484
0.13216
0.1483
0.14614
0.13988
0.14744
0.15552
0.15626
0.16338
0.17492
0.1727
0.17066
0.15884
0.15682
0.15302
0.15414
0.13532
0.13738
0.1468
0.13494
0.15368
0.15084
0.14646
0.15924
0.15782
0.15564
0.14728
0.14182
0.13846
0.14048
0.12754
0.13052
0.1396
0.15472
0.14842
0.14878
0.1514
0.1515
0.16062
0.16072
0.17436
0.15528
0.16048
0.15846
0.1347
0.13352
0.14122
0.14896
0.1412
0.1327
0.15154
0.15878
0.14336
0.134
0.15032
0.15128
0.16362
0.15398
0.15952
0.14928
0.17048
0.16416
0.17242
0.17296
0.1686
0.16394
0.16124
0.16002
0.15602
0.15152
0.15396
0.16628
0.1609
0.16222
0.1572
0.15316
0.15782
0.14454
0.15616
0.15754
0.16492
0.16366
0.16272
0.17014
0.16268
0.1662
0.15032
0.1403
0.14898
0.16192
0.15106
0.134
0.1322
0.12932
0.13958
0.15256
0.15172
0.14932
0.14962
0.1497
0.14694
0.16894
0.15948
0.15548
0.14702
0.14116
0.159
0.1569
0.14736
0.15664
0.15646
0.15156
0.1575
0.14786
0.14564
0.15842
0.15058
0.17678
0.15346
0.13912
0.1535
0.15916
0.17072
0.17516
0.1781
0.18116
0.17984
0.16692
0.15916
0.15692
0.16006
0.15574
0.17506
0.16696
0.15978
0.15702
0.14308
0.14596
0.13926
0.15572
0.15332
0.14884
0.14456
0.1673
0.16362
0.15502
0.1487
0.13958
0.15108
0.15936
0.1604
0.1683
0.1721
0.16838
0.16796
0.15834
0.16714
0.15886
0.15634
0.15216
0.15646
0.15418
0.14426
0.16134
0.15064
0.14592
0.15114
0.1534
0.16382
0.15616
0.15836
0.1639
0.1652
0.15866
0.14712
0.14896
0.1596
0.16218
0.16488
0.15506
0.15518
0.16058
0.16554
0.1688
0.15548
0.15424
0.16292
0.14968
0.15718
0.15252
0.14062
0.15992
0.148
0.1475
0.1505
0.13382
0.14844
0.15064
0.14956
0.14668
0.15158
0.15028
0.14354
0.14794
0.1551
0.16202
0.17488
0.1749
0.15388
0.13908
0.14198
0.15712
0.15638
0.16116
0.17456
0.17756
0.1641
0.16236
0.15964
0.15292
0.1576
0.15546
0.15316
0.16892
0.1612
0.16218
0.14564
0.1542
0.15186
0.15208
0.12868
0.14328
0.14634
0.15322
0.15168
0.1603
0.15594
0.16068
0.14928
0.14848
0.15102
0.14916
0.1601
0.16498
0.16388
0.16016
0.16708
0.16722
0.16254
0.16256
0.13946
0.14168
0.14524
0.14928
0.14286
0.14004
0.14298
0.1399
0.14698
0.15752
0.16804
0.1495
0.1679
0.16946
0.1605
0.15066
0.15052
0.15362
0.1457
0.16046
0.15436
0.1524
0.14556
0.1587
0.1571
0.14664
0.15486
0.14142
0.15728
0.15048
0.13758
0.15478
0.17474
0.16768
0.15708
0.16988
0.1579
0.15664
0.15462
0.1625
0.16392
0.1659
0.15538
0.14668
0.14308
0.14868
0.14872
0.16316
0.16462
0.16264
0.15202
0.15926
0.1489
0.15362
0.16512
0.17104
0.16054
0.17336
0.17878
0.1813
0.15616
0.15064
0.16096
0.15466
0.15258
0.1674
0.1583
0.16476
0.15962
0.16618
0.15638
0.15306
0.16516
0.15266
0.13352
0.15358
0.1634
0.1572
0.14268
0.15458
0.1769
0.16354
0.15944
0.1461
0.15758
0.15978
0.15522
0.15712
0.16052
0.14874
0.13958
0.13856
0.1547
0.1422
0.15104
0.15146
0.16688
0.15304
0.15414
0.16076
0.15912
0.165
0.15246
0.15344
0.15024
0.16366
0.16514
0.1604
0.15956
0.15596
0.16022
0.16822
0.1794
0.14588
0.15188
0.15964
0.16322
0.1666
0.17072
0.17072
0.16004
0.15246
0.1496
0.14928
0.15438
0.13706
0.14338
0.15354
0.15342
0.16238
0.17564
0.16068
0.16368
0.16812
0.16902
0.16848
0.16602
0.1766
0.16702
0.1612
0.16982
0.1648
0.14764
0.14222
0.1431
0.13888
0.16242
0.1674
0.14148
0.14784
0.15556
0.16252
0.15598
0.15684
0.13698
0.15202
0.15062
0.15224
0.15572
0.1595
0.15432
0.15248
0.1587
0.16756
0.16294
0.15568
0.14894
0.15188
0.15068
0.15472
0.15812
0.15304
0.1676
0.1501
0.15164
0.15654
0.1498
0.1458
0.13428
0.13472
0.1556
0.16606
0.15612
0.1534
0.158
0.16254
0.15258
0.16492
0.1749
0.15866
0.1579
0.1547
0.15842
0.16242
0.16064
0.14666
0.16304
0.1602
0.16654
0.16442
0.16328
0.15376
0.16038
0.14752
0.14988
0.1524
0.13872
0.15524
0.15442
0.15988
0.15406
0.1513
0.16504
0.17826
0.17616
0.1624
0.15558
0.1668
0.16592
0.16312
0.1651
0.1683
0.17206
0.15948
0.15986
0.17098
0.15874
0.1526
0.1567
0.1548
0.1504
0.14368
0.14
0.13528
0.13226
0.1505
0.16118
0.14942
0.15532
0.1504
0.15444
0.17334
0.16126
0.15448
0.14574
0.14052
0.14052
0.15374
0.14592
0.14252
0.15092
0.15026
0.16908
0.17302
0.15394
0.14102
0.14444
0.15384
0.1585
0.1541
0.17094
0.14576
0.15774
0.1552
0.1574
0.1648
0.16518
0.1693
0.15618
0.16118
0.13856
0.14278
0.14216
0.15956
0.16592
0.15838
0.16222
0.15988
0.15066
0.15244
0.14806
0.13612
0.1481
0.15186
0.14142
0.15652
0.16146
0.14762
0.13874
0.1451
0.1425
0.14896
0.15424
0.17146
0.15422
0.14884
0.14498
0.16242
0.1491
0.15632
0.14382
0.16456
0.17142
0.16216
0.16222
0.15018
0.14954
0.1542
0.16556
0.16182
0.13864
0.16814
0.16338
0.1695
0.16208
0.16248
0.16826
0.16654
0.17228
0.1719
0.16254
0.16162
0.17534
0.16708
0.16376
0.16418
0.15008
0.13974
0.13646
0.1415
0.15894
0.15252
0.16646
0.15164
0.14794
0.14444
0.15464
0.16286
0.14266
0.15438
0.1648
0.17396
0.15638
0.1683
0.15144
0.1493
0.15228
0.15328
0.1568
0.16396
0.16466
0.16118
0.15906
0.15626
0.15354
0.15764
0.14828
0.13944
0.15042
0.15504
0.15808
0.16032
0.15206
0.1673
0.1369
0.14464
0.15302
0.14714
0.14272
0.13884
0.15362
0.15308
0.14708
0.14492
0.14544
0.14376
0.16166
0.17542
0.15964
0.15714
0.15446
0.15062
0.14924
0.15544
0.16176
0.15358
0.15108
0.1482
0.15154
0.13694
0.14702
0.15024
0.16982
0.15822
0.16016
0.14006
0.14984
0.16078
0.16174
0.15688
0.15368
0.1638
0.17018
0.16162
0.15638
0.15348
0.1559
0.16112
0.15884
0.14288
0.14028
0.13858
0.1493
0.16276
0.14686
0.15912
0.16096
0.15594
0.15892
0.16862
0.16884
0.15884
0.16608
0.15456
0.16954
0.15156
0.15528
0.14966
0.1685
0.1606
0.15856
0.14896
0.14644
0.14712
0.14416
0.15128
0.1589
0.16484
0.16482
0.15864
0.1509
0.1638
0.1508
0.1486
0.13928
0.14
0.1557
0.15294
0.1408
0.1556
0.1549
0.15306
0.15012
0.15732
0.14014
0.14584
0.1503
0.14828
0.14338
0.15004
0.16204
0.15192
0.15574
0.14508
0.14534
0.14782
0.15838
0.16782
0.16218
0.16854
0.1509
0.14642
0.15844
0.16972
0.17366
0.16434
0.15854
0.15284
0.15206
0.16004
0.16312
0.15228
0.14458
0.1472
0.14798
0.15154
0.1516
0.1584
0.17116
0.17924
0.17358
0.17638
0.16784
0.16774
0.15252
0.16798
0.16612
0.15494
0.1454
0.14862
0.1637
0.15268
0.1424
0.13356
0.15874
0.15
0.15402
0.16304
0.16466
0.16266
0.17498
0.16856
0.1652
0.16254
0.159
0.15362
0.14322
0.14552
0.1654
0.15282
0.15142
0.15588
0.15878
0.1594
0.1693
0.16428
0.17718
0.1631
0.15822
0.16174
0.15498
0.13874
0.14418
0.1346
0.1387
0.13816
0.12852
0.13226
0.14478
0.15646
0.16654
0.16324
0.14816
0.16666
0.16244
0.16222
0.17504
0.16372
0.15976
0.15148
0.1505
0.14826
0.15792
0.15988
0.15516
0.14462
0.12418
0.14066
0.15138
0.1364
0.14976
0.15934
0.15352
0.1482
0.1414
0.1357
0.15028
0.15096
0.15738
0.15524
0.13918
0.1298
0.14308
0.1397
0.1492
0.16164
0.15772
0.15296
0.15186
0.15402
0.14476
0.14266
0.1484
0.15534
0.15358
0.15336
0.1598
0.15658
0.16322
0.14916
0.14924
0.14102
0.14462
0.148
0.14726
0.14384
0.15512
0.14922
0.14662
0.14088
0.13632
0.14014
0.14662
0.14616
0.14552
0.1536
0.15438
0.14978
0.14942
0.13894
0.14422
0.15738
0.14514
0.1391
0.15498
0.16392
0.14846
0.1475
0.16054
0.15918
0.15198
0.14648
0.15536
0.137
0.1463
0.1587
0.14816
0.16292
0.1663
0.15062
0.16054
0.16086
0.14946
0.15092
0.14192
0.14022
0.15628
0.16146
0.16694
0.15028
0.1498
0.14814
0.156
0.14822
0.1386
0.156
0.175
0.14904
0.14498
0.1627
0.1561
0.1522
0.14628
0.14132
0.14922
0.14074
0.14818
0.15056
0.1526
0.1632
0.15474
0.14982
0.1397
0.15806
0.16606
0.15634
0.16764
0.15946
0.13976
0.1426
0.14184
0.15634
0.15052
0.15188
0.15036
0.16018
0.155
0.1419
0.1581
0.14672
0.14844
0.14934
0.15912
0.16364
0.1515
0.14304
0.15576
0.16994
0.1606
0.15984
0.16328
0.15352
0.1608
0.16196
0.15266
0.14806
0.15124
0.15748
0.15066
0.14938
0.16744
0.16518
0.15104
0.16064
0.15562
0.1635
0.18012
0.15446
0.14548
0.14504
0.1487
0.1418
0.15992
0.16678
0.15998
0.16232
0.14764
0.14634
0.1539
0.14816
0.14486
0.14074
0.14306
0.14076
0.14724
0.14834
0.14684
0.16114
0.15592
0.1569
0.15528
0.16702
0.1579
0.13464
0.15558
0.15968
0.15824
0.16032
0.16402
0.15424
0.16332
0.1536
0.1557
0.14146
0.147
0.13842
0.14216
0.1524
0.16692
0.16512
0.15676
0.14834
0.14734
0.14776
0.15054
0.1481
0.16116
0.16446
0.18244
0.16266
0.1486
0.15644
0.1459
0.13876
0.14322
0.13742
0.12788
0.1353
0.14524
0.15338
0.1519
0.15088
0.15928
0.14824
0.14262
0.15028
0.17632
0.16986
0.15692
0.17454
0.1738
0.18004
0.17134
0.15792
0.16352
0.15488
0.14534
0.15542
0.16204
0.14876
0.14372
0.14792
0.15852
0.16946
0.1667
0.15966
0.14916
0.14368
0.13702
0.14864
0.14242
0.15754
0.15486
0.17242
0.17672
0.17382
0.15512
0.148
0.15268
0.15352
0.14084
0.14956
0.14518
0.15572
0.15056
0.14988
0.1603
0.15646
0.1554
0.16456
0.1573
0.1542
0.155
0.1543
0.16316
0.17356
0.16316
0.16258
0.1536
0.15276
0.14934
0.1491
0.14392
0.1488
0.1441
0.1546
0.15708
0.16358
0.14426
0.14902
0.17066
0.15556
0.15778
0.15728
0.1615
0.15636
0.15934
0.15456
0.14126
0.16292
0.1546
0.15218
0.15646
0.14436
0.15196
0.14658
0.15778
0.14636
0.14998
0.15876
0.16546
0.16712
0.16748
0.1573
0.15838
0.15766
0.15714
0.15904
0.16134
0.15708
0.16806
0.18242
0.1749
0.17116
0.16428
0.16088
0.14728
0.14078
0.14
0.15312
0.14966
0.1429
0.1584
0.16374
0.15432
0.15314
0.1677
0.16004
0.13874
0.15296
0.14628
0.1392
0.1473
0.15566
0.15872
0.1591
0.16432
0.1573
0.14958
0.14534
0.1499
0.15326
0.1404
0.13968
0.14022
0.1571
0.14796
0.1609
0.16044
0.16576
0.14706
0.16108
0.16468
0.1544
0.16238
0.16772
0.15802
0.15208
0.16604
0.16776
0.1563
0.14198
0.1517
0.15304
0.15642
0.14828
0.1489
0.1444
0.1471
0.16498
0.16522
0.1544
0.14372
0.15798
0.16328
0.1591
0.14726
0.15234
0.16698
0.17558
0.16638
0.16464
0.1516
0.14252
0.15226
0.1586
0.1665
0.15754
0.14908
0.1493
0.15992
0.1506
0.1588
0.1582
0.14522
0.14038
0.14614
0.1471
0.16408
0.16684
0.16018
0.15484
0.15424
0.15868
0.14718
0.14978
0.16708
0.15404
0.14556
0.1391
0.14036
0.14074
0.13348
0.14208
0.13258
0.14556
0.15174
0.16068
0.15364
0.1492
0.1483
0.14658
0.13698
0.15682
0.14796
0.14652
0.1412
0.14678
0.14528
0.15906
0.16542
0.1543
0.16514
0.16086
0.16586
0.15468
0.15654
0.14204
0.15016
0.16372
0.16072
0.16124
0.15106
0.16048
0.16072
0.1533
0.14614
0.15774
0.1572
0.13642
0.14358
0.15122
0.15194
0.16362
0.15618
0.15918
0.15192
0.15438
0.16314
0.1503
0.15334
0.14422
0.1547
0.14628
0.1636
0.15768
0.16522
0.1469
0.1552
0.16378
0.15632
0.15808
0.13796
0.14948
0.14366
0.1564
0.15366
0.15918
0.15078
0.16078
0.155
0.16352
0.16194
0.16578
0.1636
0.16458
0.16342
0.16394
0.15886
0.1514
0.1546
0.1426
0.14748
0.14068
0.1473
0.16298
0.15454
0.1662
0.16964
0.15882
0.1666
0.16528
0.15906
0.1387
0.14268
0.14922
0.15562
0.1441
0.15246
0.15478
0.16508
0.15656
0.15962
0.15552
0.1784
0.16516
0.1587
0.14302
0.15338
0.14526
0.13354
0.15086
0.16292
0.16242
0.14704
0.1484
0.14812
0.14398
0.15402
0.156
0.15906
0.16542
0.14706
0.15394
0.15518
0.14136
0.14282
0.15694
0.15402
0.14554
0.14524
0.16696
0.16406
0.14702
0.14952
0.14916
0.15824
0.16424
0.16956
0.15806
0.14794
0.14328
0.15608
0.1469
0.15948
0.16298
0.16886
0.15402
0.16266
0.14248
0.14432
0.14464
0.14444
0.1538
0.14808
0.15584
0.14798
0.1454
0.15482
0.15812
0.15102
0.17216
0.16064
0.16104
0.1602
0.16108
0.1605
0.16868
0.16048
0.15878
0.15682
0.15486
0.16574
0.14808
0.15812
0.14952
0.14346
0.1508
0.15454
0.1546
0.15458
0.1577
0.15918
0.16142
0.16266
0.15944
0.1506
0.14858
0.15214
0.1584
0.16412
0.15008
0.1495
0.1534
0.16198
0.1441
0.14546
0.15094
0.1787
0.16192
0.17956
0.16612
0.15734
0.1487
0.1403
0.15748
0.1457
0.15804
0.15674
0.15512
0.16054
0.17222
0.18068
0.16706
0.15772
0.1648
0.15956
0.16124
0.14576
0.1615
0.17632
0.16432
0.17212
0.15502
0.1597
0.17604
0.15074
0.14512
0.17164
0.17626
0.15266
0.14356
0.14726
0.14308
0.13378
0.12962
0.13832
0.14294
0.1455
0.1613
0.15834
0.1593
0.14884
0.13848
0.13582
0.14768
0.14968
0.15334
0.1492
0.1559
0.1584
0.1645
0.16406
0.15854
0.16318
0.16468
0.14472
0.14756
0.15468
0.14864
0.14776
0.14464
0.1524
0.16946
0.15884
0.16296
0.15722
0.1469
0.14588
0.16332
0.14818
0.15126
0.13562
0.1419
0.14652
0.14398
0.13774
0.15076
0.14196
0.14822
0.16156
0.14524
0.15736
0.16174
0.15536
0.16478
0.15308
0.15072
0.13618
0.14568
0.16366
0.16636
0.17582
0.16786
0.14292
0.15076
0.14256
0.15918
0.15608
0.14254
0.15302
0.15804
0.1622
0.1551
0.15116
0.15078
0.15866
0.15908
0.16072
0.15066
0.14974
0.15106
0.15094
0.16856
0.1695
0.16232
0.16714
0.16806
0.17628
0.17958
0.16798
0.16282
0.15636
0.15324
0.15896
0.1446
0.14152
0.14668
0.15892
0.16028
0.16354
0.13858
0.15876
0.1624
0.1615
0.15244
0.15814
0.14282
0.14324
0.14408
0.14718
0.14042
0.1437
0.1471
0.15926
0.1603
0.15234
0.1493
0.15014
0.15082
0.16022
0.15936
0.14046
0.14804
0.14376
0.14546
0.15202
0.15636
0.14804
0.163
0.16076
0.166
0.16764
0.16384
0.15646
0.15374
0.15232
0.16928
0.14106
0.15232
0.14042
0.15084
0.14294
0.16686
0.15268
0.14766
0.15742
0.1411
0.1365
0.14626
0.13382
0.14692
0.15492
0.16476
0.1624
0.16068
0.1577
0.14702
0.16136
0.16206
0.15478
0.1594
0.14648
0.13732
0.15334
0.1511
0.13794
0.14408
0.13994
0.1565
0.15166
0.16932
0.16542
0.17432
0.17178
0.17236
0.18116
0.16624
0.16704
0.14756
0.14442
0.14272
0.15076
0.14848
0.14186
0.13014
0.13754
0.14154
0.1529
0.17012
0.15688
0.16122
0.15746
0.15784
0.16358
0.16786
0.1673
0.17406
0.15534
0.14826
0.16244
0.15436
0.15636
0.14974
0.14994
0.1536
0.14558
0.15056
0.15664
0.17404
0.17126
0.16666
0.16552
0.16268
0.15802
0.15964
0.16466
0.1695
0.15834
0.15488
0.16114
0.13264
0.14222
0.14884
0.15594
0.15842
0.15576
0.16148
0.17336
0.17852
0.1654
0.17446
0.17184
0.16316
0.1394
0.13832
0.15044
0.15358
0.1361
0.14846
0.16442
0.16124
0.14594
0.14874
0.16108
