0.31962
0.31788
0.3158
0.3165
0.32442
0.33042
0.31362
0.32098
0.32422
0.33464
0.33338
0.32062
0.32924
0.32822
0.31664
0.31752
0.31308
0.31868
0.3217
0.3198
0.31786
0.32458
0.32426
0.31984
0.32572
0.31672
0.32112
0.33248
0.3283
0.31936
0.31786
0.31254
0.32668
0.3258
0.32538
0.32922
0.32778
0.32822
0.31576
0.32444
0.32284
0.31812
0.32036
0.32516
0.3276
0.31454
0.31326
0.31176
0.32356
0.31614
0.30974
0.32316
0.33006
0.32074
0.31634
0.30582
0.32512
0.3205
0.3297
0.31718
0.31928
0.30774
0.31148
0.31882
0.32156
0.317
0.32126
0.32032
0.3143
0.31464
0.32062
0.31996
0.3208
0.32072
0.31786
0.31354
0.32556
0.32158
0.33142
0.32244
0.3211
0.32638
0.322
0.3228
0.31792
0.31714
0.32746
0.32894
0.33504
0.31398
0.31384
0.32002
0.32552
0.32818
0.3207
0.32366
0.32752
0.32642
0.31386
0.31526
0.31838
0.33204
0.32564
0.31536
0.32262
0.31228
0.3149
0.31966
0.32272
0.328
0.32304
0.32588
0.33104
0.32142
0.32126
0.32076
0.32464
0.32734
0.31866
0.30902
0.33614
0.32672
0.31662
0.31866
0.31106
0.31364
0.31306
0.31712
0.32156
0.3323
0.32002
0.31886
0.31946
0.31546
0.31056
0.3124
0.32548
0.32288
0.31282
0.31994
0.32292
0.32518
0.32962
0.31242
0.32378
0.325
0.32138
0.3109
0.33404
0.32516
0.30512
0.31302
0.31692
0.32152
0.32484
0.32894
0.3201
0.3244
0.32708
0.3317
0.31392
0.32372
0.3305
0.31654
0.3267
0.3263
0.31746
0.31516
0.31442
0.3215
0.31914
0.3201
0.31716
0.30888
0.30686
0.31076
0.31292
0.31524
0.30992
0.33148
0.32972
0.32368
0.3212
0.32346
0.31976
0.32588
0.327
0.32716
0.3181
0.32294
0.32228
0.31096
0.3229
0.32638
0.31402
0.31694
0.33232
0.33084
0.31602
0.3128
0.31684
0.30684
0.3083
0.31794
0.31476
0.3134
0.32644
0.3167
0.31164
0.32584
0.31862
0.31818
0.31576
0.32516
0.31124
0.32532
0.31786
0.31262
0.31178
0.31616
0.31396
0.32222
0.32332
0.31038
0.31292
0.33606
0.32582
0.31672
0.31382
0.32056
0.31832
0.3214
0.32896
0.3287
0.32698
0.33942
0.31784
0.31966
0.31864
0.31608
0.31838
0.30994
0.31082
0.3096
0.3121
0.3212
0.32326
0.32384
0.31804
0.31728
0.3141
0.31598
0.31098
0.31182
0.31414
0.31486
0.32186
0.32306
0.31972
0.3245
0.31916
0.3256
0.31784
0.31994
0.32178
0.31938
0.3185
0.33062
0.32532
0.31952
0.30986
0.31448
0.3204
0.31366
0.31904
0.3203
0.3244
0.32312
0.31918
0.32284
0.3177
0.3071
0.32864
0.32754
0.31316
0.33342
0.32262
0.31272
0.31308
0.32916
0.3264
0.32866
0.32156
0.32882
0.32382
0.31662
0.32418
0.3169
0.31656
0.31484
0.30846
0.32728
0.32456
0.31456
0.32536
0.31842
0.30652
0.31274
0.32862
0.322
0.31324
0.32084
0.33094
0.32838
0.32748
0.32368
0.32748
0.31822
0.32154
0.32098
0.3203
0.31782
0.31318
0.30936
0.3217
0.31176
0.31936
0.32192
0.3168
0.31628
0.31944
0.326
0.32468
0.3264
0.3301
0.32804
0.32654
0.32254
0.31908
0.31516
0.31666
0.32212
0.3091
0.32084
0.32168
0.3297
0.31906
0.31938
0.33718
0.32446
0.32126
0.31802
0.30902
0.3188
0.32002
0.328
0.32328
0.32618
0.31736
0.3084
0.32024
0.32376
0.30666
0.31816
0.315
0.32384
0.31218
0.31598
0.31784
0.31606
0.31466
0.319
0.31636
0.32386
0.33176
0.32934
0.3329
0.3217
0.31618
0.31976
0.32082
0.32626
0.31982
0.32074
0.32056
0.32696
0.32886
0.32662
0.32826
0.32716
0.3204
0.30936
0.31992
0.32296
0.31504
0.2981
0.31586
0.3206
0.3143
0.31692
0.32716
0.32222
0.32306
0.32896
0.31682
0.31668
0.32622
0.32706
0.31948
0.31926
0.31204
0.31496
0.30948
0.31706
0.32504
0.3173
0.31432
0.31882
0.30628
0.31634
0.31484
0.31722
0.30386
0.31036
0.3178
0.32166
0.3283
0.30848
0.3147
0.31932
0.31392
0.32264
0.32436
0.32128
0.31952
0.3275
0.32234
0.33198
0.318
0.3212
0.31926
0.31856
0.32726
0.29956
0.31384
0.32158
0.3287
0.3297
0.3258
0.3187
0.32312
0.32304
0.32394
0.3253
0.31552
0.32708
0.32412
0.3153
0.31954
0.3203
0.3246
0.3107
0.32504
0.31964
0.32226
0.32678
0.31372
0.31434
0.30844
0.2945
0.29932
0.32744
0.30952
0.31514
0.3088
0.31492
0.32092
0.32014
0.31196
0.31734
0.30788
0.30458
0.31116
0.32134
0.32154
0.31756
0.32284
0.32482
0.3162
0.32588
0.31474
0.3204
0.3268
0.32008
0.31954
0.31724
0.32316
0.3168
0.32654
0.31446
0.32006
0.31298
0.31752
0.31558
0.3238
0.31718
0.31544
0.323
0.31774
0.31222
0.31294
0.31242
0.31494
0.3271
0.31452
0.324
0.3274
0.30682
0.31938
0.31944
0.3326
0.32152
0.3149
0.31608
0.32244
0.31598
0.31572
0.3138
0.32304
0.32048
0.31652
0.31336
0.31968
0.31736
0.32284
0.3344
0.32034
0.31732
0.33562
0.32446
0.32408
0.33036
0.32962
0.31992
0.31196
0.32372
0.3197
0.30936
0.31706
0.30634
0.3268
0.32836
0.32892
0.32622
0.3135
0.31848
0.32454
0.33182
0.3188
0.31852
0.32162
0.32586
0.32116
0.3204
0.3346
0.3308
0.3264
0.3161
0.3136
0.3206
0.32102
0.31662
0.3275
0.31796
0.33182
0.33002
0.3229
0.3271
0.31658
0.3216
0.31308
0.3091
0.3108
0.32066
0.31458
0.30768
0.31206
0.31302
0.32204
0.33414
0.32738
0.32118
0.33312
0.3184
0.31182
0.32196
0.32148
0.31782
0.31598
0.33004
0.32904
0.32068
0.32482
0.32884
0.30696
0.31252
0.31958
0.31464
0.31032
0.31402
0.31334
0.32008
0.32712
0.32622
0.32808
0.331
0.33564
0.30586
0.3276
0.32262
0.32072
0.32392
0.31648
0.31684
0.32492
0.32658
0.3192
0.30742
0.31828
0.31074
0.32548
0.32304
0.32812
0.32408
0.32004
0.32324
0.32036
0.3123
0.32366
0.32756
0.31378
0.30514
0.31932
0.3347
0.32956
0.31914
0.32118
0.32502
0.31086
0.31714
0.32678
0.3277
0.31932
0.31854
0.32294
0.32752
0.3059
0.31488
0.30714
0.31762
0.33122
0.33058
0.32382
0.32164
0.31996
0.32322
0.32392
0.32054
0.32038
0.31508
0.32062
0.3105
0.3284
0.3197
0.31698
0.32502
0.30842
0.31654
0.31174
0.3249
0.32458
0.31262
0.31232
0.3239
0.32276
0.33358
0.31804
0.32258
0.33002
0.33054
0.32224
0.33014
0.32986
0.32874
0.3231
0.32452
0.32022
0.31602
0.3209
0.31352
0.3134
0.31994
0.3097
0.31382
0.30902
0.31654
0.32404
0.31186
0.31464
0.31248
0.32842
0.31106
0.30438
0.30946
0.3092
0.32288
0.32324
0.31482
0.32764
0.32072
0.32102
0.32854
0.31488
0.329
0.32554
0.3261
0.31228
0.32288
0.31548
0.32486
0.32794
0.31778
0.31482
0.33024
0.31562
0.31344
0.32692
0.31072
0.31866
0.31286
0.31262
0.31356
0.32864
0.3222
0.3178
0.32308
0.3104
0.31402
0.31464
0.31384
0.31498
0.3261
0.32424
0.30972
0.32208
0.3139
0.305
0.30596
0.31098
0.3321
0.31842
0.3126
0.30866
0.31138
0.31342
0.3191
0.31524
0.31474
0.328
0.32242
0.324
0.31686
0.32142
0.33088
0.31468
0.31898
0.31584
0.31352
0.31782
0.31626
0.29542
0.3034
0.32324
0.3279
0.33244
0.33816
0.32964
0.32204
0.33204
0.31718
0.3266
0.31662
0.3117
0.32146
0.31452
0.31852
0.31972
0.31906
0.3131
0.32778
0.32664
0.31994
0.31984
0.32546
0.32846
0.32266
0.31642
0.31034
0.30438
0.32774
0.31504
0.32308
0.30908
0.30988
0.31268
0.3153
0.32138
0.33478
0.32714
0.3086
0.31808
0.3087
0.31386
0.33468
0.32788
0.3253
0.33704
0.32234
0.32192
0.32828
0.31434
0.32034
0.29712
0.31344
0.32392
0.32072
0.31728
0.31402
0.32478
0.32034
0.32212
0.33308
0.32248
0.32104
0.32856
0.31752
0.31538
0.32984
0.32292
0.32634
0.32846
0.32082
0.30976
0.30768
0.32202
0.33058
0.32878
0.31942
0.31128
0.3194
0.32748
0.32138
0.31974
0.31272
0.32818
0.33782
0.32908
0.32022
0.32242
0.32686
0.3333
0.32874
0.32058
0.31226
0.31598
0.31774
0.32732
0.32986
0.32436
0.32344
0.31468
0.32042
0.31792
0.32548
0.32238
0.32142
0.33462
0.32418
0.33322
0.33278
0.31642
0.31492
0.3231
0.31648
0.31834
0.32028
0.31678
0.32578
0.32342
0.3125
0.30956
0.31706
0.31384
0.32166
0.3119
0.31904
0.32472
0.3179
0.31176
0.32704
0.32884
0.31694
0.30532
0.31424
0.31178
0.31716
0.31988
0.32216
0.319
0.31262
0.32888
0.32492
0.31786
0.32056
0.32408
0.31578
0.313
0.3336
0.32652
0.32272
0.3227
0.32266
0.31468
0.3244
0.33186
0.3265
0.32278
0.31628
0.324
0.33058
0.3339
0.31544
0.3215
0.31212
0.3101
0.31348
0.32164
0.32494
0.31284
0.31752
0.32402
0.32542
0.33686
0.3187
0.31828
0.31756
0.31952
0.31864
0.33242
0.32524
0.32292
0.32554
0.32222
0.33254
0.31426
0.31326
0.31822
0.3214
0.32254
0.32832
0.32466
0.31708
0.31056
0.31578
0.31638
0.30302
0.30646
0.31766
0.32572
0.32366
0.3134
0.32034
0.31628
0.3268
0.32488
0.32752
0.32722
0.31634
0.3295
0.32972
0.32278
0.31964
0.32388
0.32744
0.32356
0.3251
0.31474
0.3275
0.32942
0.31394
0.31794
0.32846
0.32234
0.31716
0.31442
0.32008
0.32764
0.31768
0.31854
0.32018
0.33114
0.33422
0.31508
0.3156
0.33056
0.31966
0.31522
0.3182
0.30994
0.31968
0.32256
0.31564
0.3162
0.32112
0.31104
0.32508
0.32098
0.31514
0.31334
0.31598
0.31246
0.31552
0.31544
0.31064
0.31234
0.3191
0.32426
0.32984
0.316
0.32218
0.32048
0.3229
0.31628
0.3213
0.32488
0.31624
0.31426
0.32408
0.32142
0.3251
0.32206
0.32304
0.31254
0.32076
0.32502
0.3169
0.3242
0.32722
0.32832
0.33522
0.32454
0.33026
0.32638
0.33046
0.32094
0.30934
0.30276
0.31038
0.31712
0.31492
0.31386
0.31048
0.315
0.3204
0.31384
0.32406
0.32712
0.32864
0.32564
0.31932
0.32152
0.31466
0.3255
0.31872
0.31726
0.31828
0.32452
0.32052
0.32278
0.32644
0.32862
0.33578
0.31498
0.32298
0.3272
0.33216
0.31926
0.31948
0.3145
0.32252
0.32776
0.31654
0.32742
0.315
0.3162
0.31314
0.3355
0.31514
0.31374
0.31758
0.31306
0.32468
0.33182
0.32078
0.31324
0.31654
0.31978
0.32102
0.31806
0.31978
0.32202
0.31968
0.32416
0.3157
0.31928
0.31766
0.31566
0.31104
0.31862
0.3141
0.3107
0.3183
0.32914
0.33094
0.31976
0.33706
0.3233
0.32258
0.32464
0.32854
0.31842
0.324
0.32024
0.32378
0.32404
0.31998
0.30502
0.31524
0.31402
0.31424
0.31458
0.31968
0.31536
0.32126
0.32388
0.30938
0.31258
0.32396
0.3211
0.3217
0.31116
0.32814
0.33236
0.32562
0.3298
0.32264
0.31476
0.3142
0.32008
0.3332
0.3288
0.32634
0.31996
0.31344
0.31898
0.30236
0.32418
0.31576
0.31682
0.31766
0.32286
0.32076
0.3266
0.321
0.31566
0.30808
0.319
0.32822
0.32096
0.31782
0.31316
0.30662
0.31858
0.32238
0.3219
0.32006
0.32328
0.32322
0.31136
0.31446
0.31466
0.33402
0.3297
0.32838
0.3181
0.31618
0.32876
0.32316
0.3116
0.31326
0.32278
0.3331
0.32452
0.31894
0.32166
0.32764
0.32326
0.32876
0.31592
0.31024
0.31162
0.31328
0.32424
0.32586
0.32332
0.32454
0.31698
0.3176
0.32336
0.31508
0.32762
0.32842
0.32288
0.32066
0.32256
0.3238
0.33104
0.32118
0.33264
0.3198
0.32052
0.31966
0.31912
0.3258
0.31682
0.30956
0.31726
0.31748
0.31038
0.31438
0.31284
0.32398
0.31976
0.32204
0.31332
0.3282
0.3227
0.32636
0.33336
0.3261
0.32034
0.32142
0.31828
0.32888
0.32374
0.31872
0.32232
0.32538
0.32954
0.32256
0.32732
0.32576
0.32666
0.31188
0.33024
0.32062
0.32016
0.32386
0.31416
0.3127
0.31646
0.31898
0.32522
0.3211
0.30998
0.3202
0.3279
0.32212
0.33076
0.32566
0.32386
0.32304
0.32698
0.32166
0.31444
0.31728
0.31726
0.32718
0.32536
0.31598
0.30926
0.32966
0.32734
0.32216
0.31724
0.33646
0.34236
0.3163
0.31644
0.31172
0.3149
0.30942
0.3156
0.318
0.32768
0.32944
0.31728
0.32692
0.31824
0.32262
0.31892
0.30974
0.32126
0.32366
0.3251
0.30854
0.3086
0.32816
0.31136
0.32006
0.31884
0.32162
0.31588
0.3172
0.3327
0.32408
0.31828
0.32684
0.32626
0.31968
0.32634
0.31714
0.3286
0.3197
0.31804
0.3171
0.31818
0.32922
0.33024
0.32484
0.3145
0.31238
0.31958
0.3274
0.34358
0.33152
0.32304
0.32228
0.32322
0.32384
0.319
0.32748
0.32266
0.30658
0.31588
0.31936
0.33376
0.31494
0.32332
0.32966
0.32754
0.31654
0.31272
0.30964
0.32194
0.32238
0.32494
0.32458
0.32868
0.3232
0.31974
0.31726
0.3231
0.31726
0.32554
0.31658
0.31536
0.31108
0.3262
0.3247
0.31836
0.31852
0.31466
0.31424
0.3206
0.32312
0.3202
0.32178
0.3154
0.32386
0.31922
0.31788
0.32504
0.33306
0.32006
0.31738
0.32328
0.3177
0.33358
0.31044
0.3198
0.32184
0.31392
0.31228
0.321
0.32926
0.31788
0.3174
0.32362
0.30814
0.31116
0.31216
0.32214
0.31964
0.31654
0.32804
0.3243
0.3288
0.3136
0.3222
0.31388
0.31894
0.32188
0.3261
0.32124
0.31164
0.32056
0.32184
0.3136
0.32848
0.3142
0.32302
0.34194
0.3225
0.31576
0.32044
0.30992
0.31348
0.31658
0.32436
0.31888
0.31978
0.30808
0.30968
0.313
0.31974
0.32436
0.31904
0.30718
0.30386
0.31594
0.31744
0.3117
0.3235
0.32218
0.32906
0.32638
0.31466
0.32666
0.32326
0.31248
0.3294
0.32468
0.3243
0.3171
0.32194
0.3187
0.32058
0.33602
0.33074
0.32212
0.3269
0.32824
0.31944
0.32708
0.33024
0.31636
0.31568
0.33372
0.33622
0.32948
0.30852
0.32982
0.32584
0.3187
0.3242
0.33722
0.32694
0.31202
0.31828
0.32586
0.31548
0.30764
0.32306
0.3234
0.31876
0.30882
0.33104
0.32152
0.31552
0.31576
0.31874
0.30788
0.31164
0.31668
0.31354
0.32418
0.31904
0.3307
0.32912
0.3279
0.32252
0.32808
0.31666
0.31362
0.3201
0.3171
0.30962
0.33104
0.33244
0.3162
0.31804
0.3194
0.31192
0.31324
0.32316
0.30954
0.31736
0.32066
0.31824
0.31628
0.30998
0.30918
0.3249
0.33916
0.3294
0.32768
0.31286
0.32312
0.32296
0.32258
0.32192
0.32162
0.32548
0.33192
0.3147
0.32272
0.32806
0.32498
0.3236
0.32578
0.32704
0.32702
0.31938
0.30308
0.30102
0.31218
0.30672
0.31476
0.31496
0.32344
0.31764
0.30842
0.32112
0.31566
0.3334
0.31526
0.32724
0.31704
0.32096
0.32774
0.30766
0.3125
0.30768
0.31358
0.30808
0.31766
0.32296
0.32512
0.32596
0.31494
0.33018
0.31466
0.32214
0.32944
0.32154
0.319
0.3208
0.31914
0.30966
0.3235
0.32858
0.32426
0.32234
0.3143
0.32774
0.32602
0.32414
0.32196
0.32554
0.31334
0.31874
0.31896
0.31678
0.31794
0.31608
0.31404
0.30796
0.31996
0.3187
0.30958
0.3268
0.31866
0.31224
0.30452
0.31658
0.30982
0.3206
0.32914
0.33524
0.31492
0.31862
0.3205
0.31846
0.3209
0.31622
0.3116
0.31954
0.31754
0.32224
0.31828
0.30684
0.30794
0.31908
0.32244
0.30708
0.31952
0.32484
0.33616
0.3141
0.3105
0.3271
0.3174
0.3225
0.31442
0.3082
0.32
0.32282
0.30996
0.3125
0.32004
0.31668
0.30706
0.31414
0.3107
0.31058
0.3144
0.31722
0.32194
0.316
0.3062
0.31766
0.31604
0.32114
0.32826
0.32662
0.32168
0.31672
0.32164
0.3125
0.31976
0.31684
0.32212
0.31632
0.31762
0.31964
0.32496
0.3144
0.31188
0.3125
0.32406
0.3127
0.31918
0.32256
0.33024
0.3331
0.32238
0.32412
0.31282
0.312
0.31458
0.3177
0.31696
0.32084
0.31638
0.319
0.32632
0.32016
0.31544
0.3163
0.32822
0.32794
0.32504
0.32044
0.32074
0.32134
0.3278
0.3129
0.30654
0.30822
0.3123
0.30716
0.31148
0.3302
0.30978
0.32058
0.32002
0.3203
0.3094
0.32854
0.32728
0.31556
0.31234
0.3142
0.31444
0.31928
0.32494
0.32136
0.31854
0.33234
0.32986
0.3153
0.32548
0.3185
0.3268
0.32384
0.31782
0.31808
0.3263
0.32214
0.3156
0.31512
0.3139
0.32004
0.33196
0.32496
0.31762
0.31562
0.31272
0.31848
0.31902
0.3216
0.30896
0.3206
0.3098
0.3111
0.32318
0.32048
0.31354
0.3223
0.32326
0.3095
0.30454
0.3103
0.31554
0.31786
0.31814
0.31492
0.31608
0.32278
0.32924
0.32338
0.31362
0.31956
0.32384
0.31144
0.32784
0.3188
0.31836
0.3181
0.31996
0.33536
0.3309
0.3224
0.31972
0.32064
0.3164
0.31368
0.31708
0.31902
0.31212
0.31474
0.32218
0.32982
0.31534
0.31528
0.33168
0.30574
0.31176
0.32034
0.31556
0.31974
0.31288
0.33016
0.3134
0.32336
0.3213
0.3329
0.32392
0.31872
0.3234
0.32796
0.31762
0.3265
0.32868
0.32542
0.32612
0.32898
0.32458
0.33124
0.33372
0.32666
0.31642
0.30792
0.32262
0.31752
0.31418
0.31994
0.30844
0.30384
0.32158
0.33368
0.32026
0.31388
0.3069
0.31414
0.31472
0.3251
0.32196
0.3157
0.33374
0.3271
0.30906
0.31688
0.3144
0.3355
0.31982
0.32352
0.31844
0.33552
0.31328
0.3128
0.31282
0.31556
0.32702
0.3239
0.32786
0.3111
0.3262
0.32442
0.32346
0.31142
0.3316
0.32776
0.31998
0.31906
0.32606
0.32758
0.33462
0.32172
0.32774
0.3225
0.32316
0.32564
0.31596
0.31092
0.32938
0.32272
0.32466
0.31592
0.3271
0.3237
0.32274
0.31466
0.32094
0.3186
0.31448
0.30954
0.31804
0.3119
0.31082
0.31336
0.31458
0.3184
0.31408
0.32316
0.32394
0.3188
0.31658
0.31512
0.32644
0.32264
0.32338
0.3309
0.31738
0.30946
0.32578
0.3137
0.31724
0.31376
0.31798
0.31814
0.31812
0.32962
0.32662
0.31288
0.32388
0.32434
0.32354
0.31644
0.32216
0.321
0.32706
0.32744
0.32148
0.32426
0.31426
0.3034
0.32402
0.31588
0.31454
0.31594
0.31328
0.32628
0.3186
0.32846
0.31782
0.3163
0.32688
0.32122
0.3158
0.32222
0.31554
0.31242
0.30592
0.31654
0.32106
0.32122
0.32458
0.33264
0.31284
0.32552
0.31324
0.30776
0.3118
0.30386
0.3092
0.31546
0.32366
0.3186
0.30618
0.31434
0.31938
0.31784
0.3309
0.31982
0.3101
0.31926
0.32154
0.31472
0.3175
0.30824
0.3195
0.3215
0.3216
0.31922
0.33082
0.33266
0.31788
0.3258
0.31716
0.31902
0.33472
0.3121
0.31232
0.32084
0.31472
0.31186
0.31434
0.31176
0.31804
0.31044
0.3094
0.30824
0.31248
0.3105
0.32638
0.3202
0.32468
0.32152
0.31498
0.31176
0.31754
0.3165
0.32086
0.31616
0.32334
0.31218
0.32366
0.32178
0.3299
0.31248
0.32244
0.31358
0.3296
0.32304
0.32536
0.319
0.31632
0.32472
0.32156
0.31956
0.30978
0.31138
0.3173
0.33334
0.33208
0.32664
0.32464
0.31562
0.3153
0.3169
0.31616
0.32124
0.33448
0.3377
0.32542
0.31272
0.31684
0.31148
0.3192
0.32154
0.31354
0.32466
0.3187
0.32794
0.32646
0.31938
0.32394
0.32164
0.31734
0.32516
0.31522
0.31526
0.31754
0.3112
0.3142
0.32788
0.3255
0.32438
0.31894
0.31466
0.31672
0.31394
0.3192
0.32764
0.3204
0.33254
0.32664
0.33282
0.31962
0.32182
0.3177
0.30628
0.32044
0.32344
0.32134
0.3139
0.32064
0.32406
0.3269
0.31142
0.31714
0.32136
0.32328
0.32928
0.31682
0.31664
0.31076
0.31494
0.32902
0.32012
0.32954
0.31976
0.30726
0.30424
0.31604
0.31334
0.31182
0.30898
0.3155
0.3227
0.30848
0.30872
0.32818
0.32596
0.31554
0.3144
0.31004
0.32522
0.32878
0.32564
0.32506
0.32404
0.3199
0.31666
0.31778
0.32018
0.32568
0.32806
0.3295
0.3282
0.32182
0.30484
0.32438
0.32648
0.32712
0.32516
0.33048
0.32596
0.3209
0.31352
0.31404
0.3169
0.31044
0.31514
0.32652
0.33094
0.30562
0.33274
0.31902
0.31988
0.31828
0.31284
0.3114
0.309
0.31532
0.31064
0.31728
0.31558
0.31486
0.31564
0.31756
0.32648
0.3258
0.32366
0.3269
0.326
0.32264
0.32674
0.3209
0.3198
0.314
0.3232
0.31756
0.30468
0.31842
0.3343
0.33054
0.31316
0.31794
0.32292
0.31832
0.32394
0.322
0.3239
0.32646
0.32468
0.3198
0.32268
0.32546
0.32492
0.3269
0.32122
0.33062
0.33796
0.324
0.32218
0.31576
0.31936
0.3211
0.32676
0.31858
0.31334
0.32418
0.33756
0.31798
0.3159
0.32722
0.32732
0.32894
0.31954
0.31966
0.30648
0.31302
0.3195
0.31544
0.31648
0.31794
0.31336
0.3136
0.31374
0.31654
0.33394
0.32708
0.31514
0.31972
0.3173
0.32138
0.3157
0.31924
0.3287
0.32496
0.31782
0.31858
0.3198
0.3239
0.31984
0.30564
0.30804
0.31266
0.32768
0.31982
0.3174
0.32958
0.3262
0.32998
0.31768
0.33274
0.3357
0.31168
0.31688
0.3079
0.3186
0.31152
0.32594
0.3148
0.32534
0.31404
0.32634
0.3223
0.30762
0.32076
0.31312
0.32196
0.3303
0.3155
0.30824
0.30658
0.32324
0.30624
0.32966
0.3305
0.313
0.3196
0.32638
0.33012
0.3339
0.31964
0.32724
0.31912
0.31844
0.32348
0.3166
0.31134
0.31558
0.32534
0.31982
0.33152
0.31392
0.31316
0.32168
0.32476
0.33038
0.32412
0.3284
0.3174
0.32262
0.32374
0.31136
0.31926
0.31932
0.31682
0.32548
0.33188
0.32198
0.30494
0.31592
0.32702
0.31172
0.30018
0.30078
0.3265
0.3092
0.30732
0.3193
0.3214
0.31612
0.31656
0.31312
0.31986
0.31482
0.31858
0.32188
0.3179
0.32158
0.32578
0.32832
0.31928
0.32598
0.32158
0.32414
0.32906
0.31906
0.31674
0.31916
0.31578
0.31538
0.31804
0.31688
0.32474
0.31704
0.32412
0.3149
0.31394
0.32594
0.31988
0.30842
0.31768
0.32786
0.32382
0.31274
0.31518
0.31868
0.3205
0.32512
0.32734
0.32144
0.33218
0.33148
0.33532
0.32744
0.31946
0.32564
0.31532
0.32048
0.31994
0.30976
0.30714
0.31902
0.32816
0.33458
0.32556
0.32616
0.31954
0.325
0.32232
0.3198
0.33076
0.3278
0.30886
0.3163
0.31166
0.3208
0.31468
0.32028
0.31616
0.32136
0.32548
0.3262
0.32604
0.33158
0.32752
0.31562
0.31602
0.31638
0.32376
0.3174
0.32826
0.31242
0.3149
0.31974
0.31712
0.32496
0.32072
0.31672
0.322
0.32404
0.31714
0.332
0.31338
0.31222
0.3352
0.33202
0.31926
0.3161
0.31288
0.31892
0.31382
0.32574
0.32432
0.32692
0.32132
0.32352
0.3353
0.32802
0.31824
0.3128
0.30932
0.317
0.31878
0.30092
0.30838
0.32348
0.32332
0.33638
0.31664
0.31598
0.31968
0.3175
0.31918
0.31952
0.31034
0.32062
0.31076
0.32114
0.32172
0.31546
0.31224
0.33212
0.33316
0.32992
0.3172
0.3207
0.30508
0.3265
0.3268
0.32526
0.3287
0.32694
0.32908
0.33468
0.33432
0.32872
0.33238
0.33298
0.34046
0.32926
0.31206
0.32248
0.32206
0.32388
0.30854
0.30726
0.30608
0.32104
0.31908
0.31564
0.32166
0.3098
0.31456
0.3212
0.32352
0.32108
0.32118
0.32194
0.3205
0.3053
0.32238
0.31234
0.3159
0.3242
0.31684
0.31366
0.3197
0.32414
0.31734
0.316
0.31876
0.3286
0.3154
0.31636
0.3287
0.31982
0.32106
0.31752
0.31518
0.32326
0.3167
0.33668
0.32294
0.32904
0.31538
0.31718
0.31626
0.32556
0.32332
0.32354
0.3196
0.3125
0.32564
0.31712
0.31684
0.31772
0.31688
0.32292
0.32846
0.31698
0.32294
0.32716
0.32482
0.3131
0.33534
0.31486
0.32336
0.31174
0.32848
0.31964
0.31376
0.32486
0.31986
0.31784
0.31622
0.31478
0.32016
0.31738
0.3135
0.32002
0.3229
0.3157
0.33592
0.32034
0.33022
0.31758
0.31466
0.32132
0.3315
0.3164
0.32092
0.3015
0.31436
0.32278
0.31968
0.31616
0.31526
0.3251
0.3181
0.3242
0.3212
0.3179
0.31926
0.30954
0.32544
0.31644
0.31764
0.32156
0.3218
0.32088
0.3179
0.32578
0.32392
0.31974
0.3234
0.31604
0.33966
0.33642
0.31886
0.3202
0.3172
0.33212
0.32276
0.33894
0.32568
0.30928
0.3092
0.31254
0.31286
0.32066
0.32768
0.33056
0.33426
0.33938
0.3296
0.3129
0.3149
0.3355
0.33682
0.32384
0.31672
0.33126
0.32236
0.32258
0.31898
0.31822
0.3287
0.32316
0.32758
0.31954
0.32242
0.3262
0.3123
0.3169
0.33
0.31582
0.30416
0.31688
0.32976
0.32244
0.31964
0.31522
0.3141
0.32612
0.31878
0.33002
0.33088
0.31426
0.3119
0.32436
0.305
0.32342
0.3223
0.33292
0.33134
0.31828
0.3247
0.31966
0.33046
0.33332
0.32822
0.3241
0.33292
0.31906
0.30976
0.31084
0.32226
0.32642
0.31778
0.32188
0.33584
0.3255
0.33052
0.32886
0.31102
0.30458
0.32218
0.31376
0.32292
0.3228
0.32286
0.31852
0.31558
0.31188
0.3167
0.3091
0.31556
0.3122
0.30804
0.3207
0.3267
0.32766
0.3164
0.31076
0.3112
0.30858
0.32024
0.32418
0.32742
0.31288
0.31514
0.31546
0.32814
0.32468
0.31714
0.33156
0.32794
0.32244
0.32764
0.3191
0.30754
0.3094
0.31646
0.3308
0.30968
0.3236
0.31164
0.32026
0.31548
0.33204
0.31692
0.32346
0.32022
0.31968
0.3265
0.31888
0.318
0.31546
0.31576
0.3291
0.3152
0.31624
0.31682
0.32112
0.31782
0.31254
0.3173
0.31632
0.32914
0.3127
0.3168
0.3258
0.32624
0.3122
0.3259
0.32654
0.31876
0.3178
0.31302
0.31506
0.3174
0.31312
0.32354
0.3159
0.31552
0.30144
0.31314
0.31616
0.31626
0.31312
0.32212
0.3203
0.31112
0.31362
0.31424
0.319
0.3223
0.3237
0.33472
0.34216
0.31472
0.31068
0.31366
0.3157
0.31086
0.31632
0.32162
0.32956
0.322
0.31622
0.32476
0.32298
0.31846
0.3146
0.31768
0.32454
0.30414
0.30986
0.31588
0.32338
0.32024
0.3192
0.31754
0.32376
0.32716
0.31834
0.31012
0.32088
0.3223
0.31922
0.33168
0.31314
0.31604
0.31546
0.31268
0.32238
0.30236
0.30494
0.31612
0.32508
0.3208
0.31932
0.33212
0.32596
0.30404
0.32056
0.32366
0.3215
0.30748
0.3242
0.33114
0.32982
0.3218
0.31754
0.31806
0.3053
0.30792
0.3173
0.3093
0.30716
0.30872
0.31552
0.3343
0.3166
0.31542
0.32438
0.32664
0.31602
0.32024
0.3132
0.31096
0.31434
0.32732
0.32764
0.31604
0.31432
0.32574
0.30584
0.32792
0.32366
0.31214
0.31346
0.3119
0.31922
0.32668
0.32062
0.32236
0.31724
0.31434
0.30694
0.32544
0.3157
0.3205
0.312
0.31254
0.32236
0.3385
0.33456
0.3317
0.3123
0.3038
0.29744
0.31644
0.3183
0.31956
0.3189
0.32012
0.3185
0.32304
0.30612
0.3157
0.31422
0.31826
0.32052
0.3105
0.32394
0.31758
0.32766
0.32682
0.31712
0.33094
0.32714
0.32922
0.31318
0.31618
0.32518
0.32428
0.31494
0.32586
0.32542
0.31622
0.3179
0.31812
0.33228
0.33014
0.31416
0.31978
0.3077
0.31874
0.31958
0.3222
0.32794
0.32324
0.32212
0.33144
0.30854
0.31408
0.31982
0.31532
0.30246
0.32592
0.33364
0.32524
0.32648
0.31158
0.31798
0.32792
0.31764
0.32002
0.3131
0.3251
0.32402
0.3172
0.30608
0.32166
0.31338
0.31176
0.32946
0.32562
0.31034
0.32954
0.32432
0.30724
0.31532
0.32432
0.32012
0.322
0.32318
0.31964
0.31328
0.3172
0.30938
0.32338
0.32014
0.32272
0.33238
0.3185
0.31428
0.3224
0.31516
0.32036
0.31188
0.3143
0.31636
0.31724
0.30096
0.31552
0.3275
0.3184
0.31672
0.31344
0.31484
0.31698
0.31392
0.32972
0.3243
0.32096
0.3182
0.32048
0.31986
0.31666
0.31524
0.32826
0.32118
0.32414
0.3143
0.32796
0.3247
0.3183
0.32086
0.32048
0.32814
0.32386
0.32746
0.32
0.31774
0.3177
0.328
0.32118
0.31454
0.31684
0.32032
0.33162
0.32
0.32
0.31582
0.32228
0.32204
0.33372
0.32176
0.31232
0.32538
0.31458
0.30972
0.31512
0.33556
0.331
0.32078
0.32314
0.33078
0.32152
0.32734
0.31894
0.31862
0.31784
0.30934
0.32888
0.3264
0.33584
0.32056
0.31546
0.29982
0.31072
0.30752
0.3135
0.32556
0.3179
0.31366
0.31238
0.32124
0.31678
0.3218
0.3163
0.31688
0.3136
0.31486
0.33044
0.33372
0.31978
0.31856
0.31536
0.31956
0.32088
0.31824
0.31476
0.31222
0.31646
0.31164
0.32082
0.3208
0.3228
0.30944
0.31142
0.32362
0.31636
0.31532
0.32974
0.32376
0.32048
0.3296
0.30722
0.31068
0.32758
0.32164
0.3251
0.3308
0.32118
0.32354
0.30378
0.3117
0.33778
0.33088
0.31892
0.32604
0.32186
0.31544
0.32456
0.32646
0.3206
0.3128
0.32316
0.3154
0.30926
0.3255
0.32874
0.32246
0.32782
0.31406
0.3225
0.32716
0.32382
0.3218
0.32742
0.32238
0.31224
0.31368
0.31152
0.31306
0.31654
0.32764
0.3362
0.31634
0.31728
0.33812
0.32316
0.30654
0.31078
0.32134
0.32194
0.32196
0.3227
0.31074
0.3114
0.30624
0.31258
0.31664
0.31452
0.31108
0.31502
0.3176
0.32204
0.3186
0.32286
0.32236
0.32914
0.31408
0.3137
0.32286
0.32846
0.32308
0.32722
0.3163
0.31662
0.31722
0.30964
0.31262
0.32248
0.30906
0.32552
0.31896
0.3156
0.32014
0.3208
0.3265
0.3191
0.31854
0.32226
0.3266
0.31092
0.31236
0.32086
0.31414
0.31172
0.30852
0.32522
0.3182
0.31722
0.3211
0.31048
0.31904
0.32066
0.31246
0.30906
0.31938
0.3151
0.31672
0.31978
0.3166
0.31948
0.31618
0.31806
0.32458
0.32078
0.31148
0.32402
0.31144
0.32352
0.3103
0.32352
0.32878
0.33388
0.32254
0.32208
0.31748
0.31686
0.31316
0.32096
0.3313
0.33356
0.32274
0.3224
0.32336
0.314
0.32276
0.3235
0.32796
0.31076
0.31062
0.31432
0.32224
0.32386
0.31594
0.32102
0.3195
0.3224
0.33018
0.32536
0.32172
0.3145
0.32802
0.32328
0.32538
0.32552
0.30932
0.3322
0.33242
0.32228
0.31774
0.31542
0.31838
0.32868
0.32012
0.31898
0.32402
0.32414
0.31634
0.30512
0.31288
0.30964
0.31656
0.31862
0.32688
0.32296
0.3165
0.30994
0.31726
0.32212
0.32158
0.3221
0.33926
0.32892
0.322
0.31804
0.31586
0.3145
0.31714
0.30914
0.31214
0.3182
0.33038
0.31828
0.32494
0.3291
0.33612
0.3273
0.33584
0.32344
0.3221
0.32202
0.31812
0.30974
0.31556
0.31586
0.32318
0.3185
0.32988
0.32994
0.31984
0.32182
0.32132
0.3321
0.32978
0.33028
0.32538
0.3194
0.32298
0.31806
0.32138
0.31596
0.32278
0.3213
0.31732
0.31966
0.3136
0.3366
0.32008
0.31982
0.31682
0.2956
0.31452
0.31114
0.31584
0.31828
0.31832
0.32332
0.32464
0.3146
0.3237
0.31654
0.31906
0.31328
0.31332
0.31854
0.31862
0.3105
0.31596
0.3111
0.30506
0.30928
0.30906
0.32162
0.3293
0.31596
0.30216
0.31658
0.32038
0.3211
0.32802
0.32998
0.31778
0.32054
0.3261
0.31176
0.31724
0.31272
0.3183
0.32514
0.32406
0.32324
0.31906
0.32582
0.32308
0.31616
0.32556
0.31832
0.30972
0.32084
0.32136
0.32744
0.33844
0.3172
0.32396
0.3221
0.31788
0.33228
0.32114
0.33078
0.32264
0.32202
0.31436
0.32198
0.3161
0.31726
0.31738
0.32216
0.32006
0.32118
0.32454
0.31536
0.30994
0.31354
0.31806
0.32332
0.32352
0.3289
0.32432
0.31194
0.31552
0.32638
0.32172
0.32432
0.30766
0.31206
0.31444
0.31912
0.31456
0.32732
0.31252
0.31196
0.31712
0.30876
0.29914
0.32108
0.33364
0.327
0.31648
0.31488
0.3184
0.31908
0.32858
0.31098
0.3089
0.31926
0.31058
0.3235
0.32266
0.31982
0.31812
0.32204
0.31246
0.32014
0.31502
0.32758
0.31306
0.31544
0.3088
0.32808
0.32048
0.31978
0.32034
0.31454
0.32256
0.3209
0.32024
0.30376
0.3135
0.3107
0.325
0.32444
0.31698
0.32006
0.31632
0.3197
0.30498
0.31226
0.31742
0.3204
0.31202
0.3262
0.32204
0.31108
0.31596
0.30784
0.30658
0.31688
0.31606
0.31586
0.32064
0.33044
0.32676
0.3138
0.30892
0.30356
0.33196
0.3193
0.31394
0.31518
0.3174
0.32262
0.3176
0.32134
0.3212
0.32036
0.32732
0.32656
0.32738
0.33338
0.33188
0.32416
0.32376
0.33554
0.3389
0.32534
0.32344
0.32394
0.31242
0.31766
0.3236
0.3273
0.31674
0.31882
0.32306
0.32242
0.3093
0.32432
0.32424
0.3311
0.33614
0.31214
0.31856
0.31794
0.317
0.31318
0.31534
0.31216
0.31176
0.31032
0.33312
0.32546
0.32358
0.3292
0.32348
0.31808
0.31268
0.3127
0.32196
0.31544
0.30826
0.31384
0.3097
0.31506
0.3162
0.32424
0.32438
0.31892
0.3209
0.31628
0.31802
0.3135
0.31524
0.31472
0.32154
0.31118
0.32976
0.315
0.32442
0.32292
0.32538
0.32546
0.31624
0.32316
0.31864
0.32422
0.32324
0.32562
0.31874
0.31864
0.3141
0.31692
0.32634
0.31492
0.32798
0.32788
0.31792
0.3232
0.3124
0.31746
0.32304
0.33046
0.3216
0.31962
0.33534
0.3201
0.30814
0.30994
0.31364
0.32438
0.32146
0.31492
0.3133
0.31968
0.3276
0.33794
0.3353
0.333
0.33086
0.32194
0.3337
0.32872
0.31968
0.30858
0.33136
0.31196
0.3151
0.3175
0.32206
0.31822
0.33156
0.33616
0.3336
0.3296
0.31814
0.3203
0.3158
0.32704
0.3235
0.32272
0.31752
0.3249
0.33734
0.31568
0.31254
0.3197
0.31674
0.31686
0.31578
0.3189
0.33114
0.33018
0.31246
0.33176
0.30344
0.32252
0.3227
0.32056
0.31398
0.30936
0.32896
0.32868
0.31858
0.31706
0.32664
0.31748
0.319
0.32026
0.31928
0.31628
0.31454
0.31504
0.31344
0.32574
0.32052
0.33878
0.339
0.31734
0.31778
0.3243
0.33452
0.32496
0.32
0.3087
0.30548
0.31812
0.3201
0.31
0.32432
0.32664
0.32622
0.31618
0.3258
0.33098
0.32654
0.31438
0.31822
0.31586
0.32316
0.33076
0.32
0.31904
0.31834
0.31672
0.32956
0.31984
0.32144
0.31314
0.32942
0.32642
0.32266
0.32768
0.32324
0.32776
0.31054
0.3213
0.31418
0.31894
0.31678
0.30694
0.33584
0.31612
0.31842
0.3182
0.31598
0.3168
0.31742
0.32812
0.32998
0.33092
0.32692
0.31742
0.33218
0.32386
0.31584
0.32308
0.32072
0.31484
0.3285
0.33164
0.32416
0.31732
0.33256
0.32938
0.31764
0.32284
0.32116
0.31972
0.31448
0.32626
0.3185
0.31696
0.32978
0.3218
0.3166
0.3036
0.31794
0.3096
0.32052
0.31536
0.32076
0.3277
0.31794
0.32044
0.33082
0.3384
0.32282
0.33134
0.31392
0.31186
0.30428
0.3143
0.31534
0.31906
0.32202
0.313
0.32824
0.32512
0.3247
0.31416
0.31064
0.32328
0.3199
0.31398
0.32052
0.3251
0.33264
0.30782
0.31538
0.32038
0.33066
0.31448
0.3242
0.32926
0.32996
0.32592
0.33098
0.33234
0.31852
0.32462
0.32134
0.32888
0.32238
0.32276
0.3302
0.32052
0.32258
0.32412
0.32468
0.32314
0.32192
0.30968
0.32332
0.3235
0.3206
0.32028
0.3215
0.3183
0.31842
0.32292
0.32192
0.32424
0.3245
0.31858
0.33498
0.33498
0.32276
0.32238
0.31922
0.32216
0.32332
0.31372
0.31132
0.32174
0.31034
0.32496
0.30976
0.30986
0.31254
0.32686
0.32794
0.3249
0.31752
0.32014
0.30688
0.31438
0.31392
0.3232
0.31522
0.31706
0.31688
0.31702
0.31284
0.322
0.32156
0.31596
0.33168
0.3339
0.31648
0.31738
0.3124
0.32176
0.32534
0.31608
0.32238
0.32474
0.31982
0.32282
0.32312
0.32992
0.32546
0.3236
0.31604
0.3042
0.31722
0.32876
0.31404
0.31828
0.33058
0.32166
0.32976
0.32694
0.31746
0.33146
0.32908
0.31246
0.32202
0.31812
0.31796
0.31236
0.31378
0.3187
0.31892
0.32838
0.3249
0.3175
0.3129
0.31584
0.31602
0.32536
0.3232
0.32822
0.32508
0.31484
0.31606
0.30998
0.31264
0.32024
0.32098
0.3159
0.32596
0.31968
0.3144
0.32194
0.3166
0.31766
0.3332
0.32632
0.32842
0.32678
0.32544
0.33048
0.3233
0.31354
0.31646
0.32788
0.32386
0.31368
0.3234
0.32012
0.3107
0.3179
0.32884
0.3162
0.32162
0.32084
0.3249
0.32564
0.31784
0.31536
0.33798
0.31254
0.32108
0.32622
0.31888
0.3168
0.31824
0.31438
0.3177
0.31734
0.31098
0.31158
0.31128
0.32882
0.32686
0.30854
0.3119
0.3197
0.32548
0.3292
0.33096
0.3231
0.3107
0.32224
0.32962
0.31178
0.31276
0.324
0.31526
0.31522
0.31556
0.33112
0.3156
0.30584
0.3147
0.32648
0.33132
0.32412
0.3192
0.30882
0.31392
0.30954
0.32892
0.31736
0.31036
0.30482
0.33534
0.32454
0.32442
0.311
0.31332
0.3223
0.31618
0.31798
0.32164
0.32178
0.3203
0.30814
0.32174
0.31576
0.31922
0.3229
0.32086
0.3192
0.33646
0.32816
0.31976
0.31766
0.32314
0.33126
0.33138
0.30836
0.32164
0.3191
0.31722
0.33044
0.32248
0.3072
0.32342
0.3202
0.32204
0.31872
0.33682
0.33668
0.32852
0.30726
0.3111
0.31582
0.31536
0.32572
0.33004
0.31154
0.32872
0.32358
0.32246
0.31988
0.32216
0.32092
0.32336
0.31962
0.31524
0.3199
0.31084
0.32384
0.32772
0.32326
0.31858
0.31818
0.32774
0.33274
0.32528
0.32264
0.32412
0.32628
0.3155
0.31418
0.30552
0.31732
0.32124
0.31604
0.32002
0.3242
0.3248
0.32376
0.31974
