-0.97916
-0.98102
-0.97904
-0.98118
-0.9797
-0.97982
-0.98042
-0.97914
-0.9792
-0.97966
-0.98058
-0.98054
-0.98076
-0.97952
-0.98048
-0.98004
-0.9797
-0.98016
-0.98078
-0.98022
-0.9798
-0.9805
-0.9793
-0.9804
-0.97922
-0.98052
-0.97826
-0.97954
-0.98
-0.9797
-0.98068
-0.97938
-0.9791
-0.97996
-0.9803
-0.97782
-0.97988
-0.98066
-0.98054
-0.97902
-0.9809
-0.98096
-0.98146
-0.97892
-0.97948
-0.98068
-0.97972
-0.98072
-0.98158
-0.98018
-0.97934
-0.98028
-0.98126
-0.97918
-0.9803
-0.98038
-0.98056
-0.98048
-0.98042
-0.98024
-0.97912
-0.9797
-0.97934
-0.97964
-0.97958
-0.98006
-0.9812
-0.97956
-0.97952
-0.97956
-0.98016
-0.97942
-0.97964
-0.97946
-0.98012
-0.98112
-0.98066
-0.98056
-0.9818
-0.9798
-0.981
-0.97956
-0.97962
-0.98022
-0.98116
-0.98044
-0.97972
-0.97922
-0.97922
-0.97942
-0.97932
-0.97986
-0.9802
-0.97864
-0.97928
-0.98128
-0.98026
-0.98072
-0.97936
-0.98134
-0.98008
-0.97986
-0.9789
-0.97946
-0.9796
-0.98018
-0.9808
-0.97942
-0.97988
-0.9791
-0.9799
-0.98
-0.9798
-0.98118
-0.97964
-0.97926
-0.97942
-0.97898
-0.98016
-0.97878
-0.97968
-0.97916
-0.98066
-0.98082
-0.97956
-0.9809
-0.9795
-0.98068
-0.98034
-0.97946
-0.98028
-0.97836
-0.98048
-0.97926
-0.98002
-0.97932
-0.97984
-0.98028
-0.98
-0.98004
-0.97998
-0.97904
-0.98034
-0.97864
-0.97876
-0.98016
-0.97862
-0.98006
-0.97914
-0.98038
-0.97938
-0.9791
-0.9812
-0.97798
-0.98026
-0.97958
-0.97944
-0.9807
-0.9801
-0.97944
-0.98098
-0.97768
-0.98018
-0.98068
-0.9791
-0.97936
-0.9813
-0.97856
-0.98018
-0.97944
-0.97902
-0.97956
-0.98008
-0.97896
-0.98068
-0.97986
-0.9803
-0.97938
-0.98094
-0.97834
-0.9798
-0.97896
-0.97946
-0.98014
-0.97942
-0.97976
-0.97904
-0.97998
-0.98078
-0.98018
-0.98018
-0.98024
-0.98028
-0.97924
-0.9809
-0.98052
-0.9791
-0.97968
-0.97968
-0.97892
-0.97964
-0.98044
-0.9804
-0.97948
-0.97982
-0.981
-0.97912
-0.97954
-0.97962
-0.9799
-0.98116
-0.97924
-0.98132
-0.98064
-0.98094
-0.97866
-0.9797
-0.97916
-0.9797
-0.97964
-0.98102
-0.97938
-0.98016
-0.97876
-0.98076
-0.9798
-0.9793
-0.98024
-0.97798
-0.98004
-0.98004
-0.97996
-0.98072
-0.97862
-0.98038
-0.98102
-0.98102
-0.98046
-0.9792
-0.98114
-0.9791
-0.97956
-0.97934
-0.98022
-0.98078
-0.9789
-0.979
-0.97936
-0.98004
-0.97878
-0.97954
-0.98016
-0.98188
-0.97974
-0.97966
-0.97996
-0.9807
-0.98062
-0.9787
-0.9812
-0.97968
-0.98054
-0.97874
-0.97858
-0.9791
-0.97928
-0.98042
-0.97812
-0.9803
-0.97912
-0.9802
-0.97968
-0.97918
-0.97936
-0.97932
-0.98012
-0.98008
-0.97962
-0.98026
-0.97982
-0.98092
-0.97918
-0.9796
-0.97944
-0.97898
-0.97898
-0.97894
-0.97982
-0.97976
-0.9791
-0.97902
-0.97846
-0.9797
-0.9806
-0.97898
-0.97956
-0.9795
-0.97976
-0.97968
-0.97998
-0.9791
-0.9796
-0.9796
-0.9805
-0.97966
-0.98036
-0.97962
-0.97962
-0.97954
-0.97934
-0.97918
-0.98056
-0.97798
-0.9787
-0.97918
-0.98036
-0.98038
-0.97968
-0.98034
-0.98038
-0.97894
-0.97888
-0.98078
-0.97938
-0.97934
-0.98
-0.97972
-0.98092
-0.98048
-0.98012
-0.97928
-0.97968
-0.97886
-0.97928
-0.97896
-0.98012
-0.97992
-0.9802
-0.98058
-0.98072
-0.97968
-0.98076
-0.97962
-0.97838
-0.9803
-0.98046
-0.97848
-0.9818
-0.98022
-0.98022
-0.97922
-0.9808
-0.9793
-0.9793
-0.97972
-0.98044
-0.98012
-0.9789
-0.97978
-0.98026
-0.97986
-0.97948
-0.9803
-0.9806
-0.9809
-0.97854
-0.9799
-0.98192
-0.98058
-0.9792
-0.97968
-0.98036
-0.97924
-0.97826
-0.97916
-0.97938
-0.97978
-0.97934
-0.97944
-0.98008
-0.97884
-0.98
-0.97946
-0.97954
-0.97914
-0.9788
-0.97972
-0.98082
-0.97862
-0.97918
-0.97904
-0.97978
-0.97994
-0.98082
-0.98162
-0.97918
-0.97866
-0.97882
-0.97972
-0.97962
-0.97946
-0.9804
-0.98034
-0.98094
-0.97972
-0.9784
-0.98016
-0.98092
-0.97848
-0.9809
-0.9801
-0.9794
-0.98144
-0.97864
-0.98028
-0.9795
-0.97958
-0.98044
-0.9788
-0.9797
-0.97874
-0.9798
-0.98042
-0.97892
-0.97966
-0.97994
-0.97906
-0.9795
-0.98074
-0.97868
-0.9799
-0.9799
-0.97988
-0.9795
-0.97896
-0.98072
-0.97918
-0.9799
-0.98036
-0.98114
-0.97956
-0.98046
-0.97956
-0.98008
-0.9782
-0.97978
-0.98026
-0.97858
-0.9797
-0.97954
-0.98
-0.97874
-0.97924
-0.98004
-0.98072
-0.97936
-0.97998
-0.97908
-0.98072
-0.97972
-0.98036
-0.98026
-0.97866
-0.98056
-0.97944
-0.97936
-0.97898
-0.97984
-0.9789
-0.97982
-0.98012
-0.97904
-0.97958
-0.97974
-0.97924
-0.98024
-0.97902
-0.9794
-0.979
-0.9801
-0.9794
-0.97914
-0.97936
-0.97898
-0.97892
-0.97904
-0.9823
-0.98028
-0.98092
-0.98056
-0.97948
-0.9799
-0.97992
-0.981
-0.97916
-0.98008
-0.9809
-0.98054
-0.97972
-0.97958
-0.97922
-0.9794
-0.97934
-0.9804
-0.97926
-0.9801
-0.97986
-0.97984
-0.98042
-0.97914
-0.98008
-0.97908
-0.98064
-0.97896
-0.9794
-0.98088
-0.97936
-0.97938
-0.9792
-0.97828
-0.97946
-0.97982
-0.97876
-0.9795
-0.97938
-0.97904
-0.97902
-0.97966
-0.97978
-0.97938
-0.9793
-0.979
-0.98078
-0.9809
-0.97922
-0.97894
-0.98022
-0.97938
-0.98002
-0.97982
-0.9788
-0.97908
-0.9809
-0.98104
-0.97992
-0.97898
-0.9791
-0.98062
-0.98008
-0.97952
-0.98048
-0.97928
-0.9797
-0.98016
-0.97978
-0.97904
-0.9791
-0.97924
-0.97874
-0.97966
-0.979
-0.97902
-0.9789
-0.98018
-0.9789
-0.97882
-0.98044
-0.97972
-0.98032
-0.9803
-0.98098
-0.9789
-0.98078
-0.9791
-0.98086
-0.97998
-0.97832
-0.9803
-0.9797
-0.9789
-0.97932
-0.9795
-0.98016
-0.98036
-0.97946
-0.98164
-0.98088
-0.98042
-0.97986
-0.98062
-0.97968
-0.97928
-0.98026
-0.98056
-0.98066
-0.97972
-0.9793
-0.97882
-0.97914
-0.98032
-0.97852
-0.98054
-0.97848
-0.9802
-0.97872
-0.98116
-0.9789
-0.98064
-0.98004
-0.98016
-0.98036
-0.9808
-0.97906
-0.9803
-0.98054
-0.97982
-0.98054
-0.97982
-0.97948
-0.97932
-0.9789
-0.98048
-0.98026
-0.98038
-0.97962
-0.98034
-0.98016
-0.97918
-0.97838
-0.97874
-0.98088
-0.98024
-0.98112
-0.97968
-0.97924
-0.97962
-0.97994
-0.98056
-0.97982
-0.98082
-0.98
-0.98004
-0.9799
-0.98026
-0.97908
-0.98096
-0.9789
-0.9796
-0.9795
-0.98072
-0.98042
-0.97966
-0.98042
-0.9798
-0.97992
-0.98084
-0.97948
-0.98212
-0.98038
-0.97942
-0.9786
-0.9798
-0.9795
-0.98042
-0.98052
-0.97914
-0.97936
-0.98086
-0.98022
-0.97986
-0.9791
-0.97888
-0.9803
-0.97898
-0.98114
-0.97938
-0.98044
-0.98046
-0.98056
-0.98016
-0.98086
-0.9795
-0.98112
-0.98034
-0.97946
-0.97958
-0.98006
-0.9785
-0.97974
-0.97998
-0.97974
-0.97962
-0.98138
-0.98012
-0.98112
-0.97896
-0.9797
-0.97986
-0.98
-0.98024
-0.98066
-0.97996
-0.98098
-0.98062
-0.98028
-0.97972
-0.98058
-0.97956
-0.97952
-0.9798
-0.97902
-0.98074
-0.98138
-0.98026
-0.98042
-0.98182
-0.97938
-0.98034
-0.97866
-0.98098
-0.97966
-0.98064
-0.98004
-0.98128
-0.98014
-0.97948
-0.97938
-0.97992
-0.97884
-0.97986
-0.97902
-0.97926
-0.9784
-0.98044
-0.97996
-0.98082
-0.98106
-0.97952
-0.97772
-0.97752
-0.97962
-0.98016
-0.98036
-0.97962
-0.9812
-0.98074
-0.97966
-0.97986
-0.98022
-0.97882
-0.9806
-0.9796
-0.98022
-0.97898
-0.98046
-0.9808
-0.97892
-0.97956
-0.97922
-0.98176
-0.98042
-0.97894
-0.97856
-0.97834
-0.97902
-0.9803
-0.98002
-0.97896
-0.98034
-0.9792
-0.97946
-0.97896
-0.97986
-0.97962
-0.97994
-0.97802
-0.97898
-0.97972
-0.97878
-0.97912
-0.97896
-0.97962
-0.98056
-0.9793
-0.97976
-0.97972
-0.979
-0.97916
-0.9784
-0.97962
-0.97854
-0.97934
-0.9795
-0.97974
-0.97996
-0.9803
-0.9806
-0.97944
-0.98058
-0.98138
-0.98002
-0.98054
-0.98
-0.9794
-0.97984
-0.98042
-0.97958
-0.97978
-0.98066
-0.97896
-0.98022
-0.98026
-0.97984
-0.97928
-0.9801
-0.9798
-0.98022
-0.97948
-0.97958
-0.981
-0.98018
-0.97984
-0.97976
-0.98006
-0.97902
-0.9793
-0.97932
-0.97986
-0.98012
-0.979
-0.98018
-0.97938
-0.97942
-0.98052
-0.97896
-0.98004
-0.98036
-0.97982
-0.97928
-0.98046
-0.98026
-0.97988
-0.97936
-0.97978
-0.98082
-0.97964
-0.9794
-0.98004
-0.97816
-0.9786
-0.97998
-0.98044
-0.97864
-0.9795
-0.98128
-0.98018
-0.98088
-0.97998
-0.97978
-0.97962
-0.98036
-0.97968
-0.98094
-0.9798
-0.98122
-0.98072
-0.97986
-0.97958
-0.98124
-0.9787
-0.97912
-0.98068
-0.97892
-0.9788
-0.97934
-0.98044
-0.979
-0.97952
-0.9794
-0.9797
-0.97892
-0.98054
-0.98244
-0.97946
-0.98024
-0.9795
-0.97804
-0.98078
-0.97848
-0.9812
-0.9799
-0.98038
-0.98064
-0.97868
-0.98088
-0.97888
-0.98126
-0.9794
-0.97932
-0.97978
-0.9807
-0.9814
-0.97924
-0.9791
-0.97978
-0.97952
-0.97988
-0.98024
-0.97896
-0.97984
-0.9793
-0.97838
-0.98144
-0.9782
-0.98078
-0.979
-0.97988
-0.98014
-0.97888
-0.98102
-0.981
-0.97972
-0.9797
-0.98088
-0.97938
-0.97926
-0.98144
-0.98022
-0.97878
-0.9792
-0.98008
-0.98012
-0.98036
-0.9805
-0.97852
-0.9794
-0.97952
-0.9792
-0.98076
-0.97942
-0.97922
-0.97938
-0.98116
-0.98128
-0.98046
-0.97928
-0.97984
-0.98192
-0.98046
-0.98038
-0.97946
-0.97864
-0.98008
-0.97896
-0.9807
-0.97936
-0.97982
-0.98084
-0.97888
-0.9775
-0.9788
-0.9796
-0.98096
-0.98016
-0.97892
-0.98004
-0.98088
-0.97982
-0.9802
-0.98052
-0.98042
-0.97866
-0.97888
-0.97964
-0.97952
-0.9797
-0.9793
-0.97936
-0.98
-0.98008
-0.9798
-0.97962
-0.98042
-0.9804
-0.97872
-0.979
-0.98098
-0.97914
-0.97876
-0.97952
-0.97882
-0.97996
-0.98192
-0.97992
-0.97902
-0.97892
-0.98074
-0.97964
-0.97996
-0.97964
-0.97874
-0.97986
-0.9793
-0.98066
-0.98086
-0.97932
-0.98026
-0.9791
-0.97926
-0.97894
-0.9789
-0.98076
-0.97946
-0.98036
-0.9804
-0.9803
-0.98124
-0.9797
-0.98012
-0.98024
-0.9799
-0.97804
-0.97934
-0.97974
-0.98022
-0.9796
-0.97942
-0.97948
-0.9799
-0.98084
-0.97908
-0.98026
-0.98032
-0.98022
-0.98046
-0.98058
-0.9793
-0.98052
-0.98018
-0.97938
-0.98016
-0.98038
-0.98022
-0.97834
-0.98046
-0.97832
-0.98044
-0.97976
-0.9794
-0.97958
-0.97898
-0.9793
-0.9791
-0.981
-0.98042
-0.9793
-0.9807
-0.97958
-0.98024
-0.98022
-0.98008
-0.97986
-0.98052
-0.98024
-0.9793
-0.97786
-0.98082
-0.98072
-0.98214
-0.97964
-0.97962
-0.98014
-0.98078
-0.97978
-0.97986
-0.97996
-0.98074
-0.97924
-0.97914
-0.97986
-0.97956
-0.97866
-0.98046
-0.97982
-0.9789
-0.98066
-0.97918
-0.98042
-0.97924
-0.98014
-0.97924
-0.97938
-0.97924
-0.97866
-0.9798
-0.97974
-0.97936
-0.9801
-0.98028
-0.97906
-0.9805
-0.97972
-0.98002
-0.98142
-0.9798
-0.97856
-0.97974
-0.9799
-0.97954
-0.97874
-0.9794
-0.9806
-0.9801
-0.97916
-0.97898
-0.98116
-0.97982
-0.98108
-0.97972
-0.97916
-0.97988
-0.98028
-0.97906
-0.98182
-0.97948
-0.98024
-0.97854
-0.97844
-0.98058
-0.98066
-0.98046
-0.97992
-0.97926
-0.97986
-0.97974
-0.9811
-0.98006
-0.98038
-0.97948
-0.97878
-0.9799
-0.97882
-0.97878
-0.979
-0.97956
-0.97884
-0.97958
-0.98056
-0.97932
-0.98046
-0.98038
-0.98018
-0.97922
-0.9794
-0.97958
-0.98038
-0.98056
-0.98004
-0.97946
-0.98006
-0.97958
-0.9801
-0.98008
-0.97924
-0.97824
-0.97974
-0.9808
-0.98012
-0.98044
-0.98094
-0.98018
-0.9802
-0.9804
-0.9808
-0.97886
-0.97856
-0.98018
-0.97956
-0.97964
-0.98006
-0.97948
-0.98098
-0.98092
-0.97978
-0.9792
-0.98
-0.9799
-0.981
-0.97996
-0.97976
-0.97936
-0.98008
-0.97994
-0.97966
-0.9789
-0.97804
-0.98032
-0.98028
-0.97816
-0.97982
-0.97994
-0.98062
-0.97938
-0.97972
-0.97974
-0.98012
-0.97964
-0.97996
-0.98032
-0.97924
-0.97938
-0.97912
-0.97944
-0.97894
-0.97948
-0.97974
-0.97996
-0.9801
-0.97952
-0.98054
-0.98002
-0.98006
-0.97906
-0.97884
-0.97942
-0.97968
-0.98008
-0.97788
-0.98014
-0.98242
-0.979
-0.97978
-0.98042
-0.98046
-0.97962
-0.97964
-0.9784
-0.9795
-0.97892
-0.97896
-0.9797
-0.97988
-0.98054
-0.98006
-0.97956
-0.97848
-0.97862
-0.98012
-0.97866
-0.9791
-0.97922
-0.97876
-0.98132
-0.97904
-0.9793
-0.98016
-0.97886
-0.98036
-0.97968
-0.98052
-0.98142
-0.9809
-0.98092
-0.98036
-0.97898
-0.98038
-0.9798
-0.98088
-0.97946
-0.98018
-0.9793
-0.98034
-0.97986
-0.9803
-0.97932
-0.97964
-0.97992
-0.9809
-0.97964
-0.97988
-0.97964
-0.97986
-0.98016
-0.97886
-0.97864
-0.98094
-0.98052
-0.979
-0.9787
-0.97974
-0.98178
-0.97928
-0.98064
-0.97912
-0.97876
-0.97958
-0.97932
-0.98008
-0.97982
-0.97938
-0.97936
-0.97976
-0.98168
-0.97976
-0.97994
-0.97958
-0.97922
-0.9795
-0.98004
-0.9809
-0.98014
-0.98058
-0.9792
-0.97948
-0.98096
-0.9792
-0.9801
-0.97924
-0.97908
-0.97796
-0.98036
-0.98004
-0.97904
-0.97812
-0.9806
-0.98098
-0.9797
-0.97882
-0.97974
-0.9801
-0.97998
-0.97952
-0.98004
-0.98042
-0.97944
-0.979
-0.9796
-0.97896
-0.9805
-0.98108
-0.97974
-0.98014
-0.97986
-0.98022
-0.98108
-0.97986
-0.97988
-0.97854
-0.9811
-0.97848
-0.98026
-0.98032
-0.98066
-0.98032
-0.9804
-0.97874
-0.97946
-0.97998
-0.97892
-0.98066
-0.97996
-0.9791
-0.98142
-0.9802
-0.9786
-0.97986
-0.97988
-0.9797
-0.98004
-0.97904
-0.98132
-0.97962
-0.97992
-0.98022
-0.98074
-0.98036
-0.97988
-0.9801
-0.98054
-0.98098
-0.97922
-0.97952
-0.97906
-0.98122
-0.98106
-0.98046
-0.98
-0.97926
-0.98064
-0.9818
-0.97998
-0.98082
-0.97944
-0.98014
-0.98026
-0.97958
-0.97988
-0.98024
-0.98068
-0.97912
-0.9795
-0.98082
-0.97956
-0.97976
-0.9798
-0.97992
-0.9796
-0.98044
-0.97942
-0.98082
-0.98124
-0.9786
-0.98152
-0.97992
-0.98036
-0.98124
-0.9794
-0.98002
-0.97916
-0.9798
-0.98026
-0.97976
-0.9788
-0.97942
-0.97902
-0.98032
-0.98046
-0.97846
-0.98054
-0.97942
-0.97998
-0.9803
-0.97994
-0.98118
-0.98048
-0.98016
-0.97988
-0.97892
-0.98042
-0.98046
-0.9798
-0.98146
-0.98016
-0.98042
-0.98048
-0.98122
-0.98072
-0.98122
-0.97976
-0.9773
-0.9803
-0.97758
-0.98078
-0.9796
-0.97752
-0.98038
-0.97962
-0.98038
-0.97932
-0.98092
-0.98012
-0.9807
-0.97934
-0.98028
-0.97966
-0.9812
-0.97936
-0.97922
-0.9804
-0.97924
-0.97858
-0.97976
-0.97994
-0.98052
-0.98052
-0.97986
-0.9783
-0.98034
-0.98132
-0.98036
-0.98034
-0.97978
-0.9784
-0.9789
-0.97988
-0.97936
-0.9794
-0.97758
-0.97978
-0.98012
-0.97994
-0.97972
-0.98094
-0.9794
-0.98014
-0.97994
-0.98058
-0.98088
-0.98054
-0.97982
-0.98024
-0.98062
-0.98004
-0.98032
-0.98026
-0.97914
-0.98004
-0.97974
-0.97986
-0.97932
-0.98088
-0.97964
-0.9795
-0.98004
-0.97974
-0.98026
-0.97942
-0.9809
-0.97956
-0.97818
-0.97942
-0.98044
-0.98026
-0.97984
-0.9782
-0.98096
-0.97936
-0.98044
-0.9806
-0.97942
-0.97992
-0.97862
-0.98014
-0.9801
-0.98014
-0.98008
-0.98
-0.97886
-0.97866
-0.98018
-0.97982
-0.98084
-0.97918
-0.98038
-0.97908
-0.9784
-0.9792
-0.98036
-0.98004
-0.98072
-0.97942
-0.9797
-0.97994
-0.98006
-0.97904
-0.9803
-0.9801
-0.97882
-0.9799
-0.97986
-0.97864
-0.97928
-0.98042
-0.98172
-0.98102
-0.9803
-0.9788
-0.97962
-0.9796
-0.98094
-0.98028
-0.97888
-0.97922
-0.9803
-0.97922
-0.9788
-0.98042
-0.97984
-0.98186
-0.98038
-0.97956
-0.97982
-0.98034
-0.97996
-0.9806
-0.979
-0.98058
-0.97944
-0.98038
-0.98074
-0.97968
-0.97926
-0.97844
-0.97946
-0.97976
-0.98002
-0.98116
-0.98008
-0.98116
-0.97978
-0.98008
-0.98034
-0.97922
-0.98066
-0.97972
-0.9795
-0.97988
-0.98052
-0.98002
-0.98032
-0.9777
-0.9793
-0.98032
-0.97972
-0.97986
-0.98044
-0.97906
-0.98048
-0.97908
-0.98052
-0.97972
-0.97916
-0.97834
-0.97946
-0.98008
-0.97998
-0.98088
-0.9811
-0.97858
-0.98
-0.98
-0.97864
-0.98042
-0.9809
-0.98032
-0.97984
-0.98008
-0.97952
-0.97866
-0.98018
-0.97926
-0.97976
-0.9797
-0.97928
-0.97936
-0.97968
-0.9803
-0.97964
-0.98032
-0.9818
-0.97912
-0.97964
-0.97986
-0.97888
-0.97912
-0.9789
-0.98054
-0.97994
-0.979
-0.9775
-0.9803
-0.97972
-0.97976
-0.97966
-0.97986
-0.97938
-0.9798
-0.98114
-0.98054
-0.97894
-0.97976
-0.97944
-0.97872
-0.97972
-0.9805
-0.97946
-0.97934
-0.97996
-0.9804
-0.97818
-0.97958
-0.97864
-0.98034
-0.9794
-0.97962
-0.97878
-0.9793
-0.98022
-0.97944
-0.98092
-0.97994
-0.9798
-0.97882
-0.97898
-0.9795
-0.97874
-0.9817
-0.97914
-0.98084
-0.97942
-0.97998
-0.97968
-0.979
-0.9787
-0.98018
-0.98052
-0.97842
-0.98026
-0.98052
-0.9809
-0.97918
-0.98012
-0.97906
-0.97936
-0.97968
-0.9811
-0.97984
-0.97818
-0.98004
-0.97882
-0.97928
-0.97962
-0.97924
-0.97906
-0.9799
-0.97942
-0.98078
-0.98004
-0.97926
-0.97816
-0.97944
-0.97898
-0.9784
-0.9787
-0.97934
-0.9793
-0.97766
-0.98114
-0.9785
-0.98112
-0.9798
-0.97982
-0.98088
-0.98044
-0.9793
-0.97986
-0.9804
-0.9802
-0.97926
-0.97928
-0.9807
-0.98124
-0.97904
-0.97888
-0.9791
-0.97962
-0.97908
-0.9792
-0.97962
-0.97962
-0.97944
-0.97822
-0.97924
-0.97912
-0.97952
-0.98032
-0.97856
-0.97994
-0.98022
-0.97984
-0.97974
-0.97904
-0.97914
-0.98172
-0.97938
-0.98042
-0.97986
-0.97974
-0.98148
-0.98134
-0.98088
-0.97902
-0.97948
-0.97996
-0.97988
-0.97904
-0.98182
-0.9797
-0.97986
-0.97948
-0.98048
-0.97892
-0.97862
-0.98016
-0.97796
-0.97988
-0.98046
-0.98006
-0.97974
-0.97924
-0.9815
-0.9798
-0.97922
-0.98044
-0.98004
-0.98008
-0.97804
-0.97936
-0.9788
-0.9793
-0.97964
-0.97956
-0.97892
-0.97982
-0.97924
-0.97946
-0.97968
-0.9798
-0.97988
-0.97908
-0.98058
-0.98006
-0.9785
-0.97902
-0.97992
-0.98072
-0.98
-0.9814
-0.98066
-0.97976
-0.97966
-0.98024
-0.97878
-0.97916
-0.97856
-0.9798
-0.97952
-0.98096
-0.98016
-0.97954
-0.98082
-0.9797
-0.98028
-0.97938
-0.979
-0.97902
-0.9794
-0.98054
-0.98046
-0.97954
-0.98016
-0.98146
-0.98034
-0.98032
-0.97994
-0.98002
-0.98058
-0.9799
-0.9801
-0.97898
-0.97956
-0.97966
-0.98042
-0.97986
-0.97824
-0.9791
-0.97952
-0.97942
-0.97904
-0.97972
-0.97962
-0.9801
-0.9786
-0.97972
-0.97874
-0.98
-0.9802
-0.97954
-0.9792
-0.97982
-0.97904
-0.98002
-0.97856
-0.9786
-0.98166
-0.97864
-0.98068
-0.97958
-0.97908
-0.97934
-0.9813
-0.97904
-0.98008
-0.9808
-0.9797
-0.98178
-0.98176
-0.98012
-0.98136
-0.9799
-0.97938
-0.98024
-0.98018
-0.98032
-0.98016
-0.9798
-0.97962
-0.98018
-0.98034
-0.9802
-0.97956
-0.98078
-0.97802
-0.98006
-0.97912
-0.9784
-0.97858
-0.97886
-0.97892
-0.97944
-0.98012
-0.97966
-0.97898
-0.98002
-0.98092
-0.9793
-0.98
-0.97952
-0.98024
-0.97996
-0.9802
-0.98038
-0.97926
-0.97894
-0.97908
-0.97884
-0.98012
-0.98016
-0.98052
-0.9791
-0.98102
-0.97996
-0.98026
-0.98034
-0.97984
-0.97888
-0.98072
-0.97878
-0.97994
-0.97982
-0.97958
-0.98112
-0.97862
-0.98034
-0.9806
-0.9801
-0.98
-0.98028
-0.9814
-0.97972
-0.97858
-0.97904
-0.98066
-0.97962
-0.98002
-0.97926
-0.97918
-0.97818
-0.98044
-0.9798
-0.9803
-0.97984
-0.9793
-0.97936
-0.98046
-0.9789
-0.97878
-0.97946
-0.97952
-0.9794
-0.97986
-0.97982
-0.97964
-0.97946
-0.9808
-0.98036
-0.97826
-0.97894
-0.9794
-0.9788
-0.97958
-0.97956
-0.98106
-0.9794
-0.98134
-0.9791
-0.97976
-0.97958
-0.9794
-0.97978
-0.97938
-0.981
-0.98022
-0.97986
-0.98084
-0.97988
-0.98008
-0.97918
-0.98024
-0.9789
-0.97924
-0.98002
-0.9793
-0.97926
-0.98156
-0.98016
-0.98114
-0.98136
-0.98004
-0.9805
-0.97898
-0.97978
-0.98042
-0.97934
-0.98026
-0.98008
-0.98052
-0.97954
-0.98102
-0.97872
-0.97956
-0.97906
-0.97918
-0.97872
-0.98098
-0.97966
-0.97998
-0.9783
-0.97948
-0.98172
-0.9797
-0.97864
-0.98022
-0.98128
-0.97942
-0.97954
-0.97854
-0.98022
-0.98022
-0.97846
-0.9796
-0.98048
-0.98036
-0.97916
-0.97866
-0.97818
-0.97906
-0.98122
-0.9802
-0.9804
-0.97938
-0.97974
-0.98082
-0.979
-0.97974
-0.98024
-0.97882
-0.97966
-0.98018
-0.97978
-0.97918
-0.98152
-0.97888
-0.98106
-0.9801
-0.97898
-0.97996
-0.97884
-0.97934
-0.97944
-0.98024
-0.98058
-0.98074
-0.98056
-0.98016
-0.9792
-0.97884
-0.98108
-0.98032
-0.97998
-0.97908
-0.97908
-0.98042
-0.97998
-0.98012
-0.97936
-0.98002
-0.98014
-0.98044
-0.97924
-0.97872
-0.98044
-0.97982
-0.9805
-0.97896
-0.97888
-0.98032
-0.97896
-0.97978
-0.98102
-0.97956
-0.97884
-0.97976
-0.98
-0.97924
-0.9807
-0.98012
-0.98012
-0.97956
-0.97858
-0.98074
-0.97888
-0.98018
-0.97952
-0.98226
-0.97974
-0.98114
-0.979
-0.98092
-0.98038
-0.97946
-0.97952
-0.97946
-0.97954
-0.98042
-0.97876
-0.97942
-0.98006
-0.98002
-0.9802
-0.9804
-0.97878
-0.97976
-0.97888
-0.98016
-0.98102
-0.98092
-0.97938
-0.9804
-0.97994
-0.9809
-0.98136
-0.97882
-0.97886
-0.97994
-0.9794
-0.98056
-0.97918
-0.98054
-0.97826
-0.97968
-0.97936
-0.97924
-0.97996
-0.98
-0.9801
-0.98
-0.98018
-0.97908
-0.9793
-0.98076
-0.97976
-0.97908
-0.97984
-0.98004
-0.97916
-0.97998
-0.97918
-0.98096
-0.97992
-0.97998
-0.98042
-0.98016
-0.97892
-0.98024
-0.97878
-0.97978
-0.97984
-0.97978
-0.97864
-0.97768
-0.98046
-0.98128
-0.97912
-0.97928
-0.979
-0.97876
-0.9791
-0.98068
-0.97942
-0.97926
-0.9794
-0.9787
-0.98024
-0.97808
-0.97922
-0.97892
-0.98022
-0.9805
-0.97874
-0.97798
-0.98076
-0.98094
-0.98058
-0.97926
-0.98112
-0.98096
-0.98012
-0.98042
-0.9787
-0.98032
-0.97912
-0.97884
-0.98056
-0.98132
-0.97954
-0.97956
-0.98014
-0.98108
-0.9791
-0.9794
-0.97912
-0.98082
-0.97972
-0.97848
-0.98046
-0.97956
-0.97996
-0.98142
-0.98062
-0.97996
-0.97926
-0.98012
-0.9788
-0.98038
-0.98028
-0.98028
-0.98066
-0.9797
-0.97932
-0.9796
-0.97986
-0.97996
-0.98002
-0.97968
-0.98008
-0.9803
-0.979
-0.97898
-0.97882
-0.98068
-0.97988
-0.98124
-0.97858
-0.9795
-0.9799
-0.98066
-0.97958
-0.97934
-0.98106
-0.97964
-0.97966
-0.97934
-0.97908
-0.9795
-0.98048
-0.97922
-0.97954
-0.98006
-0.9798
-0.98078
-0.9804
-0.97876
-0.97986
-0.98062
-0.97916
-0.98024
-0.9811
-0.98122
-0.97976
-0.9821
-0.98026
-0.98012
-0.98104
-0.98014
-0.98032
-0.98094
-0.97932
-0.97952
-0.98032
-0.9806
-0.97932
-0.97906
-0.97922
-0.98034
-0.97992
-0.97968
-0.97978
-0.97812
-0.97954
-0.97994
-0.97982
-0.98058
-0.97908
-0.9797
-0.97996
-0.98016
-0.98002
-0.9797
-0.97972
-0.97982
-0.9791
-0.98018
-0.9808
-0.97992
-0.98034
-0.9809
-0.98068
-0.97994
-0.98012
-0.98074
-0.9797
-0.97944
-0.98088
-0.98054
-0.97984
-0.97994
-0.98024
-0.97954
-0.98138
-0.98
-0.98076
-0.9793
-0.97938
-0.98
-0.97938
-0.97978
-0.97854
-0.97914
-0.98026
-0.9805
-0.98032
-0.97916
-0.9793
-0.98016
-0.98054
-0.98028
-0.98118
-0.98038
-0.97972
-0.97876
-0.98058
-0.98032
-0.98078
-0.9784
-0.97988
-0.98086
-0.97974
-0.98004
-0.97746
-0.97902
-0.978
-0.97898
-0.97968
-0.98034
-0.9796
-0.9801
-0.9805
-0.97938
-0.9804
-0.97842
-0.98024
-0.97994
-0.98006
-0.97916
-0.97994
-0.97952
-0.98032
-0.97976
-0.9792
-0.98002
-0.97942
-0.98008
-0.97992
-0.97902
-0.97916
-0.97922
-0.97904
-0.98044
-0.98084
-0.97914
-0.98084
-0.97958
-0.98062
-0.97952
-0.9808
-0.9786
-0.97932
-0.97802
-0.97972
-0.97994
-0.97942
-0.98142
-0.97974
-0.97944
-0.97978
-0.9807
-0.98126
-0.98038
-0.97944
-0.9798
-0.98006
-0.98096
-0.9791
-0.97884
-0.98066
-0.9799
-0.98074
-0.97936
-0.98036
-0.98008
-0.98014
-0.97952
-0.98144
-0.98044
-0.97914
-0.97964
-0.97922
-0.97924
-0.9799
-0.98
-0.97936
-0.98048
-0.97862
-0.9794
-0.98056
-0.98022
-0.98024
-0.97964
-0.97902
-0.9806
-0.98114
-0.9804
-0.97984
-0.9809
-0.9798
-0.97888
-0.97974
-0.98052
-0.9806
-0.98144
-0.97984
-0.97946
-0.98074
-0.97936
-0.98052
-0.97966
-0.9792
-0.98078
-0.97986
-0.97944
-0.97934
-0.98036
-0.97952
-0.98076
-0.98084
-0.98004
-0.97916
-0.97908
-0.97984
-0.9801
-0.98046
-0.98032
-0.9796
-0.9795
-0.97998
-0.97922
-0.98112
-0.97984
-0.9808
-0.98018
-0.97946
-0.9789
-0.9784
-0.98018
-0.98042
-0.97914
-0.98
-0.98018
-0.98084
-0.9797
-0.9813
-0.9787
-0.9797
-0.981
-0.98138
-0.98094
-0.97998
-0.98026
-0.9784
-0.97928
-0.98048
-0.97896
-0.97928
-0.97874
-0.97826
-0.98016
-0.97886
-0.98074
-0.97902
-0.98024
-0.9803
-0.97938
-0.98008
-0.97998
-0.97918
-0.98034
-0.98008
-0.98006
-0.9792
-0.97822
-0.9796
-0.97952
-0.98182
-0.98018
-0.97934
-0.97906
-0.9815
-0.97932
-0.98034
-0.98026
-0.98002
-0.98054
-0.98052
-0.97938
-0.9793
-0.97984
-0.98036
-0.98034
-0.98118
-0.98052
-0.98008
-0.9806
-0.97944
-0.97914
-0.98114
-0.9803
-0.98038
-0.97972
-0.98136
-0.98014
-0.97908
-0.97996
-0.98028
-0.98004
-0.97966
-0.97938
-0.98038
-0.98044
-0.98088
-0.97934
-0.98012
-0.9773
-0.98096
-0.97984
-0.98066
-0.97908
-0.98034
-0.98014
-0.9817
-0.98006
-0.98034
-0.98006
-0.97988
-0.97884
-0.97956
-0.97944
-0.97932
-0.97974
-0.9802
-0.98096
-0.97894
-0.9797
-0.97858
-0.97892
-0.97976
-0.9791
-0.9793
-0.98052
-0.9794
-0.98082
-0.9788
-0.97984
-0.98062
-0.97982
-0.98046
-0.98044
-0.97942
-0.97886
-0.97966
-0.9798
-0.9799
-0.98004
-0.9801
-0.9797
-0.97972
-0.98022
-0.98042
-0.9798
-0.9805
-0.98082
-0.97976
-0.97924
-0.98004
-0.97916
-0.97954
-0.97928
-0.97966
-0.97952
-0.97978
-0.9779
-0.98014
-0.97886
-0.9811
-0.98028
-0.97822
-0.97944
-0.98056
-0.98022
-0.9807
-0.97952
-0.9792
-0.98148
-0.978
-0.9805
-0.97928
-0.9793
-0.97978
-0.9806
-0.97944
-0.97944
-0.98
-0.9789
-0.98038
-0.97952
-0.97942
-0.9806
-0.9788
-0.97902
-0.97948
-0.9798
-0.9792
-0.97976
-0.98094
-0.98114
-0.9804
-0.97826
-0.98014
-0.9806
-0.98072
-0.98076
-0.98002
-0.97946
-0.97906
-0.9808
-0.97934
-0.97986
-0.98008
-0.98028
-0.98036
-0.97914
-0.97982
-0.97914
-0.98012
-0.97964
-0.98002
-0.9801
-0.98018
-0.98022
-0.98072
-0.98028
-0.97886
-0.98012
-0.97986
-0.97936
-0.97904
-0.9796
-0.9802
-0.9788
-0.97976
-0.97962
-0.9795
-0.98014
-0.97958
-0.98006
-0.98036
-0.98
-0.97964
-0.98128
-0.98084
-0.98092
-0.97922
-0.98108
-0.97988
-0.98032
-0.97916
-0.98002
-0.97952
-0.9802
-0.97998
-0.97974
-0.97942
-0.9788
-0.97862
-0.9802
-0.97998
-0.97872
-0.98014
-0.97974
-0.97904
-0.97858
-0.98
-0.98
-0.98066
-0.97946
-0.97992
-0.98028
-0.97884
-0.9794
-0.97984
-0.97882
-0.97778
-0.9802
-0.97968
-0.9796
-0.9808
-0.98058
-0.98052
-0.98018
-0.97986
-0.98126
-0.98032
-0.98086
-0.97948
-0.9795
-0.98082
-0.97942
-0.97892
-0.97898
-0.97952
-0.97954
-0.97974
-0.9802
-0.98088
-0.98004
-0.97988
-0.97988
-0.97906
-0.98024
-0.98028
-0.98034
-0.9798
-0.97998
-0.97928
-0.98108
-0.97914
-0.97854
-0.97978
-0.9793
-0.97906
-0.9791
-0.98054
-0.98006
-0.9793
-0.98072
-0.98028
-0.98086
-0.98042
-0.97932
-0.98216
-0.97958
-0.98104
-0.97832
-0.97994
-0.98036
-0.97996
-0.97914
-0.98102
-0.98054
-0.97982
-0.9788
-0.97912
-0.97784
-0.97816
-0.97856
-0.97962
-0.97942
-0.98012
-0.97848
-0.97938
-0.98022
-0.9789
-0.98038
-0.98096
-0.97938
-0.9816
-0.9792
-0.97934
-0.9793
-0.9808
-0.98028
-0.97966
-0.98116
-0.97852
-0.97874
-0.98008
-0.9791
-0.98048
-0.97984
-0.9811
-0.9804
-0.97976
-0.97942
-0.98024
-0.97952
-0.9799
-0.97812
-0.97856
-0.98002
-0.98024
-0.97932
-0.97978
-0.97862
-0.981
-0.9807
-0.981
-0.98016
-0.97832
-0.97962
-0.97966
-0.98084
-0.9797
-0.98132
-0.98056
-0.9812
-0.97952
-0.9801
-0.98062
-0.97954
-0.97908
-0.97976
-0.9803
-0.98004
-0.98012
-0.98052
-0.97982
-0.97916
-0.98134
-0.98132
-0.97966
-0.97836
-0.97936
-0.98024
-0.98016
-0.98018
-0.98142
-0.9805
-0.97916
-0.97958
-0.98038
-0.97964
-0.97946
-0.97986
-0.98052
-0.98024
-0.98
-0.98088
-0.97938
-0.98024
-0.97898
-0.97926
-0.97988
-0.97992
-0.97982
-0.97934
-0.98146
-0.9787
-0.98062
-0.98062
-0.9795
-0.97942
-0.979
-0.97944
-0.98072
-0.9794
-0.9802
-0.98006
-0.97998
-0.97846
-0.98054
-0.9795
-0.97852
-0.97932
-0.97866
-0.97906
-0.9798
-0.9804
-0.98088
-0.97976
-0.98016
-0.979
-0.97952
-0.98048
-0.98108
-0.98134
-0.98144
-0.98082
-0.97858
-0.9801
-0.98048
-0.98022
-0.98116
-0.97946
-0.97948
-0.97964
-0.97928
-0.98042
-0.98052
-0.97772
-0.98056
-0.9805
-0.97962
-0.98018
-0.97954
-0.9791
-0.97974
-0.98102
-0.9792
-0.97962
-0.98124
-0.98246
-0.97872
-0.9796
-0.97968
-0.97922
-0.97948
-0.98074
-0.98068
-0.98066
-0.97914
-0.97928
-0.98
-0.97898
-0.98106
-0.98002
-0.9805
-0.9806
-0.98044
-0.9806
-0.97956
-0.97982
-0.97976
-0.98034
-0.97974
-0.98034
-0.97898
-0.98002
-0.98026
-0.97952
-0.9806
-0.97968
-0.98036
-0.97834
-0.97958
-0.98106
-0.98138
-0.97886
-0.98114
-0.97886
-0.9804
-0.9821
-0.98104
-0.98002
-0.97964
-0.97946
-0.9802
-0.97944
-0.98066
-0.97966
-0.97914
-0.97894
-0.97974
-0.97842
-0.97992
-0.98052
-0.97938
-0.97984
-0.97834
-0.97932
-0.97994
-0.98154
-0.97928
-0.97936
-0.97982
-0.97976
-0.98074
-0.97996
-0.97808
-0.98044
-0.98006
-0.97942
-0.98002
-0.97966
-0.98008
-0.9799
-0.97988
-0.98002
-0.97956
-0.9797
-0.97926
-0.9806
-0.97914
-0.98108
-0.97796
-0.97958
-0.98162
-0.97922
-0.97948
-0.97946
-0.97902
-0.98112
-0.98014
-0.97936
-0.98056
-0.97996
-0.98014
-0.97996
-0.9795
-0.97978
-0.98058
-0.97912
-0.9805
-0.97996
-0.97942
-0.97822
-0.97924
-0.97992
-0.98168
-0.97832
-0.98022
-0.97946
-0.98054
-0.98
-0.97884
-0.97964
-0.97926
-0.9814
-0.98048
-0.98018
-0.97938
-0.98114
-0.98006
-0.97938
-0.97872
-0.97996
-0.97966
-0.9811
-0.98156
-0.97894
-0.9802
-0.9802
-0.9803
-0.9798
-0.97968
-0.97952
-0.97856
-0.98028
-0.98004
-0.98202
-0.97916
-0.97952
-0.9806
-0.97944
-0.97974
-0.97982
-0.9808
-0.98036
-0.97958
-0.97998
-0.97962
-0.97868
-0.98062
-0.9804
-0.97872
-0.98076
-0.97962
-0.97998
-0.97934
-0.98056
-0.97946
-0.97946
-0.97964
-0.98074
-0.98
-0.97872
-0.97836
-0.98074
-0.98002
-0.98116
-0.979
-0.9786
-0.97916
-0.97964
-0.9791
-0.9785
-0.9807
-0.98104
-0.97984
-0.98036
-0.9817
-0.9794
-0.97914
-0.97944
-0.98102
-0.98036
-0.98028
-0.98054
-0.98026
-0.98062
-0.97966
-0.97864
-0.98032
-0.98002
-0.98078
-0.9798
-0.98034
-0.98062
-0.98134
-0.97936
-0.97968
-0.97912
-0.97966
-0.98004
-0.9801
-0.97976
-0.98032
-0.98068
-0.9794
-0.98074
-0.97986
-0.98098
-0.98014
-0.97938
-0.98082
-0.97986
-0.97992
-0.98042
-0.97958
-0.9801
-0.98082
-0.9789
-0.97924
-0.98102
-0.98018
-0.9811
-0.97882
-0.97856
-0.98052
-0.97982
-0.97848
-0.98002
-0.98016
-0.9809
-0.98106
-0.97946
-0.9805
-0.97962
-0.9798
-0.9792
-0.9808
-0.97926
-0.98038
-0.97964
-0.98004
-0.97848
-0.979
-0.98006
-0.97934
-0.98168
-0.97976
-0.98028
-0.97944
-0.98074
-0.9776
-0.97958
-0.98136
-0.97884
-0.98044
-0.98008
-0.9793
-0.97932
-0.97964
-0.97936
-0.98008
-0.98
-0.97974
-0.97924
-0.97978
-0.97888
-0.97886
-0.97926
-0.97912
-0.97956
-0.98076
-0.98054
-0.97856
-0.97896
-0.97958
-0.98008
-0.97888
-0.97848
-0.97998
-0.98046
-0.98022
-0.9787
-0.97986
-0.97882
-0.98068
-0.97922
-0.97818
-0.98126
-0.98018
-0.9807
-0.97902
-0.98036
-0.97996
-0.98112
-0.97922
-0.97832
-0.98112
-0.97858
-0.9811
-0.97812
-0.97974
-0.9795
-0.97952
-0.97914
-0.97924
-0.97884
-0.98024
-0.97962
-0.9788
-0.97974
-0.97822
-0.97962
-0.97958
-0.9788
-0.98084
-0.9791
-0.97876
-0.98046
-0.98046
-0.97926
-0.98076
-0.97954
-0.98088
-0.97978
-0.97944
-0.97886
-0.9797
-0.97956
-0.98052
-0.9795
-0.98094
-0.97852
-0.97976
-0.98108
-0.9792
-0.97976
-0.97936
-0.98048
-0.97924
-0.98028
-0.98032
-0.97944
-0.98094
-0.97956
-0.97874
-0.97936
-0.98002
-0.98054
-0.98006
-0.98002
-0.98062
-0.97866
-0.98026
-0.98004
-0.98058
-0.97964
-0.97996
-0.97872
-0.98044
-0.9788
-0.97972
-0.97908
-0.98014
-0.98008
-0.97824
-0.98108
-0.98078
-0.97878
-0.97944
-0.98028
-0.98042
-0.98066
-0.98038
-0.97912
-0.9792
-0.97992
-0.97892
-0.98006
-0.97966
-0.97932
-0.97938
-0.98074
-0.98004
-0.97972
-0.97884
-0.98028
-0.97984
-0.98116
-0.97808
-0.97862
-0.97938
-0.97996
-0.9783
-0.97796
-0.9798
-0.97968
-0.98016
-0.98094
-0.97944
-0.97914
-0.98106
-0.98014
-0.9805
-0.98104
-0.97964
-0.9809
-0.9805
-0.97856
-0.9801
-0.97852
-0.9805
-0.9805
-0.97974
-0.97954
-0.98166
-0.97908
-0.97978
-0.9795
-0.98094
-0.98072
-0.97964
-0.97828
-0.97884
-0.98062
-0.97982
-0.98046
-0.98196
-0.98022
-0.97992
-0.97906
-0.97988
-0.97874
-0.97938
-0.97952
-0.98004
-0.97968
-0.9804
-0.9789
-0.97924
-0.98118
-0.98044
-0.9801
-0.98026
-0.98048
-0.97996
-0.97834
-0.97952
-0.9794
-0.97836
-0.9799
-0.9805
-0.98088
-0.97914
-0.97904
-0.98058
-0.98018
-0.97902
-0.98022
-0.97972
-0.97966
-0.9788
-0.97884
-0.98068
-0.97964
-0.97972
-0.9791
-0.97958
-0.98006
-0.98144
-0.98126
-0.9811
-0.97994
-0.97822
-0.98108
-0.97914
-0.9795
-0.98116
-0.97974
-0.9797
-0.98056
-0.98024
-0.98002
-0.98056
-0.97942
-0.98008
-0.97926
-0.98028
-0.97946
-0.97962
-0.97944
-0.97984
-0.97902
-0.97974
-0.98084
-0.97858
-0.98062
-0.97976
-0.97998
-0.97972
-0.97886
-0.9783
-0.97918
-0.98042
-0.97896
-0.98022
-0.98016
-0.9804
-0.9816
-0.98044
-0.98008
-0.9804
-0.98078
-0.98
-0.9798
-0.98004
-0.9794
-0.9817
-0.979
-0.9795
-0.9792
-0.97926
-0.97942
-0.97942
-0.98048
-0.97916
-0.9789
-0.98002
-0.9802
-0.98048
-0.9814
-0.97926
-0.98048
-0.97958
-0.98028
-0.9792
-0.98088
-0.98048
-0.97912
-0.98162
-0.97832
-0.98004
-0.97998
-0.98148
-0.97912
-0.9818
-0.97906
-0.98004
-0.97954
-0.98034
-0.97812
-0.98014
-0.97856
-0.98062
-0.97968
-0.97956
-0.98038
-0.97896
-0.97838
-0.98042
-0.98042
-0.9803
-0.9774
-0.9815
-0.97938
-0.98062
-0.98008
-0.98208
-0.98072
-0.98012
-0.98014
-0.97998
-0.98002
-0.98088
-0.98
-0.98086
-0.9778
-0.979
-0.98026
-0.98012
-0.97974
-0.97998
-0.9796
-0.97964
-0.97988
-0.97996
-0.97976
-0.97868
-0.97898
-0.97968
-0.97986
-0.97978
-0.97906
-0.97702
-0.97986
-0.98034
-0.97954
-0.98092
-0.97996
-0.98004
-0.98204
-0.97976
-0.97962
-0.98002
-0.97994
-0.97964
-0.98026
-0.97926
-0.97936
-0.97756
-0.97908
-0.98064
-0.9801
-0.97864
-0.98022
-0.98026
-0.97908
-0.9806
-0.98006
-0.98016
-0.97954
-0.9799
-0.97924
-0.97978
-0.98136
-0.97894
-0.98048
-0.98008
-0.9781
-0.97896
-0.97896
-0.9798
-0.97998
-0.98156
-0.98014
-0.97902
-0.98022
-0.98008
-0.98018
-0.98012
-0.9791
-0.97978
-0.9796
-0.97984
-0.98052
-0.9782
-0.97934
-0.97918
-0.98112
-0.98104
-0.9802
-0.98008
-0.98022
-0.98024
-0.9808
-0.97914
-0.97966
-0.97998
-0.9796
-0.97916
-0.98026
-0.97992
-0.97938
-0.98052
-0.97896
-0.97914
-0.9787
-0.9798
-0.98036
-0.9804
-0.97992
-0.97958
-0.98086
-0.97962
-0.98058
-0.98032
-0.97872
-0.97884
-0.98124
-0.97984
-0.98102
-0.97874
-0.98048
-0.98034
-0.97968
-0.98014
-0.97898
-0.98098
-0.97986
-0.97972
-0.97878
-0.9793
-0.97898
-0.97878
-0.97846
-0.97998
-0.9809
-0.98056
-0.97972
-0.98012
-0.9791
-0.98052
-0.97952
-0.97984
-0.9782
-0.98066
-0.98054
-0.97996
-0.97974
-0.97896
-0.97936
-0.98016
-0.97928
-0.97876
-0.97992
-0.97798
-0.97974
-0.97968
-0.98024
-0.98082
-0.98112
-0.98056
-0.97954
-0.97914
-0.98092
-0.97992
-0.98076
-0.98048
-0.97896
-0.97904
-0.9798
-0.9785
-0.97938
-0.9797
-0.97888
-0.97868
-0.97974
-0.97872
-0.98028
-0.97982
-0.97932
-0.97966
-0.979
-0.98088
-0.98146
-0.9793
-0.98028
-0.97966
-0.97982
-0.9797
-0.98036
-0.97946
-0.97982
-0.98024
-0.97888
-0.9784
-0.9791
-0.97974
-0.97908
-0.97948
-0.97954
-0.9789
-0.98062
-0.981
-0.97854
-0.97988
-0.97996
-0.97926
-0.97962
-0.98024
-0.97894
-0.97938
-0.98008
-0.97984
-0.9807
-0.98088
-0.97932
-0.9795
-0.9803
-0.97876
-0.98108
-0.98
-0.9802
-0.98014
-0.98006
-0.98036
-0.98016
-0.98036
-0.98008
-0.98022
-0.97812
-0.98004
-0.98054
-0.97998
-0.97956
-0.98002
-0.9784
-0.97984
-0.97926
-0.97812
-0.97914
-0.9807
-0.9793
-0.9802
-0.97998
-0.97956
-0.97914
-0.98
-0.97932
-0.97946
-0.97924
-0.98134
-0.979
-0.97918
-0.98076
-0.97946
-0.98006
-0.9792
-0.98034
-0.9804
-0.98022
-0.9796
-0.97898
-0.98016
-0.97978
-0.97796
-0.98044
-0.98002
-0.98002
-0.97988
-0.97878
-0.97774
-0.978
-0.97938
-0.97968
-0.9803
-0.97948
-0.97954
-0.98012
-0.9783
-0.97938
-0.98056
-0.98
-0.98002
-0.97992
-0.98052
-0.98026
-0.97934
-0.9795
-0.9806
-0.98026
-0.97994
-0.97938
-0.97962
-0.9813
-0.97878
-0.98062
-0.98192
-0.98134
-0.97998
-0.97936
-0.98096
-0.97978
-0.97934
-0.97878
-0.9791
-0.98072
-0.97962
-0.98048
-0.97922
-0.9805
-0.98082
-0.97998
-0.97874
-0.97906
-0.97884
-0.97912
-0.97908
-0.9797
-0.97974
-0.9799
-0.97938
-0.9799
-0.98008
-0.97938
-0.97966
-0.97942
-0.97946
-0.97868
-0.98154
-0.97986
-0.98136
-0.97896
-0.9805
-0.98092
-0.98052
-0.97838
-0.9795
-0.9792
-0.97942
-0.98036
-0.97894
-0.97938
-0.97962
-0.98076
-0.98044
-0.98004
-0.9802
-0.98104
-0.981
-0.9802
-0.97994
-0.97994
-0.97984
-0.97962
-0.9792
-0.97984
-0.97846
-0.9792
-0.9811
-0.97958
-0.97976
-0.98028
-0.98058
-0.98048
-0.98066
-0.98124
-0.9797
-0.97996
-0.98008
-0.97998
-0.97958
-0.98124
-0.9795
-0.97844
-0.98002
-0.97876
-0.98066
-0.98012
-0.97904
-0.9806
-0.97736
-0.98088
-0.97978
-0.97972
-0.9808
-0.97934
-0.97928
-0.97878
-0.97882
-0.98004
-0.97982
-0.98132
-0.97804
-0.97836
-0.97986
-0.98036
-0.9799
-0.97952
-0.9797
-0.97862
-0.97994
-0.97876
-0.97982
-0.9791
-0.98076
-0.97998
-0.98056
-0.97938
-0.97984
-0.97966
-0.97862
-0.98126
-0.98074
-0.9793
-0.98086
-0.97942
-0.98022
-0.97832
-0.97894
-0.97974
-0.98084
-0.9794
-0.97918
-0.98006
-0.98052
-0.98008
-0.97986
-0.98018
-0.98138
-0.97964
-0.9792
-0.97938
-0.98022
-0.97992
-0.98004
-0.98146
-0.98024
-0.97896
-0.97998
-0.9797
-0.97976
-0.98022
-0.97986
-0.97996
-0.98006
-0.9808
-0.98038
-0.97982
-0.97974
-0.97858
-0.98128
-0.97908
-0.97912
-0.97874
-0.97954
-0.97986
-0.98034
-0.98036
-0.97918
-0.97954
-0.97994
-0.9799
-0.98028
-0.97838
-0.979
-0.9784
-0.97966
-0.98028
-0.97984
-0.97798
-0.9788
-0.97874
-0.9806
-0.97914
-0.97968
-0.97868
-0.97992
-0.98046
-0.97994
-0.97838
-0.97928
-0.98062
-0.97956
-0.9807
-0.98016
-0.97936
-0.98076
