0.9873
0.98756
0.98832
0.98748
0.98744
0.9869
0.9878
0.98788
0.98752
0.98788
0.98792
0.98788
0.98828
0.988
0.98678
0.98692
0.98744
0.98794
0.98812
0.9873
0.98704
0.98812
0.9875
0.98704
0.98694
0.98738
0.98894
0.98724
0.98668
0.98768
0.98688
0.98814
0.98736
0.9874
0.98806
0.98834
0.98654
0.98806
0.9875
0.9868
0.98642
0.98746
0.98742
0.98788
0.98808
0.9873
0.98742
0.9875
0.9872
0.98776
0.98716
0.98798
0.98798
0.9868
0.98714
0.9875
0.98866
0.98786
0.987
0.98762
0.98778
0.987
0.98806
0.98696
0.98642
0.9876
0.98622
0.98776
0.98644
0.98694
0.98798
0.9885
0.98814
0.98764
0.9869
0.98638
0.988
0.98704
0.98772
0.98774
0.98718
0.98678
0.98844
0.98714
0.98776
0.98732
0.98782
0.9875
0.98726
0.98774
0.98744
0.98728
0.9884
0.98766
0.98694
0.98786
0.98782
0.98756
0.9879
0.98614
0.98754
0.98832
0.9879
0.98728
0.98836
0.98788
0.98788
0.98806
0.98746
0.98614
0.98732
0.98756
0.98732
0.987
0.98702
0.98794
0.9878
0.98722
0.98822
0.9874
0.9874
0.98676
0.9879
0.98814
0.98866
0.98774
0.98718
0.98726
0.98738
0.98806
0.98726
0.98898
0.98858
0.98844
0.98694
0.9884
0.98714
0.98726
0.98764
0.9877
0.98708
0.98766
0.98802
0.9877
0.987
0.98736
0.98808
0.9879
0.9869
0.98732
0.98892
0.98768
0.98762
0.98702
0.9874
0.98802
0.98764
0.9882
0.98708
0.98742
0.98562
0.98772
0.98756
0.98788
0.98674
0.98772
0.98676
0.98696
0.9877
0.98764
0.98898
0.98732
0.9868
0.98668
0.98732
0.9875
0.98778
0.98682
0.98724
0.98754
0.98744
0.98718
0.98764
0.98756
0.98716
0.98688
0.98616
0.98892
0.9879
0.9874
0.98802
0.98862
0.98766
0.98704
0.98744
0.98546
0.98688
0.98724
0.9875
0.98706
0.98804
0.98786
0.9868
0.98808
0.98684
0.98774
0.9877
0.98632
0.98696
0.98728
0.98728
0.98706
0.98646
0.98744
0.98722
0.98756
0.98724
0.9873
0.98754
0.98806
0.98722
0.98782
0.98778
0.98828
0.98788
0.98762
0.98748
0.98784
0.98856
0.98704
0.98726
0.98746
0.98764
0.98828
0.9874
0.98794
0.98706
0.98658
0.98602
0.98832
0.98812
0.9877
0.98742
0.98802
0.98782
0.98674
0.98802
0.9878
0.9868
0.98802
0.98726
0.98714
0.98762
0.98774
0.98812
0.98714
0.98804
0.98642
0.98694
0.98812
0.98674
0.98764
0.9874
0.98732
0.98738
0.98806
0.98674
0.98726
0.98726
0.98678
0.98788
0.98694
0.98802
0.98752
0.9874
0.98794
0.9874
0.98736
0.9869
0.98782
0.98758
0.98804
0.98748
0.9871
0.98772
0.98778
0.98774
0.98818
0.98744
0.9872
0.98678
0.98722
0.98674
0.98796
0.98692
0.98824
0.98768
0.98724
0.98772
0.9872
0.98804
0.98732
0.98748
0.98776
0.98722
0.9868
0.98738
0.98752
0.98778
0.98694
0.98686
0.98788
0.9887
0.98764
0.98748
0.98714
0.98794
0.9869
0.98822
0.98704
0.98726
0.98744
0.9885
0.9874
0.98804
0.98762
0.98796
0.98794
0.98772
0.98728
0.9873
0.98748
0.98808
0.98808
0.98718
0.987
0.98768
0.98748
0.98762
0.98804
0.98726
0.98658
0.98752
0.98798
0.98774
0.98786
0.9864
0.98778
0.98716
0.98798
0.98762
0.98756
0.98786
0.98842
0.98772
0.9886
0.98792
0.98738
0.98796
0.98758
0.98808
0.98774
0.98698
0.98776
0.9882
0.98702
0.98804
0.98774
0.98756
0.98784
0.9878
0.98642
0.9881
0.9885
0.98848
0.9876
0.9884
0.98724
0.9866
0.98764
0.9873
0.98688
0.98812
0.98726
0.98826
0.98738
0.98836
0.98792
0.98746
0.9876
0.9875
0.98634
0.9872
0.98628
0.98794
0.98708
0.98782
0.98864
0.98762
0.98706
0.9875
0.98698
0.98624
0.9874
0.98638
0.98824
0.9872
0.98764
0.98722
0.9877
0.98784
0.98796
0.98718
0.98764
0.9876
0.98694
0.98694
0.98818
0.98802
0.98774
0.98798
0.98812
0.98752
0.98756
0.98802
0.9871
0.988
0.98776
0.98786
0.98642
0.98724
0.9869
0.98788
0.98722
0.98616
0.98778
0.9886
0.9876
0.98736
0.98768
0.98714
0.98874
0.98852
0.9883
0.98692
0.9876
0.98794
0.9873
0.9884
0.98762
0.98712
0.98734
0.98672
0.98768
0.98714
0.98684
0.98766
0.9879
0.98704
0.98816
0.9864
0.98674
0.98812
0.98754
0.98738
0.98742
0.9882
0.9874
0.9881
0.9867
0.98806
0.98786
0.9874
0.98754
0.98818
0.9878
0.98724
0.98744
0.9867
0.98826
0.98862
0.98772
0.98794
0.98764
0.98678
0.98772
0.9882
0.98792
0.98816
0.98692
0.98638
0.98692
0.98796
0.98778
0.98878
0.98794
0.98784
0.98686
0.98806
0.98714
0.98706
0.98702
0.98764
0.98714
0.98742
0.98824
0.98748
0.98724
0.98656
0.98702
0.9867
0.98778
0.98738
0.9876
0.98756
0.9875
0.98714
0.98728
0.9883
0.9876
0.98778
0.98818
0.98586
0.98776
0.98684
0.98766
0.98782
0.98806
0.98768
0.9881
0.98754
0.98814
0.98804
0.98804
0.98754
0.98718
0.98752
0.98722
0.98668
0.98762
0.98688
0.98856
0.9883
0.98744
0.9881
0.98746
0.98812
0.98772
0.98756
0.98704
0.98766
0.98744
0.98824
0.98824
0.98772
0.98776
0.98766
0.98676
0.9866
0.98716
0.98748
0.98788
0.9876
0.9873
0.98832
0.98786
0.9887
0.98808
0.9871
0.98744
0.98818
0.98684
0.9882
0.98778
0.988
0.98782
0.98824
0.98778
0.98738
0.98752
0.98728
0.98668
0.98708
0.98702
0.98738
0.98816
0.98786
0.98742
0.98732
0.98714
0.98674
0.98814
0.98748
0.9887
0.9868
0.98818
0.98716
0.98832
0.98758
0.9884
0.98852
0.9875
0.98756
0.98752
0.98734
0.98732
0.98802
0.9874
0.98856
0.9868
0.98842
0.98714
0.98696
0.9876
0.9879
0.9875
0.98732
0.98758
0.98844
0.98748
0.98618
0.98722
0.98734
0.98762
0.9882
0.98754
0.98714
0.98706
0.98706
0.98798
0.98768
0.98738
0.98806
0.98846
0.98836
0.98732
0.98662
0.98802
0.98688
0.98812
0.98838
0.98748
0.98682
0.98758
0.9884
0.9872
0.98782
0.98796
0.98746
0.98876
0.98742
0.98774
0.98728
0.98728
0.98682
0.98728
0.98778
0.98672
0.98728
0.98732
0.98742
0.98788
0.9875
0.9877
0.98682
0.98738
0.98726
0.9873
0.98748
0.98832
0.9875
0.98706
0.98814
0.98686
0.98738
0.9872
0.98718
0.98808
0.98776
0.98748
0.9876
0.98758
0.98644
0.9883
0.98818
0.98774
0.98884
0.987
0.98694
0.98672
0.98624
0.98872
0.98672
0.98686
0.98764
0.9872
0.98768
0.9868
0.9876
0.98806
0.98672
0.98792
0.9871
0.98716
0.9866
0.98714
0.98806
0.98724
0.98814
0.9882
0.9867
0.98778
0.98714
0.9862
0.9863
0.98744
0.988
0.98706
0.98672
0.98766
0.98754
0.98706
0.98868
0.98842
0.98782
0.9876
0.98804
0.98674
0.98784
0.98854
0.98664
0.98786
0.98914
0.98772
0.98786
0.98836
0.98624
0.98768
0.98762
0.98696
0.98636
0.9876
0.98762
0.98792
0.98782
0.98718
0.98786
0.98848
0.98834
0.98796
0.98704
0.98734
0.98874
0.988
0.98814
0.98728
0.9872
0.9881
0.98718
0.98718
0.98706
0.98726
0.98782
0.98692
0.98738
0.98698
0.98704
0.98766
0.98796
0.98706
0.98738
0.98796
0.9867
0.98788
0.9875
0.98688
0.98666
0.98608
0.98686
0.9869
0.98744
0.98854
0.98706
0.98764
0.98688
0.98788
0.9877
0.98826
0.98792
0.9881
0.98688
0.98682
0.98712
0.9864
0.98684
0.9878
0.98714
0.98706
0.98762
0.98784
0.98718
0.98706
0.98708
0.98664
0.98894
0.98746
0.98726
0.98806
0.98864
0.98642
0.9872
0.98778
0.98728
0.98774
0.9878
0.98774
0.98744
0.9875
0.98746
0.98766
0.98806
0.98682
0.98742
0.98782
0.98716
0.98738
0.98732
0.98828
0.98762
0.98686
0.98684
0.98704
0.98854
0.98748
0.98754
0.98762
0.98752
0.987
0.98706
0.98814
0.98742
0.98736
0.98652
0.98646
0.98752
0.98732
0.9878
0.98704
0.98646
0.9882
0.98776
0.98856
0.98704
0.98792
0.9873
0.9867
0.9871
0.98846
0.98852
0.98778
0.98712
0.98786
0.98702
0.98718
0.98798
0.98794
0.98804
0.98808
0.98772
0.98742
0.9873
0.98764
0.98802
0.98636
0.98696
0.98792
0.98738
0.98742
0.98736
0.98696
0.98664
0.989
0.98724
0.98618
0.98754
0.98814
0.98774
0.9875
0.98658
0.98788
0.98828
0.98896
0.98716
0.98802
0.98672
0.9869
0.98736
0.98758
0.98718
0.988
0.98674
0.9866
0.98846
0.98696
0.98722
0.9881
0.98828
0.98694
0.98798
0.9878
0.98862
0.9882
0.9876
0.98836
0.98744
0.9868
0.98856
0.98812
0.98786
0.98734
0.98814
0.98782
0.98728
0.9869
0.98794
0.98772
0.98828
0.98748
0.98734
0.98792
0.9873
0.98752
0.98752
0.9877
0.98718
0.9876
0.98714
0.98718
0.98736
0.98686
0.98872
0.98784
0.98758
0.98746
0.98666
0.98658
0.98622
0.98708
0.98736
0.9871
0.98896
0.98648
0.98658
0.98814
0.98816
0.98698
0.98678
0.9872
0.98668
0.9884
0.98788
0.98838
0.9881
0.98744
0.98746
0.98746
0.9879
0.98812
0.9881
0.98752
0.98778
0.98822
0.98806
0.9865
0.98856
0.98782
0.98678
0.98746
0.9874
0.98702
0.98688
0.98832
0.98802
0.98664
0.9878
0.98776
0.988
0.9882
0.98672
0.9873
0.98706
0.98672
0.98678
0.98766
0.98788
0.98734
0.98674
0.98766
0.9872
0.9867
0.98796
0.9877
0.98732
0.98682
0.98708
0.98738
0.98748
0.98736
0.98748
0.98804
0.9858
0.98748
0.98722
0.9877
0.9871
0.98794
0.98606
0.9879
0.98776
0.98812
0.98736
0.98774
0.98804
0.98726
0.98862
0.9882
0.9877
0.9877
0.98726
0.98874
0.98888
0.98824
0.98782
0.98786
0.9869
0.9878
0.98722
0.98708
0.98814
0.98772
0.98858
0.9869
0.9869
0.98642
0.98766
0.9876
0.98724
0.98774
0.98902
0.98784
0.98706
0.9876
0.98778
0.9881
0.98816
0.98742
0.98778
0.9866
0.98708
0.98788
0.98742
0.98878
0.9878
0.9863
0.9871
0.9883
0.9879
0.98756
0.98782
0.9868
0.98744
0.98692
0.98754
0.98818
0.98858
0.98702
0.98776
0.98748
0.98824
0.9868
0.9871
0.98828
0.98732
0.9871
0.98732
0.98702
0.9871
0.9884
0.98738
0.98746
0.98848
0.98746
0.98672
0.98672
0.98734
0.98822
0.98742
0.98802
0.98652
0.9876
0.9869
0.98638
0.98778
0.98782
0.98718
0.9871
0.9872
0.98726
0.98856
0.98736
0.98666
0.9878
0.98628
0.98714
0.98722
0.98772
0.98746
0.98772
0.98822
0.9867
0.98788
0.98816
0.9878
0.98796
0.98842
0.98794
0.98784
0.98826
0.98746
0.98766
0.98794
0.9877
0.98804
0.98704
0.98604
0.98774
0.98674
0.98802
0.9874
0.98702
0.98748
0.98736
0.98754
0.98838
0.98722
0.98834
0.98828
0.9876
0.98654
0.98676
0.98726
0.98806
0.9879
0.98698
0.9877
0.98782
0.98742
0.98718
0.98752
0.9875
0.98772
0.98766
0.98682
0.98778
0.98738
0.98808
0.9877
0.98786
0.98746
0.988
0.98764
0.98694
0.98838
0.98752
0.98688
0.98778
0.9872
0.98826
0.98676
0.98844
0.98798
0.98752
0.98788
0.98834
0.98782
0.98714
0.9872
0.9869
0.98758
0.98734
0.98766
0.98796
0.98816
0.98698
0.9868
0.98746
0.98698
0.98784
0.98796
0.98738
0.9881
0.9875
0.98732
0.9883
0.98746
0.98744
0.98706
0.98704
0.98752
0.98782
0.98758
0.98604
0.98824
0.98828
0.9869
0.98742
0.98878
0.9874
0.9866
0.98738
0.98744
0.98702
0.98676
0.988
0.98866
0.9879
0.9887
0.98728
0.98662
0.98738
0.9878
0.98678
0.98648
0.9878
0.98644
0.98754
0.98702
0.9883
0.98878
0.9873
0.98716
0.98746
0.98706
0.98722
0.98782
0.98704
0.98768
0.98804
0.98862
0.98822
0.98746
0.98806
0.9873
0.98714
0.98728
0.98698
0.98744
0.98718
0.9871
0.98784
0.98854
0.98766
0.98672
0.98736
0.9877
0.98704
0.98786
0.98816
0.9875
0.98776
0.98706
0.98774
0.98668
0.98754
0.98842
0.9883
0.98766
0.9876
0.98766
0.98774
0.9871
0.9879
0.98656
0.98718
0.98812
0.9881
0.98716
0.9878
0.98674
0.9876
0.98804
0.98696
0.98742
0.98858
0.98718
0.98698
0.98782
0.98754
0.98652
0.98688
0.98688
0.98862
0.98724
0.98788
0.9872
0.98822
0.98672
0.98868
0.98746
0.98696
0.98694
0.9877
0.9873
0.98762
0.98756
0.98626
0.98814
0.98776
0.98744
0.98744
0.98798
0.98738
0.9874
0.98816
0.98664
0.98824
0.98798
0.98684
0.987
0.98706
0.98734
0.98778
0.98654
0.987
0.98754
0.98738
0.98742
0.98764
0.98748
0.98688
0.9863
0.98846
0.98782
0.98776
0.9879
0.98708
0.9883
0.98762
0.98624
0.9866
0.98786
0.98816
0.9875
0.98764
0.98782
0.9877
0.9867
0.98758
0.98744
0.98822
0.98766
0.98708
0.98788
0.98724
0.988
0.98752
0.98748
0.98718
0.98714
0.98726
0.98852
0.98804
0.98666
0.98662
0.98758
0.98726
0.98766
0.98726
0.9871
0.9867
0.9873
0.98754
0.98578
0.98786
0.98754
0.98734
0.98584
0.9869
0.98784
0.98798
0.9876
0.98786
0.98854
0.9873
0.987
0.98798
0.98726
0.98722
0.9883
0.98768
0.9872
0.98758
0.98794
0.98786
0.98756
0.98824
0.9874
0.98758
0.98752
0.98802
0.98656
0.98716
0.98778
0.98696
0.98788
0.98684
0.98764
0.9865
0.98734
0.98848
0.98814
0.98726
0.9885
0.988
0.98732
0.98678
0.9872
0.98796
0.98694
0.98736
0.98742
0.9875
0.9879
0.98688
0.9874
0.9879
0.98772
0.98772
0.98696
0.98726
0.98744
0.9873
0.98726
0.98698
0.9887
0.98704
0.98656
0.98688
0.9884
0.98708
0.98728
0.9884
0.98764
0.98744
0.98716
0.98792
0.98746
0.98764
0.98726
0.98804
0.98708
0.9884
0.98686
0.98804
0.98678
0.98844
0.98738
0.98744
0.98698
0.98736
0.98754
0.98788
0.98766
0.98648
0.98706
0.98772
0.98702
0.98686
0.98766
0.9879
0.98742
0.98674
0.98676
0.98864
0.98724
0.98832
0.98738
0.98736
0.9878
0.98782
0.98764
0.98662
0.98796
0.98804
0.98688
0.98802
0.98728
0.9877
0.9868
0.98854
0.98794
0.9877
0.98782
0.98842
0.9875
0.98734
0.98768
0.98796
0.98762
0.98726
0.98856
0.98794
0.98718
0.98716
0.98798
0.98802
0.98736
0.98714
0.98744
0.98752
0.98762
0.98722
0.98808
0.9871
0.98752
0.98712
0.98732
0.98792
0.98784
0.98756
0.98788
0.98782
0.98684
0.9877
0.98718
0.98858
0.98758
0.9871
0.98746
0.98826
0.98694
0.9877
0.98716
0.9879
0.98694
0.98854
0.98852
0.98856
0.9876
0.9885
0.9869
0.98764
0.98812
0.98702
0.98678
0.9866
0.98762
0.9869
0.98726
0.98804
0.98748
0.98796
0.98828
0.98706
0.98624
0.9875
0.98732
0.9876
0.9876
0.9886
0.98726
0.988
0.98688
0.98654
0.9867
0.98738
0.98696
0.9878
0.9874
0.98726
0.98756
0.98802
0.98916
0.98678
0.98738
0.98674
0.98776
0.98804
0.98666
0.98808
0.9878
0.98752
0.9883
0.98756
0.98786
0.98806
0.98774
0.9873
0.98732
0.98728
0.9873
0.9881
0.98882
0.98734
0.98758
0.98626
0.9879
0.98702
0.98714
0.98654
0.98764
0.98792
0.98746
0.98682
0.98762
0.98764
0.98756
0.98714
0.98704
0.9875
0.98742
0.98796
0.987
0.98822
0.98818
0.98688
0.98694
0.98756
0.9885
0.9875
0.98794
0.9878
0.98808
0.98742
0.98734
0.98816
0.9876
0.98776
0.9871
0.98828
0.98748
0.98766
0.98834
0.98834
0.98808
0.98706
0.9892
0.9879
0.98896
0.98722
0.98706
0.98836
0.98716
0.98682
0.98846
0.98712
0.98694
0.98746
0.9877
0.98686
0.98754
0.98724
0.98862
0.98798
0.98776
0.98684
0.98738
0.98776
0.98756
0.98638
0.9877
0.98756
0.9876
0.98728
0.9873
0.98712
0.98736
0.98712
0.98788
0.9876
0.98766
0.98704
0.98774
0.98698
0.9877
0.9885
0.9886
0.98764
0.98844
0.98694
0.98786
0.9873
0.98752
0.98742
0.98746
0.98624
0.98776
0.9875
0.98858
0.98664
0.98772
0.98826
0.98718
0.9863
0.98726
0.98848
0.98788
0.98726
0.98662
0.98796
0.98856
0.98804
0.98712
0.98708
0.98832
0.98716
0.98696
0.98784
0.98752
0.98808
0.98728
0.9875
0.98688
0.9877
0.98764
0.98762
0.98738
0.98796
0.9867
0.98624
0.98776
0.98778
0.9869
0.98794
0.98712
0.98708
0.98822
0.98796
0.98732
0.98766
0.98788
0.98742
0.98706
0.9876
0.9875
0.9888
0.98754
0.98768
0.9873
0.98754
0.98768
0.98784
0.98776
0.98724
0.98744
0.98736
0.98684
0.98734
0.98848
0.98736
0.98776
0.98724
0.98744
0.98818
0.98666
0.98738
0.98676
0.9881
0.98752
0.98768
0.98746
0.98784
0.98806
0.98784
0.98834
0.98772
0.98726
0.9881
0.98706
0.98748
0.9871
0.9879
0.98824
0.98708
0.98716
0.98762
0.9881
0.98816
0.98716
0.98766
0.98716
0.98806
0.98736
0.98782
0.98674
0.98746
0.98792
0.98774
0.9884
0.98742
0.9878
0.98764
0.9875
0.98842
0.98696
0.98764
0.98722
0.98792
0.9869
0.98712
0.9875
0.98718
0.98946
0.987
0.98706
0.98764
0.98806
0.98678
0.98826
0.98744
0.98732
0.98774
0.98728
0.9872
0.98694
0.98718
0.9883
0.98762
0.98814
0.9882
0.98698
0.9871
0.98892
0.98858
0.98708
0.98668
0.98724
0.98696
0.9869
0.98772
0.98712
0.98666
0.9889
0.98808
0.98788
0.98648
0.98758
0.98832
0.9879
0.98758
0.98808
0.98766
0.98744
0.98748
0.98758
0.98828
0.98794
0.98776
0.98864
0.98748
0.98762
0.98888
0.98872
0.9865
0.988
0.98816
0.98818
0.9875
0.9878
0.98708
0.98832
0.98754
0.98754
0.98724
0.98778
0.98762
0.98778
0.98726
0.9887
0.98764
0.98738
0.98842
0.9875
0.98734
0.98754
0.98818
0.9867
0.98704
0.98772
0.98802
0.9881
0.98688
0.98794
0.98892
0.98792
0.98764
0.98628
0.98668
0.98694
0.98728
0.9877
0.98754
0.9883
0.9876
0.98754
0.9866
0.98724
0.98784
0.98866
0.98686
0.98716
0.98786
0.98828
0.98724
0.98726
0.98834
0.98836
0.9872
0.98776
0.98674
0.98728
0.98752
0.98736
0.98726
0.98754
0.98708
0.98786
0.98734
0.98758
0.98798
0.98706
0.98738
0.98844
0.98684
0.98708
0.98844
0.98742
0.9867
0.98678
0.98796
0.9883
0.98706
0.98714
0.98758
0.98824
0.98712
0.98682
0.98718
0.9868
0.98724
0.98804
0.98786
0.98748
0.98766
0.98744
0.9883
0.98734
0.98744
0.98808
0.98656
0.98718
0.98762
0.98746
0.98778
0.98762
0.98782
0.98714
0.98792
0.98696
0.9883
0.98844
0.98832
0.9878
0.98714
0.98694
0.98684
0.98802
0.9876
0.98808
0.98634
0.98792
0.98806
0.98806
0.98718
0.98838
0.98712
0.98714
0.98706
0.98698
0.98728
0.98738
0.9884
0.98866
0.98784
0.98738
0.9878
0.98774
0.98796
0.98752
0.98734
0.98794
0.98746
0.98702
0.9875
0.98766
0.98716
0.9883
0.98766
0.98702
0.98764
0.9875
0.98812
0.98868
0.98808
0.9885
0.98676
0.98914
0.98686
0.98804
0.98788
0.98724
0.98726
0.98724
0.9882
0.9875
0.98742
0.98706
0.98684
0.98784
0.98692
0.98806
0.9866
0.98684
0.98696
0.988
0.9874
0.9874
0.98838
0.9877
0.98846
0.9873
0.98688
0.98758
0.98706
0.98808
0.9877
0.98752
0.98642
0.98802
0.98686
0.9867
0.98748
0.98748
0.98748
0.98848
0.9886
0.98624
0.9868
0.98746
0.98714
0.98796
0.98658
0.98752
0.98786
0.9877
0.98754
0.98782
0.98736
0.98838
0.98694
0.98724
0.98864
0.98764
0.98772
0.98666
0.9866
0.98786
0.98818
0.98758
0.98782
0.98798
0.9878
0.9869
0.98676
0.98736
0.98782
0.9872
0.98772
0.98758
0.98748
0.98882
0.98842
0.9875
0.9868
0.9878
0.98804
0.98718
0.98766
0.98772
0.9872
0.9877
0.98646
0.98772
0.9873
0.98754
0.9873
0.98812
0.98832
0.9872
0.9875
0.98746
0.98732
0.98546
0.98836
0.98754
0.9884
0.98724
0.98788
0.98748
0.98732
0.98722
0.98684
0.98706
0.98774
0.98794
0.9878
0.98818
0.9884
0.98828
0.9875
0.98666
0.98796
0.98792
0.98694
0.98808
0.98758
0.98712
0.98828
0.98766
0.98822
0.98848
0.98652
0.98802
0.9873
0.98642
0.9878
0.98762
0.98788
0.988
0.98686
0.9862
0.98812
0.9873
0.98794
0.98734
0.98726
0.98794
0.98768
0.98778
0.98764
0.98792
0.98768
0.98652
0.9882
0.98734
0.98686
0.98762
0.98844
0.98744
0.98692
0.9872
0.98754
0.98682
0.9877
0.98842
0.9881
0.98788
0.98846
0.98706
0.98752
0.98842
0.9879
0.9884
0.98756
0.98726
0.98724
0.98712
0.98778
0.98682
0.98842
0.98752
0.98814
0.9879
0.98796
0.9888
0.98826
0.98712
0.98872
0.98652
0.98764
0.98778
0.98774
0.98828
0.98726
0.98684
0.9877
0.98818
0.988
0.9876
0.98846
0.9869
0.98616
0.9872
0.98696
0.98834
0.98706
0.98692
0.98798
0.98758
0.98808
0.98838
0.98802
0.98768
0.98674
0.98698
0.98784
0.9885
0.98846
0.98858
0.98748
0.98868
0.98806
0.98812
0.98774
0.98856
0.9872
0.989
0.98846
0.98848
0.98818
0.98746
0.98764
0.98736
0.98706
0.9882
0.98772
0.98758
0.98714
0.98762
0.98746
0.98878
0.98762
0.98834
0.98716
0.98846
0.98784
0.98854
0.98822
0.98718
0.98706
0.98768
0.98748
0.98758
0.9885
0.98768
0.9873
0.9877
0.9876
0.9875
0.98836
0.98832
0.9873
0.9886
0.98712
0.98674
0.98754
0.9886
0.98694
0.98838
0.9885
0.9871
0.988
0.98804
0.98776
0.98692
0.98782
0.98744
0.98816
0.987
0.98768
0.98786
0.98738
0.98754
0.98608
0.98816
0.98704
0.98742
0.98804
0.98744
0.98832
0.98818
0.98704
0.9879
0.9885
0.98822
0.98726
0.988
0.98864
0.98708
0.98716
0.98672
0.98724
0.9879
0.9876
0.9879
0.98712
0.98688
0.98778
0.9866
0.98828
0.98812
0.98798
0.9877
0.98696
0.98758
0.9877
0.98854
0.98812
0.988
0.98846
0.9874
0.98544
0.98758
0.98712
0.98592
0.9869
0.98732
0.98752
0.98754
0.98846
0.98718
0.98772
0.98744
0.9876
0.9876
0.98698
0.98772
0.98752
0.98784
0.98716
0.9874
0.98726
0.98782
0.98776
0.98664
0.98814
0.98768
0.9866
0.98794
0.98756
0.98802
0.98742
0.98748
0.98622
0.98658
0.98854
0.98666
0.98782
0.98782
0.98698
0.98708
0.98804
0.98794
0.98712
0.98722
0.98812
0.98718
0.98688
0.98846
0.98718
0.98788
0.98696
0.98772
0.98588
0.98802
0.98752
0.988
0.98762
0.9872
0.98812
0.98792
0.98768
0.98748
0.98776
0.98694
0.98684
0.9883
0.98684
0.98722
0.98784
0.98688
0.98768
0.98656
0.98716
0.98804
0.987
0.98754
0.98714
0.98706
0.98832
0.98782
0.98722
0.98782
0.98636
0.9881
0.98762
0.98744
0.98784
0.98738
0.98736
0.98684
0.98678
0.98718
0.98708
0.98808
0.98646
0.98652
0.98732
0.98796
0.98716
0.98724
0.98662
0.98852
0.98876
0.9872
0.98782
0.98752
0.98686
0.98828
0.98738
0.987
0.98824
0.9869
0.9874
0.98762
0.98716
0.98766
0.9874
0.98762
0.98712
0.98692
0.9885
0.98792
0.98796
0.98736
0.98744
0.98778
0.9867
0.98778
0.98664
0.9876
0.98822
0.98794
0.98746
0.98802
0.98828
0.98794
0.98828
0.98824
0.98652
0.9871
0.98666
0.98726
0.98682
0.98856
0.98784
0.98814
0.98744
0.98748
0.98792
0.98706
0.98826
0.98778
0.98732
0.98652
0.98762
0.98682
0.988
0.98592
0.9884
0.98706
0.9875
0.98776
0.98676
0.98638
0.98778
0.98786
0.98722
0.98794
0.9868
0.98716
0.98742
0.98732
0.98766
0.98772
0.98826
0.987
0.98758
0.98682
0.98852
0.9879
0.98766
0.98744
0.98622
0.9875
0.98782
0.9887
0.98768
0.98736
0.98618
0.98708
0.98772
0.98782
0.9874
0.98816
0.98752
0.98862
0.98706
0.98874
0.98684
0.98772
0.9879
0.98718
0.98854
0.98714
0.98762
0.98756
0.98676
0.98736
0.9875
0.9873
0.98706
0.9879
0.98724
0.98756
0.98764
0.98638
0.9879
0.98742
0.98782
0.9862
0.98774
0.98708
0.9872
0.98872
0.98754
0.98736
0.98702
0.98674
0.98682
0.98688
0.98758
0.98696
0.98754
0.98778
0.98722
0.9876
0.98716
0.98832
0.98702
0.98788
0.98752
0.98796
0.98842
0.98714
0.9883
0.98854
0.98824
0.98656
0.9868
0.98788
0.98748
0.98692
0.9876
0.98662
0.9872
0.98784
0.9871
0.98698
0.98718
0.98842
0.98838
0.98712
0.98668
0.98838
0.98826
0.98726
0.98854
0.98738
0.9882
0.9885
0.98716
0.98724
0.9874
0.987
0.98864
0.98776
0.98802
0.98758
0.98764
0.98692
0.98728
0.98758
0.98778
0.9871
0.98694
0.98822
0.98692
0.9872
0.98692
0.98764
0.98728
0.98772
0.9875
0.98732
0.98708
0.98692
0.98752
0.98742
0.98716
0.9878
0.98744
0.9872
0.98714
0.98792
0.98766
0.98802
0.98676
0.9882
0.98752
0.98872
0.98746
0.98664
0.9885
0.9877
0.98726
0.98712
0.98832
0.98774
0.9873
0.98822
0.98762
0.98724
0.98622
0.98762
0.98818
0.9877
0.98704
0.98826
0.988
0.9881
0.9874
0.98736
0.9867
0.98806
0.98744
0.98728
0.98868
0.98772
0.98728
0.98754
0.98744
0.98858
0.98748
0.98714
0.98788
0.98766
0.9866
0.98748
0.98824
0.988
0.98798
0.98748
0.98672
0.98634
0.98742
0.98748
0.9881
0.9872
0.9878
0.98766
0.98718
0.98744
0.98718
0.98784
0.9878
0.9884
0.9868
0.9881
0.98808
0.98762
0.98764
0.98832
0.98742
0.98772
0.98784
0.9883
0.9871
0.98708
0.98692
0.9884
0.98742
0.98718
0.98878
0.98732
0.98732
0.98762
0.98776
0.98812
0.98722
0.98748
0.98802
0.98742
0.98766
0.9876
0.98682
0.98842
0.98844
0.98826
0.9874
0.9877
0.98786
0.98744
0.98774
0.98832
0.98824
0.9879
0.98812
0.98812
0.98726
0.98768
0.9871
0.98752
0.98762
0.98694
0.98784
0.98784
0.98806
0.98764
0.98714
0.98734
0.98708
0.98654
0.9876
0.98666
0.9879
0.98826
0.98702
0.98656
0.98794
0.98746
0.98742
0.98724
0.98686
0.98658
0.98798
0.98692
0.98788
0.98712
0.98752
0.98798
0.98696
0.98668
0.98868
0.98672
0.98674
0.98734
0.98814
0.98652
0.98792
0.98766
0.98754
0.98794
0.98632
0.9868
0.98776
0.98796
0.98746
0.98776
0.98758
0.98666
0.98746
0.98696
0.98626
0.98698
0.98778
0.98756
0.9877
0.98664
0.9867
0.98736
0.98786
0.98736
0.98718
0.98718
0.98676
0.98624
0.98764
0.9881
0.98756
0.98624
0.98752
0.98752
0.98662
0.9878
0.98746
0.9866
0.9879
0.98762
0.98648
0.988
0.98836
0.98662
0.98774
0.98652
0.9879
0.98788
0.98754
0.98724
0.98774
0.98764
0.98688
0.9884
0.98712
0.98746
0.98756
0.98672
0.98726
0.98704
0.98722
0.9877
0.9871
0.98758
0.98736
0.98732
0.98846
0.98738
0.98826
0.98786
0.98716
0.98776
0.9876
0.98756
0.98788
0.98758
0.98708
0.98762
0.98664
0.98652
0.98762
0.98834
0.987
0.98684
0.9873
0.98728
0.98802
0.98764
0.98706
0.9875
0.9869
0.98758
0.98788
0.98758
0.98712
0.98778
0.98804
0.9878
0.98686
0.98722
0.98712
0.9873
0.98732
0.98832
0.9871
0.9877
0.98716
0.98662
0.98796
0.98736
0.98606
0.9877
0.98732
0.98792
0.98738
0.9871
0.9864
0.98762
0.98736
0.98744
0.98792
0.987
0.98778
0.98806
0.98742
0.98738
0.98756
0.98824
0.98768
0.98704
0.98712
0.98708
0.98792
0.9873
0.98696
0.9874
0.98838
0.98702
0.98802
0.98816
0.98686
0.98704
0.9872
0.98604
0.98724
0.98838
0.98668
0.98818
0.98816
0.98698
0.98846
0.98816
0.98682
0.98632
0.98686
0.9866
0.98766
0.9871
0.98804
0.98738
0.9881
0.98796
0.98846
0.9879
0.98778
0.98788
0.988
0.9876
0.98762
0.98848
0.98696
0.98872
0.9874
0.9886
0.98692
0.9867
0.987
0.98702
0.98704
0.98854
0.98732
0.98782
0.98806
0.98792
0.98756
0.9871
0.9868
0.98778
0.9869
0.98828
0.9884
0.98752
0.98724
0.98812
0.98806
0.98746
0.98752
0.98806
0.9879
0.9878
0.9878
0.98782
0.98818
0.98742
0.98858
0.98712
0.9882
0.98744
0.98768
0.98762
0.98782
0.9874
0.98774
0.98728
0.98844
0.98716
0.98706
0.98762
0.9872
0.98706
0.98732
0.98742
0.9875
0.98662
0.98768
0.98656
0.98714
0.98702
0.98756
0.98694
0.98872
0.98692
0.98756
0.98864
0.9863
0.98708
0.98744
0.98796
0.98824
0.98816
0.98798
0.98654
0.9878
0.98744
0.98766
0.9873
0.98794
0.98754
0.98658
0.98716
0.98734
0.9874
0.9882
0.98756
0.98746
0.988
0.98712
0.98706
0.98746
0.98768
0.98742
0.98768
0.98784
0.98722
0.9885
0.98822
0.98742
0.98674
0.9878
0.98822
0.98796
0.98842
0.9876
0.98752
0.98742
0.9863
0.98864
0.98868
0.98824
0.98644
0.98702
0.98728
0.98678
0.98722
0.98588
0.98734
0.98676
0.98704
0.98732
0.98658
0.98748
0.98742
0.98726
0.98714
0.98784
0.98646
0.98676
0.98776
0.98782
0.98662
0.98778
0.98796
0.98814
0.98752
0.98652
0.9867
0.98756
0.98768
0.98816
0.98844
0.98806
0.98694
0.9871
0.9874
0.98778
0.98736
0.9879
0.98702
0.98726
0.9871
0.98766
0.98766
0.98798
0.98744
0.98748
0.98818
0.98846
0.98684
0.98724
0.98722
0.98746
0.98822
0.9868
0.98818
0.9874
0.98786
0.98702
0.98762
0.9875
0.98742
0.98742
0.98652
0.98842
0.9885
0.98766
0.98746
0.9872
0.98756
0.98692
0.98822
0.98796
0.9876
0.9883
0.98802
0.9876
0.98864
0.98844
0.98842
0.9881
0.98786
0.98688
0.98784
0.98716
0.98782
0.98692
0.98688
0.98674
0.9884
0.98728
0.9884
0.98746
0.98806
0.98762
0.98696
0.98744
0.9879
0.98704
0.98716
0.98778
0.9878
0.98786
0.98722
0.98744
0.98704
0.98738
0.98704
0.9871
0.9874
0.98748
0.98784
0.98738
0.98708
0.98734
0.98792
0.98788
0.98736
0.98746
0.98692
0.98678
0.98686
0.9867
0.98784
0.98814
0.98774
0.98776
0.98716
0.98754
0.98778
0.9873
0.9869
0.98814
0.98724
0.98652
0.9877
0.9886
0.9875
0.98798
0.98764
0.9874
0.98706
0.98804
0.98822
0.98752
0.98702
0.98734
0.98656
0.98774
0.98816
0.98692
0.98824
0.98738
0.98628
0.98746
0.98766
0.98804
0.98752
0.98788
0.98856
0.98764
0.98708
0.98792
0.98754
0.98808
0.98734
0.98662
0.98706
0.9879
0.98698
0.98748
0.9874
0.98864
0.98696
0.98714
0.98776
0.9872
0.98712
0.98752
0.98756
0.98726
0.98694
0.98712
0.987
0.98768
0.98688
0.98622
0.9879
0.98812
0.98824
0.988
0.98684
0.98858
0.98722
0.98826
0.98796
0.98806
0.98654
0.98804
0.98778
0.98762
0.9876
0.98798
0.98714
0.98668
0.98722
0.98774
0.98742
0.98698
0.98802
0.98762
0.9861
0.98796
0.98858
0.98724
0.98644
0.98818
0.98854
0.9871
0.98738
0.98774
0.9882
0.98738
0.98702
0.98764
0.98764
0.9863
0.98764
0.98808
0.98712
0.98616
0.98688
0.98836
0.98768
0.98812
0.98672
0.98788
0.98786
0.98682
0.98788
0.98722
0.9875
0.98782
0.9876
0.98704
0.98888
0.98806
0.98782
0.98762
0.98714
0.98754
0.98854
0.98752
0.98708
0.98724
0.98652
0.98666
0.987
0.9882
0.9872
0.98742
0.98658
0.98732
0.98744
0.98726
0.9879
0.98734
0.98668
0.9877
0.98646
0.98778
0.98696
0.98758
0.98666
0.9876
0.9879
0.988
0.98788
0.98706
0.98692
0.98748
0.988
0.98728
0.98722
0.98794
0.98806
0.98698
0.98762
0.98782
0.98784
0.98688
0.98746
0.98692
0.98638
0.98704
0.98816
0.98778
0.98732
0.98718
0.98838
0.9878
0.98712
0.98776
0.98776
0.98836
0.98748
0.98676
0.98804
0.98702
0.9874
0.988
0.98834
0.98722
0.98754
0.98712
0.98766
0.98756
0.98788
0.98726
0.98782
0.98726
0.9875
0.9881
0.9872
0.98716
0.9865
0.9876
0.98746
0.986
0.98772
0.98684
0.98734
0.98806
0.9869
0.98662
0.98748
0.98662
0.98756
0.98686
0.98766
0.9872
0.98734
0.9865
0.98812
0.98738
0.98856
0.98752
0.98854
0.98702
0.98818
0.9871
0.98778
0.98744
0.9882
0.9882
0.98782
0.98798
0.98804
0.9881
0.98644
0.98726
0.98722
0.98788
0.98672
0.98686
0.98796
0.98802
0.98728
0.98646
0.98804
0.98726
0.98832
0.98728
0.98718
0.98802
0.9879
0.98708
0.9877
0.98768
0.98758
0.9867
0.98718
0.98816
0.98694
0.98572
0.98636
0.98656
0.98832
0.98802
0.98894
0.98786
0.98736
0.98718
0.98782
0.98822
0.98678
0.98852
0.9874
0.98844
0.98718
0.98874
0.98772
0.98702
0.98738
0.9875
0.98828
0.98866
0.98814
0.98664
0.9881
0.98758
0.98676
0.98814
0.98642
0.9885
0.98776
0.98722
0.9869
0.98774
0.98754
0.98668
0.98758
0.9877
0.98714
0.98788
0.98776
0.98714
0.9874
0.98624
0.98818
0.98872
0.9882
0.98788
0.98704
0.98732
0.98708
0.98834
0.98768
0.98806
0.98768
0.98824
0.98872
0.98746
0.98774
0.98766
0.98736
0.98774
0.98786
0.98772
0.98782
0.9881
0.98782
0.98692
0.98732
0.98848
0.98764
0.98706
0.98778
0.98856
0.98702
0.98808
0.98826
0.98744
0.98768
0.9872
0.98718
0.98756
0.98744
0.98776
0.98794
0.9868
0.98724
0.98796
0.9869
0.98774
0.98874
0.9876
0.98814
0.98738
0.98766
0.98652
0.988
0.98824
0.9873
0.98774
0.9872
0.98724
0.98748
0.98724
0.98658
0.98812
0.98784
0.98802
0.9876
0.98728
0.98842
0.9874
0.98822
0.98902
0.98844
0.98706
0.98676
0.98742
0.98746
0.98702
0.98838
0.98656
0.98778
0.9877
0.98632
0.98802
0.98756
0.98692
0.98866
0.98788
0.98744
0.98836
0.98836
0.98746
0.98742
0.98794
0.98836
0.98714
0.98718
0.9877
0.98702
0.98714
0.98718
0.98728
0.98668
0.98772
0.98734
0.98746
0.98718
0.9881
0.98724
0.98718
0.98652
0.98722
0.98762
0.9881
0.98746
0.9881
0.98876
0.98798
0.98742
0.98782
0.98764
0.98826
0.98684
0.98756
0.98816
0.98748
0.98846
0.98704
0.9872
0.98816
0.98724
0.98714
0.98654
0.98764
0.98738
0.98782
0.98814
0.98766
0.98696
0.98786
0.98784
0.9878
0.9866
0.98732
0.98724
0.98672
0.9874
0.98556
0.9877
0.98746
0.98718
0.9872
0.98856
0.98652
0.98812
0.98836
0.98706
0.98724
0.98744
0.98774
0.98664
0.9863
0.98756
0.98744
0.98796
0.98726
0.9888
0.98752
0.988
0.98878
0.98712
0.98796
0.98714
0.98642
0.98674
0.98778
0.98766
0.987
0.98704
0.98732
0.98792
0.98752
0.98748
0.98726
0.98676
0.9888
0.98768
0.98798
0.98718
0.98834
0.98748
0.98834
0.98754
0.9887
0.98722
0.98778
0.9871
0.98764
0.987
0.9874
0.98832
0.9881
0.98646
0.98708
0.9866
0.98724
0.98696
0.98704
0.9872
0.98828
0.98736
0.98744
0.98876
0.98716
0.98764
0.98836
0.98724
0.9883
0.98808
0.98636
0.98762
0.9875
0.98762
0.98678
0.98712
0.98668
0.98728
0.98804
0.98726
0.98796
0.98768
0.98718
0.9871
0.98804
0.988
0.98848
0.98854
0.98738
0.9871
0.98724
0.98776
0.98674
0.98724
0.98672
0.98838
0.9886
0.98768
0.98742
0.98848
0.9872
0.98728
0.98754
0.9871
0.9869
0.98712
0.98768
0.98742
0.98846
0.98728
0.98706
0.98714
0.98854
0.987
0.98678
0.98774
0.98718
0.98818
0.98698
0.98708
0.98718
0.98812
0.9892
0.98724
0.98738
0.98788
0.98816
0.98828
0.9878
0.98736
0.98888
0.98714
0.98794
0.98846
0.98712
0.98664
0.98674
0.98648
0.98658
0.98698
0.9884
0.98824
0.98774
0.98758
0.98764
0.98716
0.98718
0.98714
0.98776
0.98814
0.9874
0.98762
0.98764
0.98822
0.9877
0.98834
0.98692
0.98866
0.98664
0.98706
0.98714
0.98734
0.98756
0.98744
0.98718
0.98668
0.98756
0.98726
0.98696
0.98796
0.98732
0.98758
0.98746
0.98826
0.98738
0.98728
0.98776
0.98748
0.98824
0.98756
0.98854
0.98782
0.9879
0.98756
0.98682
0.98672
0.98662
0.98806
0.98676
0.98754
0.98754
0.98834
0.98714
0.98726
0.98774
0.98648
0.98804
0.98594
0.9876
0.98772
0.98718
0.9873
0.98802
0.98744
0.9882
0.9876
0.98712
0.98802
0.98704
0.98748
0.98754
0.98726
0.98752
0.98746
0.98796
0.9869
0.9882
0.98676
0.98798
0.98822
0.98732
0.9875
0.98814
0.98774
0.98672
0.98684
0.98762
0.98772
0.98736
0.98756
0.98854
0.9872
0.98712
0.98812
0.98778
0.98788
0.98804
0.98672
0.98734
0.9868
0.9875
0.98782
0.98778
0.98756
0.98758
0.98762
0.98756
0.98742
0.98704
0.98808
0.98808
0.98794
0.9878
0.98776
0.98782
0.98688
0.98722
0.98794
0.98746
0.98668
0.98806
0.98702
0.98754
0.9868
0.98668
0.98718
0.98848
0.98862
0.98738
0.98732
0.98736
0.98822
0.98818
0.98752
0.9881
0.98814
0.98728
0.98754
0.98756
0.9879
0.98796
0.9878
0.98654
0.9883
0.98802
0.9875
0.9875
0.98854
0.98488
0.98684
0.98872
0.98748
0.98736
0.98746
0.98792
0.98746
0.98712
0.98696
0.98778
0.98816
0.98696
0.98872
0.98696
0.98786
0.9869
0.98702
0.98782
0.98742
0.98772
0.9876
0.98728
0.98666
0.98702
0.98674
0.98696
0.9881
0.98694
0.987
0.98734
0.9871
0.98726
0.98782
0.98788
0.98778
0.98694
0.9871
0.98728
0.98666
0.98722
0.98794
0.98652
0.9885
0.9878
0.98674
0.98796
0.98692
0.9871
0.98852
0.98794
0.9881
0.98742
0.98652
0.9867
0.98762
0.9881
0.98828
0.98688
0.9873
0.98866
0.98752
0.98796
0.98682
0.98758
0.9873
0.98756
0.9867
0.98774
0.98756
0.9876
0.98722
0.98834
0.98786
0.98808
0.98716
0.98704
0.98824
0.9876
