0.19794
0.1866
0.18918
0.18692
0.19602
0.18988
0.20252
0.1905
0.18736
0.1899
0.19212
0.20066
0.19166
0.18726
0.19578
0.18064
0.19484
0.19926
0.19468
0.19234
0.19218
0.19416
0.19614
0.20046
0.19618
0.19278
0.19124
0.19262
0.19186
0.18852
0.18614
0.1864
0.18578
0.20398
0.19812
0.19276
0.19312
0.19224
0.18986
0.19264
0.18954
0.19752
0.19714
0.1877
0.19114
0.19144
0.1945
0.20312
0.20256
0.19342
0.1901
0.18304
0.20546
0.18778
0.19182
0.19064
0.20124
0.19264
0.19432
0.20582
0.19592
0.20188
0.1885
0.18654
0.19602
0.19462
0.19184
0.187
0.19286
0.1971
0.19202
0.18132
0.19268
0.18724
0.19606
0.18416
0.1948
0.19552
0.18882
0.20218
0.18944
0.19052
0.19912
0.18342
0.2011
0.18278
0.18578
0.192
0.1857
0.19952
0.20036
0.1878
0.19532
0.1997
0.19788
0.19998
0.18846
0.19606
0.19318
0.20024
0.18886
0.19078
0.18896
0.19
0.19388
0.1965
0.19412
0.19784
0.20042
0.20312
0.18976
0.1983
0.1789
0.1894
0.1997
0.19084
0.1956
0.20202
0.19146
0.19844
0.2012
0.19496
0.19858
0.19646
0.18838
0.19712
0.19178
0.19518
0.18312
0.196
0.19978
0.18942
0.1825
0.19878
0.19814
0.19414
0.19176
0.19468
0.19272
0.19536
0.18964
0.196
0.19956
0.19794
0.20234
0.19016
0.18532
0.18566
0.1971
0.1922
0.18708
0.19354
0.20646
0.1913
0.1857
0.1848
0.19702
0.18896
0.19482
0.1965
0.19446
0.18858
0.18922
0.18996
0.18652
0.1923
0.18932
0.18598
0.18804
0.19176
0.19446
0.19626
0.17956
0.18912
0.1921
0.19864
0.1923
0.20402
0.18886
0.18532
0.19028
0.1867
0.19196
0.1866
0.19838
0.18376
0.1909
0.19102
0.1865
0.18984
0.18336
0.19236
0.19568
0.19384
0.19626
0.19408
0.19692
0.19382
0.19374
0.19236
0.18466
0.18962
0.19242
0.19158
0.19518
0.18022
0.19578
0.1918
0.18708
0.19688
0.20578
0.1966
0.20104
0.18656
0.19414
0.1808
0.18696
0.1874
0.1946
0.19012
0.19058
0.19542
0.19212
0.19972
0.19584
0.19954
0.1928
0.19482
0.20178
0.19028
0.1945
0.19594
0.19034
0.1968
0.18566
0.18688
0.1921
0.19208
0.19424
0.19616
0.19326
0.20384
0.19076
0.19966
0.18988
0.2025
0.20202
0.19304
0.19448
0.19936
0.19148
0.19794
0.18742
0.18386
0.19232
0.18554
0.19348
0.18892
0.19152
0.18468
0.18342
0.19722
0.19232
0.1997
0.19506
0.19628
0.20112
0.18902
0.20538
0.199
0.19
0.1956
0.1858
0.18648
0.1864
0.18948
0.19144
0.20096
0.191
0.19026
0.20012
0.18814
0.20176
0.19496
0.18574
0.20222
0.19444
0.1942
0.19076
0.19106
0.19576
0.19572
0.19934
0.18044
0.19072
0.18052
0.17732
0.18856
0.18298
0.19288
0.19252
0.19372
0.18886
0.18516
0.18708
0.1865
0.1909
0.18024
0.20356
0.19554
0.19566
0.18628
0.19296
0.20662
0.1967
0.19418
0.18578
0.18816
0.18316
0.18182
0.19708
0.19084
0.18908
0.1829
0.1843
0.18806
0.20162
0.1839
0.19184
0.18938
0.19162
0.18162
0.18814
0.1908
0.18696
0.1816
0.18662
0.18056
0.19854
0.19274
0.19044
0.19376
0.18828
0.18692
0.1865
0.1909
0.19212
0.19366
0.19644
0.1914
0.1935
0.19268
0.1986
0.19208
0.19636
0.20092
0.19676
0.19046
0.19098
0.18084
0.1876
0.17982
0.1767
0.17608
0.193
0.18912
0.18964
0.181
0.18906
0.19016
0.18848
0.19608
0.1952
0.19232
0.19744
0.19924
0.19124
0.1858
0.19418
0.18618
0.18612
0.19058
0.18868
0.18736
0.18554
0.19502
0.18248
0.18514
0.20144
0.18494
0.18908
0.18738
0.19354
0.19812
0.19722
0.19678
0.18816
0.19066
0.20194
0.1955
0.18384
0.1932
0.20066
0.19458
0.197
0.18166
0.1887
0.19632
0.19856
0.18944
0.19142
0.17862
0.18682
0.19504
0.20278
0.19944
0.18296
0.18558
0.18444
0.18258
0.18512
0.17958
0.19152
0.20144
0.1927
0.18852
0.19344
0.19842
0.1922
0.19272
0.19252
0.18426
0.19224
0.1892
0.19442
0.19142
0.18838
0.19136
0.1897
0.18506
0.20118
0.1886
0.19294
0.18784
0.1941
0.19116
0.18476
0.18662
0.203
0.19478
0.19038
0.19734
0.19028
0.19384
0.19312
0.1947
0.20022
0.187
0.19044
0.19714
0.20024
0.19122
0.19138
0.1904
0.1893
0.18864
0.18844
0.19018
0.19108
0.18602
0.1987
0.19584
0.20086
0.19662
0.1946
0.18728
0.18674
0.18422
0.19428
0.18842
0.1992
0.19006
0.1985
0.19898
0.1896
0.19576
0.18802
0.19026
0.18366
0.18864
0.1876
0.18464
0.19688
0.19904
0.20574
0.20088
0.19054
0.19884
0.19244
0.19228
0.18604
0.18934
0.19732
0.20328
0.19946
0.18932
0.191
0.189
0.18344
0.1942
0.2059
0.19886
0.18466
0.18792
0.18504
0.1969
0.18488
0.19832
0.19156
0.18354
0.1908
0.18982
0.19364
0.19784
0.19046
0.19464
0.1964
0.19296
0.18148
0.18682
0.18878
0.18438
0.19502
0.18134
0.1833
0.17906
0.1925
0.19574
0.20036
0.20516
0.19028
0.20208
0.19186
0.18778
0.19604
0.195
0.19012
0.19694
0.19374
0.2003
0.19296
0.18312
0.18946
0.1938
0.1873
0.19448
0.18644
0.1913
0.19256
0.1846
0.19278
0.19234
0.19354
0.20068
0.19066
0.18652
0.18588
0.1984
0.19908
0.19664
0.19418
0.18496
0.19074
0.1867
0.19248
0.18706
0.19292
0.19078
0.20008
0.18564
0.1825
0.18886
0.18396
0.188
0.18834
0.19168
0.18998
0.19402
0.19656
0.19386
0.1848
0.1871
0.18162
0.19332
0.19208
0.1929
0.19532
0.19898
0.19624
0.187
0.1939
0.1919
0.18678
0.19878
0.1958
0.18358
0.1865
0.19188
0.18528
0.2011
0.18884
0.19728
0.2008
0.19544
0.1992
0.1976
0.1975
0.18898
0.19662
0.20022
0.18966
0.1863
0.18754
0.18576
0.19176
0.19162
0.19206
0.18646
0.19838
0.18304
0.18114
0.19072
0.17688
0.19276
0.19716
0.20316
0.18832
0.191
0.1888
0.20012
0.1831
0.18518
0.18374
0.19448
0.2008
0.1999
0.1884
0.2019
0.20086
0.18624
0.1897
0.19004
0.19376
0.19102
0.19302
0.20444
0.19798
0.201
0.19862
0.19486
0.19384
0.18962
0.18822
0.18722
0.19266
0.18252
0.18154
0.20114
0.19994
0.20134
0.19924
0.19346
0.19338
0.19406
0.19314
0.19526
0.192
0.1883
0.19478
0.19504
0.18872
0.19254
0.18782
0.19124
0.19756
0.19368
0.1984
0.19772
0.18864
0.19612
0.19234
0.19214
0.19126
0.1839
0.20342
0.2048
0.18934
0.18996
0.19164
0.17894
0.18646
0.19354
0.1972
0.1835
0.18714
0.18456
0.19214
0.19598
0.19202
0.18982
0.19036
0.19916
0.19396
0.19296
0.18468
0.1836
0.18424
0.18548
0.18692
0.18388
0.17572
0.18932
0.18328
0.19274
0.19904
0.18678
0.1816
0.18942
0.18516
0.19148
0.19584
0.19304
0.1994
0.18276
0.18718
0.19676
0.19462
0.19678
0.19104
0.1885
0.2044
0.18662
0.18402
0.1977
0.18478
0.18604
0.20142
0.1928
0.19904
0.20366
0.19532
0.19238
0.19956
0.19792
0.19708
0.19052
0.20222
0.19426
0.1937
0.17522
0.18928
0.18036
0.18972
0.1864
0.19938
0.18226
0.19334
0.19518
0.18924
0.1896
0.18938
0.19676
0.19008
0.19592
0.18246
0.18072
0.192
0.19512
0.189
0.1867
0.18492
0.1968
0.18582
0.1847
0.18472
0.19906
0.19672
0.1945
0.19612
0.19772
0.19064
0.18422
0.18604
0.19396
0.18264
0.18768
0.1894
0.19022
0.19138
0.19306
0.18558
0.18992
0.1934
0.18222
0.1867
0.17808
0.18056
0.19134
0.1802
0.19206
0.1997
0.19276
0.19588
0.18528
0.19498
0.1805
0.19424
0.19486
0.20178
0.1925
0.18388
0.19338
0.17636
0.18554
0.18378
0.1792
0.1933
0.19168
0.18754
0.19016
0.1972
0.18246
0.1895
0.19128
0.20106
0.19344
0.18868
0.17852
0.1899
0.18886
0.19698
0.20536
0.19518
0.19894
0.18318
0.19534
0.20424
0.20146
0.19728
0.20514
0.19862
0.20458
0.18864
0.18274
0.18526
0.19108
0.1986
0.20112
0.19826
0.18758
0.18066
0.19846
0.19326
0.18902
0.18254
0.20108
0.18992
0.19762
0.19306
0.19378
0.18978
0.18282
0.20202
0.20308
0.19428
0.2024
0.19726
0.1959
0.18718
0.1867
0.19472
0.19286
0.18988
0.18834
0.18912
0.1982
0.1974
0.19558
0.1979
0.19432
0.19746
0.19386
0.1867
0.18718
0.18966
0.19054
0.19016
0.20824
0.19346
0.18844
0.18896
0.18566
0.17812
0.18858
0.18426
0.19844
0.19164
0.19428
0.19518
0.19318
0.18396
0.19692
0.1957
0.19592
0.1943
0.19188
0.18696
0.20352
0.18644
0.18222
0.18776
0.18724
0.20208
0.19232
0.19372
0.20072
0.19706
0.19972
0.18442
0.19152
0.18378
0.18836
0.19806
0.18306
0.19052
0.1966
0.19886
0.19998
0.18966
0.19328
0.20736
0.18788
0.19052
0.1926
0.19
0.18584
0.19546
0.1955
0.20374
0.19656
0.19254
0.19128
0.18798
0.1924
0.19204
0.19336
0.18536
0.18264
0.19002
0.19132
0.19378
0.18172
0.19804
0.18328
0.19848
0.19354
0.18754
0.19766
0.19554
0.20296
0.20214
0.19074
0.19002
0.18418
0.196
0.19268
0.1895
0.19094
0.19938
0.19784
0.18704
0.18626
0.1932
0.19058
0.17706
0.187
0.19398
0.19344
0.20064
0.19244
0.18392
0.18678
0.18788
0.19376
0.1974
0.19396
0.18474
0.19
0.19236
0.18484
0.19674
0.18956
0.18008
0.20332
0.18988
0.1808
0.19136
0.19256
0.18292
0.18874
0.18036
0.18318
0.1973
0.19262
0.18822
0.18616
0.19582
0.19692
0.18926
0.18826
0.20266
0.19952
0.20278
0.18772
0.17898
0.18802
0.19226
0.20794
0.19816
0.19278
0.19496
0.18922
0.18876
0.19736
0.206
0.19422
0.19014
0.19604
0.189
0.19514
0.19118
0.18542
0.19462
0.19538
0.19212
0.18188
0.19314
0.18776
0.20404
0.19794
0.1861
0.19464
0.19138
0.18626
0.18962
0.1899
0.18846
0.19438
0.19718
0.18534
0.19982
0.17944
0.19466
0.18994
0.2005
0.19934
0.19004
0.19546
0.18732
0.20078
0.19688
0.1976
0.19162
0.1991
0.20634
0.19462
0.1904
0.19414
0.1841
0.19422
0.19168
0.19788
0.1918
0.20406
0.19424
0.1792
0.18454
0.19568
0.19804
0.1899
0.19014
0.19624
0.19208
0.19246
0.19066
0.19394
0.19308
0.18808
0.19418
0.18936
0.18912
0.19064
0.1873
0.19438
0.19196
0.19376
0.19448
0.19328
0.20072
0.19834
0.19712
0.19196
0.19694
0.19658
0.17784
0.19592
0.1896
0.18762
0.18602
0.1927
0.19372
0.20332
0.19786
0.20666
0.1898
0.18972
0.1947
0.1902
0.2003
0.19694
0.18772
0.19346
0.18818
0.19
0.19206
0.1935
0.19144
0.19832
0.19604
0.18982
0.18602
0.19184
0.19238
0.18626
0.18378
0.17702
0.19016
0.18182
0.18328
0.18502
0.19176
0.19384
0.19304
0.18866
0.18336
0.18868
0.19398
0.197
0.19262
0.20378
0.20418
0.19068
0.18534
0.1995
0.205
0.19416
0.19208
0.1858
0.18958
0.18094
0.1954
0.18842
0.1964
0.19386
0.18842
0.20096
0.19028
0.1907
0.19052
0.19884
0.19562
0.1891
0.19494
0.18266
0.17708
0.19136
0.19372
0.1881
0.19932
0.19438
0.20126
0.19582
0.19958
0.18558
0.19742
0.2015
0.19752
0.19618
0.20154
0.17826
0.19308
0.18686
0.20294
0.18414
0.18786
0.20158
0.19658
0.18784
0.19888
0.19564
0.19498
0.19886
0.1919
0.1795
0.18536
0.2018
0.1944
0.19054
0.19268
0.18194
0.19198
0.18246
0.19848
0.19982
0.20304
0.19248
0.19998
0.19466
0.19006
0.19454
0.18544
0.19306
0.19244
0.1987
0.1884
0.1917
0.19506
0.19566
0.18756
0.19872
0.20392
0.19482
0.19312
0.19048
0.19326
0.19176
0.18742
0.19038
0.18256
0.19682
0.19378
0.18542
0.19754
0.18968
0.18714
0.19386
0.18946
0.18508
0.18384
0.19636
0.20666
0.19822
0.20022
0.18628
0.1785
0.18844
0.19426
0.19006
0.18446
0.20392
0.19422
0.19688
0.19074
0.19634
0.18436
0.19136
0.1909
0.17728
0.18606
0.19916
0.19892
0.18556
0.1825
0.18266
0.18812
0.1835
0.18534
0.20322
0.19718
0.19272
0.18796
0.1989
0.18758
0.18418
0.19634
0.19634
0.18722
0.1993
0.18538
0.18018
0.19496
0.1878
0.19908
0.19386
0.18418
0.1895
0.18896
0.1904
0.1995
0.19154
0.19128
0.20092
0.1928
0.19442
0.18926
0.19554
0.18724
0.1922
0.19522
0.18086
0.19866
0.20146
0.19482
0.18018
0.19364
0.18484
0.20058
0.1961
0.1914
0.1892
0.18762
0.1907
0.19612
0.20592
0.1967
0.19378
0.19564
0.2027
0.1949
0.18986
0.19456
0.2007
0.19632
0.19354
0.19004
0.18716
0.19474
0.19624
0.19512
0.19148
0.20624
0.20272
0.20438
0.19328
0.19238
0.18292
0.18692
0.1921
0.19164
0.19154
0.18276
0.1999
0.19224
0.18852
0.17994
0.18134
0.18548
0.19178
0.1917
0.19816
0.1949
0.18362
0.1779
0.19834
0.19308
0.18892
0.19592
0.18884
0.18718
0.17646
0.18536
0.19206
0.19222
0.20434
0.2007
0.1941
0.19932
0.20672
0.1828
0.18122
0.19888
0.19224
0.19354
0.18044
0.18448
0.19002
0.2023
0.18142
0.18088
0.19474
0.18872
0.18154
0.1922
0.1929
0.18576
0.19116
0.18846
0.1975
0.18648
0.19014
0.1979
0.1853
0.19296
0.199
0.1968
0.19346
0.19964
0.1951
0.18906
0.19654
0.19548
0.19474
0.19728
0.19518
0.2019
0.18566
0.18496
0.19808
0.19126
0.19452
0.20074
0.19688
0.19008
0.1991
0.20042
0.18672
0.1882
0.18614
0.19064
0.19054
0.19062
0.19988
0.1987
0.19114
0.19104
0.18948
0.20032
0.18708
0.18656
0.1939
0.18688
0.19112
0.19234
0.20136
0.19538
0.18902
0.18412
0.193
0.19148
0.19846
0.18818
0.19656
0.1975
0.1974
0.1965
0.19704
0.19104
0.20102
0.2017
0.18444
0.18704
0.17938
0.19314
0.18114
0.20024
0.19878
0.18948
0.20002
0.18844
0.18742
0.19256
0.19032
0.19804
0.1908
0.19698
0.19262
0.18602
0.19202
0.1747
0.1903
0.195
0.19008
0.17826
0.19534
0.18528
0.19114
0.19026
0.18486
0.19062
0.18414
0.1964
0.18844
0.19684
0.20726
0.19968
0.18152
0.19158
0.19398
0.19222
0.18646
0.1872
0.1889
0.19176
0.19446
0.19636
0.1924
0.19964
0.19664
0.19844
0.19436
0.19132
0.191
0.18558
0.18988
0.19464
0.20044
0.19792
0.19474
0.1925
0.1876
0.18596
0.1911
0.1947
0.20278
0.19342
0.1954
0.208
0.1918
0.18874
0.1981
0.18454
0.18786
0.17788
0.19724
0.18852
0.19756
0.19194
0.19194
0.1891
0.18958
0.19364
0.19212
0.18684
0.19076
0.1988
0.1869
0.19342
0.19712
0.19662
0.20078
0.19238
0.19726
0.18938
0.18968
0.1901
0.1969
0.19086
0.19178
0.1931
0.1752
0.19212
0.1904
0.19162
0.19836
0.18898
0.20142
0.19626
0.18414
0.18598
0.17374
0.19044
0.1836
0.19766
0.19192
0.1944
0.19846
0.19382
0.19162
0.1943
0.1936
0.18522
0.18594
0.19558
0.18938
0.19028
0.19794
0.19154
0.19276
0.20008
0.18962
0.1982
0.19346
0.18746
0.18922
0.20556
0.2028
0.19168
0.19504
0.1945
0.19072
0.19834
0.19214
0.18818
0.19544
0.18428
0.19926
0.1987
0.19192
0.19752
0.1918
0.19214
0.18548
0.2031
0.19276
0.18966
0.1848
0.19772
0.19794
0.1933
0.18978
0.179
0.1963
0.19794
0.1925
0.19596
0.18872
0.20126
0.19464
0.18586
0.1997
0.18454
0.19588
0.19174
0.1937
0.19454
0.19266
0.2036
0.19516
0.17898
0.18846
0.19064
0.18568
0.20122
0.19394
0.19174
0.19618
0.19386
0.18496
0.18536
0.19946
0.19472
0.20216
0.1825
0.1875
0.19904
0.20046
0.18554
0.19664
0.19852
0.19432
0.18826
0.19432
0.19872
0.21118
0.19644
0.19204
0.19416
0.18648
0.19084
0.1899
0.19278
0.19696
0.18528
0.19094
0.19994
0.1946
0.19652
0.19552
0.16958
0.18166
0.18234
0.18222
0.19358
0.1875
0.1885
0.1871
0.18552
0.20696
0.19782
0.20314
0.19294
0.19138
0.19614
0.19084
0.19522
0.18732
0.1857
0.18646
0.19028
0.1936
0.19922
0.19916
0.19194
0.18798
0.20006
0.1889
0.18408
0.1986
0.18652
0.1897
0.19536
0.17526
0.19936
0.1925
0.20592
0.19428
0.1943
0.1948
0.19242
0.18698
0.19684
0.19314
0.1978
0.1869
0.19144
0.19956
0.17844
0.19232
0.20472
0.19734
0.18668
0.19192
0.1931
0.19156
0.19116
0.19154
0.18708
0.19292
0.18508
0.17976
0.20166
0.18564
0.1925
0.19264
0.20148
0.1977
0.19232
0.18602
0.19448
0.18932
0.18408
0.19364
0.18098
0.19628
0.19506
0.1805
0.18734
0.19518
0.19174
0.18914
0.193
0.18928
0.1957
0.18446
0.18924
0.19294
0.19224
0.179
0.1983
0.18506
0.20176
0.19402
0.2055
0.20718
0.19286
0.19228
0.18384
0.1961
0.191
0.19542
0.18782
0.18948
0.19306
0.1889
0.19502
0.18744
0.18686
0.18728
0.2
0.17984
0.17994
0.191
0.19608
0.18552
0.17842
0.19406
0.1992
0.1966
0.18288
0.1922
0.1895
0.1843
0.20362
0.19592
0.19978
0.19164
0.19746
0.18702
0.19462
0.20378
0.18912
0.2022
0.17978
0.19504
0.19092
0.17274
0.1923
0.1895
0.19554
0.19514
0.19994
0.19844
0.20172
0.1948
0.20218
0.17516
0.17978
0.1804
0.18844
0.19278
0.1977
0.19802
0.196
0.2055
0.20362
0.18414
0.19812
0.2008
0.18656
0.19426
0.20526
0.18862
0.18702
0.20488
0.1894
0.18618
0.19096
0.18068
0.1836
0.19234
0.20384
0.19212
0.18448
0.18742
0.20492
0.19786
0.19732
0.19136
0.1909
0.19346
0.18104
0.18718
0.18976
0.18934
0.1906
0.1942
0.19672
0.19492
0.19234
0.19116
0.20088
0.19344
0.19316
0.18752
0.19286
0.18768
0.1997
0.1962
0.19986
0.18098
0.19074
0.196
0.19978
0.18934
0.19
0.19136
0.19254
0.19468
0.18924
0.19156
0.19788
0.18732
0.193
0.18554
0.20154
0.20166
0.18404
0.1941
0.1832
0.19266
0.1832
0.18734
0.19326
0.19344
0.18324
0.191
0.1902
0.1949
0.1833
0.19524
0.1999
0.20686
0.19026
0.185
0.19888
0.20248
0.1989
0.19396
0.19498
0.19722
0.19764
0.20262
0.18932
0.18462
0.20358
0.1931
0.19308
0.19174
0.20334
0.20178
0.20344
0.18894
0.18846
0.1837
0.19568
0.18634
0.17824
0.19446
0.19778
0.18986
0.18622
0.18428
0.1929
0.1852
0.1896
0.18946
0.19834
0.1898
0.19958
0.19344
0.1975
0.19554
0.1877
0.18418
0.18748
0.19058
0.18012
0.18826
0.20078
0.19666
0.19016
0.1859
0.19378
0.1912
0.19044
0.18784
0.19236
0.19238
0.18772
0.18032
0.18328
0.19526
0.18252
0.1872
0.1989
0.19436
0.19962
0.19298
0.19072
0.20304
0.19036
0.19596
0.20096
0.2021
0.17602
0.18836
0.19414
0.19438
0.19096
0.1946
0.20402
0.2023
0.1977
0.1948
0.2024
0.19758
0.18934
0.19558
0.1898
0.19364
0.20614
0.18774
0.18976
0.19254
0.19482
0.18996
0.18462
0.1972
0.19462
0.19984
0.18862
0.19628
0.17696
0.19646
0.19126
0.1833
0.18494
0.17396
0.19748
0.1826
0.19578
0.18586
0.19312
0.2014
0.20238
0.20782
0.18636
0.19286
0.1819
0.19336
0.1911
0.19416
0.20584
0.18894
0.20632
0.18618
0.19926
0.20282
0.18452
0.19678
0.19698
0.1875
0.19862
0.2034
0.18594
0.19786
0.1924
0.19426
0.19754
0.19898
0.19674
0.19138
0.19298
0.19214
0.19038
0.18966
0.18576
0.19684
0.1862
0.19222
0.18864
0.19188
0.19034
0.2001
0.19852
0.18644
0.18682
0.18878
0.19434
0.19984
0.19416
0.2005
0.20042
0.2083
0.19896
0.1865
0.18942
0.19258
0.18796
0.18632
0.1766
0.20066
0.18778
0.18808
0.1894
0.19904
0.18672
0.18662
0.19406
0.1891
0.18756
0.19002
0.1957
0.1947
0.1889
0.186
0.1951
0.1942
0.20344
0.18876
0.21316
0.1922
0.18134
0.1942
0.20318
0.19048
0.18914
0.19202
0.1992
0.19744
0.19332
0.1903
0.18638
0.19102
0.2008
0.2009
0.18636
0.1924
0.1923
0.1863
0.19006
0.19686
0.19856
0.19164
0.18542
0.19366
0.1953
0.20248
0.1901
0.19042
0.18918
0.19334
0.19074
0.1936
0.19318
0.19702
0.18592
0.18332
0.18818
0.17888
0.19182
0.19444
0.18194
0.18918
0.18378
0.19852
0.18618
0.19196
0.19386
0.18844
0.19072
0.18936
0.18594
0.18876
0.18536
0.18546
0.19354
0.18774
0.1972
0.18648
0.19862
0.19498
0.17058
0.18394
0.19274
0.19604
0.18644
0.18374
0.19274
0.18418
0.19438
0.19428
0.19792
0.18552
0.1916
0.19098
0.2043
0.20574
0.20768
0.1895
0.19124
0.20006
0.1913
0.20784
0.19778
0.19618
0.19514
0.2002
0.2015
0.20192
0.19672
0.19358
0.19856
0.19388
0.19284
0.18694
0.18916
0.18274
0.18004
0.1935
0.19846
0.19228
0.17456
0.18418
0.19488
0.20306
0.19434
0.19274
0.19702
0.1835
0.18722
0.18662
0.1938
0.19968
0.18998
0.19244
0.19408
0.19462
0.18936
0.18782
0.19056
0.17976
0.19392
0.20022
0.1914
0.18508
0.19278
0.19018
0.19036
0.18964
0.18308
0.1883
0.19522
0.19128
0.20106
0.19074
0.18176
0.18878
0.19014
0.19282
0.19704
0.19162
0.19116
0.19728
0.19038
0.1942
0.18846
0.18734
0.17962
0.19946
0.1939
0.1882
0.18658
0.19858
0.19394
0.18678
0.19892
0.186
0.19492
0.18494
0.18838
0.19316
0.19298
0.19942
0.198
0.2008
0.19986
0.19888
0.18732
0.18046
0.1957
0.19782
0.19598
0.19836
0.18512
0.19086
0.19032
0.19418
0.18342
0.18264
0.18258
0.19676
0.1928
0.19304
0.1998
0.19776
0.18848
0.18612
0.18726
0.20292
0.19566
0.19698
0.19128
0.1987
0.18884
0.20052
0.19048
0.18358
0.18974
0.196
0.191
0.19564
0.20012
0.19506
0.20254
0.20078
0.1978
0.19916
0.19246
0.1908
0.19538
0.20064
0.19202
0.17236
0.18916
0.19354
0.20116
0.18844
0.19052
0.18934
0.19416
0.1885
0.18442
0.195
0.19274
0.19336
0.1855
0.1928
0.18798
0.18896
0.19358
0.19532
0.19458
0.18962
0.1859
0.19734
0.19204
0.1967
0.20034
0.19578
0.19134
0.18218
0.20628
0.18948
0.19812
0.19806
0.19406
0.2045
0.20032
0.19736
0.19308
0.1855
0.18142
0.1868
0.19062
0.2004
0.18636
0.1981
0.1904
0.1934
0.19042
0.19132
0.19752
0.18954
0.19064
0.19542
0.19436
0.19182
0.19132
0.18674
0.19398
0.19728
0.18744
0.18478
0.1979
0.19424
0.19184
0.19016
0.18812
0.17878
0.18474
0.20498
0.20118
0.1874
0.20404
0.19864
0.20724
0.2017
0.18446
0.18398
0.19914
0.19742
0.1948
0.20144
0.1912
0.1863
0.19224
0.19522
0.18734
0.18968
0.19238
0.18928
0.19194
0.20548
0.19458
0.1934
0.18772
0.19508
0.1859
0.1888
0.19334
0.19832
0.20104
0.19438
0.17968
0.17938
0.18594
0.18904
0.19718
0.18666
0.18936
0.19254
0.18278
0.18694
0.18566
0.19574
0.19766
0.1891
0.19034
0.17976
0.1921
0.19946
0.19044
0.18378
0.19944
0.19886
0.18226
0.1855
0.18468
0.17814
0.19084
0.19166
0.17758
0.1774
0.19024
0.20228
0.19766
0.1875
0.18646
0.19636
0.18656
0.19082
0.19452
0.19174
0.18682
0.19376
0.18184
0.19628
0.1916
0.18944
0.20074
0.2041
0.18658
0.18576
0.1958
0.17762
0.17898
0.18248
0.18814
0.1858
0.18656
0.18568
0.18734
0.18228
0.19978
0.1954
0.19664
0.1899
0.18546
0.18386
0.20066
0.19344
0.19756
0.18796
0.18742
0.19718
0.19312
0.20284
0.1909
0.20116
0.19362
0.18874
0.19728
0.1908
0.18666
0.18864
0.18902
0.1941
0.1922
0.19416
0.18722
0.19756
0.195
0.18536
0.19
0.19162
0.18764
0.19292
0.18688
0.19274
0.19694
0.196
0.19176
0.19114
0.19392
0.192
0.19104
0.18974
0.18826
0.19334
0.1982
0.1888
0.1919
0.18754
0.1895
0.1931
0.19734
0.2097
0.19856
0.1895
0.2012
0.19418
0.19726
0.18468
0.19234
0.1877
0.19466
0.20218
0.19324
0.1944
0.2011
0.19148
0.19748
0.19066
0.18998
0.18962
0.19342
0.1928
0.18358
0.19534
0.18532
0.1962
0.20132
0.18166
0.1881
0.19392
0.19114
0.19116
0.17578
0.19636
0.19036
0.20012
0.19126
0.18896
0.18156
0.18418
0.19068
0.18114
0.19252
0.19858
0.19768
0.18596
0.191
0.19284
0.19208
0.19498
0.19058
0.20126
0.19778
0.18946
0.19732
0.19548
0.20104
0.20234
0.19074
0.19124
0.1853
0.1963
0.1914
0.19486
0.1853
0.19642
0.19902
0.19996
0.18486
0.1809
0.19146
0.20076
0.2024
0.19078
0.19354
0.19498
0.19152
0.19674
0.19576
0.1972
0.19268
0.18792
0.20078
0.18814
0.18938
0.19184
0.19934
0.19214
0.18706
0.18996
0.18754
0.18966
0.1928
0.1933
0.18098
0.19276
0.20044
0.1829
0.18198
0.18298
0.19132
0.20272
0.20066
0.1955
0.18808
0.19678
0.18908
0.20316
0.20538
0.2013
0.1934
0.1931
0.19572
0.1974
0.18768
0.19014
0.18912
0.18216
0.18396
0.18828
0.19324
0.18534
0.19004
0.19012
0.19294
0.1993
0.19868
0.17862
0.19262
0.196
0.19734
0.1875
0.199
0.2018
0.19538
0.19148
0.19792
0.19746
0.18884
0.18936
0.18826
0.1982
0.18462
0.1844
0.19374
0.20306
0.19498
0.1845
0.19074
0.18998
0.19676
0.19058
0.18772
0.18702
0.18234
0.18398
0.19136
0.19476
0.18312
0.18956
0.20158
0.18624
0.18126
0.18898
0.18816
0.19506
0.20336
0.19196
0.18686
0.18998
0.19244
0.19678
0.1903
0.20738
0.1951
0.202
0.18774
0.19184
0.20198
0.19552
0.19548
0.19386
0.18802
0.19506
0.1939
0.20074
0.19142
0.19846
0.19568
0.18598
0.19272
0.18506
0.18734
0.18366
0.19092
0.1926
0.18422
0.19452
0.19402
0.18552
0.18896
0.19836
0.19448
0.19114
0.1839
0.1982
0.19204
0.19642
0.17718
0.18004
0.18734
0.19146
0.19222
0.18392
0.18832
0.18588
0.19682
0.19316
0.19088
0.19388
0.18992
0.19412
0.19036
0.19492
0.19928
0.18128
0.19066
0.18734
0.18388
0.19512
0.18996
0.20264
0.19896
0.1809
0.19052
0.18826
0.19874
0.1966
0.19684
0.19714
0.19982
0.19492
0.18932
0.19108
0.19194
0.19236
0.19146
0.18434
0.1938
0.19058
0.19002
0.18716
0.19266
0.19516
0.18744
0.18768
0.19392
0.20196
0.18758
0.1829
0.193
0.19124
0.20022
0.18936
0.19682
0.19004
0.19374
0.1882
0.18986
0.19694
0.19526
0.1878
0.19562
0.20278
0.19386
0.19786
0.19428
0.18582
0.19148
0.18808
0.20356
0.186
0.18758
0.18406
0.19414
0.1914
0.20014
0.19058
0.19544
0.20666
0.1994
0.20368
0.18982
0.18594
0.19428
0.18036
0.18506
0.19774
0.20024
0.20124
0.19708
0.19768
0.19298
0.1927
0.1977
0.19772
0.21048
0.1897
0.19286
0.19128
0.1894
0.19072
0.19338
0.19242
0.18604
0.19792
0.18712
0.19714
0.1937
0.1938
0.1889
0.18634
0.19588
0.18738
0.18846
0.18634
0.1853
0.20688
0.183
0.1898
0.19864
0.20914
0.21086
0.1966
0.1829
0.18856
0.19578
0.18606
0.19254
0.19386
0.19156
0.1969
0.1827
0.18556
0.18842
0.19076
0.19158
0.19798
0.19438
0.19302
0.19584
0.18458
0.18476
0.17396
0.18722
0.18322
0.18662
0.18826
0.18738
0.19776
0.20838
0.1922
0.19838
0.19932
0.18604
0.1931
0.19404
0.1984
0.1857
0.17908
0.20196
0.18278
0.2007
0.19242
0.1852
0.18784
0.19746
0.2007
0.19914
0.19628
0.19264
0.18786
0.19508
0.19448
0.19224
0.18714
0.19128
0.19432
0.19724
0.18242
0.19496
0.19352
0.19364
0.19086
0.1895
0.1965
0.19888
0.1972
0.18642
0.18422
0.17636
0.18502
0.18906
0.18612
0.1965
0.20592
0.196
0.18744
0.19182
0.19224
0.20004
0.1888
0.19374
0.19118
0.19908
0.19322
0.1908
0.18568
0.19028
0.19188
0.19388
0.19566
0.18686
0.20136
0.2004
0.20398
0.1943
0.18808
0.19738
0.18534
0.18718
0.19362
0.18258
0.19278
0.18958
0.19258
0.19574
0.1875
0.19166
0.19934
0.17958
0.19246
0.18916
0.20798
0.19586
0.18386
0.1892
0.18822
0.19694
0.20006
0.18752
0.18834
0.19844
0.1897
0.19174
0.18402
0.18534
0.18694
0.18736
0.19058
0.19532
0.184
0.1835
0.20188
0.2024
0.19212
0.19496
0.19168
0.1961
0.19584
0.19276
0.1933
0.18932
0.18506
0.19738
0.19692
0.18724
0.19518
0.20022
0.18934
0.18192
0.19834
0.1945
0.19412
0.19224
0.1961
0.1975
0.18544
0.18656
0.1857
0.19278
0.20488
0.2009
0.20066
0.1861
0.20024
0.19534
0.19186
0.19014
0.19502
0.18096
0.18262
0.19628
0.19888
0.18756
0.20194
0.1871
0.19466
0.1967
0.19344
0.18928
0.19444
0.20594
0.19072
0.18602
0.18462
0.19402
0.2033
0.19894
0.192
0.1938
0.19538
0.18916
0.19308
0.18846
0.19362
0.19364
0.20366
0.19772
0.1905
0.1908
0.18792
0.19642
0.18986
0.19172
0.18952
0.19644
0.18276
0.19336
0.19296
0.1765
0.18814
0.19126
0.19048
0.19554
0.19522
0.1939
0.19396
0.18976
0.19712
0.19368
0.19904
0.1978
0.2014
0.20018
0.20384
0.19062
0.19882
0.2047
0.19342
0.20426
0.1904
0.18184
0.1909
0.19582
0.19294
0.1964
0.20042
0.19166
0.19112
0.19398
0.19262
0.19214
0.19016
0.19216
0.19276
0.1769
0.1992
0.19454
0.18718
0.19916
0.19344
0.18826
0.18974
0.19338
0.19326
0.19964
0.19698
0.19592
0.20098
0.19854
0.19106
0.18964
0.1976
0.18792
0.2088
0.19056
0.19618
0.2043
0.18656
0.19272
0.18202
0.18688
0.18484
0.19176
0.18434
0.19322
0.19122
0.1923
0.19046
0.19536
0.18674
0.18272
0.199
0.18772
0.19832
0.20608
0.18964
0.18086
0.19108
0.20504
0.1867
0.18784
0.18638
0.19484
0.17632
0.20018
0.18624
0.19428
0.18738
0.18986
0.19366
0.18916
0.1941
0.2038
0.18964
0.1978
0.20246
0.1983
0.18758
0.19218
0.19944
0.20094
0.19948
0.1991
0.18662
0.20448
0.1897
0.19396
0.1873
0.18826
0.19826
0.18274
0.1846
0.18612
0.1952
0.1954
0.19582
0.19344
0.186
0.17868
0.18266
0.19228
0.18846
0.18992
0.19248
0.18534
0.17928
0.18324
0.191
0.19304
0.2028
0.18522
0.20436
0.19436
0.18826
0.19064
0.18366
0.19418
0.1977
0.19628
0.18976
0.19636
0.1996
0.19466
0.19322
0.19482
0.18254
0.18972
0.18508
0.18834
0.1926
0.19304
0.19684
0.19642
0.1924
0.19472
0.1878
0.18276
0.18866
0.18328
0.19262
0.2024
0.19668
0.201
0.19076
0.18628
0.18208
0.19276
0.19212
0.19198
0.19316
0.20076
0.19536
0.1935
0.20132
0.2085
0.18802
0.20516
0.18444
0.1914
0.19556
0.1838
0.1867
0.1917
0.19084
0.19612
0.19596
0.18528
0.19372
0.19092
0.18066
0.18458
0.19746
0.1853
0.19232
0.18946
0.18632
0.19024
0.18838
0.19656
0.19526
0.188
0.1869
0.20234
0.18768
0.17908
0.18678
0.20228
0.1916
0.19446
0.20836
0.19144
0.18304
0.19204
0.19688
0.18322
0.18838
0.19536
0.1848
0.18624
0.19742
0.19098
0.18056
0.18554
0.18004
0.19422
0.19246
0.2004
0.19316
0.1841
0.20188
0.20556
0.19572
0.2026
0.19144
0.18848
0.18366
0.1796
0.19198
0.18128
0.19174
0.19254
0.19636
0.18992
0.1889
0.19124
0.19262
0.19496
0.19464
0.19124
0.19574
0.18854
0.1881
0.18912
0.1941
0.18668
0.19836
0.18728
0.19766
0.18852
0.18714
0.18484
0.1871
0.18224
0.19858
0.18484
0.19186
0.1857
0.20034
0.1943
0.1867
0.20372
0.1925
0.19244
0.19134
0.19472
0.18042
0.19062
0.19876
0.1858
0.19664
0.20278
0.1973
0.1942
0.20022
0.19672
0.19288
0.20554
0.18978
0.18746
0.1982
0.19354
0.1882
0.19828
0.19102
0.19326
0.1894
0.20516
0.1927
0.19554
0.19006
0.19588
0.20272
0.18426
0.19378
0.18248
0.19256
0.20454
0.1932
0.20036
0.19694
0.19514
0.18978
0.19156
0.19716
0.19876
0.19876
0.18966
0.18644
0.19342
0.1955
0.19012
0.19026
0.19624
0.1911
0.19388
0.19596
0.19036
0.18128
0.19262
0.19404
0.19836
0.19554
0.1868
0.19374
0.19802
0.1914
0.18602
0.19176
0.19302
0.19702
0.18708
0.18956
0.18534
0.1967
0.18686
0.19182
0.19342
0.19458
0.1916
0.18292
0.19252
0.19544
0.1926
0.19496
0.18524
0.18634
0.1868
0.19534
0.19322
0.19594
0.1844
0.1873
0.19012
0.18416
0.18062
0.1879
0.19884
0.1845
0.19844
0.20014
0.191
0.1976
0.20206
0.19674
0.1882
0.18798
0.19446
0.19476
0.20444
0.192
0.18362
0.1896
0.19044
0.19634
0.20108
0.19444
0.18798
0.19108
0.19454
0.20338
0.18812
0.19374
0.18844
0.18766
0.19476
0.19172
0.20046
0.19736
0.19004
0.19608
0.18658
0.2029
0.19416
0.19392
0.1967
0.1961
0.1897
0.19144
0.19474
0.19
0.18612
0.1964
0.18784
0.18262
0.19788
0.20482
0.2005
0.19844
0.1927
0.19648
0.18872
0.18738
0.18126
0.18714
0.19006
0.20604
0.20182
0.18686
0.19668
0.1874
0.19214
0.17896
0.18822
0.19006
0.19204
0.19412
0.1939
0.18808
0.19488
0.18688
0.19108
0.18416
0.19504
0.18642
0.18434
0.18926
0.19564
0.19052
0.18956
0.18918
0.20044
0.19438
0.1836
0.20002
0.19888
0.1888
0.2017
0.19268
0.19134
0.19216
0.1945
0.18196
0.1922
0.1925
0.19112
0.18736
0.19336
0.192
0.18514
0.18416
0.19736
0.20824
0.1936
0.17836
0.18326
0.19178
0.1965
0.19518
0.19064
0.18792
0.1703
0.18336
0.1965
0.20172
0.19226
0.191
0.1978
0.18288
0.1884
0.19836
0.18754
0.19114
0.19112
0.19674
0.18312
0.18316
0.18628
0.1857
0.1959
0.1916
0.18856
0.1974
0.19086
0.19292
0.19552
0.1986
0.19116
0.18592
0.19042
0.19696
0.19168
0.19574
0.18928
0.19684
0.18884
0.18624
0.18988
0.19186
0.19384
0.20026
0.18568
0.1953
0.19296
0.18888
0.2023
0.18756
0.1921
0.1891
0.18534
0.1895
0.18936
0.19514
0.19046
0.1865
0.19234
0.1908
0.19676
0.19104
0.18512
0.18548
0.1892
0.19754
0.20268
0.19384
0.19908
0.19602
0.19156
0.2019
0.18226
0.19216
0.1957
0.18594
0.19418
0.1889
0.19886
0.1995
0.19748
0.18428
0.19284
0.20744
0.20586
0.18228
0.19582
0.19426
0.1897
0.1962
0.1782
0.19196
0.19754
0.19162
0.19344
0.1949
0.19392
0.19164
0.19184
0.1854
0.19394
0.18718
0.19294
0.18336
0.19372
0.19122
0.19056
0.18048
0.19216
0.19408
0.20448
0.18174
0.20794
0.19868
0.18624
0.18226
0.1937
0.19746
0.19398
0.18454
0.2061
0.19566
0.1871
0.19672
0.1897
0.1966
0.20078
0.1952
0.18954
0.19802
0.19056
0.20274
0.2004
0.19732
0.20108
0.19474
0.19108
0.18616
0.19
0.1995
0.20536
0.19336
0.1914
0.19672
0.19952
0.2028
0.19152
0.18862
0.19312
0.18654
0.19474
0.18852
0.18528
0.19536
0.20656
0.19922
0.18958
0.19026
0.19814
0.1914
0.18732
0.1871
0.19224
0.19478
0.20114
0.18022
0.18416
0.18028
0.18868
0.19268
0.18684
0.20544
0.18838
0.20234
0.19606
0.18898
0.20088
0.19072
0.1927
0.19366
0.19154
0.183
0.19278
0.19848
0.1942
0.19438
0.19184
0.18606
0.18876
0.19942
0.1948
0.19834
0.1931
0.18302
0.19034
0.18568
0.19768
0.19104
0.18438
0.1975
0.19742
0.1956
0.20458
0.19448
0.19622
0.18688
0.19226
0.1914
0.1903
0.18022
0.19492
0.18594
0.18152
0.17694
0.188
0.18598
0.19862
0.18958
0.19636
0.19654
0.20042
0.18464
0.18592
0.1858
0.19896
0.19662
0.1983
0.19484
0.19644
0.19394
0.1951
0.19852
0.20264
0.18612
0.19364
0.19384
0.18614
0.18886
0.19026
0.1914
0.19356
0.19404
0.19822
0.19448
0.18916
0.20264
0.19324
0.20496
0.1911
0.19552
0.18616
0.19114
0.17642
0.18704
0.18482
0.19692
0.18288
0.19486
0.2019
0.19402
0.18566
0.18708
0.19572
0.19438
0.1933
0.1884
0.19364
0.195
0.18762
0.18892
0.18364
0.1839
0.18856
0.19322
0.19184
0.18768
0.1874
0.18966
0.194
0.18612
0.19006
0.20286
0.19004
0.18004
0.1946
0.18788
0.18736
0.18756
0.1913
0.18934
0.19272
0.18612
0.18994
0.18328
0.19554
0.1952
0.2041
0.1959
0.19056
0.19288
0.18322
0.1854
0.18614
0.18782
0.18896
0.18668
0.18664
0.19856
0.1875
0.18996
0.19142
0.18534
0.19366
0.18898
0.18214
0.19326
0.19544
0.18652
0.20204
0.1932
0.1929
0.19628
0.19054
0.18826
0.20208
0.19394
0.2001
0.2001
0.18884
0.19574
0.18616
0.18896
0.19584
0.19348
0.18858
0.19534
0.19488
0.19306
0.18622
0.1888
0.2015
0.19232
0.18704
0.19478
0.19738
0.19864
0.20178
0.19612
0.1859
0.1987
0.2014
0.20056
0.1934
0.18372
0.18754
0.19204
0.1937
0.20214
0.1994
0.19902
0.18752
0.1946
0.19284
0.19048
0.19008
0.18264
0.19464
0.19066
0.18724
0.19252
0.1853
0.20062
0.18524
0.18204
0.1992
0.2026
0.2
0.20046
0.18912
0.19144
0.19904
0.18616
0.18476
0.18124
0.17548
0.19308
0.18694
0.1838
0.19198
0.18574
0.17966
0.1914
0.18576
0.18652
0.20516
0.20254
0.1981
0.1887
0.19442
0.19668
0.20542
0.20248
0.18586
0.19754
0.18026
0.18182
0.1815
0.193
0.19662
0.1873
0.18808
0.18844
0.1924
0.18848
0.20024
0.19412
0.188
0.19044
0.18142
0.2036
0.1856
0.19028
0.19694
0.19628
0.19002
0.1913
0.19628
0.19276
0.1949
0.20962
0.20038
0.19732
0.2048
0.2064
0.1908
0.18996
0.19106
0.1906
0.19312
0.18962
0.18344
0.19704
0.20306
0.19462
0.18968
0.19054
