-0.69686
-0.70158
-0.69496
-0.6984
-0.70112
-0.7135
-0.69868
-0.70382
-0.7023
-0.69824
-0.69604
-0.69748
-0.69944
-0.70208
-0.70108
-0.69588
-0.70014
-0.70256
-0.7007
-0.7046
-0.6994
-0.70588
-0.70024
-0.70242
-0.69648
-0.70238
-0.70954
-0.70398
-0.70456
-0.69818
-0.70158
-0.70518
-0.69486
-0.69642
-0.70124
-0.70438
-0.70356
-0.69796
-0.69954
-0.70144
-0.70464
-0.70048
-0.70552
-0.7067
-0.69718
-0.70438
-0.70216
-0.70446
-0.70144
-0.70062
-0.6981
-0.70142
-0.70228
-0.70012
-0.698
-0.70922
-0.70312
-0.69406
-0.70172
-0.7006
-0.7024
-0.70388
-0.697
-0.69484
-0.6983
-0.70716
-0.6929
-0.71034
-0.70382
-0.70744
-0.7017
-0.70016
-0.69606
-0.69628
-0.69802
-0.69902
-0.70368
-0.69814
-0.70466
-0.70422
-0.69912
-0.70118
-0.70352
-0.70188
-0.70654
-0.70488
-0.70354
-0.69804
-0.70206
-0.6982
-0.70104
-0.6993
-0.70052
-0.6922
-0.70438
-0.69988
-0.6969
-0.70012
-0.70018
-0.6995
-0.7039
-0.70868
-0.70034
-0.69804
-0.69478
-0.69946
-0.69582
-0.69486
-0.69876
-0.70312
-0.70156
-0.70534
-0.70604
-0.69574
-0.70066
-0.70492
-0.70118
-0.69964
-0.70614
-0.6943
-0.6945
-0.69182
-0.70184
-0.70004
-0.70366
-0.70548
-0.69976
-0.70098
-0.69582
-0.69722
-0.69874
-0.70308
-0.69578
-0.69692
-0.6964
-0.70412
-0.69544
-0.69558
-0.69732
-0.69794
-0.7028
-0.7015
-0.70532
-0.70112
-0.69726
-0.6991
-0.69646
-0.69812
-0.70346
-0.69586
-0.7001
-0.69874
-0.69932
-0.69926
-0.69822
-0.7033
-0.698
-0.70128
-0.70098
-0.70256
-0.70734
-0.69992
-0.7027
-0.6994
-0.70376
-0.6969
-0.69986
-0.69934
-0.70582
-0.70414
-0.70244
-0.70304
-0.7064
-0.69844
-0.704
-0.69474
-0.70146
-0.70392
-0.70318
-0.69974
-0.7022
-0.70344
-0.69604
-0.70246
-0.70534
-0.6985
-0.70688
-0.7038
-0.6967
-0.69602
-0.70022
-0.69562
-0.69968
-0.69634
-0.69942
-0.7001
-0.7008
-0.69624
-0.69912
-0.70132
-0.70014
-0.69664
-0.69924
-0.70216
-0.70228
-0.70392
-0.69996
-0.70158
-0.70412
-0.69614
-0.70096
-0.69592
-0.71198
-0.69832
-0.69762
-0.69226
-0.70106
-0.7036
-0.696
-0.69762
-0.70092
-0.70116
-0.70014
-0.6987
-0.69638
-0.7015
-0.7057
-0.69788
-0.70122
-0.70314
-0.69868
-0.70126
-0.69998
-0.70534
-0.69732
-0.69552
-0.7049
-0.69606
-0.69674
-0.70598
-0.70702
-0.7049
-0.69922
-0.69546
-0.70094
-0.70142
-0.71004
-0.70222
-0.70016
-0.70192
-0.70102
-0.70334
-0.6992
-0.6971
-0.70536
-0.70308
-0.69558
-0.70168
-0.69928
-0.69432
-0.69784
-0.695
-0.70718
-0.7013
-0.70674
-0.70296
-0.70154
-0.71036
-0.69586
-0.70474
-0.69812
-0.70488
-0.69914
-0.6983
-0.7032
-0.6924
-0.69808
-0.69734
-0.69848
-0.70464
-0.70814
-0.69872
-0.69726
-0.69974
-0.70358
-0.69428
-0.70122
-0.6879
-0.69912
-0.69686
-0.69934
-0.704
-0.70578
-0.6956
-0.70218
-0.69992
-0.70088
-0.70276
-0.70338
-0.70334
-0.6965
-0.70362
-0.70582
-0.70088
-0.70566
-0.70028
-0.70348
-0.7023
-0.69798
-0.70096
-0.69522
-0.70124
-0.69732
-0.69558
-0.69872
-0.69716
-0.69908
-0.70212
-0.7059
-0.70068
-0.69792
-0.70188
-0.70468
-0.69738
-0.69812
-0.69666
-0.7043
-0.70448
-0.7021
-0.6974
-0.70472
-0.69844
-0.70448
-0.70518
-0.69808
-0.69858
-0.7006
-0.70116
-0.701
-0.70228
-0.69674
-0.70178
-0.69596
-0.69864
-0.70026
-0.70126
-0.69858
-0.695
-0.70146
-0.70374
-0.70198
-0.70392
-0.70438
-0.7014
-0.7033
-0.6997
-0.69978
-0.70242
-0.6985
-0.69868
-0.69144
-0.70296
-0.70314
-0.70118
-0.70194
-0.7048
-0.70568
-0.69398
-0.6965
-0.696
-0.70232
-0.70036
-0.7048
-0.70136
-0.7083
-0.69932
-0.69686
-0.69902
-0.70648
-0.70034
-0.69732
-0.70346
-0.70514
-0.7029
-0.70052
-0.69802
-0.70188
-0.70416
-0.69858
-0.70148
-0.70058
-0.70048
-0.70118
-0.69544
-0.69834
-0.70288
-0.70172
-0.69738
-0.70278
-0.69232
-0.7021
-0.70312
-0.6954
-0.70116
-0.70298
-0.698
-0.7006
-0.70682
-0.6995
-0.7025
-0.69924
-0.69902
-0.70606
-0.69852
-0.69646
-0.69362
-0.70236
-0.7023
-0.69784
-0.69954
-0.70584
-0.69766
-0.70216
-0.69686
-0.70388
-0.7088
-0.70628
-0.69848
-0.69628
-0.70358
-0.7045
-0.70608
-0.69076
-0.70066
-0.70366
-0.71344
-0.70186
-0.70456
-0.70362
-0.69812
-0.70594
-0.70324
-0.69864
-0.70398
-0.6974
-0.70446
-0.69998
-0.70018
-0.69736
-0.70034
-0.69622
-0.70732
-0.69828
-0.70148
-0.70556
-0.70174
-0.70404
-0.69748
-0.70376
-0.6962
-0.6977
-0.70302
-0.70348
-0.7037
-0.7054
-0.70024
-0.69816
-0.70158
-0.70502
-0.69758
-0.69908
-0.7052
-0.6949
-0.69642
-0.6937
-0.69292
-0.70076
-0.70628
-0.70228
-0.69822
-0.6983
-0.70472
-0.6965
-0.69418
-0.69804
-0.70786
-0.70346
-0.70218
-0.70144
-0.69942
-0.70444
-0.69708
-0.69572
-0.69766
-0.70374
-0.702
-0.70602
-0.70282
-0.69872
-0.70566
-0.70064
-0.70322
-0.70056
-0.7046
-0.70308
-0.69372
-0.70678
-0.70562
-0.70352
-0.70488
-0.70418
-0.70106
-0.70116
-0.6985
-0.70172
-0.69374
-0.7006
-0.69806
-0.70406
-0.70392
-0.7032
-0.69832
-0.70246
-0.7046
-0.70086
-0.70366
-0.70186
-0.7
-0.69882
-0.70816
-0.70652
-0.70608
-0.69568
-0.70326
-0.69928
-0.70204
-0.69668
-0.6998
-0.6954
-0.69712
-0.69966
-0.70138
-0.70398
-0.70376
-0.7031
-0.70336
-0.7042
-0.69986
-0.69964
-0.69808
-0.70606
-0.6956
-0.70732
-0.703
-0.69774
-0.69662
-0.69762
-0.70026
-0.6979
-0.69736
-0.70062
-0.70386
-0.69992
-0.69478
-0.70424
-0.70398
-0.7012
-0.70438
-0.70322
-0.7
-0.7013
-0.698
-0.7007
-0.69712
-0.70036
-0.69922
-0.70488
-0.70418
-0.7085
-0.6989
-0.7017
-0.7023
-0.70438
-0.70124
-0.7082
-0.7084
-0.70474
-0.7013
-0.7061
-0.69858
-0.70334
-0.69478
-0.69552
-0.70024
-0.68958
-0.69994
-0.70232
-0.70706
-0.6985
-0.70106
-0.69978
-0.70222
-0.70486
-0.70674
-0.70152
-0.70502
-0.69912
-0.69934
-0.69834
-0.6983
-0.70648
-0.6999
-0.7026
-0.69976
-0.70086
-0.70318
-0.70194
-0.70214
-0.70778
-0.69148
-0.69124
-0.70028
-0.69762
-0.70268
-0.69798
-0.70944
-0.70218
-0.6988
-0.7032
-0.70462
-0.70032
-0.70484
-0.69872
-0.7041
-0.70252
-0.70378
-0.70396
-0.70032
-0.70454
-0.69618
-0.7023
-0.70086
-0.69664
-0.69884
-0.70344
-0.69834
-0.69594
-0.70286
-0.70264
-0.70232
-0.7036
-0.70222
-0.70294
-0.70084
-0.7019
-0.70578
-0.6989
-0.6988
-0.70174
-0.69436
-0.7021
-0.69638
-0.7042
-0.70046
-0.69984
-0.7061
-0.69854
-0.70616
-0.69794
-0.68996
-0.6978
-0.69764
-0.7031
-0.70096
-0.71012
-0.69942
-0.69938
-0.703
-0.69998
-0.70624
-0.70454
-0.6993
-0.69994
-0.69654
-0.70344
-0.70438
-0.70322
-0.70614
-0.70674
-0.70446
-0.70368
-0.70018
-0.7107
-0.69768
-0.70182
-0.6975
-0.70498
-0.69622
-0.70148
-0.70558
-0.69324
-0.69986
-0.70122
-0.70154
-0.69944
-0.70022
-0.70292
-0.70894
-0.69678
-0.69746
-0.69798
-0.69942
-0.7024
-0.70304
-0.7012
-0.70308
-0.70224
-0.70314
-0.70338
-0.70414
-0.69628
-0.7
-0.70018
-0.6997
-0.7013
-0.70218
-0.70742
-0.70146
-0.69762
-0.70424
-0.69382
-0.69326
-0.70304
-0.70206
-0.70046
-0.70214
-0.69902
-0.69474
-0.69758
-0.70074
-0.69492
-0.69856
-0.69948
-0.70372
-0.70096
-0.69584
-0.71354
-0.70312
-0.69926
-0.70242
-0.70436
-0.70292
-0.69854
-0.7029
-0.69526
-0.70196
-0.69614
-0.69572
-0.69908
-0.69996
-0.6946
-0.69758
-0.69542
-0.69422
-0.70262
-0.70148
-0.70324
-0.7058
-0.705
-0.69644
-0.69956
-0.6965
-0.70058
-0.7029
-0.70648
-0.7054
-0.69652
-0.70234
-0.69984
-0.70032
-0.7065
-0.70242
-0.70162
-0.69582
-0.70646
-0.70286
-0.70212
-0.70582
-0.6959
-0.70042
-0.6962
-0.70088
-0.70274
-0.70182
-0.7016
-0.6986
-0.70546
-0.69976
-0.70216
-0.69494
-0.69928
-0.703
-0.70468
-0.7053
-0.70284
-0.69444
-0.69528
-0.69976
-0.70296
-0.70054
-0.70162
-0.70188
-0.69698
-0.7101
-0.70374
-0.70156
-0.70174
-0.69852
-0.70144
-0.69352
-0.6993
-0.7014
-0.6966
-0.69842
-0.6992
-0.7029
-0.69964
-0.70084
-0.69792
-0.69918
-0.7043
-0.70484
-0.70008
-0.70048
-0.6984
-0.70502
-0.69448
-0.6997
-0.70142
-0.69848
-0.7028
-0.69826
-0.6991
-0.69892
-0.6989
-0.6935
-0.70286
-0.70436
-0.69884
-0.7033
-0.69944
-0.7005
-0.70102
-0.7
-0.69498
-0.69926
-0.70224
-0.69954
-0.69888
-0.69702
-0.69552
-0.69586
-0.7037
-0.7008
-0.69622
-0.69348
-0.699
-0.69328
-0.70054
-0.69662
-0.7085
-0.70046
-0.69968
-0.70008
-0.69968
-0.70242
-0.69906
-0.70374
-0.70604
-0.7022
-0.6984
-0.70088
-0.70506
-0.69906
-0.69646
-0.7002
-0.7035
-0.70232
-0.7026
-0.70516
-0.6898
-0.70498
-0.69604
-0.70258
-0.70376
-0.70564
-0.699
-0.69662
-0.70586
-0.70078
-0.69596
-0.69682
-0.69426
-0.69782
-0.70322
-0.69942
-0.69776
-0.702
-0.70078
-0.70676
-0.70336
-0.70068
-0.70138
-0.69804
-0.69578
-0.69448
-0.7022
-0.7056
-0.6953
-0.70206
-0.70558
-0.70246
-0.705
-0.69504
-0.69876
-0.7025
-0.70256
-0.69568
-0.69832
-0.70348
-0.7022
-0.69904
-0.70814
-0.70252
-0.7012
-0.69664
-0.70488
-0.70792
-0.69938
-0.69554
-0.7045
-0.69874
-0.69778
-0.69596
-0.70246
-0.69892
-0.70832
-0.70044
-0.70444
-0.69898
-0.6946
-0.69398
-0.6928
-0.69496
-0.70836
-0.69648
-0.70168
-0.70274
-0.69998
-0.70144
-0.7011
-0.69602
-0.6985
-0.69966
-0.70342
-0.70026
-0.70502
-0.69516
-0.69318
-0.70408
-0.70088
-0.70526
-0.705
-0.70332
-0.69652
-0.69196
-0.6952
-0.69956
-0.70162
-0.70194
-0.69844
-0.7001
-0.70042
-0.70254
-0.69684
-0.70146
-0.70192
-0.70014
-0.70346
-0.70426
-0.70392
-0.69758
-0.69428
-0.70092
-0.69836
-0.70436
-0.70168
-0.70262
-0.70056
-0.69046
-0.70142
-0.7016
-0.69848
-0.70286
-0.69564
-0.70038
-0.69882
-0.70606
-0.70174
-0.70404
-0.70034
-0.70236
-0.69882
-0.70084
-0.70352
-0.70136
-0.70268
-0.70402
-0.6984
-0.6962
-0.69888
-0.70212
-0.69672
-0.70018
-0.70968
-0.7009
-0.70544
-0.70386
-0.69802
-0.70264
-0.69854
-0.70398
-0.70116
-0.70494
-0.69592
-0.70234
-0.70114
-0.69922
-0.70226
-0.70048
-0.70506
-0.70746
-0.70014
-0.70116
-0.69308
-0.69914
-0.70518
-0.69164
-0.6995
-0.69638
-0.69988
-0.70202
-0.70248
-0.70084
-0.70004
-0.70178
-0.70242
-0.70366
-0.70158
-0.69902
-0.70278
-0.70288
-0.70438
-0.70594
-0.6988
-0.70366
-0.6918
-0.69684
-0.70098
-0.69832
-0.70014
-0.69968
-0.69618
-0.70908
-0.70188
-0.69866
-0.7038
-0.70032
-0.69718
-0.7002
-0.70016
-0.69938
-0.69802
-0.7006
-0.6983
-0.7012
-0.697
-0.70216
-0.69594
-0.70448
-0.69988
-0.70134
-0.70068
-0.70038
-0.7008
-0.70156
-0.70434
-0.69902
-0.70036
-0.70282
-0.6981
-0.69296
-0.6982
-0.69956
-0.70244
-0.69006
-0.69846
-0.6928
-0.70352
-0.7023
-0.69582
-0.70484
-0.70606
-0.6953
-0.69296
-0.7035
-0.7008
-0.70528
-0.70252
-0.69952
-0.70106
-0.70132
-0.703
-0.7038
-0.70686
-0.69856
-0.707
-0.70426
-0.69724
-0.70032
-0.7048
-0.70164
-0.7034
-0.70456
-0.701
-0.69984
-0.70402
-0.71016
-0.69882
-0.70146
-0.69504
-0.69464
-0.70216
-0.70426
-0.69766
-0.6993
-0.70394
-0.70066
-0.7048
-0.70294
-0.70356
-0.70292
-0.70438
-0.7005
-0.70098
-0.6978
-0.70684
-0.69802
-0.70292
-0.70018
-0.69566
-0.70636
-0.70298
-0.701
-0.69438
-0.70028
-0.69612
-0.70268
-0.7061
-0.70006
-0.70064
-0.69828
-0.6997
-0.70206
-0.6928
-0.69484
-0.70766
-0.70154
-0.70444
-0.70648
-0.69756
-0.70038
-0.70542
-0.70066
-0.70284
-0.69988
-0.69518
-0.69764
-0.6978
-0.70626
-0.70602
-0.70446
-0.69978
-0.6972
-0.69784
-0.69974
-0.70002
-0.69926
-0.69944
-0.6939
-0.69224
-0.70282
-0.70098
-0.69886
-0.70552
-0.69974
-0.69822
-0.69978
-0.7043
-0.7018
-0.69838
-0.70154
-0.70098
-0.69998
-0.70546
-0.69702
-0.70284
-0.70306
-0.69738
-0.70964
-0.69908
-0.69438
-0.6971
-0.6997
-0.70214
-0.7095
-0.6961
-0.69762
-0.69954
-0.7044
-0.70532
-0.7002
-0.70136
-0.69628
-0.70414
-0.70406
-0.70286
-0.70306
-0.703
-0.70018
-0.7021
-0.69638
-0.70038
-0.70174
-0.70178
-0.6962
-0.69604
-0.69572
-0.69754
-0.70038
-0.70442
-0.7014
-0.70178
-0.699
-0.7064
-0.70174
-0.69818
-0.69584
-0.69976
-0.70166
-0.70144
-0.69238
-0.70532
-0.70172
-0.7015
-0.69356
-0.70128
-0.70036
-0.7046
-0.70044
-0.70498
-0.7006
-0.69792
-0.70404
-0.6975
-0.69904
-0.69698
-0.69786
-0.69474
-0.70092
-0.70344
-0.70002
-0.70592
-0.6974
-0.69892
-0.6988
-0.6988
-0.7017
-0.69368
-0.6922
-0.69894
-0.69988
-0.69894
-0.71092
-0.69824
-0.69924
-0.7019
-0.70412
-0.69804
-0.70266
-0.69842
-0.69792
-0.6986
-0.69854
-0.70482
-0.70304
-0.69904
-0.69822
-0.70126
-0.69986
-0.7002
-0.701
-0.69548
-0.69764
-0.69922
-0.702
-0.69952
-0.70332
-0.70656
-0.69766
-0.70192
-0.7046
-0.70354
-0.70456
-0.70432
-0.70522
-0.69956
-0.70058
-0.69514
-0.70618
-0.70608
-0.70086
-0.69626
-0.6952
-0.70866
-0.69918
-0.70484
-0.69962
-0.6999
-0.7039
-0.69372
-0.70468
-0.69998
-0.706
-0.70002
-0.70372
-0.71004
-0.7065
-0.70272
-0.69876
-0.70552
-0.69216
-0.7
-0.7028
-0.70204
-0.7045
-0.69052
-0.70508
-0.70066
-0.69662
-0.70076
-0.70004
-0.6984
-0.70294
-0.7038
-0.70666
-0.69982
-0.69932
-0.70154
-0.69962
-0.70462
-0.70322
-0.70164
-0.7078
-0.7023
-0.69888
-0.69724
-0.7034
-0.69724
-0.70256
-0.6925
-0.70126
-0.70804
-0.69772
-0.69754
-0.69826
-0.69144
-0.69776
-0.7014
-0.7055
-0.70498
-0.70922
-0.7058
-0.70168
-0.7033
-0.70076
-0.6972
-0.702
-0.701
-0.69942
-0.70188
-0.69854
-0.70692
-0.69778
-0.69994
-0.70064
-0.69884
-0.7068
-0.70388
-0.70694
-0.7038
-0.70014
-0.70292
-0.70026
-0.6981
-0.70506
-0.70754
-0.69604
-0.69848
-0.69892
-0.70142
-0.70566
-0.69788
-0.69656
-0.70488
-0.69808
-0.70444
-0.70224
-0.70256
-0.69782
-0.70662
-0.69938
-0.70588
-0.70218
-0.70238
-0.70464
-0.69764
-0.69636
-0.69888
-0.70424
-0.6948
-0.70122
-0.69892
-0.70366
-0.7005
-0.70544
-0.70648
-0.69826
-0.69582
-0.70352
-0.7022
-0.70038
-0.70566
-0.70642
-0.7024
-0.69884
-0.70196
-0.69026
-0.70616
-0.69724
-0.69636
-0.70608
-0.70202
-0.70654
-0.7022
-0.70418
-0.70444
-0.70304
-0.70318
-0.70298
-0.70046
-0.69958
-0.70048
-0.69698
-0.7061
-0.69902
-0.701
-0.69896
-0.69626
-0.6936
-0.70312
-0.70056
-0.70358
-0.70564
-0.70318
-0.7033
-0.70206
-0.69724
-0.6999
-0.69748
-0.69528
-0.7042
-0.70444
-0.69732
-0.69764
-0.69328
-0.69874
-0.70288
-0.702
-0.69832
-0.70002
-0.70168
-0.6992
-0.6948
-0.69962
-0.70878
-0.70282
-0.70576
-0.7021
-0.70214
-0.69626
-0.69948
-0.70112
-0.6984
-0.70304
-0.70658
-0.70362
-0.69684
-0.69944
-0.69606
-0.70426
-0.6997
-0.70454
-0.6979
-0.6954
-0.69918
-0.70218
-0.6992
-0.70006
-0.7009
-0.70596
-0.70262
-0.6982
-0.69904
-0.69938
-0.7014
-0.69368
-0.70062
-0.69844
-0.70422
-0.70284
-0.6998
-0.70266
-0.6949
-0.69576
-0.69776
-0.69568
-0.70022
-0.69196
-0.6968
-0.70556
-0.69874
-0.70104
-0.70444
-0.70456
-0.69238
-0.70568
-0.7038
-0.70168
-0.7043
-0.69844
-0.70652
-0.70096
-0.70262
-0.70084
-0.69844
-0.7027
-0.69438
-0.69946
-0.70052
-0.69888
-0.70188
-0.7064
-0.6951
-0.70038
-0.70446
-0.70614
-0.70044
-0.70214
-0.6994
-0.70292
-0.69582
-0.70032
-0.70084
-0.70188
-0.6984
-0.69756
-0.69966
-0.70404
-0.70504
-0.70016
-0.69816
-0.70308
-0.70372
-0.70234
-0.70224
-0.69858
-0.70638
-0.69892
-0.70298
-0.69612
-0.69294
-0.69868
-0.70014
-0.69984
-0.6959
-0.69508
-0.69478
-0.70056
-0.7054
-0.70044
-0.7034
-0.70202
-0.70818
-0.70228
-0.69996
-0.69886
-0.69772
-0.70178
-0.70396
-0.6999
-0.7035
-0.70236
-0.6955
-0.70706
-0.70216
-0.70596
-0.7052
-0.6964
-0.70038
-0.69412
-0.6938
-0.69748
-0.70058
-0.69882
-0.6977
-0.70146
-0.70702
-0.69752
-0.70152
-0.70312
-0.70254
-0.7026
-0.706
-0.68784
-0.707
-0.7027
-0.69824
-0.70232
-0.69638
-0.69876
-0.70086
-0.69834
-0.69818
-0.6948
-0.69696
-0.70248
-0.69636
-0.70078
-0.70486
-0.7011
-0.69466
-0.70066
-0.69862
-0.70408
-0.7002
-0.69834
-0.69424
-0.69998
-0.69802
-0.69436
-0.70044
-0.69916
-0.69942
-0.70092
-0.6996
-0.70574
-0.69818
-0.69768
-0.6975
-0.70172
-0.70392
-0.7002
-0.7035
-0.70062
-0.70522
-0.70466
-0.70628
-0.6972
-0.69936
-0.70514
-0.70644
-0.70032
-0.7032
-0.70176
-0.69914
-0.69944
-0.70018
-0.70634
-0.69612
-0.70628
-0.70022
-0.69848
-0.7027
-0.69736
-0.69934
-0.69916
-0.70086
-0.70562
-0.69932
-0.69318
-0.70156
-0.706
-0.70216
-0.69932
-0.69936
-0.70216
-0.70086
-0.697
-0.70388
-0.70372
-0.69908
-0.69854
-0.69844
-0.69814
-0.70302
-0.70402
-0.70548
-0.70458
-0.70038
-0.70248
-0.70252
-0.70174
-0.69936
-0.7033
-0.7014
-0.70388
-0.6995
-0.70518
-0.70456
-0.7007
-0.69966
-0.6961
-0.69894
-0.70112
-0.70404
-0.70102
-0.69998
-0.6994
-0.70368
-0.6978
-0.7025
-0.70734
-0.70266
-0.70038
-0.6928
-0.70458
-0.70214
-0.70312
-0.71078
-0.70082
-0.7025
-0.70064
-0.70452
-0.69906
-0.70068
-0.69646
-0.70474
-0.69792
-0.70478
-0.69464
-0.70096
-0.7013
-0.6997
-0.6957
-0.70604
-0.70288
-0.70076
-0.6973
-0.69484
-0.70194
-0.70974
-0.70452
-0.69768
-0.70942
-0.69566
-0.70178
-0.69678
-0.70566
-0.6988
-0.702
-0.7
-0.70286
-0.69966
-0.7067
-0.70314
-0.70352
-0.70022
-0.69982
-0.70156
-0.70164
-0.69818
-0.69672
-0.70188
-0.70528
-0.69968
-0.69752
-0.70496
-0.70286
-0.69482
-0.70326
-0.69848
-0.7056
-0.70168
-0.69898
-0.70004
-0.7103
-0.70146
-0.70404
-0.6987
-0.69782
-0.70144
-0.69842
-0.69836
-0.70188
-0.69818
-0.6992
-0.70118
-0.69884
-0.69716
-0.70472
-0.69624
-0.70116
-0.69766
-0.70274
-0.7018
-0.69824
-0.70356
-0.70044
-0.7011
-0.69976
-0.70576
-0.6945
-0.70068
-0.69816
-0.69784
-0.69892
-0.7056
-0.70922
-0.70106
-0.70294
-0.6996
-0.6955
-0.7
-0.70352
-0.70652
-0.70706
-0.70044
-0.69868
-0.69826
-0.70304
-0.70558
-0.70274
-0.7
-0.69954
-0.7041
-0.70486
-0.69912
-0.69284
-0.7012
-0.695
-0.70028
-0.701
-0.70698
-0.70604
-0.69548
-0.69954
-0.69402
-0.70108
-0.69698
-0.70234
-0.70208
-0.70236
-0.69898
-0.69224
-0.7031
-0.7054
-0.699
-0.70788
-0.69888
-0.70242
-0.70516
-0.69814
-0.70922
-0.70078
-0.70018
-0.69736
-0.70062
-0.7092
-0.6972
-0.70558
-0.69908
-0.69616
-0.7014
-0.69468
-0.70136
-0.69732
-0.7023
-0.70262
-0.7052
-0.70504
-0.7034
-0.70316
-0.69776
-0.70186
-0.7015
-0.7058
-0.69854
-0.70234
-0.7027
-0.70812
-0.70832
-0.69968
-0.70332
-0.70466
-0.70102
-0.712
-0.6999
-0.702
-0.70092
-0.70478
-0.69952
-0.69922
-0.693
-0.7024
-0.69662
-0.702
-0.70338
-0.70422
-0.7111
-0.69924
-0.70278
-0.69756
-0.6966
-0.702
-0.70298
-0.70562
-0.70068
-0.70008
-0.69646
-0.70316
-0.6987
-0.7023
-0.7039
-0.7016
-0.69724
-0.70392
-0.70058
-0.70014
-0.7087
-0.70254
-0.69476
-0.69762
-0.70452
-0.70782
-0.70354
-0.70458
-0.69884
-0.70006
-0.70306
-0.7009
-0.7007
-0.69884
-0.6952
-0.70824
-0.70008
-0.69924
-0.70316
-0.69846
-0.70214
-0.69872
-0.69702
-0.69482
-0.70298
-0.7036
-0.70024
-0.69836
-0.698
-0.70316
-0.7013
-0.69822
-0.6986
-0.69752
-0.70388
-0.7008
-0.69878
-0.69274
-0.70278
-0.7032
-0.7051
-0.69614
-0.70158
-0.69826
-0.7034
-0.70336
-0.70664
-0.70422
-0.70506
-0.69658
-0.69472
-0.70312
-0.69456
-0.69948
-0.70094
-0.70268
-0.7041
-0.70274
-0.69854
-0.6999
-0.69848
-0.70332
-0.701
-0.70024
-0.704
-0.70058
-0.69942
-0.70182
-0.69656
-0.69704
-0.70314
-0.70828
-0.70344
-0.70454
-0.70338
-0.70624
-0.70376
-0.69834
-0.69526
-0.70418
-0.69976
-0.69228
-0.69974
-0.70118
-0.69822
-0.70428
-0.69878
-0.69722
-0.70478
-0.6965
-0.6993
-0.69432
-0.70106
-0.70674
-0.70376
-0.70108
-0.70126
-0.69366
-0.7034
-0.69766
-0.6967
-0.70026
-0.70124
-0.70096
-0.7082
-0.70032
-0.70026
-0.70264
-0.70268
-0.69678
-0.70314
-0.70348
-0.70296
-0.69826
-0.70104
-0.702
-0.69434
-0.69828
-0.7004
-0.69842
-0.70166
-0.70614
-0.6982
-0.70088
-0.69694
-0.7019
-0.70002
-0.7015
-0.70034
-0.70864
-0.69898
-0.70208
-0.69696
-0.6952
-0.699
-0.70278
-0.6975
-0.7003
-0.69684
-0.69098
-0.69964
-0.7017
-0.70324
-0.7088
-0.69868
-0.6995
-0.70028
-0.69544
-0.69756
-0.70238
-0.7009
-0.70162
-0.70498
-0.70456
-0.69956
-0.70156
-0.70354
-0.70634
-0.70134
-0.70212
-0.7063
-0.70202
-0.70828
-0.7041
-0.7013
-0.70108
-0.70578
-0.69838
-0.71072
-0.70076
-0.70264
-0.69912
-0.70516
-0.69446
-0.69896
-0.703
-0.70316
-0.70086
-0.7017
-0.70264
-0.70466
-0.69776
-0.69988
-0.7016
-0.70298
-0.6921
-0.70434
-0.70254
-0.70318
-0.70274
-0.70166
-0.70142
-0.7043
-0.70626
-0.70246
-0.70096
-0.7078
-0.69954
-0.6965
-0.69632
-0.69464
-0.7059
-0.7044
-0.70056
-0.69904
-0.6966
-0.69954
-0.69348
-0.69998
-0.7005
-0.70384
-0.70176
-0.70032
-0.69794
-0.70354
-0.70114
-0.6959
-0.70454
-0.70164
-0.70274
-0.70234
-0.70312
-0.6987
-0.69358
-0.69968
-0.6984
-0.70066
-0.70096
-0.69868
-0.6986
-0.69926
-0.70062
-0.69928
-0.70356
-0.70022
-0.69918
-0.6971
-0.70226
-0.7005
-0.69302
-0.69988
-0.70136
-0.70302
-0.69884
-0.70276
-0.69666
-0.69488
-0.69758
-0.70154
-0.70048
-0.70392
-0.70036
-0.70088
-0.70026
-0.69024
-0.69706
-0.70046
-0.69892
-0.70132
-0.7046
-0.70216
-0.70036
-0.69988
-0.69692
-0.69858
-0.70014
-0.6997
-0.69476
-0.70174
-0.69996
-0.70324
-0.69732
-0.70208
-0.6995
-0.6992
-0.69842
-0.70774
-0.6996
-0.70208
-0.69756
-0.69852
-0.6976
-0.70666
-0.71086
-0.7038
-0.70398
-0.7029
-0.70596
-0.69892
-0.7023
-0.7036
-0.70384
-0.7017
-0.70834
-0.69608
-0.69952
-0.69694
-0.69602
-0.7029
-0.70732
-0.69756
-0.69986
-0.70114
-0.69814
-0.70012
-0.70156
-0.70584
-0.698
-0.7032
-0.7017
-0.6961
-0.70096
-0.69466
-0.69944
-0.70654
-0.69536
-0.70308
-0.6949
-0.7019
-0.70008
-0.6967
-0.69946
-0.70464
-0.69698
-0.70218
-0.69558
-0.69346
-0.70608
-0.70204
-0.70712
-0.6992
-0.70516
-0.70174
-0.69284
-0.70026
-0.69856
-0.7025
-0.70342
-0.70356
-0.70276
-0.70352
-0.70154
-0.7002
-0.70196
-0.70274
-0.70284
-0.69596
-0.7
-0.69594
-0.7037
-0.70554
-0.7017
-0.70834
-0.70142
-0.69568
-0.70012
-0.7048
-0.7068
-0.69992
-0.7014
-0.70458
-0.69276
-0.70456
-0.7012
-0.70262
-0.69682
-0.69876
-0.70374
-0.7031
-0.69912
-0.6969
-0.7052
-0.69744
-0.70366
-0.69978
-0.7021
-0.70932
-0.70528
-0.70276
-0.70026
-0.69918
-0.70526
-0.70366
-0.7118
-0.69764
-0.7048
-0.70336
-0.70864
-0.69498
-0.706
-0.70336
-0.69632
-0.69846
-0.69954
-0.70382
-0.70264
-0.69948
-0.69848
-0.70384
-0.70858
-0.70198
-0.70304
-0.7007
-0.69468
-0.69652
-0.7014
-0.70334
-0.70284
-0.70756
-0.70244
-0.69942
-0.69914
-0.70568
-0.69822
-0.70024
-0.70038
-0.70326
-0.70438
-0.69546
-0.70102
-0.70402
-0.70668
-0.7081
-0.69894
-0.69494
-0.70194
-0.70034
-0.7017
-0.70152
-0.69994
-0.70078
-0.69324
-0.7028
-0.70034
-0.70434
-0.70646
-0.70444
-0.6994
-0.70396
-0.69852
-0.69878
-0.70064
-0.70338
-0.70034
-0.70252
-0.70072
-0.69864
-0.69642
-0.70276
-0.69658
-0.7
-0.69216
-0.70062
-0.70108
-0.69756
-0.69976
-0.70116
-0.70496
-0.70072
-0.7009
-0.70114
-0.70086
-0.70588
-0.69944
-0.69864
-0.69606
-0.70674
-0.70054
-0.7047
-0.70006
-0.69588
-0.70294
-0.70298
-0.70188
-0.6985
-0.7021
-0.7066
-0.70112
-0.70868
-0.70562
-0.70374
-0.70298
-0.70312
-0.70344
-0.69144
-0.70154
-0.70636
-0.71136
-0.698
-0.70344
-0.7093
-0.69904
-0.69754
-0.70072
-0.70716
-0.695
-0.69582
-0.70716
-0.70082
-0.69514
-0.69438
-0.70128
-0.70136
-0.70242
-0.6972
-0.69084
-0.69996
-0.69564
-0.70046
-0.70114
-0.70276
-0.70042
-0.70408
-0.70684
-0.69506
-0.69802
-0.69166
-0.70424
-0.69474
-0.69432
-0.69628
-0.6996
-0.70654
-0.69624
-0.70096
-0.70054
-0.69622
-0.7061
-0.7062
-0.69556
-0.69418
-0.7011
-0.70118
-0.7021
-0.70474
-0.7039
-0.70634
-0.69994
-0.70206
-0.70494
-0.69948
-0.69946
-0.70766
-0.69702
-0.69964
-0.7009
-0.70104
-0.70034
-0.69974
-0.70334
-0.70366
-0.70352
-0.70416
-0.7054
-0.70152
-0.69978
-0.70696
-0.70326
-0.69776
-0.69682
-0.70134
-0.69738
-0.70074
-0.70516
-0.7035
-0.70346
-0.70584
-0.7025
-0.69714
-0.69896
-0.70162
-0.70602
-0.7014
-0.70222
-0.69932
-0.69852
-0.70422
-0.70644
-0.70672
-0.70164
-0.69822
-0.69484
-0.69668
-0.69918
-0.69782
-0.70614
-0.70098
-0.70356
-0.70206
-0.7028
-0.70138
-0.70056
-0.70284
-0.7013
-0.70494
-0.701
-0.70482
-0.70126
-0.69672
-0.70838
-0.69742
-0.7075
-0.7036
-0.70484
-0.70096
-0.69992
-0.7027
-0.70072
-0.69572
-0.70676
-0.69774
-0.69646
-0.70324
-0.6947
-0.70684
-0.69408
-0.69956
-0.7039
-0.6957
-0.70732
-0.70694
-0.69902
-0.69676
-0.70362
-0.7055
-0.70344
-0.70112
-0.70512
-0.70344
-0.70376
-0.70116
-0.69806
-0.70498
-0.69934
-0.6988
-0.7029
-0.69348
-0.695
-0.705
-0.70262
-0.70106
-0.7013
-0.69808
-0.70618
-0.70252
-0.70456
-0.70436
-0.70268
-0.69784
-0.6939
-0.69946
-0.69928
-0.71104
-0.70712
-0.7045
-0.6992
-0.70074
-0.70196
-0.70094
-0.70108
-0.69906
-0.70352
-0.7012
-0.7029
-0.70376
-0.69718
-0.69854
-0.69972
-0.69672
-0.70166
-0.70028
-0.695
-0.69688
-0.70018
-0.70072
-0.70082
-0.7009
-0.70406
-0.69918
-0.69524
-0.7004
-0.70276
-0.69478
-0.70134
-0.70072
-0.70558
-0.70676
-0.69634
-0.69588
-0.69798
-0.70256
-0.70162
-0.70598
-0.69784
-0.69888
-0.70378
-0.69774
-0.70402
-0.69574
-0.69608
-0.70386
-0.70206
-0.70342
-0.6972
-0.7032
-0.70102
-0.69854
-0.70004
-0.69464
-0.69926
-0.69912
-0.69916
-0.71022
-0.70166
-0.70588
-0.70152
-0.7012
-0.70018
-0.70618
-0.70074
-0.70136
-0.69902
-0.69728
-0.70418
-0.69556
-0.69812
-0.7065
-0.70682
-0.70182
-0.6976
-0.69188
-0.6976
-0.6999
-0.7043
-0.69934
-0.69362
-0.70446
-0.70096
-0.6975
-0.70218
-0.69744
-0.69802
-0.69788
-0.7023
-0.6996
-0.70314
-0.70066
-0.70256
-0.70172
-0.69406
-0.70388
-0.69658
-0.69724
-0.7048
-0.6988
-0.70494
-0.7022
-0.70926
-0.70238
-0.70654
-0.69168
-0.69974
-0.70332
-0.69958
-0.69206
-0.7027
-0.69786
-0.69448
-0.70458
-0.69962
-0.69528
-0.69884
-0.70294
-0.69656
-0.7014
-0.69492
-0.69712
-0.69914
-0.7022
-0.6996
-0.69924
-0.70094
-0.70568
-0.69648
-0.69974
-0.70138
-0.6965
-0.70366
-0.70466
-0.7017
-0.69566
-0.70328
-0.69502
-0.69874
-0.698
-0.70286
-0.70014
-0.69488
-0.69888
-0.7026
-0.70088
-0.70454
-0.70174
-0.69688
-0.70508
-0.70394
-0.6995
-0.69886
-0.70288
-0.69966
-0.70156
-0.70032
-0.70248
-0.70284
-0.70122
-0.70182
-0.7003
-0.69842
-0.70322
-0.69582
-0.69434
-0.70146
-0.7041
-0.68832
-0.69998
-0.698
-0.69514
-0.70568
-0.70678
-0.70072
-0.70466
-0.70048
-0.69776
-0.7009
-0.69804
-0.69778
-0.69942
-0.70344
-0.69328
-0.69666
-0.695
-0.70576
-0.69818
-0.69984
-0.69816
-0.70352
-0.70206
-0.70226
-0.69858
-0.70098
-0.70058
-0.70458
-0.70166
-0.69632
-0.70568
-0.69592
-0.6967
-0.69352
-0.6954
-0.69868
-0.7022
-0.708
-0.70166
-0.69634
-0.70088
-0.70604
-0.70078
-0.70842
-0.70406
-0.6979
-0.7004
-0.70226
-0.70168
-0.7045
-0.70474
-0.70112
-0.69814
-0.69796
-0.69658
-0.69288
-0.70154
-0.6988
-0.70648
-0.7056
-0.6962
-0.70038
-0.69652
-0.698
-0.6976
-0.70216
-0.70358
-0.69676
-0.70526
-0.70642
-0.69874
-0.69506
-0.69868
-0.69556
-0.70072
-0.70284
-0.7017
-0.70062
-0.69692
-0.70146
-0.69502
-0.6983
-0.6967
-0.70388
-0.70746
-0.70432
-0.6994
-0.69782
-0.6983
-0.70372
-0.70264
-0.7011
-0.69846
-0.70864
-0.69932
-0.70626
-0.70048
-0.70092
-0.6992
-0.69938
-0.70158
-0.70744
-0.70004
-0.70542
-0.70196
-0.702
-0.70434
-0.70138
-0.7031
-0.7027
-0.7033
-0.70688
-0.6982
-0.70574
-0.70182
-0.69984
-0.69694
-0.70414
-0.6987
-0.69732
-0.70366
-0.70908
-0.70168
-0.70122
-0.69712
-0.70706
-0.70246
-0.70112
-0.69928
-0.69718
-0.70664
-0.69924
-0.69582
-0.69984
-0.70536
-0.6994
-0.6997
-0.70492
-0.70172
-0.70426
-0.70366
-0.69784
-0.70196
-0.70708
-0.70866
-0.70424
-0.69664
-0.70114
-0.69644
-0.69956
-0.69372
-0.70516
-0.7062
-0.70054
-0.70006
-0.70042
-0.70232
-0.69742
-0.69852
-0.69542
-0.6995
-0.70802
-0.69328
-0.69942
-0.70046
-0.7029
-0.69584
-0.7007
-0.7021
-0.70092
-0.70354
-0.70178
-0.7143
-0.69236
-0.70166
-0.70664
-0.70676
-0.7019
-0.69448
-0.69892
-0.69786
-0.69524
-0.69506
-0.70018
-0.69662
-0.7003
-0.70266
-0.69726
-0.70026
-0.6948
-0.70778
-0.6974
-0.70466
-0.7045
-0.70132
-0.6966
-0.70648
-0.70092
-0.70052
-0.70388
-0.70344
-0.6974
-0.69766
-0.69816
-0.6952
-0.70596
-0.7026
-0.70096
-0.70288
-0.70564
-0.70048
-0.69542
-0.70242
-0.69924
-0.69898
-0.70424
-0.70148
-0.6988
-0.6985
-0.7003
-0.70294
-0.69716
-0.6974
-0.70488
-0.69724
-0.69938
-0.69576
-0.70186
-0.7067
-0.69958
-0.70676
-0.7001
-0.70186
-0.69954
-0.69412
-0.6995
-0.7009
-0.7052
-0.70172
-0.69792
-0.70234
-0.6977
-0.7065
-0.70224
-0.6949
-0.69684
-0.70482
-0.6998
-0.70402
-0.70262
-0.7026
-0.6975
-0.71278
-0.70164
-0.70382
-0.70062
-0.70342
-0.70316
-0.69908
-0.69832
-0.70232
-0.70142
-0.69752
-0.69812
-0.70276
-0.69882
-0.7031
-0.70358
-0.69964
-0.69902
-0.69468
-0.69958
-0.69454
-0.70268
-0.70478
-0.70454
-0.70534
-0.7001
-0.69786
-0.69764
-0.69492
-0.70132
-0.70514
-0.69792
-0.69924
-0.69634
-0.70242
-0.70108
-0.69998
-0.70528
-0.70382
-0.7042
-0.70414
-0.70564
-0.69862
-0.7049
-0.69722
-0.69862
-0.69412
-0.6975
-0.70274
-0.70146
-0.69692
-0.69948
-0.70248
-0.702
-0.69668
-0.69828
-0.70054
-0.70546
-0.69896
-0.70356
-0.70074
-0.6958
-0.69848
-0.70114
-0.69658
-0.69726
-0.70092
-0.70442
-0.6954
-0.70544
-0.70316
-0.70306
-0.70424
-0.70244
-0.70076
-0.69792
-0.69916
-0.69958
-0.70572
-0.70342
-0.6991
-0.6985
-0.69786
-0.69606
-0.70018
-0.6959
-0.71242
-0.69654
-0.70092
-0.70044
-0.69782
-0.70896
-0.7029
-0.69564
-0.70128
-0.70512
-0.70852
-0.7042
-0.70214
-0.69716
-0.7032
-0.69448
-0.69732
-0.70242
-0.69906
-0.69714
-0.69962
-0.6991
-0.70538
-0.70678
-0.6917
-0.70128
-0.69988
-0.70168
-0.70398
-0.69698
-0.70006
-0.70298
-0.70118
-0.6974
-0.7055
-0.69904
-0.7048
-0.70496
-0.70206
-0.7042
-0.70402
-0.70564
-0.70306
-0.70204
-0.70452
-0.69598
-0.7067
-0.7011
-0.6986
-0.70228
-0.70506
-0.70502
-0.69906
-0.69878
-0.69734
-0.69522
-0.69816
-0.69648
-0.69846
-0.69468
-0.70566
-0.70008
-0.69904
-0.70268
-0.70786
-0.69662
-0.70294
-0.70066
-0.69678
-0.69954
-0.69872
-0.70188
-0.70004
-0.69572
-0.71316
-0.70096
-0.69506
-0.70468
-0.69958
-0.7018
-0.7033
-0.70724
-0.70112
-0.70158
-0.70174
-0.69796
-0.70416
-0.70336
-0.7048
-0.70228
-0.70162
-0.69908
-0.70564
-0.70122
-0.70244
-0.70636
-0.70302
-0.70366
-0.7061
-0.70764
-0.70012
-0.69856
-0.70034
-0.70532
-0.70354
-0.69478
-0.70572
-0.70118
-0.70198
-0.70786
-0.70284
-0.69768
-0.69852
-0.69922
-0.70574
-0.6994
-0.7006
-0.70198
-0.70226
-0.69934
-0.70268
-0.70072
-0.70042
-0.70286
-0.70122
-0.70252
-0.70216
-0.70548
-0.69816
-0.7016
-0.70326
-0.70434
-0.69596
-0.70676
-0.70502
-0.69938
-0.70482
-0.69852
-0.70492
-0.70286
-0.69494
-0.69718
-0.70596
-0.69702
-0.70406
-0.70378
-0.70114
-0.70068
-0.69408
-0.6976
-0.70032
-0.70268
-0.70326
-0.70276
-0.70284
-0.70502
-0.69468
-0.69574
-0.69884
-0.70238
-0.69514
-0.70368
-0.69974
-0.70532
-0.6994
-0.69252
-0.69886
-0.70706
-0.70416
-0.69756
-0.70314
-0.70114
-0.70008
-0.705
-0.69542
-0.71264
-0.70634
-0.70056
-0.70378
-0.70406
-0.70402
-0.70652
-0.70504
-0.69652
-0.69766
-0.7008
-0.6999
-0.70168
-0.69794
-0.69828
-0.7064
-0.7075
-0.69008
-0.70352
-0.70728
-0.70552
-0.69866
-0.70576
-0.70274
-0.7005
-0.70402
-0.7008
-0.69884
-0.69516
-0.697
-0.70464
-0.70178
-0.69714
-0.69892
-0.7003
-0.70374
-0.70554
-0.70006
-0.70394
-0.69968
-0.7048
-0.70528
-0.70008
-0.69826
-0.70252
-0.70172
-0.69914
-0.69914
-0.70154
-0.70214
-0.69798
-0.7081
-0.70362
-0.69506
-0.69288
-0.69908
-0.70026
-0.69916
-0.6953
-0.69946
-0.69916
-0.70422
-0.70186
-0.69668
-0.70042
-0.69794
-0.70006
-0.69226
-0.70004
-0.70304
-0.69732
-0.69448
-0.70692
-0.7013
-0.70554
-0.70276
-0.70456
-0.69704
-0.7038
-0.7091
-0.6998
-0.70802
-0.70354
-0.69924
-0.70664
-0.696
-0.70478
-0.70866
-0.7036
-0.70328
-0.70088
-0.70052
-0.70498
-0.70176
-0.69878
-0.7038
-0.69686
-0.70308
-0.70056
-0.69476
-0.70446
-0.69996
-0.701
-0.69572
-0.69772
-0.70504
-0.69734
-0.70086
-0.69996
-0.6989
-0.69792
-0.70592
-0.70104
-0.70328
-0.69892
-0.69734
-0.70244
-0.70018
-0.70086
-0.70794
-0.69266
-0.70466
-0.70662
-0.6989
-0.70558
-0.69474
-0.69944
-0.70168
-0.70154
-0.69894
-0.7063
-0.69934
-0.70112
-0.69666
-0.69858
-0.69774
-0.69842
-0.6944
-0.69784
-0.69614
-0.7015
-0.69894
-0.70022
-0.70206
-0.70996
-0.7033
-0.69738
-0.70306
-0.69768
-0.70322
-0.70178
-0.69536
-0.69932
-0.7015
-0.70098
-0.70232
-0.70164
-0.69566
-0.70022
-0.70964
-0.70426
-0.70302
-0.7064
-0.70034
-0.70326
-0.69794
-0.69796
-0.7038
-0.69918
-0.69906
-0.70684
-0.70754
-0.70804
-0.69404
-0.70566
-0.699
-0.69398
-0.70136
-0.7014
-0.69948
-0.69806
-0.69776
-0.70568
-0.70128
-0.70492
-0.7046
-0.70332
-0.70434
-0.70714
-0.70508
-0.70424
-0.69686
-0.6972
-0.69718
-0.69878
-0.69924
-0.70818
-0.70348
-0.69918
-0.69584
-0.70378
-0.7012
-0.7005
-0.69892
-0.703
-0.69906
-0.70022
-0.7005
-0.70236
-0.70142
-0.69776
-0.70138
-0.69864
-0.69882
-0.7045
-0.70014
-0.6963
-0.70134
-0.70522
-0.6999
-0.70028
-0.7086
-0.69876
-0.70074
-0.7043
-0.70292
-0.69718
-0.69886
-0.69658
-0.69704
-0.69742
-0.6917
-0.69978
-0.70372
-0.7018
-0.70222
-0.70496
-0.7068
-0.70326
-0.70064
-0.70002
-0.6965
-0.70312
-0.70462
-0.69538
-0.70782
-0.69948
-0.70306
-0.6978
-0.6959
-0.69714
-0.70466
-0.70408
-0.7075
-0.70206
-0.69954
-0.69628
-0.69958
-0.7108
-0.70384
-0.70356
-0.69428
-0.7025
-0.69918
-0.69768
-0.70014
-0.7027
-0.69956
-0.69818
-0.70076
-0.7068
-0.70982
-0.70506
-0.69752
-0.70204
-0.69796
-0.70384
-0.69624
-0.69582
-0.7069
-0.6985
-0.70468
-0.70542
-0.70078
-0.70112
-0.70024
-0.70362
-0.69988
-0.70374
-0.71268
-0.69202
-0.69934
-0.70126
-0.70586
-0.69686
-0.69658
-0.70336
-0.69718
-0.70498
-0.6983
-0.70632
-0.69604
-0.7011
-0.70176
-0.69638
-0.70132
-0.70084
-0.70148
-0.69902
-0.70404
-0.70234
-0.70296
-0.7031
-0.69448
-0.6982
-0.69908
-0.70624
-0.69344
-0.6933
-0.69936
-0.69746
-0.70306
-0.70666
-0.69514
-0.69862
-0.70208
-0.70008
-0.7008
-0.69882
-0.70324
-0.7006
-0.70016
-0.69944
-0.69978
-0.70396
-0.70156
-0.70586
-0.71218
-0.69492
-0.70078
-0.69852
-0.69958
-0.7017
-0.69808
-0.70558
-0.69546
-0.69978
-0.69734
-0.70028
-0.70426
-0.69836
-0.70254
-0.70296
-0.70086
-0.69798
-0.6983
-0.70174
-0.69882
-0.70456
-0.70434
-0.69534
-0.7012
-0.70744
-0.70238
-0.70488
-0.70682
-0.7027
-0.70472
-0.70136
-0.70148
-0.7059
-0.70266
-0.69986
-0.7041
-0.7011
-0.70092
-0.69418
-0.69966
-0.69858
-0.69842
-0.7031
-0.70638
-0.70336
-0.69852
-0.70254
-0.6953
-0.70894
-0.69712
-0.69726
-0.70364
-0.6967
-0.7051
-0.70604
-0.69984
-0.70404
-0.70762
-0.70622
-0.6996
-0.70134
-0.69766
-0.70524
-0.70266
-0.70326
-0.69826
-0.70982
-0.70518
-0.70206
-0.70264
-0.69776
-0.69636
-0.70846
-0.70122
-0.69524
-0.70222
-0.70622
-0.69934
-0.70508
-0.70554
-0.70002
-0.69424
-0.7021
-0.70696
-0.70276
-0.69914
-0.69328
-0.70414
-0.70218
-0.69902
-0.70164
-0.69674
-0.69484
-0.70136
-0.69598
-0.70276
-0.69456
-0.70142
-0.69924
-0.70322
-0.69612
-0.70016
-0.69192
-0.7059
-0.7005
-0.70516
-0.70592
-0.69996
-0.70128
-0.70204
-0.70302
-0.70864
-0.69754
-0.69426
-0.70602
-0.69524
-0.6994
-0.69916
-0.70018
-0.70096
-0.70354
-0.69692
-0.70498
-0.69832
-0.69636
-0.69894
-0.70144
-0.69918
-0.6981
-0.70192
-0.6995
-0.703
-0.70752
-0.70734
-0.70878
-0.70626
-0.70226
-0.70466
-0.7033
-0.69976
-0.6999
-0.70108
-0.7012
-0.69858
-0.69908
-0.7058
-0.7022
-0.70058
-0.7032
-0.70362
-0.70434
-0.70848
-0.70146
-0.69858
-0.69884
-0.70144
-0.70048
-0.69494
-0.70054
-0.706
-0.70742
-0.70198
-0.69712
-0.69884
-0.7047
-0.69834
-0.70052
-0.69962
-0.70138
-0.6969
-0.70174
-0.7026
-0.70258
-0.6943
-0.70034
-0.6984
-0.69784
-0.70278
-0.70574
-0.69912
-0.70198
-0.70452
-0.69838
-0.70452
-0.69736
-0.70158
-0.7
-0.70096
-0.70206
-0.70116
-0.69942
-0.70278
-0.6956
-0.70066
-0.70806
-0.7007
-0.69694
-0.70452
-0.69688
-0.70188
-0.7008
-0.70438
-0.70274
-0.69492
-0.69852
-0.69872
-0.7036
-0.70316
-0.70176
-0.70376
-0.71004
-0.6991
-0.70222
-0.69362
-0.70074
-0.69606
-0.70052
-0.70512
-0.701
-0.7004
-0.70356
-0.71014
-0.70046
-0.70274
-0.69758
-0.69558
-0.6971
-0.70282
-0.70276
-0.69932
-0.70164
-0.69844
-0.69844
-0.7073
-0.70026
-0.7016
-0.69736
-0.70104
-0.70598
-0.70074
-0.70208
-0.70262
-0.70218
-0.69544
-0.69566
-0.70462
-0.69776
-0.69756
-0.69482
-0.70266
-0.69728
-0.70562
-0.7059
-0.7022
-0.6992
-0.6962
-0.70462
-0.7077
-0.70334
-0.70058
-0.69496
-0.70132
-0.69378
-0.6911
-0.69724
-0.70684
-0.70296
-0.69878
-0.70528
-0.69834
-0.704
-0.70348
-0.6975
-0.7046
-0.6998
-0.6954
-0.70056
-0.70178
-0.70132
-0.69928
-0.7046
-0.70082
-0.70058
-0.70288
-0.69668
-0.69294
-0.7006
-0.7019
-0.6929
-0.7012
-0.69966
-0.69722
-0.70034
-0.7068
-0.7014
-0.69866
-0.70258
-0.69902
-0.69582
-0.6964
-0.70054
-0.70522
-0.70682
-0.7008
-0.70082
-0.7054
-0.69592
-0.70678
-0.70086
-0.70536
-0.69798
-0.70434
-0.69646
-0.69886
-0.69796
-0.7036
-0.70504
-0.70042
-0.70082
-0.70096
-0.70666
-0.69384
-0.69666
-0.69992
-0.7011
-0.69998
-0.6997
-0.70296
-0.70258
-0.69784
-0.70236
-0.70326
-0.70208
-0.70288
-0.69782
-0.7041
-0.70442
-0.69918
-0.70538
-0.7022
-0.70194
-0.70612
-0.69914
-0.70136
-0.6984
-0.70938
-0.70128
-0.71022
-0.70208
-0.69424
-0.70098
-0.70474
-0.69868
-0.699
-0.69802
-0.70736
-0.70136
-0.70326
-0.70208
-0.69952
-0.69588
-0.69744
-0.69974
-0.71122
-0.69542
-0.69882
