0.8826
0.88232
0.88102
0.88922
0.88144
0.8849
0.88298
0.88044
0.88182
0.884
0.88348
0.8795
0.8859
0.88146
0.88212
0.88374
0.88164
0.88116
0.8848
0.88274
0.88408
0.88562
0.87998
0.8796
0.88342
0.8845
0.88116
0.88972
0.88174
0.8862
0.8814
0.88042
0.87992
0.88514
0.88328
0.8811
0.88478
0.87808
0.88758
0.88488
0.8798
0.88168
0.88434
0.8836
0.88198
0.88502
0.88768
0.88808
0.88172
0.88658
0.88324
0.88098
0.88554
0.8872
0.88592
0.88356
0.88304
0.8836
0.88694
0.88784
0.88568
0.88124
0.88108
0.88462
0.8864
0.88216
0.8847
0.88772
0.88328
0.8851
0.8823
0.88662
0.8823
0.88302
0.88438
0.88064
0.88702
0.88716
0.88496
0.88048
0.88344
0.88776
0.8861
0.8827
0.88292
0.88908
0.88524
0.88888
0.88586
0.88158
0.88198
0.88322
0.88078
0.8862
0.88072
0.88566
0.88528
0.88594
0.88612
0.88518
0.88452
0.88262
0.8871
0.88436
0.8839
0.88418
0.88698
0.88356
0.88642
0.87788
0.88332
0.8867
0.88496
0.88538
0.88286
0.88266
0.88236
0.88188
0.88206
0.8837
0.8861
0.88226
0.88424
0.88468
0.87996
0.88466
0.88592
0.88776
0.88544
0.881
0.88378
0.88702
0.88514
0.88362
0.88468
0.8841
0.8798
0.88216
0.8854
0.88386
0.88576
0.88522
0.88572
0.8791
0.8847
0.8838
0.88184
0.88802
0.88664
0.87896
0.88124
0.8814
0.8853
0.8817
0.88134
0.88036
0.88308
0.88042
0.88726
0.886
0.8838
0.88758
0.88164
0.8787
0.88406
0.88426
0.88808
0.88886
0.8858
0.88246
0.88604
0.88378
0.88252
0.88258
0.88696
0.8828
0.88698
0.8836
0.88222
0.88494
0.88466
0.88408
0.88362
0.8825
0.88176
0.8846
0.88004
0.8824
0.88204
0.88448
0.88412
0.88372
0.8826
0.88392
0.88246
0.88482
0.88174
0.88746
0.88646
0.8845
0.87924
0.8853
0.8838
0.88134
0.88434
0.8801
0.88612
0.88124
0.88228
0.88404
0.87746
0.88482
0.88812
0.88778
0.88682
0.88866
0.8878
0.88858
0.8827
0.88032
0.88496
0.88452
0.88068
0.8839
0.88448
0.88448
0.88432
0.88732
0.88816
0.88404
0.88286
0.88302
0.8833
0.88326
0.88468
0.88822
0.88428
0.88384
0.88544
0.8835
0.88376
0.88578
0.88138
0.88526
0.8851
0.88636
0.88348
0.88682
0.88102
0.87922
0.88384
0.88852
0.88218
0.88454
0.88342
0.8821
0.88726
0.8844
0.88788
0.88454
0.88606
0.8843
0.87974
0.88458
0.88866
0.88426
0.88628
0.88544
0.88178
0.88256
0.87916
0.8818
0.88148
0.88656
0.88766
0.88072
0.88464
0.88948
0.8846
0.88266
0.88506
0.8848
0.88626
0.89204
0.88442
0.88816
0.88442
0.88498
0.87936
0.88096
0.88042
0.87862
0.87968
0.88954
0.88854
0.8871
0.88236
0.88388
0.88572
0.87722
0.88014
0.88348
0.88156
0.8815
0.8823
0.88522
0.88552
0.88168
0.8828
0.88152
0.88178
0.883
0.884
0.88106
0.88384
0.88374
0.8873
0.88626
0.88296
0.88688
0.88716
0.88794
0.8867
0.88048
0.8883
0.88612
0.88578
0.8829
0.88562
0.88418
0.88346
0.88234
0.8834
0.87812
0.88136
0.88186
0.88498
0.88192
0.88568
0.8862
0.88466
0.8816
0.89016
0.886
0.8869
0.8859
0.88556
0.88634
0.88598
0.8805
0.87588
0.87896
0.88124
0.8814
0.87914
0.88492
0.88116
0.88238
0.8822
0.88044
0.88362
0.88756
0.88614
0.88262
0.88126
0.88324
0.88826
0.88488
0.88704
0.88392
0.88412
0.88248
0.88218
0.88482
0.88318
0.87972
0.88308
0.88278
0.88036
0.88758
0.88594
0.88382
0.88938
0.8896
0.88404
0.88036
0.87962
0.88414
0.88058
0.88104
0.87936
0.88178
0.88578
0.88348
0.88734
0.88756
0.88546
0.88362
0.88212
0.88486
0.8862
0.8837
0.88222
0.8897
0.88634
0.88138
0.87804
0.88426
0.88634
0.88452
0.88676
0.88192
0.87904
0.88274
0.88732
0.88986
0.88198
0.88242
0.88356
0.8849
0.88152
0.88616
0.88298
0.8813
0.8832
0.8818
0.88048
0.8865
0.88544
0.88488
0.88246
0.88652
0.88848
0.88414
0.88564
0.88346
0.88422
0.88144
0.87904
0.88872
0.88474
0.88082
0.88558
0.88466
0.87868
0.88152
0.88194
0.88198
0.88462
0.8796
0.8833
0.88266
0.884
0.88634
0.88122
0.8856
0.8839
0.88174
0.88812
0.87864
0.88566
0.8862
0.88152
0.88494
0.8829
0.8779
0.87976
0.88396
0.88158
0.88394
0.88564
0.88222
0.88694
0.88364
0.885
0.88382
0.88422
0.88168
0.88078
0.88152
0.88258
0.88622
0.88344
0.87778
0.8842
0.88828
0.88324
0.88346
0.88862
0.88296
0.8838
0.88252
0.8843
0.88532
0.88602
0.8799
0.88226
0.88056
0.88128
0.88492
0.88312
0.88164
0.88586
0.87782
0.8823
0.88338
0.88628
0.8854
0.88314
0.88064
0.88216
0.88214
0.88326
0.8852
0.88122
0.8829
0.88462
0.88376
0.88488
0.88716
0.88532
0.87952
0.88404
0.8832
0.8857
0.88576
0.88198
0.89054
0.88748
0.88598
0.88688
0.8857
0.88422
0.88668
0.88094
0.88522
0.88436
0.88408
0.88076
0.88418
0.88366
0.88256
0.88352
0.88384
0.88624
0.88694
0.88578
0.88644
0.88574
0.8806
0.88226
0.88338
0.8861
0.88622
0.88258
0.8819
0.88892
0.88104
0.88272
0.88016
0.88224
0.88512
0.88136
0.8786
0.88372
0.8859
0.88578
0.88168
0.88174
0.88604
0.8857
0.88214
0.88792
0.88476
0.88014
0.88174
0.88184
0.88092
0.88218
0.88168
0.8828
0.88402
0.88212
0.88718
0.8826
0.88222
0.8877
0.88388
0.88512
0.88506
0.88388
0.87864
0.88014
0.88418
0.87878
0.88534
0.8829
0.8816
0.88456
0.88636
0.87682
0.88134
0.8811
0.88144
0.88512
0.88162
0.88294
0.88388
0.88012
0.88264
0.8844
0.88452
0.88516
0.88534
0.88106
0.88154
0.88308
0.88372
0.88386
0.88222
0.88378
0.88304
0.88298
0.88152
0.88844
0.88498
0.88142
0.88228
0.88262
0.88532
0.88418
0.8859
0.8806
0.88366
0.88262
0.88236
0.88476
0.8863
0.88502
0.88908
0.88442
0.8888
0.88336
0.8825
0.88354
0.8856
0.87962
0.88236
0.8863
0.88504
0.88328
0.88364
0.87826
0.88356
0.8852
0.88354
0.88568
0.8823
0.88302
0.8836
0.8816
0.88226
0.8827
0.885
0.88496
0.8801
0.8841
0.88138
0.88638
0.88246
0.88638
0.8798
0.88692
0.88442
0.8886
0.88656
0.88656
0.87948
0.88272
0.8824
0.88684
0.88398
0.8846
0.88758
0.8791
0.88134
0.88326
0.88346
0.88426
0.88568
0.88564
0.88216
0.88156
0.88208
0.8828
0.88296
0.8867
0.88296
0.8822
0.8848
0.88168
0.882
0.88548
0.88686
0.88384
0.88388
0.88464
0.88924
0.8859
0.88588
0.87696
0.88566
0.88364
0.8788
0.88326
0.88282
0.88594
0.88578
0.88652
0.88066
0.88724
0.88066
0.88294
0.88422
0.88572
0.88736
0.88342
0.88644
0.8826
0.88058
0.8866
0.89124
0.88862
0.88358
0.88132
0.88482
0.88824
0.88152
0.88444
0.88514
0.8796
0.88382
0.88522
0.88624
0.88148
0.8811
0.8817
0.88254
0.8838
0.88566
0.8845
0.88346
0.88732
0.88906
0.8865
0.87946
0.88204
0.88194
0.88548
0.88552
0.8837
0.883
0.88324
0.87936
0.88128
0.88312
0.88734
0.88516
0.88426
0.8829
0.88192
0.88462
0.8844
0.8831
0.87896
0.88162
0.88254
0.88226
0.88776
0.88728
0.8845
0.88662
0.87952
0.88606
0.88478
0.8811
0.8851
0.88388
0.88236
0.88134
0.8865
0.88684
0.88138
0.88182
0.88104
0.88604
0.88518
0.88278
0.88716
0.88396
0.88654
0.8866
0.88712
0.8841
0.88518
0.88346
0.88214
0.88316
0.8836
0.88422
0.88044
0.88394
0.88672
0.8864
0.88612
0.88162
0.88326
0.88206
0.88146
0.88408
0.8852
0.88618
0.8864
0.88352
0.884
0.8858
0.88654
0.8887
0.87986
0.88342
0.88608
0.88446
0.88608
0.87856
0.88612
0.88718
0.8869
0.8803
0.88474
0.88336
0.88386
0.88452
0.88576
0.8838
0.8856
0.88338
0.8802
0.8798
0.88794
0.88476
0.88236
0.8811
0.88644
0.87644
0.8848
0.88542
0.88092
0.87864
0.88924
0.87858
0.88728
0.88746
0.88774
0.88462
0.8859
0.88364
0.8827
0.88146
0.88466
0.88266
0.88622
0.8819
0.88744
0.88422
0.88062
0.88574
0.88284
0.88326
0.87966
0.88704
0.88678
0.88332
0.88648
0.88436
0.87866
0.8864
0.88538
0.88862
0.88126
0.8846
0.88208
0.88616
0.88562
0.88692
0.88152
0.88106
0.88222
0.88458
0.88526
0.88216
0.88424
0.8856
0.88386
0.88604
0.88082
0.8856
0.87978
0.88586
0.88486
0.8838
0.88224
0.88376
0.88212
0.88518
0.88596
0.882
0.88394
0.8885
0.88654
0.88548
0.8847
0.88378
0.88298
0.88392
0.885
0.87942
0.88858
0.8846
0.89186
0.8892
0.88606
0.88662
0.88538
0.88312
0.87968
0.8846
0.88486
0.8807
0.87978
0.88734
0.88388
0.88202
0.88488
0.88298
0.8814
0.88406
0.88616
0.88322
0.8825
0.88532
0.88598
0.88182
0.88384
0.88098
0.88038
0.88566
0.88366
0.88546
0.88242
0.8842
0.88904
0.88268
0.8814
0.88482
0.8811
0.88052
0.88278
0.8824
0.88692
0.88578
0.88148
0.88094
0.88396
0.88644
0.88402
0.88236
0.8848
0.88556
0.89016
0.88008
0.88634
0.88574
0.88252
0.88256
0.8849
0.88028
0.87994
0.88134
0.88282
0.88714
0.88534
0.87886
0.88004
0.88278
0.88272
0.88374
0.88414
0.88592
0.88772
0.88514
0.88748
0.8864
0.88562
0.8856
0.88224
0.87926
0.8852
0.88674
0.8845
0.88584
0.88432
0.88682
0.88112
0.88382
0.8832
0.88074
0.88386
0.88374
0.88364
0.88302
0.88074
0.88694
0.88812
0.88532
0.88202
0.88048
0.88546
0.8844
0.88088
0.88226
0.88212
0.88372
0.87942
0.88014
0.88864
0.88548
0.88274
0.88414
0.88276
0.8828
0.88606
0.88144
0.88072
0.88584
0.88744
0.88382
0.88512
0.89074
0.88398
0.88368
0.88474
0.88798
0.88604
0.88356
0.88546
0.88478
0.8844
0.88488
0.8824
0.88678
0.8821
0.88844
0.88076
0.88578
0.88148
0.88666
0.88984
0.88284
0.88336
0.8821
0.8834
0.88536
0.88936
0.88558
0.8817
0.88476
0.88842
0.88728
0.88616
0.88874
0.884
0.88776
0.88504
0.88248
0.88534
0.88402
0.88816
0.88836
0.88518
0.8856
0.8823
0.88584
0.88884
0.8828
0.88486
0.88798
0.88226
0.88222
0.88384
0.88476
0.88332
0.88762
0.88756
0.88672
0.8866
0.88904
0.88258
0.88234
0.8852
0.88626
0.88748
0.88298
0.88506
0.88454
0.8827
0.88256
0.88206
0.88568
0.88366
0.88654
0.8865
0.88046
0.88962
0.88492
0.88886
0.88764
0.88342
0.88708
0.88508
0.88284
0.88368
0.88434
0.88574
0.88222
0.88048
0.88114
0.88764
0.88542
0.8848
0.88504
0.88596
0.8823
0.88254
0.88404
0.88036
0.8847
0.88408
0.88102
0.8829
0.8861
0.88482
0.88956
0.88482
0.88698
0.88276
0.87974
0.8885
0.88754
0.88492
0.88376
0.88836
0.88274
0.88214
0.8785
0.88244
0.88358
0.89026
0.88882
0.88182
0.8837
0.88648
0.88496
0.87964
0.87756
0.88578
0.88146
0.88592
0.87856
0.88286
0.88376
0.88772
0.88846
0.887
0.88378
0.88066
0.8825
0.88302
0.8894
0.88528
0.8843
0.88778
0.89002
0.88572
0.88656
0.89152
0.88006
0.8841
0.8856
0.88292
0.88172
0.88582
0.8839
0.88216
0.8874
0.88718
0.88448
0.88362
0.88008
0.88502
0.88144
0.88108
0.8817
0.88668
0.88468
0.88372
0.8865
0.88666
0.88492
0.8838
0.88424
0.88418
0.88664
0.88496
0.88092
0.88824
0.8817
0.8825
0.88616
0.88668
0.88844
0.8822
0.89016
0.88338
0.87968
0.88054
0.88324
0.88312
0.88246
0.8841
0.88398
0.8818
0.88924
0.88248
0.88636
0.88712
0.8856
0.88188
0.88276
0.88764
0.88314
0.88966
0.88542
0.88064
0.89022
0.8852
0.88364
0.88282
0.87992
0.8794
0.8804
0.88536
0.88588
0.88224
0.88502
0.88536
0.88674
0.88352
0.88664
0.8843
0.88624
0.8873
0.88532
0.88386
0.88314
0.8815
0.88022
0.87782
0.8847
0.8835
0.88602
0.88528
0.88094
0.88752
0.8823
0.88494
0.88462
0.88252
0.88264
0.88448
0.88714
0.88842
0.88098
0.887
0.88454
0.88556
0.89038
0.88132
0.8806
0.87992
0.881
0.88766
0.8819
0.88454
0.88364
0.88452
0.88314
0.8887
0.87876
0.88486
0.8851
0.88744
0.88242
0.88388
0.884
0.88178
0.88296
0.88224
0.88384
0.8827
0.88326
0.88776
0.88632
0.88704
0.88096
0.88762
0.88454
0.87952
0.8806
0.88134
0.88274
0.87822
0.88402
0.88222
0.88164
0.87996
0.8848
0.88302
0.88842
0.88464
0.87762
0.87846
0.88438
0.88844
0.88546
0.8834
0.88196
0.87734
0.88144
0.88388
0.88606
0.88384
0.88194
0.8863
0.88554
0.88856
0.88494
0.88294
0.8813
0.88218
0.88082
0.88364
0.88212
0.88102
0.88428
0.88868
0.8878
0.8827
0.88802
0.88382
0.88634
0.88936
0.88364
0.8778
0.886
0.88682
0.88286
0.88514
0.88758
0.88278
0.8828
0.88302
0.88266
0.88028
0.8841
0.88908
0.88374
0.88104
0.88084
0.88094
0.88406
0.88588
0.8825
0.8883
0.88402
0.8816
0.882
0.88026
0.88056
0.8859
0.88486
0.88764
0.88736
0.88456
0.88784
0.88668
0.88686
0.88058
0.88364
0.88518
0.88376
0.88562
0.8802
0.88426
0.88678
0.88412
0.883
0.88812
0.88784
0.88114
0.88564
0.88218
0.88502
0.88318
0.88472
0.88158
0.88466
0.88212
0.88558
0.88926
0.87976
0.88648
0.87988
0.88394
0.88258
0.88172
0.87728
0.8838
0.88206
0.88416
0.88492
0.88608
0.88134
0.88414
0.88748
0.88576
0.8834
0.87992
0.88828
0.8851
0.88254
0.8838
0.88518
0.8819
0.88244
0.8812
0.88006
0.88108
0.88854
0.88406
0.88178
0.88084
0.88234
0.88238
0.89084
0.88092
0.88456
0.88456
0.88544
0.88164
0.88438
0.88772
0.88492
0.88628
0.88776
0.8841
0.88542
0.88768
0.88062
0.88514
0.88332
0.88422
0.88226
0.88268
0.88654
0.88188
0.88776
0.88314
0.88482
0.88458
0.88026
0.8842
0.88116
0.88566
0.88588
0.88594
0.88866
0.87914
0.88516
0.88394
0.88824
0.8861
0.88294
0.88098
0.8812
0.88212
0.87884
0.88482
0.88112
0.88204
0.8838
0.88226
0.88562
0.88542
0.88688
0.88218
0.88442
0.88424
0.8809
0.88332
0.88308
0.8838
0.8821
0.88092
0.88158
0.88526
0.89022
0.88104
0.88494
0.88396
0.88198
0.8839
0.87748
0.8817
0.88226
0.88378
0.88438
0.88996
0.88546
0.8836
0.88362
0.88268
0.8826
0.88252
0.88612
0.88214
0.8789
0.88396
0.88456
0.8838
0.88586
0.88422
0.88852
0.8847
0.88166
0.8819
0.88196
0.88436
0.88488
0.88224
0.88414
0.88102
0.87888
0.88322
0.88078
0.88176
0.88492
0.88322
0.88314
0.88694
0.88236
0.88456
0.8867
0.88578
0.88678
0.88396
0.88118
0.88206
0.88568
0.88362
0.88534
0.88184
0.88466
0.88216
0.8849
0.88654
0.88452
0.8861
0.88174
0.87976
0.88216
0.88464
0.8836
0.88086
0.88038
0.8883
0.8907
0.88378
0.88384
0.88216
0.88712
0.88636
0.884
0.88798
0.89156
0.88676
0.88008
0.88358
0.88552
0.88562
0.88166
0.88942
0.88516
0.88616
0.88492
0.87922
0.88478
0.88422
0.88638
0.88652
0.88346
0.88186
0.88262
0.8854
0.88092
0.8839
0.88652
0.88518
0.88646
0.88774
0.8866
0.88096
0.88244
0.88474
0.88184
0.88332
0.88364
0.88576
0.88742
0.87942
0.88358
0.88244
0.885
0.88196
0.88754
0.88606
0.88172
0.88058
0.88002
0.88072
0.88362
0.8832
0.88304
0.88672
0.88474
0.882
0.88642
0.88338
0.88306
0.8853
0.87936
0.88072
0.88344
0.88382
0.8881
0.88418
0.88124
0.8853
0.8825
0.88704
0.88734
0.87876
0.88216
0.88698
0.88596
0.88506
0.88324
0.88088
0.88694
0.88328
0.88336
0.88426
0.88388
0.88856
0.88994
0.88584
0.88198
0.882
0.88478
0.88408
0.88138
0.88924
0.8826
0.88708
0.88016
0.88962
0.88692
0.88698
0.88766
0.88734
0.88132
0.88504
0.88398
0.88554
0.88358
0.88058
0.88116
0.88408
0.88278
0.88156
0.88768
0.88752
0.87978
0.88376
0.88458
0.88544
0.8842
0.88174
0.8823
0.87974
0.88002
0.88066
0.88666
0.883
0.88678
0.88152
0.87804
0.88066
0.88092
0.8868
0.88158
0.8822
0.88082
0.88044
0.88466
0.8822
0.88628
0.88432
0.88828
0.88266
0.8837
0.8835
0.88598
0.88548
0.8865
0.88296
0.88288
0.8786
0.8847
0.88672
0.88668
0.88364
0.88426
0.8842
0.88774
0.8837
0.87944
0.88838
0.8826
0.88248
0.88386
0.88442
0.88534
0.88142
0.88206
0.88412
0.88312
0.88652
0.8882
0.8878
0.88312
0.8825
0.88168
0.8833
0.88896
0.88686
0.8871
0.8839
0.88688
0.8833
0.88222
0.88344
0.8794
0.8842
0.88614
0.88874
0.8827
0.88192
0.88386
0.88448
0.8877
0.88822
0.88334
0.88796
0.88636
0.88414
0.8836
0.8849
0.88494
0.88208
0.87964
0.88614
0.88268
0.88654
0.88554
0.88936
0.88522
0.88188
0.88626
0.88006
0.88362
0.88174
0.88708
0.88364
0.88676
0.8851
0.88604
0.88122
0.88846
0.8808
0.88006
0.8839
0.88306
0.88394
0.88088
0.88716
0.88146
0.88006
0.88466
0.88388
0.88386
0.88768
0.8813
0.88606
0.88004
0.88094
0.88426
0.88298
0.88656
0.88168
0.88826
0.88368
0.88258
0.8837
0.88834
0.8837
0.88848
0.8847
0.8857
0.88724
0.87752
0.88658
0.88238
0.88296
0.88378
0.8812
0.8856
0.8863
0.88178
0.8833
0.88586
0.88538
0.88038
0.88154
0.88274
0.8841
0.88
0.88236
0.88028
0.88628
0.8832
0.88522
0.88736
0.88134
0.88886
0.88294
0.88388
0.87918
0.88168
0.87998
0.8842
0.8855
0.8856
0.88578
0.88614
0.87892
0.8837
0.88672
0.88836
0.8865
0.88436
0.88628
0.88382
0.88506
0.88452
0.87958
0.882
0.88058
0.88626
0.88788
0.88784
0.88468
0.8831
0.88794
0.88324
0.88404
0.8833
0.88116
0.88702
0.88346
0.87812
0.88372
0.88442
0.885
0.87986
0.88594
0.8898
0.8869
0.88364
0.88614
0.88564
0.88146
0.8826
0.88128
0.88408
0.88766
0.88612
0.88372
0.88736
0.88424
0.88726
0.88166
0.88248
0.8818
0.88952
0.89064
0.8867
0.88452
0.88534
0.8833
0.88686
0.88402
0.88444
0.88194
0.88334
0.8808
0.87952
0.8841
0.8867
0.88166
0.88608
0.88976
0.8858
0.88444
0.88412
0.88006
0.885
0.88712
0.88494
0.88446
0.8863
0.88388
0.88388
0.88056
0.87988
0.88076
0.88
0.88304
0.88504
0.88408
0.8875
0.8863
0.88536
0.88016
0.8835
0.88086
0.88436
0.88586
0.88754
0.88336
0.89088
0.88492
0.883
0.88382
0.88494
0.8826
0.88058
0.88622
0.88382
0.88574
0.88376
0.8829
0.88198
0.8839
0.88926
0.88408
0.87996
0.88192
0.88568
0.88164
0.8861
0.88462
0.88134
0.8813
0.881
0.8813
0.88452
0.88386
0.88344
0.87674
0.88406
0.8843
0.885
0.88682
0.88436
0.8885
0.8865
0.88468
0.8794
0.8843
0.88818
0.8807
0.8845
0.8845
0.88788
0.8816
0.88572
0.88156
0.88174
0.8878
0.88266
0.88184
0.88422
0.88992
0.88522
0.8854
0.88274
0.88742
0.8827
0.88476
0.87956
0.88402
0.88124
0.88296
0.88892
0.88554
0.88152
0.88344
0.88588
0.8839
0.88292
0.8861
0.88712
0.88468
0.88448
0.88518
0.88412
0.88696
0.88524
0.88658
0.88362
0.8795
0.88478
0.88506
0.88566
0.88412
0.88602
0.87854
0.88524
0.87812
0.88004
0.88172
0.8809
0.88274
0.88222
0.88188
0.88164
0.8846
0.88286
0.88462
0.88104
0.88624
0.88282
0.88292
0.88348
0.8869
0.88018
0.88384
0.88712
0.8811
0.88712
0.88302
0.8857
0.88316
0.88546
0.88366
0.885
0.88508
0.88766
0.8855
0.88656
0.87962
0.8804
0.8806
0.8824
0.88174
0.8859
0.8834
0.8871
0.88504
0.88432
0.8801
0.88358
0.88416
0.88238
0.88644
0.88288
0.88752
0.8865
0.8852
0.8857
0.88862
0.8873
0.8843
0.88238
0.88448
0.8818
0.88554
0.87888
0.88562
0.88086
0.88812
0.8826
0.88166
0.88046
0.8846
0.88764
0.88588
0.88594
0.88454
0.88318
0.88734
0.8861
0.88196
0.88922
0.88834
0.88518
0.89004
0.88738
0.883
0.88872
0.88198
0.88528
0.88294
0.88384
0.8889
0.88284
0.88166
0.88408
0.88422
0.88306
0.8827
0.8803
0.88466
0.8857
0.8834
0.88712
0.8811
0.88466
0.88082
0.8822
0.885
0.88334
0.88732
0.88336
0.8822
0.88886
0.89146
0.88576
0.8793
0.8843
0.88616
0.88588
0.88442
0.88668
0.88682
0.88604
0.88628
0.88532
0.88378
0.88228
0.88618
0.8846
0.8834
0.88672
0.88112
0.88162
0.88404
0.88406
0.88466
0.88924
0.88762
0.88464
0.87914
0.8867
0.87918
0.88406
0.88468
0.8884
0.88652
0.88314
0.88156
0.88342
0.88058
0.88492
0.88516
0.8846
0.88746
0.88364
0.88272
0.88094
0.8842
0.88462
0.8798
0.88566
0.8806
0.88066
0.8777
0.88466
0.88506
0.8827
0.88638
0.88586
0.88264
0.88214
0.88458
0.88374
0.88372
0.87934
0.88666
0.88644
0.8872
0.8844
0.88442
0.88212
0.88414
0.88208
0.88962
0.8852
0.88206
0.8852
0.88394
0.88494
0.8821
0.88632
0.88146
0.87768
0.88372
0.88568
0.88574
0.88698
0.8823
0.88114
0.8866
0.88256
0.88382
0.88174
0.88316
0.88358
0.88194
0.8839
0.87804
0.88424
0.8863
0.88074
0.88198
0.88242
0.88944
0.88602
0.88196
0.88044
0.88314
0.88298
0.88514
0.88248
0.88644
0.8826
0.88396
0.88464
0.88584
0.88462
0.88424
0.87938
0.88504
0.88792
0.87966
0.8867
0.88256
0.88322
0.87844
0.88714
0.88482
0.88612
0.88198
0.88332
0.88502
0.88346
0.8859
0.88438
0.88522
0.88264
0.88438
0.88474
0.87812
0.88186
0.88142
0.88318
0.88224
0.88454
0.88318
0.88312
0.88312
0.88542
0.88632
0.88446
0.88
0.88604
0.88672
0.88514
0.8858
0.88216
0.88342
0.88254
0.8818
0.88796
0.8847
0.88402
0.88816
0.88426
0.88248
0.88464
0.8798
0.88246
0.8811
0.88162
0.88218
0.88538
0.8804
0.88634
0.88794
0.88118
0.88496
0.88668
0.88872
0.8839
0.88196
0.88714
0.88554
0.88018
0.8872
0.8849
0.88456
0.88934
0.88696
0.88582
0.8843
0.88368
0.88582
0.88196
0.8879
0.88148
0.88196
0.888
0.88558
0.8812
0.88162
0.8837
0.88706
0.88536
0.88468
0.88846
0.88348
0.88972
0.88236
0.88162
0.88328
0.8803
0.8825
0.88188
0.88524
0.88646
0.88532
0.88624
0.8829
0.87722
0.88544
0.8842
0.8806
0.88876
0.88186
0.88358
0.88276
0.87866
0.88124
0.87628
0.88364
0.88428
0.88066
0.8865
0.8861
0.8871
0.88288
0.88286
0.88548
0.88502
0.8843
0.88108
0.88384
0.88052
0.88246
0.88348
0.88842
0.8844
0.88348
0.8849
0.88452
0.87948
0.88504
0.88612
0.87996
0.88454
0.88762
0.8837
0.88274
0.88398
0.8822
0.88552
0.8849
0.88232
0.88942
0.88722
0.8858
0.88654
0.88214
0.88462
0.88344
0.8831
0.88548
0.88534
0.8833
0.88366
0.88328
0.88358
0.8835
0.88194
0.8809
0.88438
0.8894
0.8855
0.88446
0.88606
0.8852
0.88498
0.88358
0.88438
0.8887
0.88136
0.88616
0.88964
0.88676
0.88584
0.88078
0.88456
0.88194
0.87782
0.8856
0.88078
0.88932
0.88298
0.88298
0.88286
0.8858
0.88694
0.8863
0.88826
0.88608
0.88308
0.88304
0.8836
0.8837
0.88628
0.8825
0.87772
0.88744
0.8893
0.8879
0.88014
0.88666
0.88454
0.8868
0.88654
0.88256
0.88106
0.8809
0.8868
0.8855
0.88488
0.88166
0.88408
0.88296
0.886
0.88522
0.88232
0.88228
0.88548
0.88354
0.87946
0.88336
0.88378
0.88486
0.88792
0.882
0.88228
0.88708
0.8864
0.88352
0.8837
0.8837
0.88096
0.88154
0.88434
0.88682
0.88564
0.88416
0.88726
0.88358
0.88518
0.88336
0.88516
0.88316
0.88184
0.88204
0.88486
0.88604
0.88616
0.87936
0.88432
0.8851
0.88702
0.88618
0.88124
0.8796
0.88382
0.88614
0.88606
0.88178
0.88412
0.88764
0.8826
0.87654
0.8843
0.87796
0.88386
0.88436
0.88216
0.88396
0.88166
0.88424
0.88762
0.8845
0.88334
0.88338
0.8819
0.88624
0.89052
0.88544
0.88082
0.8809
0.87988
0.88422
0.88616
0.88696
0.88502
0.88398
0.88316
0.88286
0.88354
0.88588
0.88234
0.88752
0.8877
0.88718
0.88378
0.88602
0.88198
0.88204
0.88406
0.88906
0.88144
0.88502
0.88398
0.88134
0.88198
0.88756
0.87952
0.8831
0.89088
0.88862
0.88064
0.88198
0.8811
0.88624
0.88584
0.88372
0.8909
0.88334
0.88298
0.88292
0.883
0.88386
0.88286
0.88272
0.88608
0.87838
0.88686
0.8825
0.88036
0.88112
0.883
0.88728
0.88536
0.88444
0.88358
0.88182
0.88816
0.88386
0.88238
0.88386
0.88658
0.88834
0.88358
0.88538
0.87996
0.8818
0.88424
0.88414
0.88364
0.88214
0.88374
0.88434
0.88366
0.88618
0.8875
0.881
0.88462
0.8846
0.88796
0.88598
0.88354
0.88468
0.88226
0.88158
0.88196
0.88382
0.88726
0.88658
0.88856
0.88288
0.88622
0.88532
0.88302
0.88238
0.88336
0.88078
0.88152
0.8812
0.88544
0.88262
0.88038
0.88278
0.87884
0.87788
0.88704
0.8808
0.88668
0.87782
0.88258
0.88798
0.88572
0.88798
0.88614
0.88694
0.88552
0.8913
0.8807
0.88098
0.88348
0.8835
0.88096
0.88804
0.88368
0.88276
0.88544
0.88302
0.8834
0.88846
0.8864
0.8827
0.88376
0.8858
0.88632
0.88334
0.88472
0.88222
0.88512
0.8831
0.88374
0.88802
0.88594
0.88774
0.88122
0.88336
0.88786
0.88576
0.88082
0.8808
0.8815
0.8834
0.88408
0.87962
0.88594
0.88224
0.881
0.88262
0.8848
0.88002
0.88508
0.87978
0.8806
0.88388
0.88262
0.88622
0.88446
0.88646
0.88214
0.88616
0.88788
0.88136
0.88384
0.88136
0.88524
0.88384
0.88582
0.88446
0.88276
0.8838
0.88318
0.8805
0.88644
0.88116
0.88296
0.8831
0.88272
0.88838
0.8863
0.88584
0.88676
0.88344
0.88524
0.88644
0.88974
0.8855
0.8824
0.8838
0.88562
0.88186
0.88184
0.88252
0.8866
0.8864
0.8881
0.882
0.88264
0.8835
0.886
0.88514
0.88768
0.88524
0.88328
0.88394
0.88478
0.88498
0.88566
0.8772
0.88412
0.88238
0.88096
0.87976
0.88342
0.88596
0.87778
0.88622
0.88262
0.8786
0.8779
0.88822
0.88408
0.88364
0.88288
0.8863
0.88916
0.88452
0.88528
0.88496
0.88302
0.8888
0.88656
0.88522
0.88242
0.88588
0.88322
0.88472
0.88176
0.88226
0.88492
0.8825
0.88452
0.8843
0.87904
0.88478
0.88136
0.87894
0.88434
0.88454
0.88236
0.88534
0.88552
0.88176
0.88334
0.88038
0.88508
0.88556
0.88644
0.88406
0.88306
0.88578
0.8815
0.88308
0.88384
0.88088
0.8801
0.88528
0.8841
0.88016
0.8832
0.88042
0.88508
0.88258
0.88622
0.87942
0.88136
0.88202
0.88814
0.88292
0.88612
0.883
0.88618
0.88346
0.88542
0.88136
0.88576
0.8792
0.88264
0.88054
0.88094
0.88326
0.88154
0.88752
0.88462
0.88596
0.88472
0.88544
0.8857
0.8841
0.88434
0.88308
0.88658
0.88222
0.8843
0.88734
0.88472
0.88028
0.88166
0.88424
0.88188
0.8829
0.8809
0.88082
0.88652
0.88566
0.88594
0.8822
0.88398
0.88788
0.88794
0.88278
0.88284
0.88916
0.88568
0.8876
0.88812
0.88556
0.88118
0.88418
0.88526
0.8871
0.88544
0.88376
0.88438
0.8852
0.88684
0.88454
0.88452
0.884
0.88314
0.88302
0.88448
0.8818
0.88262
0.88894
0.88554
0.8815
0.88406
0.8824
0.88514
0.88672
0.88348
0.8879
0.87854
0.88218
0.88554
0.88466
0.88298
0.88334
0.88152
0.88248
0.88636
0.88816
0.87666
0.87888
0.8822
0.88108
0.88288
0.88462
0.88444
0.88722
0.8828
0.88048
0.88626
0.88794
0.8848
0.8869
0.88144
0.88102
0.8801
0.88542
0.88766
0.88816
0.88526
0.88634
0.88652
0.88744
0.88716
0.8861
0.8828
0.88426
0.88326
0.88236
0.88326
0.8783
0.88392
0.88368
0.88442
0.88436
0.88188
0.88058
0.88328
0.88528
0.88628
0.88336
0.88262
0.8806
0.88428
0.88614
0.88516
0.88438
0.88558
0.8868
0.88564
0.8815
0.88506
0.88164
0.8821
0.88472
0.88196
0.8816
0.88646
0.88398
0.88014
0.88576
0.88438
0.88454
0.88362
0.88716
0.8862
0.88234
0.88632
0.88536
0.88144
0.8842
0.87968
0.8859
0.88118
0.88602
0.88624
0.88576
0.88294
0.8853
0.88368
0.87852
0.8805
0.88206
0.88338
0.88662
0.88468
0.8887
0.88944
0.8866
0.88418
0.88322
0.88474
0.88464
0.8814
0.88538
0.88598
0.88286
0.88792
0.88286
0.88292
0.88598
0.88662
0.88522
0.8815
0.87972
0.88456
0.88154
0.88408
0.88646
0.88624
0.88642
0.89156
0.88516
0.88444
0.8881
0.88546
0.88316
0.88644
0.8824
0.88994
0.8827
0.87936
0.88396
0.88682
0.88172
0.88216
0.88646
0.8849
0.88202
0.88454
0.88452
0.8843
0.87774
0.88658
0.88714
0.88432
0.88028
0.88316
0.88554
0.88368
0.88344
0.88388
0.88604
0.88324
0.8833
0.88222
0.8858
0.8839
0.88702
0.88056
0.88474
0.88318
0.877
0.88318
0.88822
0.88828
0.88776
0.88426
0.88322
0.88136
0.88508
0.88416
0.88702
0.88052
0.88396
0.88344
0.8851
0.8881
0.88048
0.88646
0.88532
0.88728
0.88302
0.88258
0.88822
0.88304
0.88446
0.8857
0.88232
0.8828
0.88582
0.8884
0.88014
0.88068
0.88212
0.88514
0.88164
0.88472
0.8851
0.88098
0.88574
0.88654
0.88532
0.88136
0.88472
0.8853
0.88456
0.88018
0.87982
0.88254
0.88302
0.88354
0.88584
0.8868
0.8872
0.88566
0.88336
0.88666
0.88328
0.88728
0.88372
0.88414
0.88054
0.88266
0.88444
0.88078
0.88704
0.88458
0.88782
0.88644
0.88212
0.88332
0.88538
0.88542
0.88606
0.88572
0.8817
0.88464
0.88528
0.88386
0.88294
0.88398
0.88654
0.88132
0.88602
0.8877
0.87992
0.88076
0.8817
0.88502
0.88384
0.88254
0.88288
0.88168
0.8806
0.88548
0.88234
0.8845
0.88296
0.88256
0.88364
0.8817
0.87964
0.88252
0.88292
0.88202
0.88312
0.88926
0.88458
0.87962
0.8795
0.88648
0.883
0.88308
0.8806
0.87926
0.8902
0.88
0.88266
0.88446
0.8839
0.88186
0.88358
0.88526
0.88278
0.88678
0.884
0.88586
0.88612
0.88146
0.88262
0.88374
0.88254
0.88222
0.88204
0.88856
0.88162
0.88586
0.8839
0.88616
0.88712
0.88248
0.88528
0.88204
0.88188
0.88398
0.8816
0.88218
0.88454
0.88414
0.8838
0.88284
0.8834
0.88448
0.88052
0.8857
0.88304
0.88896
0.88592
0.88274
0.8856
0.88382
0.88256
0.87942
0.8852
0.88232
0.88366
0.88454
0.8817
0.88828
0.8845
0.88264
0.87954
0.88842
0.88314
0.88204
0.88368
0.88434
0.88232
0.8856
0.8841
0.88346
0.88312
0.88476
0.88438
0.88478
0.88212
0.88004
0.88166
0.88556
0.88522
0.88124
0.8884
0.8843
0.88566
0.88304
0.88512
0.88178
0.8837
0.8776
0.88616
0.88154
0.88652
0.88446
0.8828
0.88142
0.8833
0.88602
0.88414
0.8851
0.88682
0.8867
0.88416
0.8817
0.8882
0.88626
0.88334
0.8846
0.88088
0.88186
0.88154
0.88126
0.88182
0.8834
0.88228
0.88846
0.8879
0.88744
0.88386
0.88872
0.88426
0.8844
0.8871
0.88016
0.88632
0.8817
0.88492
0.88398
0.88222
0.88444
0.88472
0.8817
0.8847
0.88208
0.87892
0.88796
0.88608
0.88652
0.88728
0.8884
0.88778
0.8849
0.88856
0.88896
0.88566
0.88524
0.88148
0.88324
0.88618
0.88378
0.88146
0.8809
0.88782
0.88226
0.88268
0.88362
0.88738
0.88618
0.88038
0.88298
0.88128
0.88138
0.8824
0.88222
0.88802
0.89032
0.88566
0.8827
0.8821
0.88172
0.88378
0.88532
0.883
0.88552
0.88606
0.87988
0.88488
0.88622
0.886
0.88732
0.88594
0.8834
0.88252
0.8868
0.88436
0.88594
0.88424
0.88514
0.8865
0.88634
0.88334
0.88694
0.88024
0.8843
0.88064
0.88532
0.88572
0.88406
0.88176
0.88132
0.88028
0.87834
0.88584
0.88308
0.8836
0.88462
0.88328
0.88414
0.88264
0.8829
0.88622
0.8875
0.88404
0.87986
0.88066
0.88614
0.8816
0.88232
0.88666
0.8854
0.88672
0.88328
0.88606
0.88398
0.8868
0.88022
0.88512
0.88086
0.88088
0.8804
0.8811
0.88742
0.8864
0.88122
0.88136
0.88438
0.88368
0.88664
0.88184
0.88238
0.87678
0.87944
0.88922
0.88638
0.8833
0.88492
0.88106
0.88428
0.88286
0.88372
0.88612
0.88636
0.8849
0.8835
0.88464
0.8847
0.88724
0.87924
0.88382
0.88408
0.88284
0.88276
0.8818
0.88516
0.88354
0.8862
0.88762
0.88344
0.88452
0.8854
0.88524
0.88564
0.88328
0.88374
0.88644
0.88878
0.88544
0.88482
0.88636
0.87898
0.88188
0.88354
0.8848
0.8874
0.88574
0.88858
0.8841
0.88586
0.88564
0.88384
0.87966
0.88224
0.88036
0.8794
0.88684
0.88554
0.88618
0.88372
0.88874
0.88406
0.8804
0.88372
0.88326
0.886
0.88222
0.88402
0.88166
0.8855
0.8833
0.88304
0.88286
0.88582
0.88524
0.87978
0.88304
0.88702
0.8806
0.88586
0.88376
0.88088
0.88306
0.8836
0.88
0.88186
0.88332
0.88286
0.88736
0.88418
0.88514
0.88636
0.8849
0.88372
0.88164
0.88306
0.88606
0.88234
0.883
0.88446
0.88618
0.88382
0.88826
0.88418
0.88232
0.88532
0.88316
0.88884
0.88912
0.88508
0.88584
0.88532
0.8862
0.88936
0.87848
0.88676
0.88618
0.88592
0.8863
0.88986
0.88512
0.88356
0.8834
0.88524
0.88622
0.88726
0.88528
0.88538
0.8877
0.88422
0.882
0.88432
0.88378
0.88328
0.88172
0.87998
0.88618
0.88082
0.8847
0.8878
0.8894
0.88322
0.88084
0.8862
0.8852
0.88078
0.88418
0.88558
0.8812
0.88414
0.88572
0.88116
0.88826
0.8829
0.8801
0.88092
0.88282
0.88652
0.88462
0.88132
0.88592
0.88298
0.88386
0.8864
0.88028
0.8871
0.88526
0.87968
0.88494
0.88308
0.8829
0.88772
0.88298
0.88424
0.8826
0.88794
0.88584
0.8854
0.88482
0.88276
0.88526
0.88494
0.88362
0.88324
0.88524
0.8865
0.8846
0.88344
0.87756
0.88186
0.88528
0.88242
0.87872
0.88102
0.88716
0.88656
0.88386
0.88244
0.88074
0.88442
0.88226
0.88276
0.88124
0.88664
0.8821
0.88786
0.8874
0.88548
0.88532
0.88288
0.88764
0.8862
0.89026
0.8885
0.88638
0.88244
0.8904
0.88632
0.88318
0.88022
0.88508
0.88368
0.88754
0.88566
0.8881
0.88242
0.87826
0.88008
0.88422
0.88676
0.8843
0.88716
0.87894
0.88368
0.88672
0.88054
0.88652
0.88462
0.88236
0.88454
0.88258
0.88176
0.8843
0.8841
0.88334
0.88852
0.88014
0.88478
0.88266
0.88118
0.87906
0.88598
0.88412
0.88638
0.88618
0.88788
0.88744
0.8871
0.8863
0.88084
0.8871
0.88418
0.8851
0.88332
0.8796
0.8849
0.88426
0.87962
0.8849
0.88168
0.88754
0.88252
0.88466
0.88244
0.88122
0.88586
0.88114
0.88546
0.88256
0.88408
0.88452
0.88238
0.8804
0.8883
0.8813
0.88338
0.88582
0.88506
0.88804
0.88564
0.88128
0.88224
0.89004
0.88612
0.88372
0.88286
0.88216
0.88278
0.88974
0.88586
0.88434
0.8848
0.88856
0.88406
0.88722
0.8855
0.88242
0.88236
0.88078
0.88458
0.87964
0.88258
0.88514
0.88738
0.8868
0.88254
0.88552
0.88162
0.88326
0.88116
0.8817
0.8847
0.88288
0.88674
0.88224
0.88462
0.88532
0.88322
0.88648
0.88204
0.88186
0.88402
0.8844
0.88096
0.88606
0.8843
0.88112
0.88014
0.8805
0.88034
0.88806
0.88662
0.88388
0.88342
0.8869
0.8837
0.87852
0.88604
0.88708
0.88588
0.88316
0.88172
0.87928
0.88722
0.88386
0.88332
0.88326
0.88294
0.88626
0.88118
0.88302
0.88806
0.88586
0.88704
0.88178
0.88318
0.88292
0.88066
0.89004
0.88354
0.88314
0.8843
0.88612
0.88732
0.88246
0.87904
0.88482
0.88302
0.88314
0.8828
0.88316
0.88622
0.88426
0.88812
0.8807
0.88556
0.8827
0.88684
0.88512
0.88242
0.87858
0.88422
0.88618
0.8877
0.88388
0.88166
0.88036
0.87892
0.8855
0.87926
0.8857
0.88646
0.89024
0.88056
0.88094
0.88472
0.88422
0.88334
0.88282
0.88718
0.88538
0.88432
0.88628
0.88262
0.88868
0.88364
0.8887
0.88504
0.87852
0.88086
0.87794
0.8844
0.88394
0.88628
0.88756
0.88368
0.88608
0.88422
0.88388
0.88024
0.8753
0.88738
0.88166
0.88112
0.88172
0.88232
0.89116
0.88616
0.8845
0.88634
0.88774
0.8838
0.88848
0.88572
0.88866
0.88358
0.8815
0.88258
0.88206
0.8826
0.8826
0.88584
0.88386
0.88242
0.88408
0.88284
0.88174
0.8857
0.8809
0.88142
0.87974
0.87672
0.88022
0.88518
0.88906
0.87872
0.88168
0.88698
0.88622
0.88352
0.8863
0.8816
0.88292
0.88276
0.88492
0.88278
0.88376
0.89068
0.88222
0.88624
0.88426
0.88962
0.88604
0.88452
0.8796
0.88102
0.88696
0.88532
0.88596
0.88284
0.88174
0.8869
0.8885
0.88652
0.88084
0.88388
0.8854
0.88112
0.88574
0.88758
0.88244
0.88376
0.88502
0.8841
0.8841
0.8836
0.88202
0.88628
0.87978
0.88332
0.88564
0.88628
0.88462
0.88538
0.885
0.8856
0.8861
0.88318
0.88234
0.88238
0.88146
0.88632
0.8846
0.88676
0.88706
0.88172
0.87832
0.88242
0.8783
0.88396
0.88458
0.88756
0.88604
0.88234
0.88076
0.8795
0.88404
0.88322
0.88722
0.88438
0.88148
0.87628
0.88424
0.88366
0.88582
0.88562
0.88144
0.88172
0.881
0.88428
0.88448
0.88426
0.88506
0.88588
