-0.71152
-0.7087
-0.71216
-0.71598
-0.71516
-0.72196
-0.7248
-0.7131
-0.70146
-0.71836
-0.72162
-0.7142
-0.7182
-0.7047
-0.71926
-0.7195
-0.70886
-0.71776
-0.72752
-0.71734
-0.7095
-0.71094
-0.7152
-0.71204
-0.70904
-0.71134
-0.7153
-0.72392
-0.7224
-0.72064
-0.72314
-0.72126
-0.71682
-0.71994
-0.71796
-0.71206
-0.7226
-0.71388
-0.71784
-0.70924
-0.7096
-0.70892
-0.71166
-0.71064
-0.71268
-0.71274
-0.71568
-0.70096
-0.721
-0.71806
-0.71828
-0.71088
-0.72346
-0.71544
-0.70832
-0.71162
-0.71678
-0.71068
-0.71558
-0.72002
-0.72428
-0.72322
-0.7172
-0.71848
-0.71428
-0.71322
-0.71508
-0.71564
-0.71532
-0.7168
-0.71422
-0.71012
-0.72172
-0.71428
-0.71634
-0.71486
-0.71912
-0.71894
-0.71786
-0.7217
-0.71892
-0.71534
-0.7144
-0.71858
-0.71876
-0.7123
-0.70902
-0.7084
-0.71438
-0.70932
-0.71746
-0.71178
-0.71788
-0.71408
-0.71482
-0.71362
-0.70906
-0.71182
-0.70218
-0.70978
-0.70984
-0.7167
-0.72446
-0.72798
-0.7215
-0.71616
-0.71586
-0.7253
-0.72252
-0.71606
-0.7189
-0.71564
-0.71206
-0.716
-0.71448
-0.72404
-0.70656
-0.70998
-0.70324
-0.71224
-0.70914
-0.72246
-0.71828
-0.71282
-0.71132
-0.72162
-0.72324
-0.71624
-0.71438
-0.71874
-0.72022
-0.71578
-0.70636
-0.7191
-0.71794
-0.71154
-0.71194
-0.71184
-0.71218
-0.71364
-0.71672
-0.70874
-0.70138
-0.70548
-0.72308
-0.70572
-0.71334
-0.70886
-0.70914
-0.70788
-0.71
-0.71878
-0.72146
-0.71888
-0.71754
-0.71508
-0.71074
-0.70404
-0.71578
-0.71796
-0.71074
-0.70804
-0.71202
-0.71172
-0.71154
-0.70962
-0.71376
-0.71956
-0.71554
-0.71224
-0.71408
-0.71198
-0.71628
-0.71066
-0.715
-0.70996
-0.71938
-0.71378
-0.71812
-0.71822
-0.72064
-0.71874
-0.72242
-0.72026
-0.71688
-0.72464
-0.71806
-0.72394
-0.70974
-0.7136
-0.71846
-0.71808
-0.7162
-0.71808
-0.7147
-0.72224
-0.72034
-0.717
-0.71298
-0.70978
-0.70586
-0.7113
-0.72292
-0.71424
-0.71232
-0.70886
-0.70548
-0.71072
-0.70698
-0.71966
-0.70968
-0.70976
-0.71466
-0.71366
-0.7185
-0.72066
-0.7142
-0.71146
-0.71966
-0.71686
-0.716
-0.72142
-0.72394
-0.72214
-0.72538
-0.71722
-0.7177
-0.71136
-0.71676
-0.71388
-0.7162
-0.71762
-0.7203
-0.71538
-0.71198
-0.7146
-0.71408
-0.71126
-0.7085
-0.70282
-0.72032
-0.71252
-0.71232
-0.71366
-0.71772
-0.71368
-0.72036
-0.70402
-0.70144
-0.71592
-0.71188
-0.71326
-0.71382
-0.71718
-0.7168
-0.71376
-0.7135
-0.72218
-0.7264
-0.72052
-0.717
-0.72068
-0.71288
-0.71196
-0.7166
-0.71904
-0.70678
-0.7156
-0.71714
-0.71254
-0.71478
-0.71214
-0.71124
-0.71424
-0.71118
-0.71628
-0.7182
-0.72196
-0.71426
-0.70434
-0.7235
-0.72416
-0.71984
-0.7196
-0.72642
-0.71804
-0.71486
-0.71764
-0.70814
-0.7187
-0.72446
-0.71184
-0.71718
-0.72302
-0.71436
-0.71804
-0.713
-0.72376
-0.7217
-0.72736
-0.7267
-0.71862
-0.7115
-0.71498
-0.70504
-0.71776
-0.71724
-0.71806
-0.71688
-0.71934
-0.71118
-0.72164
-0.72078
-0.72204
-0.71864
-0.71908
-0.71068
-0.72152
-0.71434
-0.7154
-0.70932
-0.71054
-0.72122
-0.71616
-0.7207
-0.72186
-0.71854
-0.7196
-0.71486
-0.71266
-0.7234
-0.71452
-0.70728
-0.71768
-0.71362
-0.71304
-0.71498
-0.71536
-0.71174
-0.72714
-0.72328
-0.71892
-0.71788
-0.7109
-0.71026
-0.7109
-0.71602
-0.71152
-0.71614
-0.71664
-0.70916
-0.70994
-0.71478
-0.70276
-0.70838
-0.71324
-0.7176
-0.70512
-0.71726
-0.71118
-0.7194
-0.7109
-0.71378
-0.70968
-0.71126
-0.71806
-0.71304
-0.71702
-0.71166
-0.71448
-0.71592
-0.7232
-0.71088
-0.72142
-0.71982
-0.72428
-0.718
-0.72232
-0.71666
-0.72238
-0.71882
-0.71952
-0.72018
-0.72512
-0.71018
-0.71038
-0.7188
-0.7056
-0.71052
-0.70752
-0.7147
-0.71326
-0.71448
-0.71868
-0.7124
-0.71292
-0.72312
-0.7141
-0.71558
-0.7207
-0.7142
-0.71904
-0.71484
-0.72128
-0.7174
-0.715
-0.71718
-0.71696
-0.71546
-0.7086
-0.70786
-0.71968
-0.7159
-0.71294
-0.71648
-0.72334
-0.71978
-0.72008
-0.7117
-0.70746
-0.7127
-0.7108
-0.72302
-0.7206
-0.72092
-0.72248
-0.72164
-0.70954
-0.71194
-0.71968
-0.72114
-0.71598
-0.72276
-0.7213
-0.71258
-0.71636
-0.71794
-0.71978
-0.7183
-0.7229
-0.71624
-0.7191
-0.71628
-0.709
-0.71778
-0.72488
-0.72074
-0.72004
-0.71758
-0.71992
-0.71802
-0.71888
-0.71672
-0.71318
-0.7129
-0.71088
-0.7204
-0.7152
-0.7146
-0.71502
-0.71824
-0.71766
-0.72096
-0.71874
-0.71604
-0.72368
-0.7263
-0.71632
-0.71962
-0.7156
-0.7162
-0.72174
-0.72116
-0.71132
-0.71662
-0.72344
-0.70984
-0.69934
-0.71204
-0.7078
-0.71926
-0.71646
-0.71154
-0.71096
-0.71338
-0.72606
-0.72728
-0.73132
-0.71488
-0.71726
-0.71474
-0.7125
-0.72172
-0.71162
-0.71512
-0.7149
-0.72052
-0.71992
-0.71984
-0.72088
-0.72422
-0.72426
-0.72706
-0.71332
-0.7075
-0.71318
-0.71286
-0.71822
-0.72164
-0.72506
-0.72196
-0.72104
-0.70996
-0.7169
-0.7203
-0.71044
-0.72274
-0.71618
-0.71446
-0.71708
-0.72084
-0.7197
-0.72392
-0.71596
-0.72726
-0.71972
-0.7172
-0.71256
-0.71336
-0.71462
-0.71528
-0.7176
-0.71502
-0.72234
-0.71994
-0.7163
-0.71418
-0.7038
-0.71484
-0.72006
-0.72398
-0.71858
-0.71316
-0.7096
-0.70534
-0.7199
-0.7132
-0.71416
-0.72376
-0.71194
-0.72028
-0.72148
-0.72226
-0.7201
-0.71226
-0.71408
-0.71632
-0.7172
-0.71828
-0.71184
-0.7151
-0.7101
-0.71746
-0.71302
-0.71102
-0.70312
-0.71162
-0.7149
-0.71834
-0.70754
-0.72338
-0.71538
-0.70794
-0.71432
-0.71724
-0.71142
-0.72098
-0.70868
-0.71624
-0.71658
-0.72096
-0.71644
-0.7155
-0.70902
-0.72052
-0.71752
-0.71998
-0.71848
-0.71578
-0.7165
-0.71508
-0.724
-0.71286
-0.7194
-0.7218
-0.71206
-0.71668
-0.71574
-0.71074
-0.71002
-0.71526
-0.71162
-0.71668
-0.71488
-0.70446
-0.71016
-0.71184
-0.70512
-0.72228
-0.71168
-0.72034
-0.72058
-0.7081
-0.7108
-0.72386
-0.71544
-0.71718
-0.71334
-0.7151
-0.71518
-0.71974
-0.71876
-0.71026
-0.71212
-0.71146
-0.7133
-0.70806
-0.72046
-0.71596
-0.71152
-0.72126
-0.72124
-0.72362
-0.716
-0.7145
-0.71996
-0.71294
-0.71358
-0.7165
-0.71004
-0.71282
-0.71898
-0.72022
-0.71862
-0.7176
-0.7204
-0.72476
-0.7145
-0.72224
-0.7207
-0.72158
-0.72256
-0.71424
-0.71686
-0.71408
-0.71602
-0.71268
-0.71796
-0.71432
-0.70954
-0.71888
-0.72068
-0.71282
-0.71314
-0.71724
-0.7152
-0.71764
-0.71578
-0.72482
-0.71516
-0.71482
-0.71476
-0.71872
-0.71672
-0.7104
-0.71332
-0.71072
-0.7114
-0.7195
-0.72798
-0.71944
-0.71552
-0.71706
-0.72714
-0.71648
-0.71118
-0.71152
-0.7185
-0.71054
-0.71546
-0.71852
-0.71388
-0.72214
-0.7191
-0.71938
-0.70394
-0.7139
-0.71336
-0.72104
-0.71112
-0.72136
-0.72538
-0.71864
-0.72458
-0.71908
-0.70788
-0.71024
-0.71262
-0.71594
-0.70726
-0.70968
-0.71352
-0.70718
-0.71788
-0.72374
-0.72534
-0.73404
-0.72374
-0.72192
-0.72736
-0.72122
-0.71184
-0.70482
-0.70178
-0.7142
-0.71654
-0.71018
-0.72336
-0.71844
-0.7149
-0.71248
-0.7107
-0.71402
-0.71688
-0.70676
-0.70502
-0.7139
-0.71606
-0.72054
-0.72
-0.7167
-0.7225
-0.7184
-0.72026
-0.72778
-0.71918
-0.70948
-0.70998
-0.71636
-0.6983
-0.70824
-0.71646
-0.71886
-0.70882
-0.7147
-0.70736
-0.71934
-0.71582
-0.71366
-0.70664
-0.71096
-0.71806
-0.72832
-0.71682
-0.71536
-0.70784
-0.71824
-0.71586
-0.71102
-0.7123
-0.71222
-0.7143
-0.72468
-0.71896
-0.70906
-0.70834
-0.7096
-0.71678
-0.72916
-0.71316
-0.7135
-0.71386
-0.71016
-0.70954
-0.72148
-0.7146
-0.71084
-0.71512
-0.70906
-0.72032
-0.72488
-0.7232
-0.71526
-0.71694
-0.71944
-0.71032
-0.71078
-0.72356
-0.7186
-0.71864
-0.7139
-0.71138
-0.71014
-0.71516
-0.71434
-0.71406
-0.7053
-0.70546
-0.71152
-0.72088
-0.72412
-0.714
-0.71556
-0.71314
-0.71594
-0.71274
-0.71794
-0.70886
-0.71598
-0.71464
-0.70482
-0.714
-0.71302
-0.71308
-0.71804
-0.71064
-0.7175
-0.72142
-0.71568
-0.72146
-0.71564
-0.70582
-0.71178
-0.71628
-0.71806
-0.71736
-0.7088
-0.71934
-0.7115
-0.7189
-0.71166
-0.71654
-0.71008
-0.70304
-0.70998
-0.71606
-0.72
-0.7139
-0.71388
-0.7132
-0.7133
-0.7126
-0.70792
-0.71288
-0.71576
-0.7067
-0.71906
-0.71986
-0.71616
-0.72636
-0.72248
-0.71418
-0.70636
-0.70882
-0.717
-0.7222
-0.70908
-0.71224
-0.7164
-0.71936
-0.72008
-0.7063
-0.70526
-0.7126
-0.71758
-0.71798
-0.70952
-0.71814
-0.72042
-0.72152
-0.72442
-0.71566
-0.71478
-0.71112
-0.72154
-0.72536
-0.71816
-0.71948
-0.71288
-0.72044
-0.71018
-0.715
-0.71948
-0.71474
-0.70872
-0.71616
-0.71804
-0.70896
-0.71586
-0.72304
-0.72798
-0.71688
-0.71454
-0.71178
-0.71598
-0.71576
-0.7139
-0.71072
-0.71546
-0.7107
-0.71394
-0.70168
-0.70918
-0.71198
-0.7153
-0.70756
-0.7108
-0.72298
-0.71806
-0.71534
-0.7127
-0.72106
-0.72128
-0.71872
-0.72034
-0.72294
-0.71596
-0.71526
-0.71556
-0.71664
-0.71836
-0.725
-0.71544
-0.71226
-0.7178
-0.71854
-0.70786
-0.70954
-0.71298
-0.72096
-0.7178
-0.71258
-0.70828
-0.71436
-0.71232
-0.71406
-0.71184
-0.71268
-0.717
-0.72252
-0.71074
-0.7149
-0.71886
-0.71912
-0.7255
-0.71804
-0.7228
-0.7204
-0.72558
-0.71882
-0.72286
-0.7239
-0.723
-0.72484
-0.72036
-0.71138
-0.71502
-0.70478
-0.70858
-0.7115
-0.71604
-0.71906
-0.72574
-0.7288
-0.72336
-0.72118
-0.7125
-0.72202
-0.72094
-0.7175
-0.71846
-0.72192
-0.71522
-0.71594
-0.71252
-0.7128
-0.7087
-0.70934
-0.70592
-0.71304
-0.7201
-0.71562
-0.70782
-0.71412
-0.708
-0.70242
-0.70776
-0.71178
-0.71676
-0.71452
-0.71554
-0.712
-0.71854
-0.7138
-0.72202
-0.7178
-0.7222
-0.71216
-0.71062
-0.70104
-0.70976
-0.71664
-0.7155
-0.71432
-0.71844
-0.7174
-0.71934
-0.72364
-0.71432
-0.71698
-0.7152
-0.7141
-0.71666
-0.72418
-0.72176
-0.70874
-0.70564
-0.71392
-0.7092
-0.71374
-0.71256
-0.71552
-0.71246
-0.72228
-0.72308
-0.72024
-0.72126
-0.72666
-0.7235
-0.71672
-0.72338
-0.7226
-0.72488
-0.72416
-0.72054
-0.72344
-0.71922
-0.72296
-0.71454
-0.7154
-0.7157
-0.72082
-0.71752
-0.71714
-0.71378
-0.72346
-0.71668
-0.7169
-0.7149
-0.70556
-0.71724
-0.71218
-0.72284
-0.71842
-0.70732
-0.722
-0.7265
-0.72086
-0.71572
-0.71632
-0.7199
-0.71582
-0.71406
-0.71684
-0.71098
-0.7144
-0.71134
-0.72228
-0.71742
-0.71152
-0.70668
-0.71692
-0.71838
-0.72106
-0.7185
-0.71952
-0.72546
-0.71598
-0.72342
-0.71708
-0.72334
-0.71462
-0.71918
-0.72284
-0.71456
-0.71868
-0.7156
-0.71252
-0.72
-0.71244
-0.71024
-0.71558
-0.71848
-0.71186
-0.71604
-0.71762
-0.71384
-0.70846
-0.714
-0.70896
-0.70654
-0.70824
-0.71756
-0.71914
-0.71016
-0.71588
-0.71454
-0.7208
-0.71826
-0.71412
-0.70376
-0.70626
-0.70832
-0.7117
-0.71346
-0.71656
-0.72588
-0.7145
-0.72526
-0.7164
-0.70918
-0.72652
-0.71968
-0.72226
-0.7197
-0.71778
-0.71706
-0.7098
-0.71912
-0.71966
-0.71052
-0.71854
-0.71956
-0.71856
-0.72002
-0.7148
-0.71084
-0.71662
-0.72168
-0.71798
-0.71958
-0.71926
-0.71564
-0.71392
-0.72512
-0.7239
-0.71814
-0.72228
-0.72468
-0.72062
-0.71396
-0.721
-0.72074
-0.71714
-0.71804
-0.72352
-0.71954
-0.71604
-0.71684
-0.70988
-0.721
-0.71644
-0.71948
-0.71734
-0.71794
-0.71462
-0.71902
-0.71488
-0.7123
-0.71318
-0.71688
-0.70828
-0.71688
-0.72164
-0.71618
-0.72008
-0.71656
-0.72294
-0.71822
-0.70636
-0.72008
-0.71704
-0.71502
-0.7162
-0.71824
-0.71538
-0.70516
-0.70768
-0.70922
-0.7125
-0.70572
-0.71168
-0.7203
-0.71426
-0.71772
-0.71732
-0.7203
-0.7241
-0.72448
-0.71252
-0.71682
-0.71474
-0.70978
-0.71276
-0.71184
-0.71826
-0.72128
-0.71652
-0.71702
-0.72092
-0.7144
-0.7079
-0.7159
-0.71586
-0.70878
-0.7207
-0.7204
-0.70962
-0.71748
-0.70278
-0.71748
-0.71876
-0.7117
-0.71002
-0.71166
-0.71622
-0.71818
-0.72214
-0.71592
-0.71638
-0.71782
-0.71566
-0.72014
-0.7185
-0.72008
-0.7075
-0.71462
-0.71972
-0.71668
-0.7243
-0.71996
-0.71538
-0.7126
-0.71874
-0.7183
-0.70414
-0.7101
-0.71646
-0.71154
-0.71936
-0.71868
-0.72128
-0.72516
-0.72728
-0.72082
-0.71498
-0.71608
-0.71328
-0.7243
-0.7163
-0.71398
-0.71358
-0.70776
-0.71846
-0.72376
-0.70778
-0.71732
-0.71636
-0.7114
-0.71168
-0.71214
-0.71004
-0.71368
-0.71922
-0.71128
-0.7123
-0.71782
-0.71224
-0.7032
-0.72022
-0.71302
-0.71368
-0.7105
-0.71396
-0.71122
-0.70392
-0.71144
-0.71702
-0.72574
-0.72054
-0.72292
-0.71608
-0.7127
-0.714
-0.71058
-0.70776
-0.70748
-0.72038
-0.71672
-0.71876
-0.71786
-0.71896
-0.71726
-0.72238
-0.72272
-0.71578
-0.7101
-0.7157
-0.71972
-0.71856
-0.72326
-0.72336
-0.70972
-0.72036
-0.70842
-0.71274
-0.71204
-0.71528
-0.70884
-0.71536
-0.71212
-0.712
-0.71712
-0.71142
-0.71308
-0.71514
-0.71194
-0.71508
-0.7172
-0.71726
-0.71294
-0.72002
-0.7177
-0.72238
-0.72066
-0.7209
-0.71078
-0.725
-0.71352
-0.72094
-0.70924
-0.70932
-0.71364
-0.70756
-0.70834
-0.71286
-0.71224
-0.70742
-0.7082
-0.7107
-0.72154
-0.7261
-0.72204
-0.71408
-0.71206
-0.70904
-0.70616
-0.70884
-0.71708
-0.71792
-0.72108
-0.7202
-0.71016
-0.71796
-0.7173
-0.72198
-0.72746
-0.71924
-0.71016
-0.7146
-0.71752
-0.71114
-0.716
-0.71974
-0.72336
-0.71706
-0.71782
-0.72348
-0.71908
-0.71668
-0.7244
-0.71746
-0.71628
-0.70966
-0.71294
-0.72108
-0.71542
-0.71844
-0.71386
-0.71588
-0.70824
-0.7054
-0.71882
-0.72138
-0.71264
-0.7058
-0.71192
-0.7207
-0.71572
-0.71336
-0.71184
-0.72214
-0.71474
-0.7111
-0.7129
-0.71974
-0.71298
-0.71806
-0.71474
-0.72566
-0.7232
-0.72224
-0.72392
-0.71508
-0.71386
-0.71386
-0.72032
-0.71578
-0.71774
-0.7103
-0.70974
-0.71386
-0.71934
-0.71558
-0.71402
-0.71798
-0.71946
-0.7168
-0.70798
-0.7153
-0.71688
-0.71586
-0.72152
-0.72092
-0.71182
-0.7184
-0.71534
-0.7166
-0.7165
-0.71842
-0.70868
-0.71514
-0.70978
-0.71566
-0.71892
-0.71396
-0.70978
-0.72234
-0.71754
-0.72154
-0.72338
-0.7129
-0.71272
-0.71658
-0.72068
-0.717
-0.72312
-0.70676
-0.71218
-0.7163
-0.71736
-0.72272
-0.71808
-0.71022
-0.718
-0.72186
-0.72934
-0.71968
-0.70798
-0.70796
-0.71154
-0.7192
-0.71176
-0.72284
-0.72074
-0.7207
-0.72436
-0.70802
-0.71156
-0.71928
-0.70636
-0.71438
-0.71208
-0.7209
-0.71588
-0.71022
-0.71372
-0.71288
-0.71584
-0.7171
-0.71752
-0.71614
-0.7165
-0.72224
-0.72196
-0.7093
-0.71524
-0.71658
-0.71704
-0.71366
-0.7078
-0.71278
-0.70762
-0.72014
-0.71938
-0.71802
-0.71542
-0.71628
-0.71472
-0.7181
-0.73
-0.72156
-0.71512
-0.71338
-0.71422
-0.71812
-0.7213
-0.71596
-0.72334
-0.72028
-0.7162
-0.7246
-0.71414
-0.7134
-0.70732
-0.71656
-0.7164
-0.72168
-0.71586
-0.7096
-0.7151
-0.72108
-0.72108
-0.71652
-0.70688
-0.72438
-0.7176
-0.70766
-0.70634
-0.70916
-0.72108
-0.71846
-0.70836
-0.70972
-0.71986
-0.71416
-0.70482
-0.71466
-0.71024
-0.71258
-0.7137
-0.71498
-0.72432
-0.71326
-0.72212
-0.71742
-0.7151
-0.71004
-0.71838
-0.71514
-0.71904
-0.7122
-0.71802
-0.7174
-0.7089
-0.70654
-0.7064
-0.71984
-0.71532
-0.71246
-0.7112
-0.71674
-0.71444
-0.70594
-0.71678
-0.70674
-0.71362
-0.72222
-0.713
-0.71566
-0.71516
-0.71746
-0.7126
-0.7176
-0.71886
-0.71414
-0.72106
-0.71928
-0.7143
-0.70656
-0.71938
-0.71464
-0.7155
-0.71228
-0.71286
-0.71188
-0.70328
-0.72012
-0.71434
-0.71108
-0.70706
-0.71334
-0.71842
-0.71958
-0.72168
-0.71796
-0.72388
-0.7164
-0.71612
-0.72192
-0.7166
-0.71296
-0.7164
-0.72576
-0.72452
-0.72682
-0.71442
-0.72468
-0.71862
-0.71664
-0.71748
-0.72162
-0.72222
-0.7221
-0.70606
-0.71126
-0.7115
-0.71206
-0.72378
-0.72126
-0.71066
-0.71986
-0.71918
-0.71556
-0.7022
-0.7146
-0.72432
-0.72084
-0.7234
-0.71838
-0.71826
-0.71974
-0.71626
-0.72038
-0.71786
-0.7127
-0.7155
-0.70444
-0.71854
-0.72084
-0.71972
-0.71072
-0.71816
-0.71698
-0.71286
-0.72166
-0.71928
-0.71838
-0.71742
-0.72066
-0.71574
-0.71432
-0.71234
-0.70946
-0.7179
-0.7135
-0.7134
-0.722
-0.7201
-0.71996
-0.71772
-0.71912
-0.70806
-0.7163
-0.7199
-0.71638
-0.71356
-0.70816
-0.70118
-0.70244
-0.71116
-0.70784
-0.71424
-0.71744
-0.72358
-0.7205
-0.711
-0.7102
-0.71126
-0.71692
-0.72638
-0.72554
-0.72282
-0.71214
-0.70908
-0.72072
-0.7174
-0.71734
-0.71346
-0.71282
-0.7151
-0.70422
-0.70442
-0.70832
-0.70842
-0.71932
-0.71632
-0.71948
-0.71548
-0.71708
-0.70952
-0.71602
-0.70724
-0.70676
-0.71606
-0.71634
-0.71538
-0.7073
-0.71806
-0.72598
-0.7171
-0.72074
-0.7236
-0.71742
-0.71286
-0.70324
-0.70744
-0.71598
-0.71952
-0.7174
-0.7119
-0.71606
-0.71248
-0.71638
-0.71198
-0.71814
-0.72174
-0.70016
-0.70486
-0.7172
-0.7185
-0.71516
-0.71592
-0.71574
-0.71316
-0.70922
-0.71698
-0.71966
-0.7202
-0.71372
-0.7051
-0.71746
-0.72216
-0.71484
-0.72228
-0.71756
-0.71188
-0.71666
-0.71192
-0.7066
-0.71724
-0.72148
-0.71826
-0.71546
-0.72058
-0.721
-0.71694
-0.71496
-0.71434
-0.71302
-0.7196
-0.7127
-0.71806
-0.71952
-0.71964
-0.70716
-0.70612
-0.70944
-0.71756
-0.71744
-0.71444
-0.72688
-0.71668
-0.71144
-0.7161
-0.7185
-0.71698
-0.71478
-0.71484
-0.72436
-0.71772
-0.71928
-0.71304
-0.7182
-0.71654
-0.7172
-0.71934
-0.72072
-0.71732
-0.71726
-0.72144
-0.71114
-0.71524
-0.7081
-0.7129
-0.7234
-0.72068
-0.71482
-0.71162
-0.7119
-0.71324
-0.71628
-0.70634
-0.71742
-0.71658
-0.7126
-0.70434
-0.71272
-0.71458
-0.71318
-0.71288
-0.72032
-0.71068
-0.69908
-0.7047
-0.71648
-0.71852
-0.7185
-0.7071
-0.71392
-0.70508
-0.70318
-0.70986
-0.71548
-0.71556
-0.72234
-0.71192
-0.71442
-0.7129
-0.72108
-0.72126
-0.72494
-0.72892
-0.71868
-0.71912
-0.71286
-0.71842
-0.7222
-0.71462
-0.72752
-0.72088
-0.7208
-0.71896
-0.71368
-0.7173
-0.70546
-0.71556
-0.7133
-0.71066
-0.71498
-0.71142
-0.7125
-0.71474
-0.7165
-0.7075
-0.7212
-0.7195
-0.71258
-0.71788
-0.72298
-0.71848
-0.7214
-0.72202
-0.72102
-0.71068
-0.7178
-0.714
-0.7177
-0.7186
-0.72308
-0.71764
-0.71524
-0.71292
-0.71738
-0.70958
-0.71356
-0.70912
-0.71092
-0.71444
-0.71862
-0.71252
-0.70662
-0.71454
-0.7219
-0.71436
-0.72094
-0.71454
-0.71706
-0.71686
-0.71256
-0.71416
-0.7088
-0.7194
-0.71296
-0.71818
-0.72094
-0.71582
-0.71332
-0.71736
-0.7154
-0.71602
-0.71676
-0.71806
-0.71926
-0.71724
-0.7164
-0.71706
-0.7199
-0.72518
-0.72048
-0.71022
-0.722
-0.71754
-0.71378
-0.71414
-0.70622
-0.71162
-0.71206
-0.71488
-0.71014
-0.71522
-0.7205
-0.70606
-0.71654
-0.7218
-0.71614
-0.71462
-0.71848
-0.7132
-0.70544
-0.7118
-0.72298
-0.72394
-0.721
-0.72146
-0.71754
-0.72544
-0.71678
-0.7104
-0.71464
-0.70734
-0.7136
-0.71992
-0.70784
-0.70428
-0.71166
-0.72018
-0.72362
-0.72028
-0.70764
-0.71158
-0.71034
-0.7142
-0.72096
-0.7224
-0.72626
-0.72382
-0.71068
-0.71672
-0.71306
-0.72064
-0.71882
-0.71096
-0.70698
-0.71304
-0.72006
-0.70512
-0.71342
-0.70914
-0.71448
-0.72392
-0.71894
-0.71058
-0.72294
-0.71902
-0.7219
-0.71198
-0.71436
-0.71638
-0.72262
-0.71868
-0.71198
-0.71688
-0.72658
-0.71882
-0.72082
-0.715
-0.7162
-0.71588
-0.71226
-0.7195
-0.71242
-0.71194
-0.7186
-0.7172
-0.71024
-0.7095
-0.7109
-0.70558
-0.713
-0.71552
-0.71596
-0.72288
-0.72804
-0.72122
-0.72028
-0.70906
-0.71262
-0.7112
-0.71224
-0.71434
-0.72654
-0.7169
-0.72286
-0.72718
-0.71708
-0.71684
-0.71826
-0.71148
-0.70946
-0.71096
-0.7137
-0.71568
-0.71196
-0.7159
-0.71842
-0.7197
-0.72228
-0.72054
-0.72032
-0.71382
-0.71472
-0.7076
-0.7132
-0.71366
-0.7079
-0.71558
-0.72202
-0.71874
-0.70956
-0.7184
-0.71748
-0.72058
-0.72342
-0.71704
-0.71372
-0.71378
-0.71566
-0.72408
-0.71996
-0.72116
-0.71284
-0.71394
-0.71372
-0.71322
-0.72314
-0.71828
-0.71794
-0.70794
-0.71562
-0.71906
-0.72348
-0.71432
-0.7175
-0.70764
-0.71218
-0.70926
-0.71008
-0.71078
-0.725
-0.72112
-0.71886
-0.717
-0.70508
-0.71772
-0.7162
-0.71698
-0.71034
-0.70934
-0.71102
-0.7154
-0.71776
-0.70736
-0.71126
-0.7065
-0.71294
-0.71154
-0.72138
-0.7197
-0.7077
-0.71396
-0.70756
-0.7061
-0.70656
-0.71396
-0.71702
-0.70554
-0.70956
-0.71564
-0.71964
-0.71092
-0.71712
-0.71388
-0.70902
-0.7145
-0.71
-0.7114
-0.71832
-0.71274
-0.71972
-0.72254
-0.72356
-0.71536
-0.7144
-0.71188
-0.70882
-0.71596
-0.71362
-0.71826
-0.71234
-0.71336
-0.71822
-0.72202
-0.72242
-0.71182
-0.7096
-0.71296
-0.70754
-0.7122
-0.71202
-0.71264
-0.71812
-0.71916
-0.71998
-0.72694
-0.71344
-0.71528
-0.71108
-0.7098
-0.71656
-0.71578
-0.72368
-0.7167
-0.72306
-0.71456
-0.71896
-0.72124
-0.7192
-0.71002
-0.72046
-0.70548
-0.72104
-0.71566
-0.71584
-0.71384
-0.71612
-0.7124
-0.71098
-0.71192
-0.71616
-0.71736
-0.71642
-0.71218
-0.71518
-0.71724
-0.72158
-0.71678
-0.72576
-0.7222
-0.71502
-0.71924
-0.70972
-0.7127
-0.7109
-0.71566
-0.71608
-0.71912
-0.7113
-0.71808
-0.71872
-0.71574
-0.71728
-0.71482
-0.71772
-0.71966
-0.71802
-0.70734
-0.70784
-0.71326
-0.71758
-0.71826
-0.71178
-0.7126
-0.71008
-0.70754
-0.70214
-0.70906
-0.71062
-0.71578
-0.71422
-0.71914
-0.7152
-0.72114
-0.71938
-0.71344
-0.71976
-0.7248
-0.72074
-0.72496
-0.72248
-0.71252
-0.71082
-0.71618
-0.71814
-0.712
-0.7122
-0.71188
-0.70838
-0.7225
-0.70928
-0.7155
-0.71786
-0.71472
-0.70966
-0.71244
-0.71476
-0.72208
-0.71688
-0.71958
-0.72456
-0.7159
-0.71574
-0.72026
-0.7166
-0.7098
-0.71402
-0.71904
-0.70968
-0.71602
-0.72182
-0.7144
-0.71702
-0.71558
-0.71956
-0.72864
-0.72126
-0.71264
-0.72094
-0.7236
-0.70954
-0.72138
-0.72112
-0.7112
-0.70708
-0.7115
-0.714
-0.7106
-0.70934
-0.71714
-0.7206
-0.7265
-0.7101
-0.71242
-0.71296
-0.71684
-0.71938
-0.71512
-0.70272
-0.7162
-0.71086
-0.71362
-0.7101
-0.71486
-0.71176
-0.7097
-0.71262
-0.71576
-0.7187
-0.71406
-0.71598
-0.71282
-0.71346
-0.71638
-0.71108
-0.71128
-0.71272
-0.71304
-0.71372
-0.71318
-0.71796
-0.71492
-0.71996
-0.71184
-0.70838
-0.71236
-0.71922
-0.72526
-0.72774
-0.7211
-0.72056
-0.71822
-0.71336
-0.7146
-0.7104
-0.71178
-0.71822
-0.71328
-0.71804
-0.71624
-0.72214
-0.71466
-0.70958
-0.71212
-0.71764
-0.70998
-0.71336
-0.71838
-0.71782
-0.71678
-0.71494
-0.71582
-0.7142
-0.71824
-0.71086
-0.70602
-0.71248
-0.71582
-0.7102
-0.70754
-0.71212
-0.7183
-0.71546
-0.71762
-0.71984
-0.71262
-0.7086
-0.71652
-0.71866
-0.71784
-0.72018
-0.71694
-0.71692
-0.7144
-0.71404
-0.71516
-0.70636
-0.70768
-0.7141
-0.7128
-0.71364
-0.71486
-0.71758
-0.71002
-0.71456
-0.70708
-0.71542
-0.7146
-0.70764
-0.71542
-0.71884
-0.72512
-0.71192
-0.7146
-0.70998
-0.72252
-0.71138
-0.71696
-0.71506
-0.71422
-0.72332
-0.71206
-0.71194
-0.71492
-0.71846
-0.71064
-0.72204
-0.72564
-0.72464
-0.71614
-0.71796
-0.71412
-0.71296
-0.71948
-0.70954
-0.71394
-0.7134
-0.7211
-0.71608
-0.71504
-0.70906
-0.71924
-0.71718
-0.71684
-0.71462
-0.70828
-0.70598
-0.7162
-0.7188
-0.712
-0.70994
-0.70394
-0.71748
-0.72208
-0.71986
-0.7136
-0.70964
-0.7209
-0.71548
-0.71692
-0.71374
-0.71612
-0.71448
-0.7059
-0.71628
-0.71388
-0.71318
-0.71708
-0.72882
-0.7178
-0.71382
-0.71024
-0.71254
-0.72116
-0.7153
-0.71674
-0.71964
-0.71214
-0.7096
-0.71324
-0.71362
-0.7142
-0.71966
-0.71482
-0.72092
-0.71758
-0.71764
-0.72124
-0.71688
-0.71404
-0.71258
-0.71164
-0.7161
-0.70904
-0.7077
-0.7104
-0.71988
-0.7229
-0.71612
-0.72066
-0.71976
-0.71686
-0.71646
-0.7181
-0.71052
-0.71382
-0.71748
-0.72208
-0.71062
-0.71466
-0.71694
-0.71798
-0.7153
-0.71912
-0.71574
-0.71828
-0.7222
-0.7114
-0.7156
-0.72432
-0.7246
-0.719
-0.71128
-0.71726
-0.71104
-0.71382
-0.71984
-0.70966
-0.7141
-0.71774
-0.72142
-0.70804
-0.71516
-0.71572
-0.71952
-0.7211
-0.7192
-0.71974
-0.71826
-0.72342
-0.71752
-0.72032
-0.71574
-0.71186
-0.71704
-0.71852
-0.72184
-0.71132
-0.7136
-0.713
-0.71622
-0.71674
-0.71668
-0.71368
-0.71336
-0.71328
-0.7167
-0.72582
-0.7187
-0.71744
-0.71886
-0.72156
-0.71754
-0.7182
-0.70582
-0.70962
-0.71184
-0.7102
-0.7222
-0.72872
-0.7181
-0.7093
-0.71196
-0.7151
-0.7054
-0.71324
-0.71176
-0.71662
-0.71114
-0.71562
-0.71232
-0.71814
-0.71766
-0.7143
-0.72066
-0.71988
-0.71166
-0.71294
-0.71806
-0.71404
-0.71392
-0.70928
-0.71232
-0.72024
-0.71654
-0.71804
-0.7089
-0.71114
-0.71964
-0.72616
-0.71894
-0.71472
-0.71634
-0.71652
-0.72202
-0.72346
-0.7158
-0.71636
-0.71802
-0.7167
-0.7065
-0.70538
-0.70784
-0.71344
-0.7072
-0.71058
-0.7115
-0.70724
-0.71762
-0.7195
-0.72646
-0.71774
-0.71938
-0.71076
-0.7105
-0.71758
-0.7085
-0.71184
-0.7167
-0.71848
-0.71722
-0.71632
-0.71754
-0.71354
-0.70744
-0.7271
-0.71858
-0.7183
-0.71202
-0.71896
-0.7121
-0.72066
-0.71568
-0.72006
-0.71734
-0.72898
-0.71736
-0.7152
-0.72314
-0.71528
-0.7175
-0.71904
-0.7154
-0.71278
-0.71318
-0.71244
-0.71998
-0.72026
-0.72432
-0.70798
-0.72054
-0.72294
-0.7233
-0.71116
-0.71492
-0.7061
-0.71492
-0.71342
-0.71108
-0.70944
-0.72248
-0.7188
-0.71556
-0.71908
-0.7109
-0.7299
-0.7218
-0.7225
-0.7191
-0.7011
-0.7119
-0.71034
-0.7153
-0.719
-0.71226
-0.71234
-0.70952
-0.7126
-0.71582
-0.71476
-0.7127
-0.70852
-0.72126
-0.71286
-0.70998
-0.71738
-0.71676
-0.71522
-0.7169
-0.71684
-0.7143
-0.71252
-0.72006
-0.72072
-0.72118
-0.71918
-0.72306
-0.71876
-0.7243
-0.71748
-0.71236
-0.718
-0.71258
-0.71184
-0.7143
-0.70764
-0.71446
-0.72346
-0.72038
-0.71446
-0.71716
-0.71896
-0.71674
-0.71858
-0.7097
-0.7156
-0.72226
-0.719
-0.71718
-0.71366
-0.72512
-0.7276
-0.72444
-0.72022
-0.71414
-0.7205
-0.72174
-0.71636
-0.71948
-0.72382
-0.71596
-0.71594
-0.72642
-0.71416
-0.7143
-0.71244
-0.7128
-0.71476
-0.7169
-0.71632
-0.70846
-0.7222
-0.71236
-0.7139
-0.71056
-0.70936
-0.71708
-0.71606
-0.71284
-0.71018
-0.7137
-0.7194
-0.71714
-0.72738
-0.7168
-0.71486
-0.71478
-0.72108
-0.72072
-0.7214
-0.71322
-0.72642
-0.71748
-0.7195
-0.716
-0.7201
-0.71558
-0.72018
-0.71558
-0.7166
-0.72078
-0.71458
-0.71546
-0.7129
-0.72152
-0.7124
-0.71388
-0.7188
-0.72386
-0.71944
-0.71422
-0.7133
-0.71706
-0.7106
-0.71324
-0.70998
-0.70784
-0.71446
-0.71798
-0.71768
-0.72276
-0.72118
-0.71748
-0.71568
-0.71752
-0.71986
-0.718
-0.71688
-0.7118
-0.72252
-0.72456
-0.72272
-0.71916
-0.71112
-0.71098
-0.71644
-0.71848
-0.71
-0.71318
-0.70746
-0.71844
-0.72082
-0.71562
-0.70802
-0.7164
-0.71326
-0.712
-0.71892
-0.71912
-0.72664
-0.72344
-0.72128
-0.71198
-0.70672
-0.71864
-0.71298
-0.71144
-0.70886
-0.71226
-0.71216
-0.71314
-0.71448
-0.71442
-0.71514
-0.71808
-0.72004
-0.72
-0.71706
-0.71956
-0.71288
-0.71822
-0.71226
-0.71394
-0.72092
-0.71764
-0.72416
-0.72366
-0.70584
-0.70642
-0.71418
-0.72254
-0.71484
-0.71728
-0.71666
-0.71648
-0.71404
-0.7132
-0.71208
-0.7043
-0.71126
-0.71634
-0.72748
-0.71286
-0.71772
-0.72442
-0.71864
-0.71652
-0.71796
-0.71208
-0.70716
-0.70508
-0.71286
-0.70704
-0.7128
-0.70582
-0.7093
-0.70954
-0.70922
-0.71716
-0.7207
-0.7171
-0.71594
-0.70894
-0.7143
-0.7111
-0.71904
-0.71548
-0.72192
-0.71462
-0.71904
-0.71518
-0.71976
-0.71684
-0.7221
-0.71878
-0.71042
-0.71494
-0.71522
-0.72144
-0.72266
-0.72232
-0.7137
-0.71188
-0.71624
-0.71622
-0.71656
-0.71336
-0.71652
-0.71684
-0.71354
-0.71432
-0.71662
-0.71364
-0.7134
-0.70972
-0.71168
-0.71296
-0.71814
-0.71612
-0.70734
-0.71342
-0.71162
-0.71148
-0.71606
-0.71784
-0.71224
-0.71302
-0.70468
-0.71212
-0.71212
-0.71854
-0.70924
-0.71562
-0.7106
-0.7167
-0.71324
-0.71958
-0.72286
-0.71526
-0.71302
-0.71886
-0.71918
-0.72014
-0.71888
-0.72042
-0.71144
-0.7098
-0.70694
-0.7164
-0.71144
-0.72142
-0.70444
-0.70914
-0.71558
-0.71438
-0.70754
-0.70702
-0.70916
-0.70842
-0.71466
-0.7142
-0.72038
-0.71306
-0.71982
-0.71792
-0.72204
-0.7095
-0.71616
-0.71162
-0.7213
-0.71842
-0.72552
-0.72392
-0.71438
-0.71304
-0.72472
-0.71862
-0.71038
-0.7093
-0.71012
-0.72576
-0.72896
-0.7148
-0.71528
-0.7122
-0.72052
-0.71618
-0.71234
-0.71692
-0.71226
-0.71222
-0.71372
-0.7127
-0.71618
-0.7264
-0.72028
-0.70876
-0.7127
-0.7187
-0.71754
-0.7178
-0.71918
-0.71944
-0.72022
-0.72384
-0.73166
-0.71128
-0.71972
-0.71622
-0.72422
-0.72216
-0.71932
-0.71164
-0.7182
-0.72454
-0.72462
-0.72046
-0.72352
-0.71564
-0.71932
-0.71194
-0.71274
-0.72788
-0.7219
-0.71332
-0.71912
-0.71738
-0.7239
-0.7146
-0.7205
-0.72064
-0.7169
-0.716
-0.71922
-0.71852
-0.71276
-0.71008
-0.71034
-0.71628
-0.71526
-0.71104
-0.71876
-0.71518
-0.71162
-0.72148
-0.71872
-0.71236
-0.71016
-0.71606
-0.71208
-0.72236
-0.72674
-0.72264
-0.71598
-0.71512
-0.7209
-0.72204
-0.7248
-0.71806
-0.7185
-0.71808
-0.71764
-0.7148
-0.72006
-0.71832
-0.71718
-0.7129
-0.71308
-0.72104
-0.72008
-0.72256
-0.72884
-0.72222
-0.71652
-0.71326
-0.71474
-0.7088
-0.7184
-0.71406
-0.71854
-0.71246
-0.7117
-0.72542
-0.7159
-0.7178
-0.7193
-0.71104
-0.7133
-0.71794
-0.72092
-0.71904
-0.72396
-0.71966
-0.71966
-0.72594
-0.71832
-0.72528
-0.7147
-0.7045
-0.711
-0.70756
-0.7153
-0.71504
-0.71956
-0.716
-0.71924
-0.71672
-0.71126
-0.71
-0.72594
-0.71546
-0.71714
-0.7194
-0.71584
-0.7171
-0.72194
-0.72522
-0.7186
-0.7197
-0.71638
-0.71078
-0.71596
-0.72298
-0.71702
-0.71476
-0.71002
-0.7056
-0.70354
-0.71296
-0.71276
-0.7125
-0.70366
-0.71752
-0.71536
-0.71856
-0.71762
-0.71868
-0.72382
-0.71476
-0.71474
-0.7164
-0.71748
-0.71858
-0.71114
-0.71398
-0.71798
-0.71284
-0.71762
-0.71844
-0.71262
-0.7156
-0.71686
-0.71724
-0.71198
-0.7256
-0.72834
-0.71824
-0.71822
-0.72484
-0.71654
-0.71478
-0.72192
-0.71526
-0.71672
-0.7148
-0.72148
-0.717
-0.71478
-0.71412
-0.71182
-0.71506
-0.71996
-0.71272
-0.7144
-0.71902
-0.71924
-0.72584
-0.72518
-0.7187
-0.7131
-0.71696
-0.71458
-0.70758
-0.7096
-0.712
-0.71732
-0.7112
-0.72016
-0.71316
-0.70998
-0.71114
-0.70636
-0.71454
-0.72062
-0.71194
-0.71494
-0.70892
-0.71586
-0.7133
-0.71736
-0.7179
-0.71858
-0.72432
-0.72108
-0.70768
-0.70322
-0.70642
-0.7179
-0.7238
-0.72468
-0.71774
-0.71318
-0.71846
-0.71218
-0.71132
-0.71146
-0.72002
-0.72772
-0.72794
-0.72166
-0.70968
-0.71054
-0.72126
-0.71698
-0.71468
-0.71268
-0.7096
-0.71216
-0.7202
-0.71758
-0.71222
-0.71086
-0.71072
-0.71664
-0.71546
-0.71772
-0.71816
-0.71972
-0.7253
-0.72234
-0.70844
-0.71242
-0.71072
-0.71288
-0.71182
-0.71626
-0.72558
-0.71772
-0.71776
-0.72334
-0.71714
-0.71436
-0.71136
-0.71426
-0.70752
-0.71454
-0.70922
-0.71174
-0.70654
-0.71178
-0.71476
-0.71646
-0.72056
-0.72268
-0.71776
-0.72116
-0.72118
-0.72068
-0.71884
-0.7075
-0.71708
-0.7158
-0.71758
-0.7178
-0.71252
-0.71678
-0.71062
-0.71206
-0.70906
-0.71016
-0.71364
-0.71534
-0.71244
-0.7147
-0.72326
-0.71938
-0.71254
-0.71044
-0.71994
-0.7193
-0.71994
-0.71308
-0.71444
-0.71972
-0.71582
-0.7238
-0.72408
-0.71202
-0.71298
-0.71698
-0.7162
-0.72338
-0.70696
-0.71306
-0.71292
-0.71312
-0.71038
-0.70988
-0.71488
-0.7085
-0.7187
-0.71788
-0.71756
-0.71006
-0.7056
-0.71396
-0.71786
-0.71032
-0.71116
-0.71634
-0.72112
-0.71214
-0.71526
-0.71966
-0.71828
-0.7066
-0.71554
-0.71934
-0.71666
-0.70846
-0.70472
-0.71342
-0.71266
-0.71376
-0.72006
-0.72056
-0.71438
-0.70982
-0.7136
-0.7192
-0.71844
-0.71244
-0.71452
-0.71762
-0.71298
-0.71864
-0.71656
-0.7216
-0.72186
-0.7284
-0.71742
-0.72062
-0.71506
-0.71238
-0.71824
-0.71732
-0.7186
-0.7237
-0.72022
-0.71738
-0.7201
-0.71888
-0.71434
-0.705
-0.70598
-0.71122
-0.7175
-0.71358
-0.71652
-0.71702
-0.721
-0.72026
-0.71622
-0.70926
-0.7075
-0.71066
-0.70522
-0.71506
-0.71982
-0.7124
-0.7107
-0.7168
-0.7199
-0.71826
-0.71236
-0.71896
-0.72386
-0.71508
-0.71574
-0.71992
-0.71694
-0.71066
-0.7173
-0.7126
-0.7172
-0.71202
-0.71348
-0.72014
-0.72342
-0.71426
-0.71426
-0.70962
-0.7148
-0.7213
-0.71456
-0.71484
-0.71614
-0.70574
-0.71468
-0.7134
-0.71352
-0.71856
-0.7141
-0.71766
-0.71018
-0.71666
-0.71512
-0.71542
-0.71936
-0.7141
-0.7127
-0.71072
-0.71662
-0.71786
-0.71374
-0.70784
-0.71634
-0.71256
-0.7152
-0.71664
-0.71194
-0.71302
-0.722
-0.71178
-0.7196
-0.71668
-0.7182
-0.71762
-0.71652
-0.71396
-0.71714
-0.71266
-0.7131
-0.71494
-0.71418
-0.7167
-0.71384
-0.71782
-0.71944
-0.71348
-0.71818
-0.71168
-0.71262
-0.71222
-0.70814
-0.7242
-0.71682
-0.71298
-0.71766
-0.72318
-0.7215
-0.71778
-0.72436
-0.7135
-0.71378
-0.71294
-0.70962
-0.71672
-0.71356
-0.71588
-0.7156
-0.70374
-0.71386
-0.70916
-0.71788
-0.71746
-0.70938
-0.70888
-0.70952
-0.71282
-0.7168
-0.72506
-0.71846
-0.72166
-0.7152
-0.71232
-0.71098
-0.7194
-0.71354
-0.71736
-0.71542
-0.711
-0.70822
-0.71568
-0.71296
-0.71544
-0.71282
-0.72424
-0.72176
-0.71362
-0.72186
-0.70904
-0.71554
-0.71498
-0.71342
-0.72964
-0.72424
-0.7159
-0.70614
-0.70986
-0.7139
-0.71172
-0.72548
-0.72162
-0.70906
-0.69904
-0.70674
-0.7103
-0.70344
-0.70786
-0.70834
-0.71014
-0.72044
-0.7181
-0.71332
-0.71334
-0.71034
-0.72026
-0.72278
-0.72284
-0.72376
-0.7235
-0.71894
-0.71302
-0.71562
-0.71734
-0.7196
-0.71466
-0.717
-0.71528
-0.72006
-0.71742
-0.71536
-0.71734
-0.71796
-0.71822
-0.71522
-0.71452
-0.7137
-0.71356
-0.71608
-0.7105
-0.70668
-0.70566
-0.71332
-0.72378
-0.7198
-0.7127
-0.70464
-0.71516
-0.70912
-0.71388
-0.72056
-0.7248
-0.71366
-0.713
-0.7142
-0.7193
-0.715
-0.71404
-0.71894
-0.71492
-0.71676
-0.72802
-0.71876
-0.71682
-0.70658
-0.71418
-0.71446
-0.72034
-0.72262
-0.71376
-0.70718
-0.71166
-0.72396
-0.71606
-0.71106
-0.7225
-0.72538
-0.71972
-0.72086
-0.72494
-0.72532
-0.7162
-0.72354
-0.72548
-0.71878
-0.71896
-0.71916
-0.72898
-0.72698
-0.72184
-0.7182
-0.71558
-0.71106
-0.71352
-0.70492
-0.71804
-0.7078
-0.70644
-0.70908
-0.7143
-0.71602
-0.71544
-0.70708
-0.70526
-0.70944
-0.7169
-0.71204
-0.72034
-0.7206
-0.7203
-0.71166
-0.71136
-0.71174
-0.71786
-0.71142
-0.70736
-0.71404
-0.7179
-0.70306
-0.71686
-0.71756
-0.71522
-0.71636
-0.71166
-0.71318
-0.71274
-0.71344
-0.70744
-0.71102
-0.71614
-0.71314
-0.7103
-0.7166
-0.72
-0.71538
-0.71594
-0.7213
-0.7179
-0.70356
-0.71386
-0.71414
-0.7145
-0.71424
-0.7185
-0.71884
-0.72548
-0.72506
-0.7167
-0.72114
-0.71982
-0.71948
-0.71774
-0.71584
-0.71346
-0.71936
-0.71722
-0.71466
-0.70382
-0.71144
-0.72696
-0.72112
-0.71538
-0.714
-0.72604
-0.71406
-0.7076
-0.71554
-0.72236
-0.72486
-0.7183
-0.71936
-0.71524
-0.71352
-0.70822
-0.7133
-0.7178
-0.70704
-0.71928
-0.71658
-0.7116
-0.71192
-0.71804
-0.71588
-0.7094
-0.71348
-0.70944
-0.70478
-0.7152
-0.71052
-0.71176
-0.72834
-0.7209
-0.71364
-0.71234
-0.71686
-0.715
-0.71722
-0.7161
-0.71478
-0.72672
-0.72292
-0.7139
-0.7232
-0.71314
-0.72086
-0.7132
-0.71722
-0.72326
-0.70956
-0.7114
-0.71304
-0.71366
-0.70962
-0.71564
-0.72006
-0.72182
-0.71436
-0.71812
-0.70906
-0.71668
-0.72018
-0.72174
-0.70482
-0.71428
-0.71188
-0.71888
-0.72002
-0.71468
-0.7112
-0.7076
-0.709
-0.71208
-0.71616
-0.71404
-0.71684
-0.7086
-0.7152
-0.72158
-0.71382
-0.72312
-0.72452
-0.71188
-0.7179
-0.7199
-0.71588
-0.71034
-0.7148
-0.7194
-0.71656
-0.70936
-0.71752
-0.71792
-0.7096
-0.71332
-0.71132
-0.71484
-0.72028
-0.71802
-0.70696
-0.70962
-0.71258
-0.71188
-0.70676
-0.71588
-0.70842
-0.71964
-0.71996
-0.71504
-0.72056
-0.721
-0.70984
-0.70426
-0.71204
-0.71034
-0.71596
-0.71512
-0.71946
-0.7056
-0.70812
-0.7054
-0.714
-0.72392
-0.71838
-0.72114
-0.72898
-0.71378
-0.71056
-0.72148
-0.71766
-0.71726
-0.7172
-0.7126
-0.70956
-0.717
-0.7129
-0.72688
-0.72074
-0.72348
-0.72578
-0.71538
-0.71722
-0.71274
-0.7039
-0.70494
-0.71856
-0.71264
-0.71326
-0.71362
-0.7158
-0.7135
-0.71476
-0.7132
-0.71458
-0.70414
-0.715
-0.71764
-0.71446
-0.72102
-0.719
-0.71614
-0.7074
-0.70876
-0.7222
-0.71304
-0.72346
-0.7191
-0.71588
-0.70864
-0.7128
-0.71246
-0.71136
-0.71274
-0.70628
-0.7095
-0.70676
-0.71282
-0.71936
-0.7171
-0.7141
-0.71822
-0.72318
-0.71744
-0.71464
-0.72178
-0.71798
-0.72066
-0.71458
-0.71378
-0.71252
-0.71784
-0.71828
-0.70678
-0.70664
-0.7108
-0.71712
-0.72424
-0.71196
-0.70764
-0.7117
-0.71132
-0.71436
-0.72048
-0.71676
-0.7145
-0.71416
-0.71646
-0.70568
-0.70436
-0.71722
-0.71844
-0.71674
-0.71882
-0.7201
-0.72212
-0.70576
-0.70776
-0.71042
-0.71214
-0.71576
-0.71444
-0.70696
-0.71292
-0.71506
-0.72258
-0.72004
-0.71596
-0.71218
-0.7154
-0.71634
-0.70958
-0.72044
-0.71092
-0.71412
-0.71714
-0.7156
-0.71582
-0.72154
-0.72156
-0.7152
-0.70612
-0.70636
-0.717
-0.71958
-0.71626
-0.71358
-0.70712
-0.71074
-0.71292
-0.72034
-0.71738
-0.71498
-0.71606
-0.71134
-0.71318
-0.71086
-0.72344
-0.72202
-0.71372
-0.71994
-0.71394
-0.7116
-0.7166
-0.71714
-0.71726
-0.71786
-0.7141
-0.71654
-0.72162
-0.71488
-0.71986
-0.71938
-0.72034
-0.71616
-0.72058
-0.71924
-0.71036
-0.71692
-0.71516
-0.70886
-0.7095
-0.7172
-0.71
-0.71046
-0.71556
-0.71206
-0.7126
-0.7075
-0.71086
-0.7175
-0.7155
-0.71808
-0.71664
-0.71348
-0.71504
-0.71816
-0.71382
-0.70814
-0.70756
-0.72118
-0.71748
-0.7099
-0.7183
-0.71078
-0.70436
-0.70688
-0.71588
-0.71344
-0.70978
-0.71106
-0.72532
-0.71918
-0.72306
-0.71922
-0.70994
-0.7156
-0.7216
-0.72524
-0.71714
-0.71672
-0.71916
-0.71206
-0.70956
-0.709
-0.7143
-0.71552
-0.71524
-0.70976
-0.71382
-0.72154
-0.71336
-0.71946
-0.7164
-0.71524
-0.71664
-0.7158
-0.7214
-0.71486
-0.71594
-0.7129
-0.71926
-0.71312
-0.7188
-0.72266
-0.72792
-0.71678
-0.72218
-0.71186
-0.71422
-0.71606
