0.26936
0.27982
0.27512
0.26936
0.26512
0.26334
0.265
0.27034
0.2808
0.27004
0.26542
0.2685
0.27036
0.2645
0.25602
0.25922
0.27116
0.27118
0.27496
0.27558
0.28172
0.2796
0.28074
0.28774
0.28136
0.28428
0.28626
0.28564
0.28048
0.27656
0.2708
0.26238
0.26602
0.2594
0.26056
0.26302
0.26496
0.26486
0.26656
0.27056
0.27832
0.27654
0.28284
0.27836
0.26554
0.27248
0.27564
0.27408
0.28384
0.28194
0.2836
0.27562
0.26898
0.26996
0.26462
0.26182
0.27296
0.26786
0.26346
0.26722
0.27568
0.27412
0.27194
0.25608
0.25056
0.24466
0.25146
0.26006
0.26076
0.26734
0.26004
0.25782
0.26268
0.26408
0.2705
0.28376
0.27632
0.27858
0.2878
0.27604
0.27032
0.28454
0.28844
0.2831
0.29358
0.28886
0.2844
0.29344
0.29906
0.2965
0.29264
0.2912
0.30112
0.29278
0.2782
0.27054
0.2679
0.26436
0.26252
0.25924
0.2638
0.27536
0.27718
0.28448
0.29014
0.30934
0.30598
0.31286
0.31888
0.31708
0.31572
0.31712
0.31754
0.32078
0.32338
0.32516
0.32674
0.33004
0.31322
0.31678
0.32204
0.32528
0.32864
0.32316
0.32428
0.334
0.355
0.34488
0.34152
0.35444
0.355
0.34838
0.36002
0.34626
0.35336
0.3534
0.34954
0.3496
0.34412
0.3269
0.33484
0.32834
0.33694
0.32532
0.32984
0.32996
0.32808
0.31928
0.3118
0.31744
0.30924
0.30356
0.30836
0.31174
0.30686
0.29112
0.28426
0.28778
0.28534
0.28994
0.2974
0.28606
0.2819
0.2812
0.28372
0.2783
0.26472
0.26578
0.27486
0.28202
0.27176
0.26624
0.26296
0.26016
0.27096
0.25398
0.26362
0.25588
0.2537
0.25748
0.26572
0.27354
0.26788
0.26896
0.2753
0.2744
0.27306
0.26424
0.2628
0.25906
0.26322
0.26306
0.259
0.2614
0.25854
0.2658
0.26316
0.2641
0.25472
0.26064
0.26858
0.26746
0.26354
0.27184
0.2616
0.27132
0.26258
0.25874
0.2575
0.25464
0.24936
0.25036
0.24486
0.23824
0.24834
0.2618
0.25936
0.25272
0.26688
0.27326
0.27042
0.27176
0.28126
0.2879
0.29064
0.29054
0.28886
0.30906
0.3164
0.30836
0.30646
0.30868
0.31292
0.31102
0.30472
0.30032
0.29724
0.29232
0.28678
0.29108
0.28908
0.29274
0.28486
0.28184
0.28166
0.2909
0.28472
0.28716
0.2995
0.29954
0.29768
0.30152
0.29242
0.2974
0.3007
0.29532
0.29124
0.2925
0.28994
0.28488
0.28744
0.29272
0.29802
0.29552
0.2987
0.30568
0.29354
0.3002
0.30734
0.299
0.3005
0.30702
0.3025
0.30666
0.29572
0.30996
0.3088
0.30732
0.3024
0.3119
0.32154
0.312
0.30612
0.31236
0.31064
0.3317
0.33932
0.32706
0.32874
0.3345
0.32666
0.3337
0.35492
0.36126
0.35386
0.35056
0.35866
0.3734
0.37612
0.36786
0.37484
0.36396
0.36942
0.36756
0.36924
0.37308
0.3729
0.37204
0.37906
0.37448
0.37522
0.3528
0.34822
0.33882
0.35292
0.3586
0.35386
0.35336
0.34798
0.34668
0.34314
0.33852
0.33088
0.32336
0.32912
0.31958
0.3082
0.31802
0.31876
0.3128
0.30588
0.30394
0.31788
0.31128
0.31986
0.3219
0.32744
0.31548
0.31092
0.3041
0.30928
0.3012
0.30134
0.30736
0.29958
0.31388
0.31218
0.3173
0.3144
0.3052
0.3043
0.28982
0.28072
0.27332
0.26352
0.25976
0.25084
0.23896
0.23924
0.23514
0.23486
0.23422
0.23822
0.24916
0.24348
0.23174
0.23086
0.23874
0.2394
0.23694
0.23672
0.23518
0.23956
0.24742
0.24484
0.24872
0.24344
0.2436
0.26048
0.24788
0.24678
0.24594
0.2505
0.26502
0.27074
0.2793
0.27994
0.2814
0.27628
0.28282
0.26964
0.27352
0.27206
0.26946
0.26916
0.26774
0.26792
0.26886
0.26248
0.27326
0.2695
0.26826
0.2644
0.27472
0.26332
0.273
0.26378
0.26786
0.27104
0.2762
0.2641
0.26434
0.25444
0.25734
0.24982
0.25452
0.25426
0.2481
0.23672
0.23866
0.23918
0.23276
0.2382
0.23158
0.2262
0.22726
0.22894
0.22972
0.23188
0.22404
0.2338
0.22504
0.21666
0.2159
0.21218
0.21278
0.21102
0.20154
0.19974
0.20304
0.20264
0.1876
0.17916
0.17826
0.17566
0.1762
0.18474
0.17912
0.16834
0.1698
0.1742
0.17118
0.1687
0.1645
0.16856
0.18084
0.17264
0.17754
0.1828
0.18186
0.17552
0.17382
0.19254
0.18516
0.17978
0.18618
0.18634
0.1953
0.18764
0.18636
0.15802
0.14608
0.1561
0.14836
0.15026
0.13098
0.13354
0.1251
0.13446
0.12724
0.1265
0.13526
0.13282
0.14234
0.13686
0.14616
0.15434
0.15768
0.14822
0.1528
0.14956
0.14772
0.14438
0.14586
0.1428
0.14966
0.15038
0.1395
0.14082
0.13098
0.13146
0.12722
0.12264
0.1102
0.0977
0.08732
0.0892
0.08426
0.09708
0.0969
0.08986
0.08748
0.0896
0.09012
0.07702
0.07376
0.07416
0.0813
0.08958
0.10178
0.0922
0.09742
0.1051
0.11104
0.11008
0.0991
0.10136
0.10434
0.10376
0.10004
0.09514
0.09978
0.09094
0.09504
0.09612
0.08732
0.09678
0.08984
0.0905
0.08026
0.09916
0.108
0.1011
0.10012
0.09498
0.10484
0.10304
0.10592
0.10714
0.10408
0.09486
0.1033
0.10084
0.10382
0.1034
0.10798
0.1137
0.11676
0.11788
0.11066
0.12262
0.12098
0.11596
0.10614
0.10162
0.10434
0.10466
0.11212
0.1084
0.10722
0.09516
0.08502
0.08832
0.08244
0.08546
0.08858
0.09046
0.08794
0.09088
0.08122
0.07834
0.07966
0.08674
0.08588
0.07292
0.0753
0.08206
0.08976
0.09342
0.09898
0.0949
0.08808
0.09018
0.09508
0.08884
0.09336
0.08484
0.08522
0.08178
0.08912
0.08996
0.08344
0.07312
0.06368
0.0682
0.05142
0.05544
0.06014
0.05816
0.05844
0.03884
0.03266
0.02888
0.02838
0.02402
0.02984
0.03662
0.04494
0.04524
0.02806
0.03754
0.03476
0.0232
0.02716
0.04092
0.0446
0.0479
0.04034
0.04552
0.04884
0.06356
0.06242
0.06178
0.0553
0.04604
0.04976
0.0405
0.03182
0.03686
0.03246
0.04434
0.0484
0.03616
0.03448
0.04004
0.0506
0.05502
0.05618
0.03686
0.03826
0.03396
0.03424
0.02822
0.01524
0.01736
0.02914
0.02866
0.01816
0.02016
0.01928
0.01532
0.02324
0.03406
0.02992
0.01096
0.0074
-0.00146
-0.01976
-0.01558
-0.01318
-0.01052
-0.0122
-0.00494
0.0063
0.00096
0.01888
0.01704
0.0222
0.03202
0.02886
0.03368
0.02866
0.0241
0.02198
0.02854
0.01936
0.0223
0.01838
0.02756
0.04122
0.0287
0.03752
0.03786
0.02974
0.03044
0.0182
0.0185
0.00962
0.01528
0.01656
0.00948
0.00608
0.01388
0.02054
0.03172
0.02172
0.01806
0.02458
0.03006
0.03322
0.05266
0.04856
0.059
0.03812
0.04106
0.02972
0.0353
0.02248
0.02056
0.01294
0.01406
-0.00592
0.00952
0.0036
-0.00098
0.00382
0.00434
-0.00462
-0.00188
-0.00362
0.00362
0.00618
0.00658
0.00948
0.01172
0.00774
0.00566
0.00954
0.0143
0.01504
0.01524
0.01176
0.01546
0.02688
0.01758
0.02402
0.0171
0.01604
0.01404
-0.0013
-0.00868
-0.02076
-0.02026
-0.02202
-0.01488
-0.01824
-0.01996
-0.01284
-0.0141
-0.00636
-0.00808
0.00132
0.0141
0.0084
-0.0008
-0.00166
-0.00914
-0.00672
-0.00438
-0.00882
-0.00954
-0.00044
-0.00678
-0.0105
-0.01064
-0.00096
-0.0119
-0.01214
-0.00588
0.01094
0.0097
0.00786
0.02828
0.01716
0.0104
0.01222
0.0064
0.00338
0.00334
0.00572
0.00638
0.01364
0.01436
0.01424
0.00844
-0.00318
-0.01328
-0.00868
-0.0172
-0.01806
-0.00218
-0.00594
-0.00224
-0.0077
-0.0078
-0.00936
-0.00326
-0.00088
0.0048
-0.00966
-0.01048
-0.0079
0.00088
-0.0122
-0.00396
-0.01152
-0.01254
-0.01986
-0.01788
-0.01002
-0.02032
-0.02392
-0.03514
-0.04118
-0.05336
-0.05352
-0.04972
-0.04146
-0.03592
-0.03316
-0.03962
-0.03606
-0.03568
-0.03734
-0.04276
-0.02398
-0.03976
-0.0414
-0.0441
-0.03998
-0.04518
-0.04392
-0.04634
-0.0398
-0.04592
-0.03736
-0.04586
-0.04458
-0.04488
-0.05324
-0.06214
-0.06902
-0.0704
-0.0649
-0.06762
-0.07352
-0.07726
-0.07482
-0.08028
-0.08376
-0.0802
-0.0837
-0.08952
-0.08676
-0.08138
-0.08338
-0.08056
-0.07106
-0.06654
-0.06612
-0.07108
-0.07116
-0.07892
-0.05544
-0.05736
-0.05778
-0.05264
-0.0552
-0.0627
-0.06784
-0.0612
-0.05576
-0.06072
-0.05926
-0.06514
-0.06152
-0.06186
-0.06414
-0.05638
-0.07122
-0.07824
-0.06402
-0.06122
-0.05306
-0.05256
-0.04864
-0.0524
-0.047
-0.04868
-0.03142
-0.02564
-0.02088
-0.03172
-0.04232
-0.04762
-0.043
-0.05108
-0.07138
-0.06712
-0.068
-0.06948
-0.07912
-0.07616
-0.07972
-0.08228
-0.07816
-0.0872
-0.09658
-0.08408
-0.08954
-0.10328
-0.10286
-0.08726
-0.09684
-0.10054
-0.10234
-0.10794
-0.10434
-0.10702
-0.10562
-0.11016
-0.10666
-0.1125
-0.10348
-0.097
-0.08508
-0.09774
-0.0824
-0.07008
-0.07358
-0.0858
-0.07814
-0.06622
-0.06142
-0.052
-0.05662
-0.0621
-0.0535
-0.0536
-0.04286
-0.04516
-0.04142
-0.03678
-0.04782
-0.04714
-0.04476
-0.03882
-0.0312
-0.03276
-0.02976
-0.03742
-0.03434
-0.03684
-0.03858
-0.03802
-0.03576
-0.0417
-0.03726
-0.0267
-0.026
-0.02646
-0.01858
-0.03214
-0.03142
-0.02096
-0.00966
-0.00712
-0.01358
-0.01978
-0.0119
-0.00822
-0.00644
-0.00188
-0.01062
-0.01322
-0.0252
-0.01754
-0.0162
-0.01516
-0.01406
-0.01856
-0.0074
-0.01048
-0.01234
-0.0143
-0.01304
-0.01524
-0.01576
-0.0204
-0.03302
-0.03148
-0.02884
-0.01872
-0.02216
-0.02778
-0.03306
-0.02734
-0.01468
-0.0067
-0.0043
-0.02178
-0.0124
-0.0138
-0.01312
-0.00734
-0.00514
0.00694
0.0047
0.00764
0.00904
-0.00136
0.0043
0.01112
0.01432
0.01592
0.0188
0.0103
0.02904
0.0295
0.01526
0.0107
0.01132
0.00706
0.00548
0.0001
-0.0046
-0.00732
-0.00724
-0.00754
-0.011
-0.01044
-0.01332
-0.01488
-0.0282
-0.02138
-0.02034
-0.01246
-0.02622
-0.02362
-0.01808
-0.01644
-0.02056
-0.02934
-0.01898
-0.01128
-0.0155
-0.00926
-0.00336
0.00086
0.01346
0.0115
0.00678
0.01726
0.00438
0.00048
0.01296
0.01848
0.00578
-0.00582
-0.00678
-0.0061
-0.00436
-0.00542
-0.01424
0.00488
0.00266
0.0049
0.00066
0.00494
0.01482
0.0141
0.0155
0.00904
0.01838
0.01798
0.02036
0.02438
0.03652
0.0532
0.04954
0.04538
0.05926
0.05248
0.03928
0.05168
0.049
0.05246
0.0445
0.04884
0.0488
0.05654
0.05438
0.05588
0.06244
0.06426
0.07122
0.05462
0.06078
0.06256
0.0592
0.06814
0.05958
0.05268
0.06452
0.07572
0.07778
0.0655
0.07536
0.07206
0.083
0.07972
0.08118
0.07756
0.07434
0.07174
0.05684
0.06496
0.06508
0.05782
0.06086
0.05736
0.06236
0.04814
0.03584
0.03866
0.03952
0.03348
0.03582
0.04264
0.05176
0.04964
0.05184
0.06386
0.06406
0.0565
0.05174
0.0572
0.05652
0.05666
0.05406
0.05428
0.05882
0.06424
0.06126
0.07094
0.06956
0.07264
0.07388
0.07676
0.07386
0.08542
0.08194
0.0886
0.09332
0.09878
0.09202
0.0952
0.08918
0.09102
0.10966
0.11354
0.11856
0.1153
0.11118
0.11892
0.11592
0.1188
0.11442
0.1117
0.10734
0.10786
0.10376
0.09808
0.09618
0.09236
0.08842
0.09942
0.09788
0.11002
0.108
0.1053
0.09528
0.0773
0.0726
0.07084
0.07712
0.08026
0.07658
0.07236
0.0746
0.07214
0.07206
0.08432
0.08034
0.06166
0.04948
0.05524
0.04858
0.0463
0.04786
0.03854
0.05254
0.05018
0.0539
0.04698
0.05156
0.03784
0.04414
0.04598
0.0529
0.05512
0.06038
0.05908
0.05596
0.06106
0.06112
0.06056
0.0503
0.0502
0.04926
0.05824
0.06032
0.06258
0.0625
0.06144
0.0552
0.0596
0.06332
0.0661
0.06282
0.067
0.07422
0.06496
0.06224
0.07454
0.07418
0.0676
0.0563
0.07082
0.074
0.07038
0.07692
0.08008
0.07428
0.07684
0.07458
0.0797
0.07754
0.07746
0.08118
0.07056
0.07194
0.06718
0.06456
0.06718
0.06732
0.0584
0.0633
0.05432
0.05342
0.05914
0.06616
0.06842
0.06152
0.06354
0.05018
0.04618
0.03706
0.03156
0.04098
0.04336
0.04298
0.0521
0.06228
0.07228
0.08292
0.06654
0.08054
0.0791
0.08406
0.07996
0.0776
0.07234
0.06278
0.04978
0.0417
0.05314
0.05574
0.0523
0.06936
0.07224
0.07132
0.07648
0.0735
0.06246
0.06664
0.05722
0.06504
0.06586
0.05158
0.04888
0.04904
0.03788
0.03292
0.01594
0.01216
0.01222
0.02756
0.02646
0.03002
0.02346
0.01578
0.02462
0.03708
0.0519
0.05538
0.05004
0.0588
0.06176
0.0727
0.07724
0.08282
0.08796
0.0732
0.08068
0.09522
0.0885
0.07774
0.0885
0.0981
0.09836
0.09962
0.0919
0.09796
0.10002
0.0971
0.09436
0.09862
0.10164
0.10188
0.09646
0.09496
0.09216
0.08354
0.08784
0.0939
0.0897
0.09324
0.08858
0.10334
0.10432
0.10872
0.1127
0.11292
0.10874
0.10902
0.1143
0.10038
0.09966
0.09888
0.09004
0.10058
0.09332
0.0927
0.09856
0.09998
0.09306
0.0996
0.1031
0.10396
0.10664
0.10088
0.10238
0.0974
0.10496
0.10496
0.11306
0.1158
0.11916
0.12438
0.1164
0.12776
0.12926
0.12454
0.11772
0.11546
0.10166
0.11052
0.1027
0.09888
0.10228
0.09566
0.10012
0.09758
0.09412
0.08894
0.09812
0.09856
0.09632
0.09694
0.10018
0.10004
0.09178
0.09118
0.09202
0.08844
0.08958
0.08128
0.08628
0.08658
0.08722
0.09194
0.1034
0.09912
0.10328
0.10686
0.1198
0.12964
0.11824
0.1194
0.12558
0.12848
0.12816
0.12188
0.13196
0.13078
0.12906
0.1355
0.11148
0.1094
0.1176
0.12544
0.1342
0.13146
0.13236
0.12484
0.13428
0.14502
0.13916
0.14594
0.12698
0.13194
0.13602
0.13634
0.13456
0.137
0.12762
0.11972
0.12354
0.12306
0.11734
0.12804
0.1347
0.13988
0.15036
0.1488
0.15482
0.15042
0.16486
0.17776
0.1804
0.17776
0.17044
0.16948
0.17458
0.17926
0.18004
0.1726
0.17804
0.17474
0.17678
0.18424
0.18708
0.18212
0.17984
0.18714
0.1715
0.1751
0.1802
0.16696
0.16984
0.15738
0.1532
0.1517
0.15266
0.1526
0.1427
0.14084
0.13512
0.14738
0.14996
0.14782
0.13578
0.13038
0.127
0.14476
0.1404
0.13148
0.13224
0.13354
0.13134
0.13978
0.15134
0.15904
0.16608
0.17066
0.16386
0.1611
0.14968
0.17086
0.16976
0.16108
0.16322
0.16172
0.146
0.16648
0.16242
0.16072
0.16318
0.1709
0.18052
0.18476
0.18094
0.17632
0.18164
0.18962
0.18476
0.19578
0.18998
0.17976
0.17224
0.1722
0.18246
0.18706
0.2054
0.19506
0.19232
0.20426
0.19806
0.19922
0.1941
0.19752
0.19374
0.19388
0.19856
0.20742
0.20318
0.1997
0.19778
0.2009
0.20186
0.19676
0.19304
0.18028
0.18648
0.1821
0.18978
0.18392
0.18928
0.20018
0.20196
0.18962
0.18954
0.1982
0.18798
0.19382
0.19666
0.18154
0.18
0.17324
0.16574
0.1494
0.16658
0.17568
0.1712
0.18222
0.1718
0.16592
0.16058
0.15282
0.17246
0.1618
0.15958
0.15778
0.1585
0.16314
0.16396
0.16066
0.16082
0.1713
0.1729
0.1733
0.18004
0.172
0.17564
0.1726
0.16862
0.1639
0.16954
0.16932
0.16088
0.15818
0.14966
0.15054
0.14542
0.15812
0.1507
0.14702
0.14396
0.15142
0.15068
0.14734
0.14224
0.13588
0.12454
0.117
0.12026
0.12386
0.12872
0.12964
0.1273
0.1193
0.12696
0.13846
0.13852
0.12944
0.13058
0.12364
0.128
0.12608
0.12766
0.1249
0.12938
0.13528
0.13346
0.13174
0.1252
0.1213
0.1175
0.12072
0.12272
0.12988
0.1355
0.12576
0.13332
0.1418
0.14894
0.1488
0.14332
0.15114
0.14808
0.1413
0.14188
0.13836
0.15178
0.14696
0.15026
0.14812
0.14682
0.14096
0.14892
0.13912
0.14178
0.13724
0.1445
0.1371
0.14068
0.14112
0.13822
0.13284
0.12718
0.12576
0.12652
0.1361
0.1334
0.13416
0.14054
0.14556
0.15462
0.15404
0.15164
0.15504
0.15782
0.1439
0.1399
0.1311
0.12938
0.15196
0.15318
0.15146
0.13962
0.13336
0.1362
0.13626
0.12912
0.12178
0.12792
0.12688
0.13132
0.12606
0.12774
0.1348
0.13312
0.1301
0.12264
0.12032
0.1334
0.12326
0.11752
0.12184
0.11308
0.11872
0.1088
0.09888
0.09754
0.09756
0.10432
0.11082
0.10748
0.09456
0.0894
0.09602
0.09934
0.09768
0.10708
0.09786
0.0918
0.07336
0.07424
0.08442
0.0806
0.07466
0.0681
0.0683
0.06372
0.05542
0.05136
0.05968
0.05534
0.05842
0.06404
0.0633
0.07034
0.07106
0.07536
0.0754
0.08198
0.08044
0.0864
0.0789
0.08274
0.07592
0.07866
0.08888
0.0885
0.07718
0.07986
0.07488
0.08322
0.08488
0.08702
0.0837
0.0965
0.08512
0.0851
0.09408
0.10388
0.1133
0.10962
0.11112
0.11196
0.12712
0.11884
0.11982
0.11622
0.10252
0.105
0.0961
0.09574
0.09034
0.08418
0.08044
0.07806
0.07138
0.07282
0.0598
0.05534
0.05836
0.0546
0.04778
0.04436
0.04202
0.03982
0.04378
0.05222
0.04046
0.03064
0.03656
0.03414
0.02962
0.0503
0.0386
0.04258
0.04036
0.04672
0.0476
0.0437
0.04616
0.05166
0.05192
0.05156
0.06252
0.05992
0.0592
0.06796
0.0671
0.06354
0.07452
0.08568
0.08742
0.07796
0.07452
0.0652
0.06382
0.06736
0.06362
0.05766
0.0579
0.06606
0.05584
0.0599
0.06258
0.06366
0.05518
0.06046
0.07072
0.0644
0.06296
0.07274
0.07088
0.05978
0.05528
0.05472
0.04262
0.05356
0.05632
0.05078
0.05764
0.05232
0.05452
0.05156
0.05788
0.06366
0.06636
0.06064
0.0654
0.0659
0.07016
0.07342
0.08302
0.07116
0.08136
0.06876
0.06536
0.0789
0.07662
0.0674
0.073
0.08146
0.08578
0.08572
0.08352
0.07496
0.07792
0.07196
0.06946
0.07738
0.07646
0.09148
0.0936
0.09372
0.08522
0.07168
0.0686
0.06646
0.06954
0.06806
0.06778
0.07554
0.08432
0.08168
0.08524
0.08992
0.08164
0.08536
0.09368
0.08486
0.08266
0.08254
0.0859
0.09136
0.08764
0.08542
0.09012
0.08496
0.0913
0.08972
0.08794
0.07754
0.07124
0.07484
0.07078
0.06364
0.05672
0.0478
0.05266
0.05814
0.05224
0.05602
0.05484
0.04218
0.04512
0.0411
0.0442
0.04008
0.04046
0.04684
0.04734
0.06336
0.05848
0.07608
0.06558
0.06258
0.07412
0.07474
0.0616
0.05478
0.05692
0.05048
0.06292
0.05356
0.0528
0.05982
0.06078
0.0587
0.06122
0.04374
0.03576
0.04416
0.04114
0.0359
0.03948
0.05272
0.04864
0.04596
0.0497
0.05304
0.04454
0.04294
0.04222
0.04462
0.04158
0.05482
0.05512
0.05424
0.0549
0.04592
0.0455
0.04054
0.04806
0.06452
0.06908
0.06478
0.04984
0.05216
0.05252
0.05308
0.0611
0.05808
0.0568
0.05286
0.05678
0.05548
0.05354
0.06208
0.06308
0.04822
0.05244
0.05218
0.05768
0.05384
0.06584
0.06418
0.05488
0.0495
0.04936
0.04312
0.03346
0.0162
0.0043
0.00104
-0.00304
0.0059
0.00824
0.00462
-0.0006
-0.01072
-0.02708
-0.03344
-0.0295
-0.02814
-0.02604
-0.03574
-0.04412
-0.04612
-0.05178
-0.0556
-0.05704
-0.05408
-0.05346
-0.05052
-0.05266
-0.06396
-0.05634
-0.06804
-0.06552
-0.07498
-0.07536
-0.08118
-0.08986
-0.09542
-0.1032
-0.0931
-0.10518
-0.09324
-0.1004
-0.09806
-0.10132
-0.0942
-0.10424
-0.11152
-0.10586
-0.11474
-0.10582
-0.10114
-0.0975
-0.08864
-0.08736
-0.08814
-0.08248
-0.07714
-0.07762
-0.06662
-0.07824
-0.0775
-0.07486
-0.07484
-0.06804
-0.0675
-0.07042
-0.0519
-0.0398
-0.04622
-0.04828
-0.04042
-0.04004
-0.035
-0.02426
-0.01986
-0.02778
-0.03184
-0.01922
-0.02174
-0.01096
-0.02828
-0.01898
-0.01982
-0.0201
-0.01468
-0.01658
-0.01552
-0.02024
-0.0234
-0.02478
-0.01128
-0.01214
-0.01208
-0.00406
0.00498
-0.00148
0.00018
-0.00664
-0.00236
0.00556
0.00634
0.00868
0.01864
0.02718
0.01046
-0.00038
0.01116
0.01396
0.00774
0.0049
0.0055
-0.00174
-0.01498
-0.01858
-0.00952
-0.0133
-0.01328
-0.01886
-0.00556
-0.00948
-0.01188
-0.0078
-0.01214
-0.0036
-0.00776
-0.0152
-0.01206
-0.01192
-0.00216
-0.00084
-0.00802
-0.01626
-0.02522
-0.01848
-0.02328
-0.02842
-0.0267
-0.02294
-0.0343
-0.0457
-0.05476
-0.04382
-0.05132
-0.06486
-0.0674
-0.05212
-0.04628
-0.0457
-0.04832
-0.0529
-0.04736
-0.04366
-0.0563
-0.0566
-0.06042
-0.06116
-0.06616
-0.06924
-0.07576
-0.07988
-0.0894
-0.08974
-0.08962
-0.08018
-0.09574
-0.0947
-0.09442
-0.0974
-0.09054
-0.0856
-0.08864
-0.07192
-0.08746
-0.0916
-0.09184
-0.08206
-0.07348
-0.08016
-0.07578
-0.07898
-0.07886
-0.07178
-0.0653
-0.07522
-0.07442
-0.08518
-0.08866
-0.0865
-0.09076
-0.08386
-0.07784
-0.0779
-0.0887
-0.08118
-0.09094
-0.08608
-0.0848
-0.07664
-0.07478
-0.0578
-0.05808
-0.06304
-0.0612
-0.06782
-0.0611
-0.06132
-0.06776
-0.05202
-0.05606
-0.0618
-0.05314
-0.05446
-0.05776
-0.06532
-0.06004
-0.05844
-0.05902
-0.05002
-0.06076
-0.0562
-0.0683
-0.0754
-0.06924
-0.06114
-0.05008
-0.06446
-0.05946
-0.0704
-0.0679
-0.07046
-0.06668
-0.05766
-0.0475
-0.053
-0.03992
-0.04076
-0.04904
-0.0489
-0.0479
-0.04332
-0.0457
-0.04354
-0.05638
-0.05684
-0.05124
-0.0598
-0.0494
-0.04376
-0.05168
-0.05058
-0.05158
-0.05912
-0.07414
-0.07932
-0.07156
-0.0835
-0.08078
-0.08082
-0.0894
-0.08234
-0.09238
-0.10494
-0.11092
-0.10824
-0.1176
-0.11908
-0.1259
-0.12302
-0.12544
-0.13616
-0.12566
-0.13358
-0.13046
-0.1206
-0.13114
-0.1328
-0.12626
-0.11232
-0.1236
-0.11676
-0.11034
-0.11664
-0.11656
-0.10992
-0.11008
-0.10842
-0.11468
-0.12072
-0.1082
-0.10964
-0.1117
-0.09996
-0.10884
-0.1112
-0.09386
-0.10326
-0.11546
-0.11912
-0.11828
-0.11532
-0.10876
-0.11372
-0.123
-0.1278
-0.14082
-0.13702
-0.13562
-0.142
-0.15484
-0.14796
-0.15868
-0.1495
-0.1427
-0.15536
-0.15844
-0.1593
-0.15852
-0.16252
-0.16786
-0.16768
-0.15796
-0.17658
-0.17422
-0.15714
-0.1623
-0.15928
-0.15482
-0.1457
-0.1458
-0.13716
-0.1443
-0.1465
-0.1458
-0.1497
-0.13894
-0.1338
-0.13972
-0.15032
-0.14472
-0.13676
-0.13964
-0.1553
-0.15498
-0.15628
-0.14972
-0.15452
-0.15474
-0.15472
-0.14916
-0.14882
-0.14794
-0.14906
-0.14474
-0.15258
-0.15114
-0.15994
-0.16252
-0.16296
-0.1703
-0.17018
-0.18024
-0.19102
-0.19644
-0.18748
-0.1877
-0.18086
-0.17706
-0.1865
-0.18964
-0.18374
-0.17624
-0.17658
-0.18316
-0.17208
-0.15308
-0.15436
-0.15182
-0.16112
-0.15224
-0.15732
-0.16048
-0.14608
-0.14012
-0.13568
-0.12856
-0.1332
-0.13996
-0.14442
-0.13938
-0.14458
-0.1394
-0.14468
-0.13394
-0.12956
-0.12908
-0.13298
-0.14302
-0.13188
-0.12946
-0.13016
-0.13516
-0.13902
-0.12294
-0.12084
-0.1317
-0.12594
-0.12598
-0.13012
-0.12808
-0.12904
-0.1253
-0.10072
-0.10076
-0.093
-0.08896
-0.08412
-0.07412
-0.07396
-0.08056
-0.0811
-0.08928
-0.08566
-0.08622
-0.09104
-0.08698
-0.09544
-0.09828
-0.09484
-0.09892
-0.10346
-0.11074
-0.12272
-0.1219
-0.12536
-0.11096
-0.11066
-0.10882
-0.11596
-0.11618
-0.11134
-0.11348
-0.10372
-0.0995
-0.09192
-0.0927
-0.09794
-0.08714
-0.08854
-0.09484
-0.09482
-0.08746
-0.0939
-0.10728
-0.1018
-0.104
-0.09602
-0.09244
-0.08826
-0.09312
-0.09414
-0.08814
-0.078
-0.08338
-0.07944
-0.07968
-0.08318
-0.09
-0.0935
-0.09268
-0.0894
-0.0938
-0.08016
-0.08238
-0.07058
-0.0709
-0.07254
-0.07198
-0.06746
-0.06224
-0.06606
-0.06868
-0.0757
-0.0786
-0.0852
-0.09308
-0.08814
-0.0827
-0.0798
-0.07814
-0.07698
-0.07754
-0.08182
-0.07288
-0.07696
-0.07862
-0.06966
-0.07524
-0.0776
-0.08418
-0.08036
-0.08708
-0.08574
-0.0883
-0.08282
-0.09168
-0.10068
-0.09776
-0.09676
-0.09996
-0.1021
-0.0906
-0.09904
-0.10118
-0.09036
-0.09148
-0.09884
-0.09992
-0.09232
-0.09426
-0.08446
-0.09056
-0.08408
-0.09204
-0.08424
-0.06468
-0.06668
-0.06598
-0.06098
-0.0638
-0.07056
-0.07696
-0.07512
-0.07162
-0.06792
-0.07778
-0.07842
-0.06286
-0.06304
-0.06296
-0.0633
-0.05978
-0.04912
-0.04388
-0.03686
-0.04156
-0.03968
-0.05884
-0.05686
-0.06036
-0.05724
-0.06182
-0.07312
-0.09102
-0.09234
-0.09216
-0.09216
-0.09692
-0.09742
-0.0984
-0.09744
-0.08286
-0.10314
-0.10316
-0.10324
-0.1054
-0.10322
-0.1077
-0.09876
-0.10004
-0.09466
-0.10142
-0.1187
-0.12124
-0.12202
-0.1312
-0.13494
-0.13994
-0.1393
-0.12988
-0.1232
-0.12584
-0.12098
-0.12252
-0.11962
-0.11502
-0.10582
-0.10496
-0.09144
-0.09366
-0.10634
-0.1051
-0.09252
-0.09084
-0.08782
-0.07648
-0.06562
-0.07084
-0.06766
-0.06108
-0.07602
-0.0685
-0.07886
-0.07918
-0.08672
-0.09772
-0.0953
-0.09132
-0.08928
-0.08426
-0.0783
-0.08324
-0.07546
-0.06246
-0.0527
-0.05568
-0.0593
-0.06776
-0.0655
-0.0679
-0.0786
-0.07096
-0.07078
-0.06662
-0.0764
-0.07876
-0.07092
-0.0807
-0.07202
-0.0777
-0.08854
-0.08904
-0.08636
-0.08636
-0.08664
-0.0799
-0.07854
-0.08118
-0.07714
-0.06458
-0.0704
-0.06332
-0.07842
-0.07568
-0.07612
-0.06472
-0.06294
-0.05678
-0.04804
-0.04184
-0.0435
-0.04896
-0.05298
-0.04224
-0.05518
-0.05358
-0.06894
-0.06462
-0.06288
-0.05962
-0.06228
-0.0508
-0.04874
-0.04392
-0.05136
-0.05788
-0.04878
-0.05366
-0.04788
-0.04234
-0.03744
-0.04324
-0.04564
-0.0469
-0.038
-0.0416
-0.0413
-0.04578
-0.0422
-0.04456
-0.04606
-0.0497
-0.03826
-0.0323
-0.0343
-0.04056
-0.0374
-0.03894
-0.04482
-0.0352
-0.03714
-0.0425
-0.05184
-0.05046
-0.05406
-0.05856
-0.06588
-0.05496
-0.04468
-0.04554
-0.04136
-0.04412
-0.0527
-0.04868
-0.0512
-0.04328
-0.03756
-0.0428
-0.04706
-0.05112
-0.04828
-0.05506
-0.06156
-0.07448
-0.08312
-0.08518
-0.07314
-0.07476
-0.08376
-0.09806
-0.09812
-0.09716
-0.09328
-0.09404
-0.08878
-0.08526
-0.0991
-0.09526
-0.08648
-0.08962
-0.08322
-0.08144
-0.09108
-0.08874
-0.09508
-0.1026
-0.1067
-0.10826
-0.09974
-0.09372
-0.09602
-0.09448
-0.09862
-0.0853
-0.07996
-0.0768
-0.08574
-0.08966
-0.09266
-0.08284
-0.0804
-0.07698
-0.06456
-0.05838
-0.05614
-0.0539
-0.0603
-0.06062
-0.07678
-0.06984
-0.06214
-0.07182
-0.07446
-0.08738
-0.09282
-0.0859
-0.07212
-0.0639
-0.0641
-0.074
-0.07858
-0.07736
-0.07216
-0.07132
-0.07678
-0.07786
-0.07804
-0.06558
-0.06374
-0.06312
-0.0457
-0.04142
-0.04154
-0.05576
-0.05096
-0.0548
-0.04658
-0.05912
-0.04566
-0.03784
-0.03652
-0.0262
-0.00962
-0.0179
-0.00864
-0.02432
-0.02394
-0.02478
-0.02026
-0.02276
-0.03658
-0.03858
-0.04274
-0.04472
-0.04862
-0.04392
-0.05262
-0.06164
-0.06526
-0.06672
-0.05768
-0.07806
-0.07494
-0.06774
-0.05188
-0.0553
-0.05062
-0.06052
-0.0525
-0.0547
-0.05126
-0.04454
-0.04764
-0.04762
-0.03158
-0.02762
-0.0363
-0.03856
-0.04432
-0.04604
-0.04112
-0.04586
-0.05146
-0.05432
-0.04438
-0.0479
-0.05772
-0.0625
-0.06278
-0.0747
-0.0728
-0.07908
-0.07222
-0.0743
-0.0784
-0.07282
-0.0857
-0.08336
-0.08698
-0.0788
-0.07618
-0.07522
-0.06902
-0.07228
-0.0688
-0.08714
-0.08808
-0.08972
-0.08806
-0.1033
-0.09704
-0.08268
-0.08284
-0.0829
-0.07534
-0.07928
-0.06482
-0.06124
-0.06522
-0.06212
-0.05838
-0.06014
-0.04656
-0.04268
-0.05464
-0.05752
-0.062
-0.07114
-0.07832
-0.07632
-0.06932
-0.06862
-0.0725
-0.07324
-0.05938
-0.06666
-0.0712
-0.06402
-0.07002
-0.0706
-0.079
-0.06754
-0.06306
-0.05792
-0.06474
-0.06168
-0.06382
-0.06972
-0.07382
-0.06746
-0.07162
-0.07406
-0.07032
-0.0791
-0.08694
-0.07688
-0.0776
-0.07782
-0.08706
-0.07946
-0.09282
-0.09102
-0.08234
-0.08958
-0.09046
-0.08174
-0.09202
-0.09206
-0.0991
-0.10842
-0.10732
-0.0956
-0.0838
-0.07558
-0.07192
-0.0554
-0.0633
-0.0641
-0.05528
-0.0485
-0.03946
-0.0574
-0.0515
-0.04036
-0.03966
-0.03596
-0.04122
-0.03688
-0.04488
-0.03614
-0.03294
-0.0398
-0.03888
-0.03542
-0.03682
-0.0414
-0.03122
-0.03684
-0.0486
-0.03854
-0.03438
-0.02748
-0.03682
-0.0409
-0.02784
-0.0204
-0.032
-0.04114
-0.04184
-0.04146
-0.04384
-0.0379
-0.03246
-0.03704
-0.04394
-0.02834
-0.03144
-0.02438
-0.03032
-0.02176
-0.01298
-0.007
-0.00484
-0.01206
-0.01296
-0.011
-0.01098
-0.00662
-0.00292
0.00908
0.01762
0.0299
0.02726
0.03514
0.04008
0.0477
0.04802
0.0391
0.04186
0.0422
0.05284
0.04744
0.0499
0.03814
0.03802
0.0334
0.0367
0.04076
0.03652
0.04568
0.0464
0.05192
0.04276
0.04274
0.04786
0.05634
0.05148
0.04792
0.05834
0.06126
0.0633
0.05514
0.06642
0.05394
0.04894
0.05322
0.06016
0.05934
0.05134
0.06006
0.05306
0.05092
0.05458
0.04988
0.05612
0.06574
0.05098
0.0538
0.03866
0.03712
0.03596
0.03726
0.03554
0.04618
0.04688
0.04288
0.04628
0.05156
0.0558
0.06782
0.05366
0.0509
0.05784
0.0509
0.04742
0.05356
0.0408
0.03838
0.04106
0.03144
0.02934
0.03252
0.03956
0.04824
0.04964
0.05556
0.0534
0.03928
0.03738
0.04608
0.04532
0.03742
0.03808
0.04094
0.0287
0.0401
0.03878
0.04316
0.03406
0.03776
0.03248
0.04308
0.04078
0.03174
0.02248
0.02054
0.01898
0.0265
0.03024
0.02372
0.02206
0.0252
0.0382
0.03414
0.04242
0.04396
0.04678
0.04124
0.04982
0.05504
0.05318
0.05752
0.05552
0.05206
0.0453
0.0347
0.02946
0.0314
0.05018
0.06032
0.05192
0.05784
0.06432
0.07038
0.06598
0.0656
0.05168
0.05082
0.03868
0.04196
0.04286
0.04936
0.04778
0.05276
0.06154
0.06098
0.05936
0.0606
0.05052
0.05606
0.04696
0.0347
0.03872
0.03552
0.04552
0.03932
0.0298
0.03104
0.02864
0.03256
0.0319
0.0356
0.05188
0.05288
0.04764
0.04438
0.05198
0.04744
0.0351
0.03484
0.04908
0.0429
0.035
0.03284
0.01814
0.01374
0.02028
0.02406
0.03124
0.02942
0.03052
0.01964
0.03026
0.02586
0.02316
0.02422
0.01702
0.02226
0.02328
0.02466
0.029
0.02042
0.01536
0.01096
0.004
0.00178
-0.00266
-0.0054
-0.0002
-0.0083
-0.0108
-0.01012
-0.00662
-0.00308
-0.00446
0.00504
0.0067
0.00466
0.0064
0.00106
-0.00188
-0.00878
-0.01668
-0.01178
-0.0199
-0.01174
-0.01648
-0.01904
-0.02036
-0.02388
-0.038
-0.03946
-0.03718
-0.03176
-0.02834
-0.02156
-0.03282
-0.03956
-0.03536
-0.03362
-0.0272
-0.03378
-0.02494
-0.02372
-0.01562
-0.01932
-0.01512
-0.0253
-0.02994
-0.0448
-0.04326
-0.0468
-0.0355
-0.03154
-0.03414
-0.03668
-0.04876
-0.03824
-0.04566
-0.041
-0.03166
-0.03966
-0.0476
-0.03788
-0.04358
-0.04912
-0.04072
-0.05036
-0.04286
-0.0381
-0.0266
-0.0388
-0.0455
-0.0349
-0.03714
-0.03084
-0.0428
-0.06284
-0.05576
-0.04088
-0.02938
-0.02456
-0.01884
-0.02544
-0.0301
-0.02986
-0.04362
-0.04966
-0.03594
-0.03514
-0.04624
-0.06034
-0.0586
-0.05958
-0.05318
-0.06424
-0.07334
-0.0733
-0.07232
-0.06812
-0.07024
-0.07426
-0.0711
-0.0775
-0.08148
-0.06364
-0.06
-0.06404
-0.0668
-0.067
-0.0632
-0.07184
-0.07492
-0.07358
-0.0666
-0.05456
-0.05826
-0.0623
-0.05564
-0.04966
-0.03524
-0.01682
-0.01486
-0.00552
-0.00672
0.00102
-0.00728
-0.0061
-0.01432
-0.01316
0.00476
0.01308
0.02184
0.0106
0.00926
-0.00392
-0.015
-0.01556
-0.00892
-0.01502
-0.01062
-0.00592
-0.00252
-0.00778
0.0029
0.01486
0.01434
0.01468
0.0087
0.0072
-0.00636
-0.01378
-0.00888
-0.00578
-0.01016
0.00728
0.01508
0.01042
-0.00114
-0.00612
-0.00354
-0.00122
-0.0104
-0.002
-0.0056
-0.01172
-0.02032
-0.02078
-0.02916
-0.01772
-0.0195
-0.01004
-0.00784
-0.01186
-0.00324
-0.0066
-0.00462
-0.00586
-0.0047
-0.0125
-0.0095
-0.0071
-0.0047
-0.00276
-0.00462
-0.0037
-0.00504
-0.00258
-0.0039
-0.01826
-0.0074
-0.00736
-0.01746
-0.01218
-0.01512
-0.01478
-0.02764
-0.02366
-0.03062
-0.02866
-0.01956
-0.02868
-0.0163
-0.03164
-0.03536
-0.02704
-0.0271
-0.03172
-0.02814
-0.02192
-0.0274
-0.03628
-0.0329
-0.03156
-0.01178
-0.0008
-0.00166
0.00426
0.00696
0.00572
-0.00448
0.0077
0.00176
-0.00548
-0.01518
-0.01558
-0.02672
-0.02026
-0.02158
-0.01734
-0.00932
-0.0077
-0.00538
-0.0152
-0.02686
-0.01696
-0.01284
-0.01432
-0.0116
-0.00872
-0.00546
-0.00096
-0.00472
0.00372
0.00068
0.00774
0.00262
-0.0011
-0.01114
-0.01676
-0.00408
-0.01724
-0.01052
-0.00442
0.00124
-0.00896
-0.00582
-0.00716
-0.01574
-0.02082
-0.03768
-0.0384
-0.03018
-0.03336
-0.03886
-0.03976
-0.03456
-0.03336
-0.0495
-0.0495
-0.04748
-0.05088
-0.05874
-0.05634
-0.05936
-0.0586
-0.0481
-0.0586
-0.06486
-0.06678
-0.06668
-0.06798
-0.06244
-0.06828
-0.06734
-0.06746
-0.07016
-0.06856
-0.06372
-0.06272
-0.0709
-0.07652
-0.0787
-0.06786
-0.06862
-0.0779
-0.0756
-0.07644
-0.06534
-0.06656
-0.07286
-0.06972
-0.06728
-0.07646
-0.07138
-0.07728
-0.07428
-0.0722
-0.07654
-0.08282
-0.08668
-0.09128
-0.07946
-0.07866
-0.07682
-0.0787
-0.07506
-0.0767
-0.08702
-0.08834
-0.08918
-0.07512
-0.05358
-0.0493
-0.04672
-0.0467
-0.03648
-0.03396
-0.0328
-0.04264
-0.04194
-0.03594
-0.029
-0.02828
-0.01976
-0.02248
-0.01198
-0.01398
-0.01304
-0.01052
-0.00118
-0.00054
0.00476
0.01256
0.01694
0.00566
0.00124
0.00904
0.01904
0.01812
0.01238
0.01806
0.01746
0.02164
0.01932
0.02238
0.0015
0.00504
0.00302
0.01704
0.01612
0.01452
0.0163
0.02574
0.03586
0.04058
0.04034
0.03558
0.04774
0.04926
0.04682
0.05646
0.0484
0.05414
0.04734
0.0425
0.0401
0.03486
0.03478
0.02278
0.02476
0.0225
0.0307
0.0264
0.02178
0.02118
0.01122
0.01096
0.01162
0.01756
0.0243
0.01824
0.02154
0.01914
0.02746
0.027
0.03066
0.0395
0.03764
0.05146
0.03922
0.03774
0.0227
0.0166
0.02424
0.03216
0.02698
0.02782
0.03236
0.02862
0.0277
0.04078
0.03814
0.03578
0.0446
0.04226
0.03594
0.04654
0.03642
0.03826
0.04302
0.06542
0.06284
0.05928
0.05376
0.06358
0.05342
0.04384
0.0551
0.05344
0.05932
0.06908
0.05464
0.04942
0.05174
0.06064
0.0631
0.0599
0.06702
0.06192
0.065
0.06654
0.07852
0.07436
0.0782
0.084
0.08046
0.0847
0.08768
0.08762
0.09578
0.09996
0.09492
0.08128
0.08756
0.0792
0.08866
0.11058
0.1195
0.11844
0.11914
0.10506
0.10594
0.11124
0.11214
0.12534
0.12252
0.11528
0.10668
0.11264
0.12406
0.1203
0.12112
0.11196
0.10184
0.09438
0.10894
0.10678
0.11278
0.10428
0.09878
0.10186
0.10612
0.10732
0.09682
0.08904
0.09482
0.11006
0.11794
0.10476
0.08964
0.102
0.10172
0.1087
0.10516
0.09858
0.09936
0.08884
0.10384
0.11148
0.09318
0.08962
0.09154
0.0937
0.09266
0.09152
0.09702
0.09292
0.09448
0.09892
0.11122
0.12094
0.12672
0.13738
0.14954
0.1487
0.14212
0.13636
0.12842
0.13492
0.14222
0.13024
0.12378
0.1301
0.14058
0.13606
0.13236
0.12712
0.12448
0.12828
0.12934
0.12666
0.12348
0.12212
0.12136
0.11456
0.11008
0.1136
0.12116
0.12216
0.11928
0.13176
0.1444
0.1562
0.1573
0.1574
0.1621
0.16632
0.15712
0.16058
0.1643
0.1693
0.17092
0.17772
0.1762
0.16868
0.17082
0.16502
0.15884
0.15988
0.16154
0.17278
0.16006
0.14854
0.15162
0.1548
0.15544
0.1593
0.16022
0.16878
0.15808
0.15654
0.15716
0.16384
0.16078
0.1672
0.17062
0.16856
0.1642
0.15988
0.16154
0.16086
0.16004
0.15544
0.15244
0.14908
0.15154
0.15278
0.1513
0.14638
0.1436
0.14306
0.1457
0.15694
0.1541
0.1614
0.1611
0.15902
0.1531
0.14664
0.16508
0.17698
0.1711
0.1714
0.18244
0.1847
0.19048
0.19558
0.19108
0.18516
0.20024
0.20616
0.20614
0.21728
0.22866
0.2259
0.2349
0.23434
0.23662
0.23474
0.2337
0.24646
0.25006
0.2456
0.24356
0.24032
0.24312
0.23796
0.23452
0.22446
0.23036
0.22994
0.23482
0.24168
0.24922
0.2434
0.23886
0.23478
0.2372
0.2304
0.24204
0.23808
0.24344
0.23028
0.22736
0.22316
0.2301
0.2271
0.23006
0.2381
0.23544
0.24234
0.23486
0.23236
0.22286
0.21786
0.221
0.22804
0.22936
0.22134
0.22112
0.2213
0.21742
0.2155
0.2187
0.216
0.21216
0.22186
0.2174
0.20826
0.21174
0.20668
0.21046
0.21684
0.22576
0.21862
0.22446
0.22052
0.2237
0.22512
0.21972
0.22798
0.22752
0.21496
0.21702
0.21322
0.21014
0.2068
0.21152
0.2148
0.2297
0.2157
0.21004
0.19958
0.2198
0.21626
0.22588
0.23094
0.23084
0.23358
0.23614
0.23618
0.24716
0.25454
0.25952
0.26882
0.27
0.28672
0.28906
0.28066
0.2721
0.27382
0.2776
0.2769
0.28244
0.27512
0.26738
0.2714
0.26758
0.27092
0.27414
0.28256
0.28204
0.28614
0.2835
0.28848
0.29512
0.30546
0.30272
0.30464
0.3128
0.32126
0.30756
0.29908
0.30224
0.294
0.29398
0.29316
0.29198
0.29122
0.29518
0.29298
0.30106
0.30736
0.30738
0.313
0.31062
0.30292
0.30702
0.30452
0.2922
0.29158
0.30234
0.29954
0.2928
0.2941
0.29848
0.29156
0.29208
0.3008
0.29576
0.29232
0.28922
0.29036
0.28794
0.29712
0.3085
0.30122
0.31306
0.3056
0.29752
0.3064
0.30736
0.3118
0.3031
0.30204
0.3016
0.30928
0.30058
0.29468
0.29848
0.29258
0.27384
0.28238
0.28032
0.28428
0.26554
0.2673
0.27194
0.25664
0.2574
0.27332
0.26402
0.2663
0.26464
0.26964
0.28004
0.27454
0.27584
0.28462
0.28274
0.29184
0.30212
0.3009
0.29902
0.28626
0.28428
0.2716
0.27408
0.2656
0.26514
0.27134
0.26794
0.26684
0.26028
0.24816
0.24326
0.24388
0.25846
0.24978
0.24862
0.26642
0.25738
0.2589
0.2602
0.2617
0.26218
0.27532
0.27516
0.26412
0.26076
0.26564
0.2752
0.28358
0.27748
0.2684
0.26588
