-0.06332
-0.07242
-0.05352
-0.06032
-0.07432
-0.06898
-0.06228
-0.04672
-0.0437
-0.0527
-0.06354
-0.06044
-0.05942
-0.04564
-0.03222
-0.03788
-0.03296
-0.02932
-0.0334
-0.03146
-0.01968
-0.02674
-0.02894
-0.02622
-0.02928
-0.01598
-0.01762
-0.02998
-0.03542
-0.04296
-0.04234
-0.03918
-0.02372
-0.02192
-0.02406
-0.02916
-0.02724
-0.02814
-0.0281
-0.02576
-0.00858
-0.00686
-0.00188
-0.01178
-0.01912
-0.0309
-0.04542
-0.0627
-0.07762
-0.05156
-0.0511
-0.04146
-0.0535
-0.02634
-0.03028
-0.02744
-0.0518
-0.04334
-0.04522
-0.0368
-0.05004
-0.0486
-0.05572
-0.03744
-0.04674
-0.04028
-0.04892
-0.03774
-0.03808
-0.0258
-0.02786
-0.0168
-0.0144
-0.01256
-0.0199
-0.02164
-0.02184
-0.02708
-0.01244
-0.00944
-0.03614
-0.03336
-0.037
-0.03444
-0.03752
-0.02028
-0.03604
-0.02952
-0.02608
-0.02368
-0.04304
-0.05092
-0.03886
-0.0459
-0.04558
-0.03566
-0.02522
-0.01756
-0.0364
-0.04062
-0.04512
-0.05712
-0.06252
-0.0631
-0.06738
-0.0814
-0.07388
-0.06422
-0.05954
-0.06978
-0.06248
-0.06774
-0.07516
-0.06522
-0.06146
-0.0539
-0.04352
-0.04674
-0.04106
-0.04814
-0.04064
-0.05536
-0.05204
-0.05696
-0.05412
-0.05934
-0.0602
-0.0684
-0.05146
-0.03644
-0.04042
-0.05372
-0.06558
-0.05428
-0.05136
-0.04876
-0.04334
-0.03244
-0.04408
-0.03136
-0.03888
-0.04256
-0.04762
-0.04166
-0.03668
-0.02854
-0.03048
-0.03292
-0.03254
-0.0389
-0.03406
-0.03768
-0.0372
-0.01878
-0.01734
-0.02348
-0.03646
-0.02252
-0.0109
-0.02016
-0.02746
-0.02802
-0.03468
-0.02888
-0.02978
-0.0327
-0.03698
-0.03242
-0.03544
-0.0528
-0.03176
-0.04192
-0.0408
-0.04128
-0.04806
-0.0517
-0.0373
-0.04924
-0.03418
-0.03604
-0.04568
-0.05446
-0.04286
-0.05946
-0.05906
-0.04522
-0.03912
-0.04378
-0.0425
-0.0395
-0.03308
-0.04596
-0.05944
-0.05924
-0.06508
-0.0834
-0.06816
-0.06632
-0.06738
-0.06218
-0.05278
-0.04582
-0.037
-0.0376
-0.04844
-0.05012
-0.03528
-0.03882
-0.04138
-0.0503
-0.04502
-0.03332
-0.01662
-0.02142
-0.02562
-0.01474
-0.02426
-0.0262
-0.03762
-0.03424
-0.04264
-0.02956
-0.01998
-0.02872
-0.03612
-0.03608
-0.04464
-0.04956
-0.03874
-0.04668
-0.04394
-0.0293
-0.02784
-0.02724
-0.04294
-0.04444
-0.0521
-0.04786
-0.04244
-0.04906
-0.05972
-0.05492
-0.04794
-0.05842
-0.06194
-0.07108
-0.07316
-0.07356
-0.06142
-0.04996
-0.03386
-0.0414
-0.05152
-0.05558
-0.05052
-0.0555
-0.05276
-0.0481
-0.04738
-0.06596
-0.05522
-0.04628
-0.03768
-0.04352
-0.03734
-0.04282
-0.04314
-0.04272
-0.04062
-0.02804
-0.0477
-0.04192
-0.0488
-0.05968
-0.05644
-0.04634
-0.0482
-0.04526
-0.0643
-0.06762
-0.06306
-0.05938
-0.06742
-0.06764
-0.04972
-0.0524
-0.0474
-0.04566
-0.0416
-0.04576
-0.03424
-0.0339
-0.02996
-0.03394
-0.03582
-0.02058
-0.01178
-0.00948
-0.02592
-0.03296
-0.03198
-0.03244
-0.03842
-0.05424
-0.04446
-0.05068
-0.06818
-0.07012
-0.05214
-0.04738
-0.05122
-0.04472
-0.05232
-0.06232
-0.05446
-0.06534
-0.06566
-0.05544
-0.06814
-0.0812
-0.06826
-0.05184
-0.05362
-0.0521
-0.03422
-0.05266
-0.03614
-0.02558
-0.0385
-0.04486
-0.04708
-0.0514
-0.05678
-0.05224
-0.06326
-0.07174
-0.07894
-0.07608
-0.07206
-0.06412
-0.0677
-0.06084
-0.0562
-0.04476
-0.07104
-0.07852
-0.07622
-0.06444
-0.04962
-0.04726
-0.04958
-0.04402
-0.0362
-0.03076
-0.03288
-0.03026
-0.02268
-0.02232
-0.02276
-0.01574
-0.01592
-0.02432
-0.02876
-0.02432
-0.03016
-0.0174
-0.02168
-0.0351
-0.03846
-0.042
-0.0737
-0.0585
-0.05308
-0.04766
-0.05774
-0.07228
-0.06916
-0.07348
-0.06454
-0.06256
-0.05736
-0.05442
-0.05432
-0.05432
-0.05996
-0.0659
-0.06988
-0.0818
-0.07526
-0.0759
-0.08182
-0.09366
-0.08786
-0.07782
-0.06468
-0.05
-0.04528
-0.04854
-0.06134
-0.06154
-0.05632
-0.05034
-0.0498
-0.05022
-0.05398
-0.0371
-0.03246
-0.0373
-0.03912
-0.03736
-0.02982
-0.03338
-0.03524
-0.05004
-0.03852
-0.02356
-0.02904
-0.04552
-0.04112
-0.02814
-0.04014
-0.03784
-0.01576
-0.0021
-0.0102
-0.01848
-0.04364
-0.03858
-0.02512
-0.0246
-0.03182
-0.04682
-0.06104
-0.04674
-0.04292
-0.06232
-0.06764
-0.05624
-0.0582
-0.04784
-0.02942
-0.039
-0.0357
-0.0344
-0.01886
-0.0288
-0.01638
-0.01366
-0.02176
-0.05372
-0.04942
-0.03888
-0.03122
-0.03846
-0.04678
-0.04456
-0.05174
-0.04482
-0.04538
-0.04418
-0.04208
-0.03916
-0.0373
-0.03488
-0.04076
-0.03498
-0.02498
-0.03736
-0.04264
-0.02702
-0.02854
-0.02356
-0.01604
-0.03186
-0.03118
-0.02592
-0.02658
-0.02132
-0.02768
-0.01648
-0.01908
-0.038
-0.03892
-0.0369
-0.0438
-0.02862
-0.02218
-0.0347
-0.03726
-0.05174
-0.05332
-0.02212
-0.0271
-0.04696
-0.05584
-0.05622
-0.06884
-0.06224
-0.05524
-0.04774
-0.0299
-0.02358
-0.01306
-0.01756
-0.02064
-0.03286
-0.02096
-0.02936
-0.0282
-0.026
-0.02854
-0.04264
-0.04808
-0.06584
-0.0587
-0.05418
-0.04852
-0.06292
-0.06334
-0.0496
-0.04318
-0.04972
-0.05526
-0.05954
-0.06618
-0.07272
-0.05648
-0.0451
-0.05096
-0.06372
-0.0686
-0.06802
-0.08204
-0.08504
-0.07662
-0.0504
-0.03184
-0.0241
-0.02822
-0.02484
-0.0354
-0.0406
-0.04032
-0.04914
-0.03614
-0.04062
-0.05998
-0.05652
-0.06014
-0.04552
-0.05364
-0.05398
-0.04782
-0.0413
-0.04706
-0.05852
-0.05352
-0.05478
-0.04678
-0.04064
-0.02818
-0.02124
-0.01126
-0.0273
-0.03308
-0.03094
-0.04674
-0.0479
-0.03696
-0.03428
-0.03046
-0.03276
-0.03546
-0.0407
-0.0369
-0.05284
-0.06226
-0.05138
-0.04098
-0.04842
-0.06958
-0.07424
-0.0684
-0.0706
-0.05926
-0.05178
-0.0425
-0.05028
-0.04868
-0.05692
-0.05568
-0.0445
-0.04652
-0.05144
-0.03314
-0.0362
-0.03168
-0.04066
-0.04542
-0.03916
-0.03734
-0.05058
-0.05166
-0.04528
-0.03112
-0.03752
-0.04036
-0.04974
-0.05882
-0.0546
-0.06124
-0.0572
-0.0409
-0.04062
-0.03784
-0.02964
-0.03272
-0.0628
-0.05764
-0.0628
-0.0695
-0.07356
-0.07092
-0.06398
-0.07348
-0.0621
-0.06958
-0.06528
-0.06716
-0.06614
-0.0604
-0.05062
-0.05778
-0.05454
-0.05102
-0.0525
-0.05854
-0.04846
-0.03992
-0.0285
-0.01666
-0.00602
-0.01008
-0.02274
-0.0493
-0.04278
-0.04284
-0.04254
-0.0467
-0.06364
-0.07012
-0.06612
-0.06316
-0.0564
-0.04202
-0.03606
-0.03084
-0.01916
-0.0241
-0.0188
-0.03268
-0.04266
-0.05488
-0.04084
-0.02868
-0.03156
-0.04144
-0.05572
-0.0532
-0.058
-0.05528
-0.05616
-0.04156
-0.0503
-0.05304
-0.04686
-0.05182
-0.03464
-0.01358
-0.0312
-0.01134
-0.00636
-0.02782
-0.03548
-0.03306
-0.04452
-0.04312
-0.04236
-0.05176
-0.0401
-0.04604
-0.04626
-0.05048
-0.03542
-0.02906
-0.03314
-0.02256
-0.02284
-0.02868
-0.03322
-0.05444
-0.04822
-0.05866
-0.06002
-0.06084
-0.05934
-0.06234
-0.0592
-0.05832
-0.07572
-0.0598
-0.04452
-0.03306
-0.0455
-0.04186
-0.04568
-0.0543
-0.05166
-0.05518
-0.04234
-0.02212
-0.02912
-0.02602
-0.01206
-0.01112
-0.00794
-0.00852
-0.01486
-0.0235
-0.03368
-0.043
-0.04454
-0.05888
-0.0466
-0.03476
-0.03008
-0.04678
-0.04344
-0.04778
-0.06624
-0.0562
-0.05834
-0.04454
-0.03868
-0.04894
-0.05462
-0.05482
-0.05458
-0.05562
-0.05754
-0.05086
-0.05122
-0.0485
-0.0435
-0.06882
-0.0645
-0.04566
-0.04956
-0.0292
-0.02332
-0.02816
-0.02868
-0.04004
-0.03242
-0.05304
-0.05152
-0.02428
-0.0351
-0.02508
-0.0097
-0.01742
-0.01328
-0.01354
-0.02692
-0.0252
-0.02782
-0.02334
-0.03692
-0.03684
-0.04154
-0.031
-0.03202
-0.03692
-0.0332
-0.03922
-0.04236
-0.02664
-0.02474
-0.02944
-0.04714
-0.0424
-0.03874
-0.04218
-0.0314
-0.026
-0.04124
-0.04134
-0.04542
-0.03932
-0.02988
-0.0206
-0.01402
-0.01178
-0.0209
-0.0287
-0.00724
-0.01798
-0.01994
-0.01894
-0.02176
-0.04792
-0.0296
-0.02674
-0.03944
-0.0469
-0.04762
-0.06582
-0.06936
-0.06898
-0.06058
-0.05712
-0.0533
-0.04902
-0.04088
-0.04678
-0.06122
-0.06128
-0.03434
-0.03984
-0.04894
-0.04818
-0.05516
-0.06096
-0.05006
-0.03582
-0.03846
-0.04016
-0.02012
-0.00944
-0.0224
-0.01666
-0.03298
-0.02562
-0.0236
-0.0286
-0.02706
-0.03416
-0.03818
-0.0207
-0.0205
-0.00866
-0.00048
0.00698
-0.00746
-0.02934
-0.03628
-0.04658
-0.0294
-0.03908
-0.04812
-0.05334
-0.06818
-0.05094
-0.04522
-0.06672
-0.07164
-0.06442
-0.05408
-0.05274
-0.04098
-0.05492
-0.04886
-0.0415
-0.0545
-0.06444
-0.05952
-0.06544
-0.05252
-0.06372
-0.07484
-0.0735
-0.07024
-0.05328
-0.0798
-0.08466
-0.07508
-0.0825
-0.07484
-0.066
-0.06246
-0.06014
-0.05402
-0.06488
-0.06084
-0.0635
-0.06994
-0.064
-0.06764
-0.07582
-0.0651
-0.0633
-0.05352
-0.0539
-0.07138
-0.08406
-0.07434
-0.06852
-0.0628
-0.0513
-0.05046
-0.05878
-0.05996
-0.0638
-0.07308
-0.0666
-0.0618
-0.07742
-0.07114
-0.04404
-0.04746
-0.04594
-0.04606
-0.05762
-0.06244
-0.04034
-0.04382
-0.03826
-0.02902
-0.03126
-0.0445
-0.03332
-0.03114
-0.04316
-0.0261
-0.03738
-0.04532
-0.0508
-0.04558
-0.05124
-0.06538
-0.06794
-0.06754
-0.05382
-0.05708
-0.06272
-0.05748
-0.06928
-0.06648
-0.06464
-0.0465
-0.04272
-0.04276
-0.04048
-0.04472
-0.05378
-0.05582
-0.04528
-0.0437
-0.02942
-0.03678
-0.02908
-0.04246
-0.04008
-0.04118
-0.04334
-0.04132
-0.0405
-0.04254
-0.05314
-0.05526
-0.0568
-0.05698
-0.03788
-0.04078
-0.0346
-0.02572
-0.03786
-0.0534
-0.05576
-0.05206
-0.06164
-0.05058
-0.0472
-0.04306
-0.03938
-0.0447
-0.05372
-0.06606
-0.05758
-0.05806
-0.06018
-0.06502
-0.07006
-0.06124
-0.06624
-0.05734
-0.05518
-0.03742
-0.0224
-0.01962
-0.02412
-0.02162
-0.03282
-0.03758
-0.03912
-0.03192
-0.0471
-0.03808
-0.04858
-0.04276
-0.03536
-0.03744
-0.03466
-0.03782
-0.03234
-0.03498
-0.03976
-0.03346
-0.04434
-0.05068
-0.05646
-0.0448
-0.04622
-0.03788
-0.03984
-0.04472
-0.05464
-0.04388
-0.03528
-0.04054
-0.0292
-0.02786
-0.0268
-0.02246
-0.02296
-0.03704
-0.0347
-0.04688
-0.06438
-0.05706
-0.05734
-0.06104
-0.0604
-0.05464
-0.04666
-0.04892
-0.03096
-0.03704
-0.03456
-0.01794
-0.00488
-0.01002
-0.0019
-0.01208
-0.01686
-0.02698
-0.02702
-0.03256
-0.04544
-0.039
-0.03364
-0.04382
-0.0372
-0.04604
-0.05342
-0.04434
-0.0392
-0.03338
-0.03934
-0.03388
-0.03654
-0.0284
-0.04254
-0.07062
-0.0679
-0.05522
-0.03854
-0.03746
-0.0389
-0.03348
-0.02668
-0.02536
-0.02858
-0.03268
-0.03076
-0.0341
-0.03306
-0.0333
-0.04676
-0.04496
-0.03342
-0.03468
-0.02788
-0.02892
-0.03532
-0.02562
-0.03302
-0.05042
-0.03824
-0.05046
-0.04242
-0.06034
-0.03368
-0.02802
-0.0291
-0.0579
-0.061
-0.05396
-0.06738
-0.05606
-0.05472
-0.04754
-0.02614
-0.0317
-0.02878
-0.02936
-0.03664
-0.03572
-0.03616
-0.03104
-0.03246
-0.03228
-0.0324
-0.0402
-0.05796
-0.05864
-0.05046
-0.04544
-0.0558
-0.06716
-0.06452
-0.04872
-0.0361
-0.0348
-0.02282
-0.01754
-0.0074
0.00708
0.00738
-0.02048
-0.02636
-0.03656
-0.0424
-0.042
-0.04162
-0.0567
-0.06096
-0.06562
-0.04322
-0.04454
-0.0472
-0.04754
-0.05242
-0.0409
-0.0616
-0.05652
-0.0453
-0.03624
-0.03936
-0.04168
-0.03884
-0.0357
-0.03978
-0.02842
-0.03616
-0.04514
-0.03398
-0.03326
-0.04396
-0.05198
-0.0572
-0.04276
-0.05062
-0.04038
-0.03752
-0.04252
-0.06142
-0.05466
-0.06438
-0.05546
-0.05486
-0.06432
-0.06138
-0.04734
-0.04134
-0.04452
-0.0533
-0.04302
-0.0331
-0.0399
-0.03912
-0.04076
-0.05866
-0.04948
-0.02314
-0.02898
-0.0418
-0.04954
-0.0541
-0.0433
-0.0426
-0.04684
-0.0538
-0.05696
-0.04884
-0.05376
-0.04094
-0.05122
-0.0319
-0.02362
-0.02754
-0.04636
-0.058
-0.0645
-0.06048
-0.06848
-0.05166
-0.05548
-0.05196
-0.0339
-0.01658
-0.03228
-0.03252
-0.03592
-0.0298
-0.04836
-0.06
-0.0632
-0.06732
-0.06526
-0.06602
-0.05172
-0.04992
-0.05454
-0.0584
-0.05614
-0.04808
-0.04652
-0.03652
-0.04102
-0.03006
-0.03382
-0.03838
-0.03542
-0.02608
-0.02408
-0.0379
-0.03438
-0.04376
-0.04758
-0.06392
-0.0521
-0.0422
-0.03894
-0.0384
-0.04804
-0.04716
-0.04144
-0.04232
-0.04294
-0.04156
-0.0575
-0.04952
-0.0556
-0.06064
-0.0651
-0.06632
-0.0615
-0.05756
-0.05822
-0.04406
-0.05448
-0.03998
-0.04904
-0.0584
-0.03794
-0.0447
-0.03454
-0.02892
-0.03086
-0.02998
-0.04122
-0.04328
-0.0579
-0.03168
-0.04744
-0.052
-0.04964
-0.05856
-0.05702
-0.04896
-0.03336
-0.02108
-0.02586
-0.02732
-0.03744
-0.02982
-0.05264
-0.05322
-0.04394
-0.0434
-0.05614
-0.03536
-0.03542
-0.03646
-0.03502
-0.03752
-0.04304
-0.0398
-0.04236
-0.05074
-0.05402
-0.06274
-0.05474
-0.0601
-0.0641
-0.05672
-0.05258
-0.0445
-0.04364
-0.05086
-0.05388
-0.05368
-0.0511
-0.04228
-0.03482
-0.04684
-0.06504
-0.06484
-0.05262
-0.05118
-0.06434
-0.0792
-0.0826
-0.06988
-0.06726
-0.04566
-0.05272
-0.0478
-0.0603
-0.06214
-0.05678
-0.05282
-0.05488
-0.06052
-0.05332
-0.05106
-0.05086
-0.047
-0.05042
-0.04356
-0.05322
-0.04666
-0.05022
-0.05286
-0.06322
-0.06258
-0.06322
-0.05258
-0.04772
-0.04736
-0.04966
-0.06672
-0.05684
-0.04772
-0.03674
-0.01554
-0.0276
-0.04534
-0.04662
-0.0448
-0.04778
-0.03652
-0.038
-0.02714
-0.0153
-0.0141
-0.03482
-0.01938
-0.02524
-0.03232
-0.03844
-0.02984
-0.03682
-0.02336
-0.03576
-0.0416
-0.0423
-0.05418
-0.0565
-0.06692
-0.05762
-0.06482
-0.0523
-0.04118
-0.04322
-0.0357
-0.03842
-0.03268
-0.04442
-0.04062
-0.05338
-0.04166
-0.04078
-0.05118
-0.05338
-0.07244
-0.06244
-0.06536
-0.06662
-0.05456
-0.0538
-0.0409
-0.03096
-0.04404
-0.0547
-0.0581
-0.05516
-0.03658
-0.04092
-0.04216
-0.03432
-0.03342
-0.03182
-0.03528
-0.03996
-0.03548
-0.03498
-0.04812
-0.04064
-0.04204
-0.02506
-0.01768
-0.0109
-0.00596
-0.00924
-0.0184
-0.01978
-0.01662
-0.01532
-0.01678
-0.0205
-0.02356
-0.02864
-0.03008
-0.03686
-0.03474
-0.01744
-0.02108
-0.03642
-0.04012
-0.04334
-0.04646
-0.0417
-0.0344
-0.03812
-0.04148
-0.03474
-0.04504
-0.05506
-0.05054
-0.04032
-0.03754
-0.03984
-0.02732
-0.03986
-0.03432
-0.04012
-0.03634
-0.04536
-0.03184
-0.03306
-0.03312
-0.03684
-0.03636
-0.04116
-0.03786
-0.03902
-0.03958
-0.0458
-0.04926
-0.04884
-0.04418
-0.06004
-0.0503
-0.05868
-0.05056
-0.05818
-0.05678
-0.06468
-0.05046
-0.04626
-0.05206
-0.04688
-0.03988
-0.04264
-0.0477
-0.04784
-0.03096
-0.03972
-0.03736
-0.04734
-0.03844
-0.04104
-0.04146
-0.03586
-0.03318
-0.04276
-0.04446
-0.0528
-0.05806
-0.0598
-0.06552
-0.06144
-0.05862
-0.06712
-0.06296
-0.05634
-0.05642
-0.04486
-0.04108
-0.06664
-0.07718
-0.0592
-0.05134
-0.05796
-0.05486
-0.04528
-0.03814
-0.04094
-0.03398
-0.02944
-0.05656
-0.04244
-0.05098
-0.04866
-0.05482
-0.06212
-0.06914
-0.05376
-0.05462
-0.05856
-0.06658
-0.07072
-0.06584
-0.06762
-0.0648
-0.06328
-0.07614
-0.07444
-0.06862
-0.0398
-0.039
-0.0409
-0.03136
-0.03264
-0.03398
-0.04366
-0.05238
-0.05102
-0.0478
-0.0465
-0.04424
-0.03024
-0.03528
-0.01826
-0.00078
-0.01268
-0.0079
-0.00672
-0.03234
-0.04012
-0.0524
-0.05664
-0.05334
-0.03072
-0.0284
-0.03646
-0.04858
-0.05624
-0.06054
-0.068
-0.06756
-0.05446
-0.06272
-0.05998
-0.05526
-0.05146
-0.04478
-0.02918
-0.01532
-0.01474
-0.01874
-0.01816
-0.00472
-0.00186
-0.01538
-0.0263
-0.03082
-0.03408
-0.04028
-0.03404
-0.03772
-0.03412
-0.04852
-0.04294
-0.0499
-0.0611
-0.0485
-0.04824
-0.05536
-0.04446
-0.0418
-0.03938
-0.02084
-0.03198
-0.0446
-0.04336
-0.05488
-0.06108
-0.05018
-0.05686
-0.0603
-0.06284
-0.04772
-0.04426
-0.03846
-0.04382
-0.0528
-0.04476
-0.0546
-0.04652
-0.05128
-0.0425
-0.03148
-0.02028
-0.01746
-0.04312
-0.02832
-0.03062
-0.01984
-0.03686
-0.04788
-0.04926
-0.04966
-0.04918
-0.05984
-0.05112
-0.05324
-0.04738
-0.05348
-0.04322
-0.05116
-0.06504
-0.05336
-0.04836
-0.05464
-0.0635
-0.05644
-0.0537
-0.03984
-0.0511
-0.06284
-0.05322
-0.04926
-0.0568
-0.0577
-0.05558
-0.04704
-0.06142
-0.07484
-0.06558
-0.0512
-0.04956
-0.0554
-0.0528
-0.05248
-0.05648
-0.05108
-0.04814
-0.05126
-0.0523
-0.05392
-0.05068
-0.04956
-0.0532
-0.06428
-0.05934
-0.04424
-0.0475
-0.04528
-0.04842
-0.03854
-0.04914
-0.03276
-0.03936
-0.0345
-0.0403
-0.04598
-0.0452
-0.05388
-0.06334
-0.06462
-0.05218
-0.04758
-0.04376
-0.03116
-0.03434
-0.04944
-0.04894
-0.04928
-0.04576
-0.0318
-0.027
-0.02458
-0.03822
-0.0286
-0.0403
-0.05612
-0.05448
-0.04672
-0.04358
-0.0447
-0.04962
-0.05952
-0.057
-0.0746
-0.06822
-0.06968
-0.07428
-0.06292
-0.06128
-0.05366
-0.05094
-0.05156
-0.0716
-0.0804
-0.07052
-0.05582
-0.0415
-0.0395
-0.03182
-0.03896
-0.03244
-0.03626
-0.03276
-0.03942
-0.04802
-0.04534
-0.04298
-0.0455
-0.03818
-0.0499
-0.044
-0.05044
-0.04486
-0.04658
-0.0417
-0.04596
-0.04348
-0.0308
-0.0397
-0.0379
-0.04196
-0.04578
-0.05818
-0.05342
-0.0455
-0.0508
-0.05762
-0.05244
-0.05396
-0.04316
-0.03728
-0.02848
-0.04542
-0.05442
-0.05088
-0.05914
-0.0797
-0.06238
-0.04656
-0.05312
-0.03728
-0.05506
-0.04352
-0.03566
-0.03194
-0.04412
-0.04544
-0.04676
-0.05562
-0.0746
-0.06692
-0.06126
-0.05412
-0.02996
-0.02096
-0.02996
-0.02456
-0.03452
-0.03986
-0.0357
-0.04388
-0.04544
-0.04362
-0.03404
-0.04022
-0.04048
-0.04424
-0.04752
-0.04734
-0.0547
-0.05898
-0.07116
-0.05338
-0.05392
-0.06766
-0.05936
-0.05762
-0.05092
-0.03418
-0.02386
-0.0167
-0.03882
-0.04712
-0.07104
-0.06102
-0.06204
-0.05048
-0.04544
-0.05368
-0.06744
-0.06616
-0.05196
-0.06434
-0.05736
-0.04844
-0.0537
-0.0405
-0.04392
-0.0481
-0.04302
-0.05
-0.0307
-0.01212
-0.00972
-0.02458
-0.01424
-0.00996
-0.01802
-0.0321
-0.0533
-0.05484
-0.0512
-0.0506
-0.0287
-0.04012
-0.0454
-0.04564
-0.05072
-0.0605
-0.0519
-0.05486
-0.04074
-0.0212
-0.01942
-0.03188
-0.05462
-0.04364
-0.05262
-0.05646
-0.0538
-0.03982
-0.03808
-0.03842
-0.03266
-0.03944
-0.0315
-0.03854
-0.03662
-0.0376
-0.03442
-0.0357
-0.0462
-0.04082
-0.03992
-0.02946
-0.02956
-0.0278
-0.02416
-0.01906
-0.01846
-0.02602
-0.03346
-0.048
-0.05586
-0.05254
-0.06224
-0.0731
-0.06536
-0.05332
-0.04906
-0.06794
-0.06128
-0.057
-0.05558
-0.05724
-0.04104
-0.06158
-0.05638
-0.04722
-0.04916
-0.05352
-0.0633
-0.06036
-0.05664
-0.0643
-0.0727
-0.0743
-0.05652
-0.06324
-0.0692
-0.05744
-0.05508
-0.05516
-0.04628
-0.04698
-0.05046
-0.04912
-0.0657
-0.07198
-0.06738
-0.06288
-0.06182
-0.04894
-0.05194
-0.04976
-0.04156
-0.05034
-0.04594
-0.0558
-0.05532
-0.05288
-0.05724
-0.052
-0.05466
-0.05844
-0.07124
-0.0666
-0.07128
-0.07102
-0.06248
-0.0563
-0.05316
-0.05134
-0.04018
-0.0273
-0.02826
-0.03176
-0.04558
-0.05458
-0.04598
-0.05174
-0.02858
-0.0395
-0.03684
-0.0325
-0.04926
-0.04338
-0.05638
-0.0555
-0.06214
-0.05508
-0.06288
-0.06312
-0.05622
-0.0506
-0.0515
-0.04476
-0.04994
-0.04846
-0.05858
-0.04686
-0.04326
-0.04894
-0.03176
-0.02796
-0.04448
-0.04966
-0.04034
-0.05266
-0.05856
-0.06226
-0.05758
-0.04852
-0.03178
-0.0305
-0.02786
-0.02464
-0.02134
-0.0315
-0.02888
-0.02826
-0.03016
-0.02722
-0.03226
-0.03352
-0.03172
-0.02592
-0.03494
-0.03558
-0.0351
-0.04936
-0.03294
-0.02696
-0.02782
-0.04216
-0.04302
-0.0481
-0.04912
-0.04192
-0.0475
-0.06036
-0.04146
-0.05058
-0.05054
-0.05408
-0.04902
-0.06376
-0.06494
-0.05652
-0.04346
-0.03902
-0.02732
-0.03188
-0.0541
-0.05988
-0.0549
-0.05078
-0.06614
-0.06224
-0.05442
-0.04928
-0.0474
-0.05846
-0.0518
-0.03846
-0.04624
-0.04686
-0.04492
-0.05054
-0.04488
-0.04474
-0.03344
-0.02842
-0.0259
-0.03484
-0.02958
-0.02202
-0.032
-0.0193
-0.02052
-0.0166
-0.01432
-0.0218
-0.02056
-0.0269
-0.02994
-0.04092
-0.05086
-0.05562
-0.0381
-0.02632
-0.032
-0.03786
-0.04808
-0.04594
-0.04782
-0.05272
-0.04118
-0.05204
-0.04304
-0.03982
-0.0349
-0.03732
-0.02736
-0.03324
-0.02558
-0.02684
-0.02302
-0.02146
-0.04208
-0.0367
-0.04628
-0.05618
-0.05294
-0.05088
-0.05854
-0.05516
-0.05724
-0.0527
-0.03906
-0.03688
-0.03606
-0.0311
-0.03244
-0.0275
-0.03742
-0.02828
-0.03712
-0.04124
-0.03652
-0.03594
-0.03736
-0.0347
-0.04858
-0.05566
-0.05332
-0.05454
-0.06034
-0.06814
-0.0549
-0.05584
-0.06462
-0.05444
-0.06212
-0.072
-0.06346
-0.06734
-0.06402
-0.07576
-0.06942
-0.06282
-0.0588
-0.06522
-0.0682
-0.06498
-0.06334
-0.0567
-0.06424
-0.08122
-0.07846
-0.06968
-0.0554
-0.06888
-0.07628
-0.07778
-0.07728
-0.0803
-0.0784
-0.07894
-0.0645
-0.06082
-0.07126
-0.06618
-0.06796
-0.0692
-0.07986
-0.06586
-0.0696
-0.06284
-0.06326
-0.05884
-0.0586
-0.04936
-0.05296
-0.05584
-0.0494
-0.05374
-0.04488
-0.03304
-0.0065
-0.0031
-0.00954
-0.01086
-0.00588
-0.0025
0.00476
-0.01236
0.0008
-0.00184
-0.0104
-0.01584
-0.01838
-0.03992
-0.04182
-0.06668
-0.06912
-0.08016
-0.05218
-0.04352
-0.05354
-0.05786
-0.05516
-0.04022
-0.04694
-0.0548
-0.03396
-0.0184
-0.02968
-0.0156
-0.02076
-0.0218
-0.02486
-0.03158
-0.02338
-0.0416
-0.03904
-0.02142
-0.01176
-0.01066
-0.02034
-0.0131
-0.02114
-0.01984
-0.0194
-0.02438
-0.0105
-0.01774
-0.01548
-0.02706
-0.01818
-0.02722
-0.04542
-0.0446
-0.0497
-0.0603
-0.06384
-0.06426
-0.05806
-0.07204
-0.05478
-0.04492
-0.059
-0.07358
-0.07074
-0.07116
-0.08214
-0.0729
-0.06758
-0.06596
-0.06634
-0.06548
-0.0709
-0.0735
-0.0649
-0.06362
-0.05522
-0.05548
-0.05678
-0.0656
-0.06286
-0.0477
-0.0528
-0.0439
-0.0557
-0.05322
-0.05494
-0.04694
-0.06648
-0.06372
-0.06786
-0.06788
-0.05378
-0.0435
-0.03938
-0.05112
-0.04368
-0.03432
-0.03428
-0.03644
-0.03354
-0.04156
-0.03034
-0.02378
-0.02134
-0.02068
-0.03226
-0.0336
-0.03792
-0.03446
-0.05056
-0.05034
-0.05872
-0.05528
-0.05624
-0.06288
-0.04886
-0.04646
-0.0428
-0.04356
-0.05898
-0.05424
-0.05312
-0.05384
-0.05126
-0.0638
-0.04642
-0.05218
-0.05412
-0.049
-0.05254
-0.05312
-0.0488
-0.04256
-0.04934
-0.05948
-0.06732
-0.06966
-0.06024
-0.05072
-0.05298
-0.04918
-0.06428
-0.05234
-0.0546
-0.05698
-0.05576
-0.03448
-0.043
-0.04816
-0.04654
-0.04418
-0.05642
-0.05644
-0.03942
-0.02908
-0.03928
-0.05892
-0.04776
-0.05502
-0.04872
-0.05378
-0.03454
-0.04016
-0.04342
-0.05302
-0.04804
-0.06764
-0.05066
-0.04502
-0.0493
-0.06308
-0.0617
-0.05384
-0.04058
-0.03434
-0.03834
-0.0296
-0.0574
-0.06356
-0.06262
-0.05592
-0.06784
-0.05628
-0.05426
-0.05378
-0.05252
-0.04498
-0.04278
-0.05888
-0.07484
-0.07122
-0.06352
-0.06284
-0.05066
-0.03528
-0.03088
-0.03388
-0.0317
-0.03832
-0.02926
-0.0098
-0.01232
-0.02816
-0.03482
-0.04442
-0.04596
-0.05054
-0.0334
-0.04582
-0.03988
-0.0473
-0.0481
-0.03896
-0.04494
-0.04178
-0.0498
-0.0532
-0.0361
-0.04296
-0.0398
-0.05314
-0.0346
-0.03872
-0.04212
-0.04924
-0.02796
-0.0451
-0.0414
-0.05628
-0.07438
-0.07736
-0.09024
-0.07656
-0.0921
-0.08248
-0.06758
-0.05658
-0.04422
-0.04854
-0.06352
-0.0504
-0.05054
-0.05278
-0.03702
-0.03748
-0.03432
-0.03668
-0.0432
-0.04098
-0.03816
-0.05236
-0.0658
-0.05748
-0.05438
-0.03824
-0.03468
-0.03772
-0.04736
-0.05108
-0.0516
-0.04566
-0.06042
-0.06602
-0.06152
-0.06588
-0.05474
-0.05586
-0.04026
-0.0329
-0.02734
-0.0472
-0.04166
-0.04976
-0.05758
-0.05376
-0.06256
-0.0517
-0.05814
-0.05966
-0.05502
-0.05148
-0.04614
-0.053
-0.05674
-0.05856
-0.05304
-0.03452
-0.04248
-0.05588
-0.04156
-0.04608
-0.03636
-0.03948
-0.03046
-0.03494
-0.02964
-0.03952
-0.0199
-0.00852
-0.0224
-0.02126
-0.03302
-0.04178
-0.03024
-0.0253
-0.05408
-0.05934
-0.04564
-0.067
-0.05048
-0.04598
-0.05126
-0.05094
-0.05892
-0.0649
-0.07334
-0.06822
-0.07194
-0.07708
-0.06868
-0.0658
-0.06678
-0.05504
-0.0572
-0.05088
-0.04508
-0.05066
-0.04452
-0.04798
-0.0491
-0.05086
-0.04236
-0.04206
-0.04834
-0.05916
-0.05882
-0.0534
-0.04656
-0.04666
-0.02772
-0.04306
-0.04794
-0.04068
-0.05158
-0.04826
-0.0499
-0.04666
-0.04478
-0.03384
-0.04582
-0.03252
-0.03348
-0.03438
-0.03966
-0.03632
-0.01922
-0.02832
-0.03176
-0.03174
-0.04086
-0.03718
-0.04244
-0.03632
-0.05252
-0.0427
-0.05044
-0.05718
-0.04852
-0.04702
-0.04954
-0.04246
-0.04752
-0.04632
-0.0431
-0.02682
-0.04932
-0.05512
-0.05198
-0.0639
-0.07206
-0.06212
-0.03738
-0.01858
-0.04018
-0.0408
-0.04298
-0.04272
-0.05938
-0.0397
-0.0467
-0.03282
-0.03512
-0.03334
-0.03424
-0.03712
-0.03428
-0.03834
-0.03002
-0.0295
-0.01668
-0.0241
-0.03148
-0.01678
-0.0037
-0.02048
-0.03392
-0.0456
-0.0416
-0.05144
-0.04566
-0.05012
-0.04572
-0.05704
-0.04978
-0.07056
-0.07216
-0.07068
-0.0704
-0.0734
-0.05212
-0.04938
-0.04228
-0.0418
-0.03576
-0.02426
-0.05142
-0.0418
-0.02524
-0.01998
-0.01938
-0.03446
-0.0483
-0.03932
-0.05346
-0.0635
-0.05792
-0.0519
-0.05404
-0.0516
-0.05198
-0.05856
-0.06222
-0.0568
-0.056
-0.04576
-0.03998
-0.04292
-0.03874
-0.03426
-0.03922
-0.03162
-0.03476
-0.03164
-0.0314
-0.05724
-0.05328
-0.05838
-0.04828
-0.05062
-0.05484
-0.07424
-0.06434
-0.04172
-0.03286
-0.0388
-0.03632
-0.02494
-0.03128
-0.03288
-0.03624
-0.0368
-0.04838
-0.04958
-0.05718
-0.05826
-0.0542
-0.04626
-0.05126
-0.0328
-0.0464
-0.0548
-0.05782
-0.05276
-0.05158
-0.04644
-0.03704
-0.03832
-0.03096
-0.02526
-0.03098
-0.03026
-0.02464
-0.03268
-0.03032
-0.03594
-0.03546
-0.0458
-0.03986
-0.03932
-0.037
-0.02874
-0.03484
-0.0405
-0.03908
-0.04956
-0.04754
-0.0518
-0.05284
-0.05652
-0.05058
-0.0406
-0.05534
-0.0639
-0.06424
-0.0588
-0.05484
-0.04698
-0.0475
-0.04772
-0.05736
-0.04834
-0.039
-0.0597
-0.05852
-0.05892
-0.04734
-0.04096
-0.052
-0.044
-0.03502
-0.04592
-0.03416
-0.02314
-0.0367
-0.04378
-0.04648
-0.05122
-0.04494
-0.0472
-0.05302
-0.04874
-0.04442
-0.04078
-0.03454
-0.04358
-0.02676
-0.03494
-0.01906
-0.00442
-0.02018
-0.0068
-0.0185
-0.02206
-0.03502
-0.0284
-0.0075
-0.01622
-0.02552
-0.01794
-0.02638
-0.01268
-0.00948
-0.01458
-0.03302
-0.02706
-0.03142
-0.03496
-0.03474
-0.04172
-0.0283
-0.03978
-0.05798
-0.0539
-0.04342
-0.02928
-0.03066
-0.04104
-0.04164
-0.04574
-0.03558
-0.037
-0.03764
-0.0332
-0.0231
-0.01504
-0.03678
-0.04588
-0.0474
-0.0345
-0.03302
-0.03954
-0.03534
-0.04848
-0.0669
-0.06076
-0.06146
-0.06044
-0.05762
-0.08006
-0.07148
-0.06472
-0.0658
-0.08204
-0.06426
-0.07978
-0.07166
-0.0572
-0.05628
-0.0439
-0.04548
-0.03804
-0.03268
-0.03154
-0.03406
-0.04202
-0.05046
-0.0441
-0.04838
-0.04064
-0.03502
-0.03254
-0.0432
-0.04996
-0.05654
-0.05962
-0.05342
-0.04926
-0.05234
-0.05838
-0.05544
-0.06152
-0.05134
-0.05302
-0.05574
-0.06566
-0.07256
-0.0636
-0.07454
-0.06516
-0.05508
-0.04732
-0.04514
-0.05278
-0.05764
-0.0601
-0.05696
-0.06414
-0.05828
-0.05922
-0.0551
-0.06762
-0.07984
-0.08126
-0.06948
-0.07252
-0.07162
-0.07008
-0.06282
-0.05802
-0.05814
-0.06282
-0.06
-0.06168
-0.0542
-0.06368
-0.05172
-0.03688
-0.04982
-0.0441
-0.0332
-0.03216
-0.03326
-0.03116
-0.0489
-0.04928
-0.05802
-0.04416
-0.04322
-0.04222
-0.03398
-0.03266
-0.03766
-0.03592
-0.04114
-0.03908
-0.02862
-0.02966
-0.02824
-0.02576
-0.03344
-0.0311
-0.03614
-0.04166
-0.03596
-0.03076
-0.03056
-0.04618
-0.0414
-0.0372
-0.04228
-0.04408
-0.0581
-0.0653
-0.05612
-0.0684
-0.0559
-0.04494
-0.04744
-0.02692
-0.01848
-0.0199
-0.04698
-0.05362
-0.0571
-0.05722
-0.04468
-0.04414
-0.03566
-0.04026
-0.038
-0.04022
-0.03372
-0.02834
-0.03246
-0.02646
-0.04012
-0.04162
-0.05742
-0.04644
-0.04416
-0.03588
-0.0368
-0.04608
-0.04012
-0.03198
-0.0237
-0.02262
-0.02614
-0.02786
-0.03942
-0.04026
-0.03342
-0.04126
-0.04084
-0.03596
-0.03756
-0.0428
-0.03738
-0.04408
-0.05204
-0.06282
-0.05224
-0.0557
-0.05776
-0.05684
-0.04864
-0.02714
-0.05666
-0.06158
-0.055
-0.05776
-0.05764
-0.05838
-0.04932
-0.06684
-0.04588
-0.0494
-0.04514
-0.03886
-0.04058
-0.0382
-0.0308
-0.04526
-0.04612
-0.04938
-0.05698
-0.06002
-0.06444
-0.06028
-0.06642
-0.06514
-0.05344
-0.0592
-0.06382
-0.0547
-0.05624
-0.04696
-0.05356
-0.0381
-0.05632
-0.04468
-0.03944
-0.0332
-0.02592
-0.04594
-0.04922
-0.045
-0.04116
-0.03424
-0.04402
-0.04098
-0.03806
-0.02228
-0.01846
-0.03202
-0.0273
-0.02334
-0.00804
-0.00742
0.00308
0.00014
-0.01356
-0.02906
-0.03116
-0.03328
-0.03766
-0.04408
-0.03892
-0.04796
-0.04934
-0.05166
-0.04676
-0.0481
-0.04508
-0.0457
-0.05004
-0.0458
-0.04622
-0.0449
-0.03912
-0.03898
-0.04346
-0.03056
-0.03654
-0.03786
-0.05348
-0.03842
-0.04088
-0.03698
-0.03166
-0.03352
-0.03838
-0.04058
-0.04732
-0.04592
-0.0604
-0.054
-0.05212
-0.05268
-0.0524
-0.05194
-0.05278
-0.05284
-0.0506
-0.0349
-0.03546
-0.02462
-0.03194
-0.0243
-0.00778
-0.01646
-0.04012
-0.03346
-0.02838
-0.01318
-0.00292
-0.00456
-0.01852
-0.02306
-0.02884
-0.03122
-0.02716
-0.03768
-0.02914
-0.02306
-0.03004
-0.0339
-0.0343
-0.04234
-0.0346
-0.05998
-0.0523
-0.06584
-0.06596
-0.06424
-0.07988
-0.05988
-0.05836
-0.05184
-0.05508
-0.04412
-0.04322
-0.0518
-0.03636
-0.0428
-0.04894
-0.06524
-0.0606
-0.0553
-0.05508
-0.06
-0.05918
-0.0613
-0.05762
-0.05402
-0.05454
-0.04602
-0.05572
-0.05558
-0.04974
-0.0463
-0.0554
-0.0604
-0.07336
-0.0656
-0.05358
-0.0653
-0.05094
-0.05764
-0.05716
-0.0519
-0.0685
-0.05716
-0.05048
-0.04716
-0.04614
-0.0617
-0.07076
-0.08844
-0.07804
-0.0702
-0.07424
-0.07742
-0.06848
-0.07584
-0.0839
-0.0819
-0.08018
-0.08162
-0.07654
-0.06054
-0.0688
-0.07426
-0.07374
-0.07606
-0.07106
-0.06626
-0.05898
-0.05086
-0.04304
-0.0297
-0.02306
-0.0306
-0.05132
-0.04728
-0.05002
-0.0639
-0.06138
-0.04998
-0.0431
-0.04948
-0.04536
-0.04862
-0.0595
-0.04734
-0.0449
-0.04648
-0.03426
-0.0262
-0.0295
-0.02758
-0.03498
-0.0406
-0.04862
-0.06276
-0.05996
-0.05904
-0.06046
-0.07462
-0.05442
-0.05488
-0.05096
-0.04508
-0.02524
-0.0303
-0.02886
-0.03166
-0.0185
-0.01368
-0.02762
-0.00968
-0.01646
-0.0134
-0.02148
-0.01826
-0.02974
-0.03038
-0.03774
-0.0426
-0.02906
-0.04646
-0.0503
-0.0484
-0.05042
-0.05142
-0.05658
-0.03944
-0.03822
-0.03756
-0.0405
-0.03478
-0.0244
-0.02818
-0.04336
-0.04834
-0.05934
-0.0604
-0.0688
-0.07708
-0.07248
-0.06786
-0.06478
-0.06584
-0.05086
-0.04456
-0.05404
-0.05226
-0.0428
-0.03034
-0.03046
-0.03814
-0.05536
-0.04752
-0.05608
-0.06146
-0.06582
-0.06064
-0.0722
-0.06608
-0.06154
-0.05426
-0.05556
-0.06702
-0.05326
-0.05504
-0.05156
-0.0549
-0.04068
-0.03434
-0.04476
-0.04678
-0.05782
-0.03338
-0.0405
-0.04638
-0.04682
-0.03422
-0.05886
-0.05836
-0.04864
-0.04518
-0.03738
-0.03536
-0.02882
-0.0314
-0.0328
-0.04272
-0.05288
-0.05234
-0.0296
-0.03446
-0.0223
-0.0225
-0.0284
-0.03678
-0.03306
-0.03442
-0.0432
-0.05538
-0.05708
-0.04704
-0.03324
-0.03576
-0.03084
-0.03488
-0.02404
-0.02738
-0.02078
-0.01712
-0.00826
-0.01486
-0.02222
-0.0206
-0.02136
-0.02076
-0.02578
-0.02748
-0.01106
-0.01334
-0.03106
-0.05196
-0.04966
-0.04492
-0.0447
-0.03794
-0.0516
-0.05142
-0.05468
-0.05612
-0.05264
-0.06034
-0.06
-0.05248
-0.0438
-0.01802
0.00024
-0.0184
-0.03776
-0.04532
-0.0342
-0.0218
-0.02206
-0.04576
-0.05066
-0.0609
-0.05406
-0.05516
-0.05202
-0.0541
-0.04364
-0.04736
-0.05274
-0.0529
-0.05968
-0.07196
-0.07348
-0.06266
-0.06682
-0.07002
-0.07758
-0.07432
-0.04784
-0.05984
-0.06428
-0.0523
-0.03908
-0.0342
-0.03972
-0.04692
-0.03708
-0.037
-0.0422
-0.04234
-0.04402
-0.04792
-0.04324
-0.0469
-0.03842
-0.02944
-0.02896
-0.03988
-0.03356
-0.02778
-0.0269
-0.03664
-0.01534
-0.0154
-0.01128
-0.02518
-0.02896
-0.04338
-0.04536
-0.0385
-0.05398
-0.03538
-0.02842
-0.03764
-0.04666
-0.03822
-0.05382
-0.05266
-0.04624
-0.05216
-0.05402
-0.0343
-0.03356
-0.02034
-0.0326
-0.03964
-0.05756
-0.0626
-0.0718
-0.06772
-0.06008
-0.04276
-0.05064
-0.05112
-0.04504
-0.04932
-0.05846
-0.06002
-0.05924
-0.06492
-0.05864
-0.04012
-0.04474
-0.027
-0.02648
-0.02598
-0.02892
-0.03374
-0.03972
-0.02018
-0.03312
-0.04644
-0.04446
-0.03658
-0.0273
-0.02768
-0.03538
-0.02656
-0.03828
-0.04852
-0.0283
-0.02568
-0.03236
-0.03362
-0.03946
-0.0353
-0.02756
-0.0404
-0.03472
-0.04336
-0.05042
-0.05168
-0.05936
-0.0685
-0.06502
-0.0604
-0.0498
-0.0488
-0.05108
-0.0516
-0.04042
-0.04528
-0.04112
-0.0374
-0.03566
-0.025
-0.02744
-0.02874
-0.04544
-0.0483
-0.05626
-0.04424
-0.03946
-0.03258
-0.03158
-0.01588
-0.00986
-0.01712
-0.01466
-0.01742
-0.02194
-0.02076
-0.01386
-0.01394
-0.01838
-0.03294
-0.03342
-0.04368
-0.0611
-0.05164
-0.0494
-0.03444
-0.02722
-0.04428
-0.04548
-0.05424
-0.03516
-0.0295
-0.04344
-0.02992
-0.03332
-0.03518
-0.0478
-0.048
-0.06018
-0.03694
-0.03938
-0.04026
-0.02144
-0.02144
-0.02136
-0.03006
-0.03508
-0.0333
-0.0493
-0.0593
-0.06902
-0.07766
-0.0585
-0.04618
-0.04368
-0.03748
-0.04702
-0.04544
-0.03378
-0.03122
-0.04894
-0.04694
-0.03244
-0.03772
-0.03182
-0.0411
-0.03852
-0.04462
-0.0422
-0.04722
-0.05394
-0.04932
-0.06608
-0.06704
-0.06724
-0.07818
-0.0808
-0.07726
-0.07996
-0.07688
-0.06914
-0.06648
-0.05814
-0.06452
-0.0556
-0.0566
-0.05228
-0.0605
-0.05752
-0.06034
-0.064
-0.05358
-0.04766
-0.03484
-0.03908
-0.04298
-0.04508
-0.03812
-0.02502
-0.04676
-0.04478
-0.04542
-0.02596
-0.0244
-0.035
-0.02414
-0.03222
-0.02012
-0.02824
-0.03592
-0.04044
-0.04076
-0.03588
-0.04914
-0.05952
-0.05698
-0.05356
-0.05486
-0.05638
-0.06124
-0.05734
-0.0502
-0.0379
-0.02568
-0.01862
-0.02906
-0.03534
-0.01582
-0.01196
-0.01054
-0.02208
-0.0206
-0.02138
-0.01818
-0.02744
-0.03184
-0.02964
-0.03258
-0.03624
-0.03612
-0.04008
-0.02948
-0.01252
-0.01296
-0.01912
-0.01738
-0.00164
-0.00554
-0.00818
-0.00282
0.00054
-0.02984
-0.03064
-0.02756
-0.01854
-0.0224
-0.03064
-0.01764
-0.02872
-0.02866
-0.01604
-0.02082
-0.03296
-0.0333
-0.01968
-0.03176
-0.0242
-0.02462
-0.0307
-0.03164
-0.0236
-0.02936
-0.0332
-0.04692
-0.04048
-0.03596
-0.04544
-0.03706
-0.02478
-0.02902
-0.0448
-0.05876
-0.0514
-0.06116
-0.05868
-0.0473
-0.0381
-0.0412
-0.05078
-0.05266
-0.04726
-0.05178
-0.04862
-0.04918
-0.04294
-0.02876
-0.02182
-0.01314
-0.01716
-0.01668
-0.0188
0.00788
0.0146
-0.00358
-0.01544
-0.0121
-0.0136
-0.02202
-0.0259
-0.03766
-0.03314
-0.03336
-0.03996
-0.04094
-0.0371
-0.03932
-0.03804
-0.03682
-0.02858
-0.01034
-0.00462
-0.00838
-0.02522
-0.03412
-0.04086
-0.03042
-0.03112
-0.03658
-0.0375
-0.0344
-0.04692
-0.0436
-0.03366
-0.03074
-0.03938
-0.04412
-0.04912
-0.06576
-0.04744
-0.06576
-0.0576
-0.05912
-0.05216
-0.0484
-0.05826
-0.0533
-0.04846
-0.039
-0.02542
-0.03212
-0.03962
-0.02642
-0.0228
-0.02242
-0.04572
-0.0282
-0.02364
-0.03392
-0.044
-0.04262
-0.02706
-0.02116
-0.0245
-0.0133
-0.03352
-0.0243
-0.02492
-0.02304
-0.02826
-0.02592
-0.04198
-0.03744
-0.04298
-0.04036
-0.04166
-0.0546
-0.05342
-0.06116
-0.0577
-0.05756
-0.0567
-0.04256
-0.04318
-0.0422
-0.02986
-0.03394
-0.03168
-0.04314
-0.04138
-0.05312
-0.04952
-0.03336
-0.03516
-0.02914
-0.02706
-0.02694
-0.03614
-0.02772
-0.03174
-0.03174
-0.05954
-0.0552
-0.05286
-0.05656
-0.05298
-0.07138
-0.05944
-0.06698
-0.061
-0.05228
-0.06268
-0.071
-0.0705
-0.0467
-0.05292
-0.04558
-0.03696
-0.05904
-0.04272
-0.03422
-0.03536
-0.045
-0.05818
-0.06232
-0.06928
-0.06932
-0.06024
-0.06096
-0.06152
-0.05434
-0.04546
-0.03722
-0.03992
-0.0453
-0.05652
-0.06032
-0.06776
-0.05128
-0.04108
-0.04886
-0.05284
-0.05762
-0.0357
-0.041
-0.03772
-0.04924
-0.04842
-0.04926
-0.03648
-0.01724
-0.03418
-0.04098
-0.04588
-0.0359
-0.03738
-0.03346
-0.02776
-0.02704
-0.0224
-0.01522
-0.00344
-0.02504
-0.03376
-0.0285
-0.0382
-0.03606
-0.03072
-0.03842
-0.03964
-0.04324
-0.04792
-0.0476
-0.03972
-0.01838
-0.02676
-0.01736
-0.03114
-0.03036
-0.0279
-0.01462
-0.02736
-0.02104
-0.0291
-0.03978
-0.05672
-0.0586
-0.08994
-0.08348
-0.08836
-0.07922
-0.06464
-0.06166
-0.04316
-0.03542
-0.03878
-0.0489
-0.04466
-0.04162
-0.06212
-0.05854
-0.06158
-0.05768
-0.05016
-0.03938
-0.0473
-0.04012
-0.03396
-0.05142
-0.05596
-0.05388
-0.03924
-0.03756
-0.04398
-0.0494
-0.05602
-0.06716
-0.06602
-0.05664
-0.04516
-0.02814
-0.04358
-0.05364
-0.03794
-0.03634
-0.03406
-0.02298
-0.01898
-0.02922
-0.0322
-0.04274
-0.04826
-0.058
-0.04832
-0.05546
-0.06082
-0.05594
-0.06608
-0.0588
-0.05872
-0.0571
-0.04946
-0.04646
-0.0441
-0.0471
-0.03866
-0.03976
-0.05116
-0.07126
-0.05468
-0.06114
-0.0473
-0.05426
-0.04186
-0.03404
-0.04668
-0.05364
-0.0499
-0.03678
-0.03882
-0.041
-0.02876
-0.0247
-0.01618
-0.0225
-0.0352
-0.05044
-0.0374
-0.03632
-0.03778
-0.04228
-0.05282
-0.05424
-0.0582
-0.05502
-0.04804
-0.0434
-0.03696
-0.03468
-0.0524
-0.0578
-0.05582
-0.04908
-0.03894
-0.04794
-0.0429
-0.04942
-0.06028
-0.07308
-0.06158
-0.06568
-0.0759
-0.08254
-0.07964
-0.07186
-0.05884
-0.04838
-0.03336
-0.03468
-0.03366
-0.03264
-0.0385
-0.03928
-0.04784
-0.04132
-0.0429
-0.04296
-0.0425
-0.04072
-0.06444
-0.07106
-0.07978
-0.05972
-0.06006
-0.07718
-0.07582
-0.07354
-0.0639
-0.04688
-0.04986
-0.03596
-0.04946
-0.04646
-0.04384
-0.04312
-0.04166
-0.03702
-0.02992
-0.03988
-0.05278
-0.05516
-0.04104
-0.04618
-0.04116
-0.06642
-0.05246
-0.04662
-0.03046
-0.02464
-0.0241
-0.02996
-0.02482
-0.00896
-0.01444
-0.03158
-0.03962
-0.03986
-0.04512
-0.05928
-0.04936
-0.03822
-0.03152
-0.04166
-0.03614
-0.05476
-0.0461
-0.03262
-0.02514
-0.04016
-0.0481
-0.04934
-0.05598
-0.05178
-0.04602
-0.04192
-0.04308
-0.01824
-0.0155
-0.01092
-0.02092
-0.01836
-0.00662
-0.01768
-0.0172
-0.0294
-0.02956
-0.0371
-0.04072
-0.0408
