0.0149
0.0156
0.01586
0.01288
0.00506
0.01526
0.0107
0.0241
0.02106
0.01064
0.00764
0.00682
0.02166
0.01478
0.02278
0.02122
0.01132
0.01574
0.02272
0.03118
0.02732
0.03726
0.01734
0.02382
0.02416
0.02912
0.0323
0.02236
0.01042
0.00866
0.02374
0.02956
0.03194
0.00894
0.00032
-0.0069
0.01632
0.01204
0.00656
0.00264
0.00686
0.01016
-0.00106
0.02394
0.0258
0.02358
0.02442
0.02568
0.01452
0.0188
0.01898
0.02688
0.01878
0.0255
0.02048
0.02834
0.03096
0.01336
0.0124
0.01546
0.02224
0.01572
0.01588
0.01526
0.01504
0.01686
0.0044
0.01754
0.01996
0.01646
0.01048
0.01818
0.02568
0.02122
0.0168
0.0328
0.01596
0.02454
0.025
0.02964
0.01846
0.02092
0.0328
0.0123
0.02178
0.01836
0.01594
0.01258
0.01502
0.01724
0.03576
0.02328
0.01396
0.01414
0.00772
0.0039
0.02362
0.0166
0.02134
0.02354
0.0094
0.0104
0.01626
0.00868
0.02716
0.01912
0.02302
0.02044
0.01776
0.01364
0.00762
0.01368
0.02462
0.03242
0.0265
0.02284
0.02664
0.04368
0.02906
0.02316
0.01758
0.01634
0.0115
0.01916
0.0173
0.00952
0.01988
0.02022
0.01252
0.02044
0.00876
0.0135
0.00704
0.01528
0.00598
0.00752
0.0251
0.02738
0.02652
0.0211
0.01672
0.01164
0.00722
0.0072
0.01346
0.00294
0.01596
0.01188
0.02306
0.03102
0.0295
0.01778
0.02954
0.0103
0.01488
0.02252
0.02106
0.02968
0.01672
0.01174
0.0067
0.01404
0.0153
0.01348
0.01776
0.00716
0.02392
0.01404
0.0043
0.01888
0.01172
0.0255
0.03138
0.02898
0.02352
0.01968
0.00698
0.01682
0.02256
0.01892
0.01756
0.005
0.01514
0.00522
0.0328
0.02652
0.03216
0.01814
0.01946
0.01652
0.00694
0.01252
0.00924
0.01816
0.01706
0.01196
0.02432
0.01284
0.0166
0.02356
0.0108
0.01002
0.01184
0.01828
0.00788
0.01412
0.01716
0.01798
0.03022
0.01348
0.017
0.00814
0.0193
0.01554
0.01004
0.01978
0.02896
0.01904
0.00818
0.00514
-0.0043
0.00738
0.02026
0.01512
0.02428
0.01304
0.0175
0.01198
0.01946
0.01068
0.01318
0.00656
0.00744
0.01662
0.01632
0.01676
0.01832
0.01826
0.01922
0.02358
0.02422
-0.00192
0.00518
0.01094
0.0087
0.01282
0.01766
0.01688
0.0134
0.00546
0.02822
0.0193
0.01652
0.02462
0.02038
0.01668
0.027
0.02824
0.0208
0.01286
0.01806
0.01104
0.02474
0.01294
0.01304
0.00398
0.01146
0.02154
0.0164
0.02054
0.02764
0.006
0.00748
0.007
0.0094
0.0198
0.0267
0.0226
0.02762
0.02242
0.01274
0.01758
0.02942
0.0117
0.00242
0.01738
0.02014
0.01274
0.0268
0.00824
0.0144
0.01012
0.01336
0.03008
0.02368
0.02532
0.0231
0.03202
0.0153
0.02282
0.01708
0.00996
0.01934
0.00998
0.0185
0.01912
0.0203
0.0086
0.01604
0.00764
0.00954
0.01342
0.00814
0.01692
0.01994
0.01998
0.02382
0.0158
0.0193
0.02378
-0.00216
0.01678
0.025
0.02564
0.01466
0.0285
0.02414
0.01528
0.02516
0.01744
0.00798
0.01052
0.01924
0.0169
0.01894
0.01854
0.02154
0.01346
0.01656
0.01212
0.01194
0.02552
0.02042
0.01566
0.02996
0.02194
0.01504
0.03328
0.02698
0.01864
0.01354
0.02282
0.018
0.00816
0.01512
0.02898
0.0362
0.02288
0.00302
0.0095
0.02016
0.01454
0.01156
0.02718
0.03792
0.02352
0.01692
0.0166
0.0226
0.0147
0.0145
0.02208
0.01404
0.01798
0.0119
0.02134
0.01366
0.01378
0.01778
0.028
0.00898
0.01942
0.01404
0.0208
0.02312
0.01908
0.01514
0.0111
0.02046
0.01976
0.02042
0.008
0.01824
0.02918
0.02052
0.01462
0.01018
0.01674
0.00866
0.00682
0.01396
0.0256
0.01928
0.0005
0.00348
0.00268
0.01286
0.01776
0.0067
0.01946
0.03396
0.01448
0.0138
0.0261
0.0113
0.01358
0.00902
0.0154
0.01782
0.0153
0.00714
0.01292
0.01204
0.01414
0.0221
0.01098
0.01384
0.01974
0.0086
0.01398
0.00786
0.00868
0.02526
0.01892
0.0258
0.02866
0.01978
0.01384
0.0127
0.02002
0.01766
0.01722
0.00076
0.00418
0.00946
0.004
0.01972
0.02798
0.00696
0.0398
0.03972
0.03358
0.01574
0.01232
0.0207
0.01958
0.01484
0.00684
0.00822
0.00818
0.01892
0.01868
0.00694
0.0205
0.01762
0.01742
0.02866
0.0192
0.02462
0.02328
0.02632
0.02106
0.01296
0.00924
0.01246
0.02048
0.02502
0.02032
0.0124
0.01774
0.02822
0.02346
0.02276
0.01932
0.01724
0.0246
0.01546
0.0179
0.02462
0.0176
0.01832
0.01606
0.02248
0.02054
0.02588
0.0324
0.03504
0.02486
0.02304
0.01462
0.02372
0.02998
0.01814
0.01238
0.01532
0.02926
0.02024
0.02036
0.02554
0.01686
0.0133
0.01258
0.00344
0.00694
0.00442
0.0052
0.0177
0.01678
0.01876
0.02448
0.03454
0.0183
0.0021
0.01422
0.01492
0.00486
0.00834
0.01996
0.01108
0.01266
0.00628
0.01494
0.00118
0.02548
0.01872
0.02612
0.02582
0.03212
0.02506
0.02126
0.017
0.01998
0.01098
0.00226
0.01258
0.01588
0.02712
0.01828
0.00768
0.01342
0.0201
0.01386
0.01822
0.02352
0.02678
0.03266
0.01836
0.0188
0.00892
0.01712
0.02138
0.02626
0.01904
0.01532
0.01078
0.01468
0.03218
0.02362
0.02992
0.02208
0.02058
0.0173
0.01734
0.0222
0.00892
0.0169
0.01956
0.00512
0.00336
0.01262
0.0152
0.00196
0.02162
0.0259
0.01072
0.01372
0.0103
0.0231
0.02828
0.02526
0.01862
0.01644
0.02
0.00536
0.01692
0.0138
0.01128
0.01224
0.03012
0.038
0.03242
0.01808
0.01746
0.01684
0.0232
0.01792
0.01818
0.01822
0.0158
0.00662
0.0051
0.01972
0.01892
0.02566
-0.00074
0.02126
0.0211
0.0209
0.02338
0.01904
0.01872
0.00886
0.01278
0.00268
0.01122
0.01934
0.02094
0.03016
0.0173
0.02924
0.0156
0.03586
0.02696
0.01134
0.0058
0.01122
0.01104
0.02596
0.02384
0.01786
0.00676
0.01542
0.00616
0.01218
0.01956
0.01212
0.02256
0.02696
0.0263
0.02492
0.02306
0.01848
0.00764
0.02328
0.01374
0.01176
0.01978
0.02092
0.01088
0.02004
0.01704
0.02358
0.00644
0.0061
-0.00038
0.01636
0.0219
0.01908
0.03294
0.0146
0.00636
0.01256
0.00838
0.0147
0.0209
0.01648
0.02996
0.03412
0.01982
0.00422
0.00596
0.01964
0.01448
0.0309
0.01696
0.02692
0.02232
0.0167
0.02924
-0.00164
0.00728
0.0214
0.02476
0.01402
0.0145
0.02376
0.00982
0.0229
0.01282
0.02098
0.01898
0.00822
0.01352
0.00088
0.01204
0.00172
-0.00086
0.01684
0.0221
0.022
0.02382
0.01576
0.01914
0.02562
0.01994
0.02228
0.03266
0.02702
0.02376
0.0185
0.00938
0.01772
0.01646
0.00872
0.0168
0.01832
0.02262
0.00552
0.02236
0.02016
0.01646
0.02188
0.02472
0.0223
0.01976
0.02496
0.01446
0.00104
0.0234
0.01776
0.0216
0.00928
0.02034
0.00586
0.00704
0.01196
0.00954
0.01308
0.01774
0.01668
0.01564
0.01632
0.0078
0.01202
0.01124
0.01062
0.01502
0.02302
0.02622
0.03
0.03076
0.0163
0.0217
0.00882
0.02576
0.00784
0.00596
0.01286
0.01062
0.0256
0.01198
0.01296
0.01152
0.0184
0.01496
0.02016
0.02422
0.0211
0.02398
0.02684
0.0002
0.01436
0.01594
0.01392
0.0173
0.01634
0.02518
0.01702
0.02264
0.0289
0.0326
0.01598
0.01196
0.01302
0.02672
0.02134
0.01488
0.02008
0.01898
0.01546
0.01518
0.01748
0.02236
0.01714
0.00862
0.00382
0.01662
0.02368
0.02086
0.01704
0.02182
0.0251
0.03722
0.0269
0.02038
0.02394
0.01046
0.0088
0.0163
0.01886
0.0185
0.00746
0.00826
0.007
0.01884
0.02346
0.01342
0.0134
0.02258
0.00612
0.01904
0.02056
0.00916
0.02152
0.01172
0.00918
0.0051
0.02332
0.02762
0.02698
0.01896
0.01252
0.0157
0.00952
0.01424
0.02124
0.01864
0.02762
0.01778
0.016
0.01826
0.03762
0.02064
0.02586
0.01734
0.02922
0.01954
0.01896
0.01426
0.0199
0.01102
0.01192
0.00972
0.0066
0.00922
0.02102
0.02312
0.00952
0.01642
0.02862
0.0108
0.00636
0.01184
0.01902
0.02824
0.00694
0.0149
0.01426
0.01718
0.0259
0.01922
0.00318
0.02222
0.01886
0.0304
0.0202
0.02288
0.02146
0.00986
0.00274
0.0154
0.02172
0.01714
0.02842
0.01278
0.02116
0.01274
0.0105
0.02578
0.022
0.02414
0.01366
0.0325
0.02512
0.02642
0.02088
0.01706
0.0311
0.01372
0.01156
0.00056
0.00116
0.00838
0.01536
0.02418
0.0201
0.01738
0.00512
0.00596
0.01498
0.01792
0.02708
0.02906
0.0319
0.01628
0.01632
0.02724
0.02258
0.00742
0.01856
0.01362
0.0048
0.0115
0.01168
0.01692
0.01698
0.00748
0.01366
0.01664
0.00294
0.01032
0.02166
0.02246
0.02426
0.00954
0.0107
0.02042
0.01462
0.02828
0.02106
0.0194
0.02302
0.02668
0.03156
0.03186
0.02264
0.03028
0.01178
0.03098
0.00784
0.00984
0.01658
0.02812
0.02652
0.02598
0.01758
0.00214
0.02538
0.0155
0.01064
0.02812
0.03214
0.0246
0.03226
0.02856
0.00796
0.0175
0.0125
0.018
0.01876
0.00592
0.02122
0.02848
0.01348
0.01166
0.0305
0.02728
0.02762
0.00524
0.02062
0.03188
0.0379
0.02782
0.00086
0.01952
0.0322
0.02848
0.02288
0.01438
0.01678
0.028
0.03714
0.02174
0.02718
0.03478
0.02602
0.02538
0.02982
0.023
0.02668
0.02346
0.01586
0.03182
0.01562
0.02844
0.0234
0.01692
0.0221
0.0195
0.0122
0.0134
0.00786
-0.00592
0.01678
0.02388
0.02386
0.02178
0.02188
0.027
0.02122
0.01854
0.02632
0.02392
0.02192
0.0183
0.01048
0.00988
0.01662
0.01552
0.01912
0.0245
0.0232
0.02042
0.02346
0.01826
0.0194
0.0116
0.0343
0.02804
0.02036
0.02568
0.02558
0.0214
0.01386
0.00868
0.02822
0.0094
0.01466
0.01724
0.01366
0.01332
0.01212
-0.00138
0.00034
0.0187
0.0034
0.01268
-0.00068
0.0108
0.02636
0.01828
0.01858
0.00362
0.01144
0.01294
0.0218
-8e-05
0.00256
0.01134
0.01976
0.01464
0.01406
0.01952
0.0213
0.02568
0.01292
0.01626
0.01822
0.01216
0.00358
0.0177
0.02024
0.01494
0.02242
0.0268
0.03764
0.02144
0.01916
0.0253
0.01014
0.01912
0.01282
0.00184
0.0109
0.02504
0.02928
0.0138
0.01486
0.0288
0.02098
0.01192
0.03016
0.01532
0.02578
0.02146
0.03146
0.01862
0.03462
0.01798
0.00798
0.01506
0.0058
0.00588
0.00802
0.0239
0.01572
0.02548
0.01204
0.0174
0.02268
0.00984
0.0121
0.01584
0.02448
0.0103
0.02586
0.01706
0.02624
0.02192
0.02774
0.01446
0.01968
0.0137
0.00882
0.01088
0.00688
0.01736
0.014
0.01044
0.01068
0.01472
0.01016
0.00692
0.01458
0.0136
0.02374
0.01302
0.00578
0.0162
0.00992
0.00222
0.01042
0.017
0.0156
0.01686
0.01542
0.02332
0.02392
0.01406
0.02262
0.01746
0.01144
0.0171
0.01904
0.02224
0.02064
0.01798
0.01184
0.02088
0.01786
0.01612
0.0235
0.0279
0.02248
0.0331
0.00912
0.01192
0.0234
0.0312
0.03444
0.02426
0.01744
0.00862
0.00952
0.02106
0.02036
0.00954
0.027
0.0206
0.03218
0.01254
0.01048
0.01842
0.01722
0.00946
0.00932
0.00212
0.02038
0.02634
0.02364
0.02452
0.0314
0.02982
0.01482
0.02064
0.01074
0.00752
0.00366
0.02044
0.02906
0.02138
0.01578
0.0249
0.0261
0.00484
0.01894
0.00112
0.01066
0.02202
0.02844
0.0295
0.00912
0.01278
0.01178
0.02304
0.01768
0.02874
0.01558
0.01572
0.0301
0.03054
0.01654
0.0112
0.01592
0.0105
0.0183
0.02626
0.02432
0.02338
0.0311
0.02012
0.02972
0.03436
0.03442
0.01654
0.02258
0.00712
0.0135
0.02462
0.01956
0.01718
0.0065
0.01358
0.01166
0.02026
0.03622
0.01376
0.02074
0.02028
0.0213
0.01448
0.02058
0.02814
0.00774
0.02062
0.02104
0.02186
0.02668
0.02702
0.01892
0.0284
0.01852
0.00972
0.01786
0.0133
0.01988
0.03414
0.0225
0.01436
0.00456
0.01878
0.00596
0.0042
0.02066
0.00844
-0.00224
0.00662
0.02584
0.03104
0.02424
0.0191
0.01636
0.0115
0.01194
0.02122
0.02456
0.01614
0.01262
0.0163
0.02272
0.01326
0.00616
0.01712
0.02734
0.00406
0.01988
0.00762
0.00614
0.00802
0.01588
0.02648
0.02328
0.01632
0.01986
0.0113
0.01122
0.01636
0.0105
0.0118
0.02412
0.01344
0.00428
-0.0034
-0.00214
0.02
0.02764
0.01328
0.01994
0.01836
0.02334
0.0173
0.01382
0.01988
0.01392
0.01744
0.01548
0.01116
0.01832
0.00298
0.01648
0.0189
0.02202
0.0294
0.01244
0.01696
0.02554
0.02328
0.00948
0.01486
0.00968
0.03078
0.01138
0.00842
0.01776
0.02444
0.0283
0.00432
0.02
0.02996
0.01992
0.0196
0.02746
0.01996
0.0101
0.0118
0.00708
0.0191
0.00378
0.02232
0.02792
0.01034
0.01164
0.01746
0.0149
0.00672
0.01938
0.0336
0.02314
0.03156
0.0132
0.02734
0.02646
0.0189
0.01318
0.02604
0.02264
0.01634
0.02724
0.01928
0.00444
0.00966
0.0143
0.0227
0.0078
0.01194
0.0273
0.01114
0.0335
0.01934
0.01254
0.0163
0.01348
0.0062
0.01108
0.01206
0.0106
0.01928
0.02168
0.02232
0.01762
0.03066
0.02012
0.02312
0.0154
0.01898
0.02426
0.0084
0.0265
0.01104
0.01246
0.03332
0.02422
0.01484
0.00894
0.00964
0.00964
0.0248
0.01244
0.0163
0.0111
0.01432
0.00848
0.02366
0.02508
0.01178
0.00032
0.00106
0.01414
0.00978
0.0156
0.01666
0.00946
0.011
0.01742
0.00814
0.01006
0.02702
0.02594
0.00426
0.00794
0.00786
-0.0007
0.00298
0.04004
0.04084
0.02132
0.00482
0.01656
0.01962
0.0186
0.02464
0.00986
0.00174
0.02798
0.03888
0.03032
0.01096
0.01338
0.01304
0.01292
0.01696
0.0106
0.02064
0.0234
0.01652
0.00898
0.01534
0.01222
0.01582
0.02128
0.02612
0.01574
0.01696
0.007
0.01366
0.01842
0.02342
0.01734
0.0179
0.012
0.02078
0.02752
0.01722
0.02504
0.00556
0.01954
0.01148
0.02036
0.01644
0.01944
0.01956
0.01234
0.02794
0.01318
0.02442
0.0374
0.02272
0.0191
0.02094
0.01574
0.02376
0.01718
0.0257
0.02554
0.02458
0.02242
0.01438
0.02854
0.0202
0.01822
0.0227
0.00824
0.01284
0.00916
0.00224
0.01446
0.00988
0.01912
0.01678
0.01336
0.01298
0.01158
0.00878
0.01964
0.0105
0.02636
0.0281
0.03952
0.03468
0.01808
0.01582
0.01722
0.0192
0.03458
0.01864
0.01134
0.02248
0.01482
0.02176
0.0184
0.01932
0.01278
0.01778
0.01828
0.02658
0.0263
0.01898
0.02854
0.02642
0.02636
0.0195
0.01882
0.0092
0.01482
0.02326
0.0301
0.01296
0.00668
0.00526
0.00884
0.00706
0.0175
0.0163
0.00932
0.00972
0.01044
0.01396
0.0187
0.00992
0.02436
0.01438
0.01572
0.01942
0.0077
0.02122
0.01136
0.01834
0.02792
0.01658
0.0253
0.0249
0.01796
0.02986
0.03116
0.0126
0.02124
0.02128
0.01258
0.01486
0.01376
0.01584
0.01596
0.01112
0.023
0.01382
0.01962
0.02526
0.01416
0.0148
0.00754
0.00838
0.018
0.01654
0.01182
0.0117
0.01596
0.01152
0.02348
0.01616
0.01258
-0.0002
0.0216
0.0223
0.01606
0.01918
0.0232
0.01978
0.01764
0.0283
0.02262
0.0209
0.01236
0.00962
0.01756
0.02866
0.02676
0.02306
0.00216
0.00832
0.00702
0.0127
0.0206
0.02594
0.02472
0.02932
0.01668
0.02728
0.02116
0.01792
0.01958
0.02142
0.0271
0.01084
0.02412
0.0163
0.02076
0.01364
0.00674
0.01672
0.0213
0.0306
0.0136
0.01238
0.01838
0.00196
0.00012
-0.00022
0.0184
0.01764
0.02496
0.038
0.02022
0.01618
0.02532
0.02062
0.01354
0.0054
0.01012
0.00962
0.00732
0.01994
-6e-05
0.00838
0.01628
0.00522
-0.00054
0.02908
0.01674
0.02092
0.02184
0.01668
0.02284
0.009
0.01402
0.00472
0.0151
0.01532
0.02112
0.02588
0.04072
0.02912
0.02704
0.01694
0.0031
0.00978
0.02632
0.01812
0.03302
0.014
0.02736
0.00574
0.02554
0.02006
0.01824
0.02328
0.0179
0.01956
0.0248
0.01352
0.00838
0.0151
0.00722
0.00872
0.01886
0.01662
0.01436
0.02002
0.01308
0.01134
0.00302
0.01986
0.00514
0.01172
0.02126
0.00776
0.02768
0.02526
0.01438
0.01804
0.01834
0.00932
0.0045
0.02466
0.01358
0.0139
0.01596
0.02146
0.01894
0.02344
0.03478
0.0337
0.0189
0.027
0.03092
0.03436
0.01772
0.02446
0.0235
0.01602
0.0239
0.01542
0.01594
0.02288
0.03142
0.02516
0.00446
0.02116
0.02762
0.01112
0.00982
0.0198
0.02534
0.02768
0.01954
0.00674
0.00458
0.0081
0.00864
0.0085
0.00184
0.01374
0.01942
0.02104
0.03318
0.0248
0.01142
0.0076
0.0166
0.02528
0.01002
0.00762
0.02258
0.02602
0.02392
0.02222
0.0012
0.0077
0.01624
0.00352
0.01522
0.02984
0.02428
0.03238
0.02104
0.02078
0.02484
0.01404
0.01874
0.01068
0.01736
0.02148
0.0255
0.01428
0.01028
0.00508
0.02014
-0.00142
0.00938
0.01216
0.02434
0.01764
0.01098
0.02704
0.02494
0.02468
0.01648
0.0056
0.01782
0.0081
0.0107
0.01598
0.00968
0.00492
0.00982
0.00832
0.00772
0.01032
0.0025
0.01746
0.01668
0.0024
0.01496
0.0295
0.0124
0.02078
0.01228
0.01606
0.01694
0.01978
0.01476
0.00696
0.01728
0.02708
0.00354
0.00762
0.0261
0.0256
0.02916
0.01786
0.02308
0.03008
0.02528
0.01288
0.0117
0.02486
0.02108
0.017
0.01614
0.00908
0.0082
0.0118
0.0086
0.0158
0.0211
0.03478
0.00764
0.00348
0.01024
0.0076
0.03396
0.02578
0.01872
0.02208
0.0251
0.01372
0.01744
0.02368
0.0197
0.0201
0.02746
0.01842
0.01352
0.0205
0.02336
0.02908
0.01304
0.03016
0.03086
0.01122
0.01098
0.00222
0.01368
0.02714
0.03638
0.02046
0.02912
0.02306
0.02252
0.02076
0.01338
0.01066
0.01712
0.01922
0.02036
0.02012
0.00876
0.01788
0.03362
0.01922
0.00444
0.01552
0.01706
0.02558
0.00774
0.022
0.02958
0.01652
0.01092
0.0186
0.0142
0.00096
0.01078
0.01254
0.01976
0.01916
0.01074
0.0257
0.02688
0.00646
0.00722
0.0125
0.0182
0.01334
0.0168
0.0128
0.0333
0.02366
0.01676
-0.00112
0.00498
0.01706
0.02282
0.01664
0.02106
0.02054
0.02602
0.03026
0.01424
0.01524
0.00962
0.0115
0.01244
0.03168
0.02698
0.00806
0.01614
0.02664
0.02334
0.01282
0.01468
0.01606
0.02668
0.0241
0.01912
0.02798
0.01972
0.02618
0.01574
0.01872
0.01564
0.00898
0.01198
0.01512
0.02264
0.02138
0.01156
0.02804
0.01708
0.02136
0.01256
0.00784
0.01554
0.0161
0.0284
0.02442
0.01746
0.0195
0.011
0.02474
0.0072
0.02676
0.02358
0.0239
0.03026
0.01936
0.0319
0.01718
0.01998
0.02862
0.03276
0.0277
0.00818
0.00956
0.01594
0.01014
0.01514
0.00976
0.0161
0.01482
0.01212
0.02516
0.01824
0.01216
0.01338
0.03212
0.02716
0.03052
0.02318
0.03158
0.02556
0.0136
0.00864
0.02198
0.01318
0.02596
0.02414
0.01544
0.00088
0.01426
0.02222
0.02226
0.00852
0.02296
0.0095
0.01274
0.00258
0.02152
0.00816
0.01482
0.01084
0.02566
0.01886
0.01004
0.01526
0.01926
0.01498
0.00854
0.00942
0.0203
0.01176
0.01734
0.0206
0.01152
0.0343
0.02768
0.02322
0.02342
0.0158
-0.0051
0.00962
0.02144
0.01794
0.01766
0.01656
0.02118
0.03218
0.02204
0.02308
0.02088
0.02134
0.01948
0.02856
0.0142
0.02124
0.02472
0.03132
0.0249
0.0195
0.00586
0.02496
0.02062
0.01162
0.03662
0.0283
0.00892
0.00676
0.01876
0.01018
0.00992
0.0187
0.01252
0.00804
-0.00086
0.01786
0.00606
0.00928
0.01676
0.0185
0.00562
0.02056
0.00666
0.00998
0.0146
0.02214
0.01778
0.01178
0.0156
0.02418
0.00876
0.02248
0.03444
0.0286
0.01286
0.01632
0.00966
0.01256
0.02278
0.00654
0.0064
0.0132
0.00232
0.00792
0.02026
0.01574
0.009
0.02408
0.01804
0.01106
0.01696
0.01832
0.03376
0.02302
0.02208
0.02498
0.01856
0.0244
0.02458
0.01324
0.01966
0.02706
0.01498
0.00544
0.01692
0.02838
0.02538
0.00804
0.01238
0.01978
0.03112
0.0344
0.02428
0.02642
0.03078
0.01616
0.00456
0.0106
0.01284
0.02508
0.00968
0.01648
0.02022
0.02086
0.01254
0.02198
0.01688
0.01476
0.0294
0.01772
0.03206
0.02954
0.02828
0.01062
0.01836
0.00334
0.01212
0.00454
0.0138
0.04002
0.02222
0.01772
0.01988
0.0123
0.00966
0.01214
0.02066
0.00738
0.01278
0.01646
0.00912
0.00738
0.02716
0.02426
0.0139
0.00408
0.01326
-0.0034
0.01768
0.00962
0.02302
0.00916
-0.00576
0.01516
0.01976
0.02608
0.02566
0.01598
0.00038
0.0094
0.02118
0.02338
0.01178
0.01698
0.01464
0.01638
0.01452
0.01674
0.01246
0.00428
0.01816
0.01772
0.0186
0.0168
0.01672
-0.00432
0.01194
0.03278
0.02382
0.02424
0.00664
0.01908
0.01678
0.01844
0.0124
0.00708
0.01006
0.0121
0.01654
0.01576
0.02902
0.04112
0.02268
0.02972
0.02524
0.01664
0.00912
0.01362
0.00658
0.01404
0.00938
0.02976
0.03346
0.0181
0.01644
0.00678
0.01998
0.01312
0.02042
0.03138
0.027
0.02594
0.0138
0.01778
0.01032
0.02836
0.02128
0.00296
0.00482
0.01816
0.02354
0.01972
0.02506
0.02196
0.01464
0.0295
0.01832
0.02
0.0188
0.01512
0.00982
0.01852
0.01322
0.01382
0.02446
0.01562
0.0197
0.01816
0.01168
0.00416
0.01226
-0.00552
0.01892
0.01206
0.0209
0.0005
0.00834
0.01848
0.01572
0.01464
0.00962
0.0275
0.01778
0.01168
0.0246
0.02702
0.02412
0.03026
0.01106
0.00946
0.01028
0.02206
0.02296
0.01478
0.01022
0.01822
0.01832
0.02178
0.01526
0.01254
0.0228
0.0171
0.01436
0.01314
0.00902
0.02304
0.01546
0.0028
0.00138
-0.00726
0.0105
0.01442
0.0181
0.0264
0.03992
0.0345
0.0218
0.00688
0.01464
0.01634
0.02074
0.00822
0.02466
0.0291
0.02662
0.01262
0.02062
0.00658
0.03334
0.0148
0.00868
0.00652
0.00914
0.02548
0.00986
0.01164
0.02026
0.01568
0.01404
0.02466
0.01836
0.01894
0.01028
0.00982
0.03384
0.02394
0.00692
0.02822
0.02184
0.02126
0.0323
0.02278
0.0172
0.0267
0.02542
0.0179
0.0304
0.01886
0.01502
0.025
0.0226
0.03074
0.01622
0.01598
0.02332
0.03128
0.01048
0.0192
0.01166
0.01896
0.01922
0.01704
0.01604
0.01818
0.02506
0.0352
0.0187
0.00962
0.02542
0.0265
0.02708
0.02174
0.02354
0.02332
0.02
0.01256
0.01524
0.01652
0.01716
0.03048
0.02712
0.02072
0.01808
0.01658
0.00942
0.02342
0.03062
0.02388
0.01858
0.01914
0.0256
0.0048
-0.00074
-0.00172
0.01914
0.0191
0.0164
0.01774
0.02902
0.02842
0.01696
0.02112
0.00444
0.00758
0.01484
0.02128
0.02338
0.02622
0.03546
0.03024
0.03252
0.02198
0.02402
0.0114
0.02692
0.02272
0.01212
0.01016
-0.00204
0.00668
0.01492
0.0123
0.02122
0.0196
0.02302
0.01408
0.01422
0.01808
0.01578
0.01652
0.01104
0.02274
0.01326
0.00938
0.0162
0.02268
0.01358
0.00922
0.01294
0.01478
0.02554
0.00654
0.0031
0.00936
0.0119
0.00538
0.02318
0.0083
0.01368
0.02966
0.01962
0.01184
0.02174
0.01062
0.01466
0.00846
0.01078
0.01494
0.00656
0.01426
0.02458
0.00188
0.01884
0.02248
0.01872
0.02084
0.02782
0.00948
0.01552
0.02676
0.01258
0.0198
0.01578
0.0044
0.00248
0.01778
0.02076
0.01272
0.0223
0.01712
0.01962
0.01706
0.0175
0.01812
0.03294
0.02914
0.01454
0.02968
0.02184
0.03182
0.01116
0.01928
0.02534
0.01846
0.00602
0.01636
0.00936
0.03208
0.03308
0.02642
0.0235
0.02174
0.01614
0.01748
0.01906
0.01908
0.022
0.03146
0.01672
0.00538
0.0147
0.0056
0.00768
0.01352
0.0098
0.0187
0.02126
0.01368
0.01382
0.01326
0.0058
0.01598
0.0168
0.02116
0.02068
0.02504
0.03358
0.0213
0.02168
0.0339
0.02816
0.02708
0.02988
0.02188
0.02796
0.0238
0.01452
0.02204
0.01162
0.02072
0.01612
0.03026
0.02652
0.02958
0.02652
0.02728
0.03012
0.01452
0.01408
0.01822
0.02038
0.0164
0.00872
0.00182
0.01108
0.02444
0.01258
0.02816
0.02082
0.02716
0.03282
0.01136
0.01826
0.0276
0.02462
0.00302
0.02246
0.02726
0.03434
0.02352
0.01764
0.01468
0.02134
0.00702
0.01826
0.02444
0.03622
0.01402
0.02554
0.01072
0.01768
-0.00624
0.01018
0.01618
0.0096
0.01642
0.01972
0.03032
0.00428
0.01696
0.00658
0.00364
0.00408
0.0228
0.02186
0.00422
0.03062
0.03166
0.02442
0.01598
0.01588
0.02426
0.03084
0.01934
0.02648
0.0199
0.02118
0.01696
0.0178
0.01188
0.02854
0.03046
0.01998
0.02162
0.012
0.02132
0.00894
0.00364
0.01544
0.00894
0.01864
0.02558
0.00608
0.01002
0.01292
0.01554
0.003
-0.00066
0.0117
0.0071
0.01646
0.01256
0.01468
0.02344
0.029
0.0042
0.01386
0.00906
0.02264
0.02066
0.01342
0.02542
0.01528
0.01164
0.01732
0.00722
0.01702
0.01276
0.01986
0.02268
0.01916
0.02056
0.00686
0.01756
0.01574
0.01738
0.0151
0.02456
0.02904
0.0288
0.02474
0.02726
0.03034
0.0422
0.03628
0.02892
0.03286
0.02328
0.02278
0.02186
0.0173
0.01988
0.02194
0.01552
0.01314
0.02814
0.02758
0.01946
0.0144
0.01742
0.0152
0.02586
0.0279
0.03152
0.03374
0.01982
0.01022
0.01314
0.01014
0.01596
0.01126
0.01792
0.01268
0.01126
0.01252
0.0156
0.01748
0.01266
0.02024
0.02148
0.0145
0.03908
0.01884
0.02612
0.02536
0.01802
0.01268
0.00884
0.00226
0.0065
0.00592
-0.00062
0.01038
0.01416
0.02934
0.04326
0.02826
0.01658
0.01892
0.022
0.01506
0.02308
0.01068
0.02124
0.01038
0.02422
0.01352
0.0098
0.00846
0.01774
0.01794
0.01316
0.01384
0.01934
0.02522
0.02314
0.0293
0.03962
0.02738
0.0267
0.01714
0.01692
0.02
0.0178
0.0248
0.03158
0.00386
0.02792
0.01528
0.02056
0.0264
0.01914
0.01538
0.01576
0.01766
0.0133
0.01858
0.01462
0.02098
0.01904
0.01094
0.0154
0.01092
0.00996
0.01562
0.021
0.01706
0.0354
0.03532
0.00498
0.00752
0.0134
0.017
0.01064
0.0151
0.0144
0.00016
0.01892
0.03194
0.01954
0.01954
0.02146
0.02028
0.02398
0.01308
0.00802
0.02836
0.02854
0.01624
0.026
0.0169
0.01044
0.01844
0.01718
0.0104
0.01584
0.01898
0.0166
0.01498
0.01884
0.0289
0.01782
0.02878
0.02422
0.01892
0.01964
0.01212
0.0129
0.0053
0.00844
0.02166
0.01422
0.0209
0.02378
0.02402
0.02174
0.0251
0.01506
0.00596
0.00828
0.0134
0.02898
0.02892
0.01638
0.01678
0.02364
0.014
0.01394
0.01286
0.00058
0.01532
0.0111
0.01606
0.02524
0.02118
0.01654
0.01734
0.00768
0.01816
0.01484
0.01756
0.00416
0.02092
0.02528
0.02766
0.03078
0.02416
0.02562
0.01992
0.01428
0.00958
0.00988
0.01564
0.0049
0.00988
0.01164
0.01432
0.00974
0.01818
0.02744
0.02182
0.03338
0.02792
0.01718
0.0243
0.01518
0.01358
0.03046
0.01268
0.01886
0.01044
0.01918
0.02316
0.01582
0.01948
0.03298
0.0212
0.02112
0.0314
0.00976
0.01316
0.0149
0.01492
0.01778
0.01252
0.00096
0.00128
0.0071
0.01962
0.03046
0.02
0.01284
0.01522
0.0208
0.01972
0.03156
0.03326
0.0319
0.02566
0.02428
0.00316
0.01278
0.01024
0.03264
0.01912
0.01784
0.01226
0.0124
0.01874
0.02922
0.02424
0.01866
0.0159
0.02556
0.01946
0.01442
0.0254
0.03432
0.02326
0.02282
0.03292
0.0247
0.01574
0.02436
0.01
0.0159
0.02072
0.01262
0.01892
0.01292
0.01418
0.01898
0.02182
-0.00044
0.01804
0.01962
0.01454
0.02186
0.0267
0.03056
0.0121
0.02744
0.02068
0.01966
0.00486
0.01958
0.01882
0.00354
0.01222
0.01826
0.0232
0.01504
0.01526
0.01002
0.00384
0.01284
0.00406
0.00932
0.00224
0.01926
0.01544
0.01578
0.02126
0.01776
0.0291
0.01106
0.01284
0.0113
0.01696
0.0175
0.01346
0.01686
0.02356
0.0179
0.0107
0.01854
0.01872
0.01936
0.0092
0.02682
0.02592
0.01536
0.02608
0.03378
0.0228
0.01692
0.01776
0.0229
0.0138
0.0076
0.01014
0.00268
0.01124
0.0084
0.01434
0.02362
0.02566
0.01226
0.03332
0.0258
0.0326
0.00764
0.00788
0.0008
0.01898
0.01984
0.02684
0.01552
0.02142
0.01958
0.0224
0.02788
0.02386
0.01044
0.01356
0.008
0.01362
0.0263
0.0136
0.00596
0.02538
0.0285
0.0225
0.0221
0.02434
0.01502
0.02102
0.03006
0.00866
0.00554
0.00994
0.01594
0.02824
0.01062
0.02072
0.02738
0.0237
0.0234
0.02206
0.02836
-0.00514
0.00804
0.01614
0.0238
0.02136
0.00796
0.01648
0.01828
0.02272
0.00506
0.03052
0.02828
0.02458
0.02
0.01664
0.0061
0.02128
0.00594
0.0118
0.02472
0.0058
0.02128
0.02268
0.02108
0.02354
0.02096
0.01808
0.01632
0.02244
0.02266
0.02546
0.0269
0.00994
0.01676
0.02188
0.0339
0.01458
0.012
0.02464
0.03422
0.0239
0.02174
0.02572
0.0073
0.01944
0.0104
0.01202
0.01846
0.00872
0.00378
0.01478
0.01814
0.01982
0.0131
0.0159
0.00928
0.01382
0.01968
0.03278
0.03042
0.02638
0.02112
0.0172
0.01862
0.01168
0.01448
0.01154
0.0127
0.0063
0.0149
0.01882
0.01444
0.02024
0.01898
0.01792
0.0099
0.01744
0.00218
0.01994
0.01516
0.00688
0.00982
0.01192
0.01372
0.02242
0.00772
0.02162
0.00584
0.01146
0.0129
0.0139
0.01236
0.0073
0.01916
0.0134
0.0061
0.00426
0.01352
0.01746
0.03108
0.01964
0.02102
0.02128
0.0223
0.01548
0.0142
0.03204
0.0329
0.01398
0.0193
0.02788
0.0209
0.02102
0.01776
0.01702
0.0173
0.01064
-0.00474
0.004
0.01356
0.02196
0.02132
0.03906
0.0194
0.01526
0.01908
0.01044
0.00968
0.01644
0.02072
0.00808
0.0228
0.0296
0.02146
0.0213
0.02736
0.02332
0.02044
0.01296
0.01468
0.02806
0.02316
0.01714
0.02402
0.0333
0.02538
0.01694
0.02246
0.0195
0.01184
0.02402
0.02696
0.02226
0.00622
0.00888
0.02018
0.0271
0.01856
0.01754
0.00112
0.00862
0.00588
0.00898
0.01836
0.01884
0.0218
0.01796
0.01728
0.0178
0.01464
0.01804
0.01488
0.0211
0.01236
0.02434
0.03178
0.01602
0.00984
0.02352
0.02058
0.00984
-0.00308
-0.00084
0.00494
0.00812
0.0177
0.02158
0.01476
0.01636
0.03356
0.01746
0.02758
0.01788
0.02716
0.00756
0.0029
0.02982
0.0237
0.0146
0.0026
0.00428
0.0032
-0.00436
0.0124
0.0096
0.00576
0.02044
0.01192
0.01684
0.01716
0.02066
0.01026
0.02934
0.02302
0.02006
0.02
0.02644
0.01376
0.02062
0.01264
0.01906
0.0124
0.01994
0.015
0.00738
0.02246
0.01694
0.00144
0.00946
0.02662
0.01542
0.01416
0.00606
0.0022
0.01054
0.01756
0.0191
0.03368
0.00798
0.01664
0.00056
0.00816
0.01042
0.0166
0.01978
0.0136
0.01728
0.02058
0.00884
0.0075
0.02798
0.03276
0.02954
0.0255
0.01782
0.02062
0.0167
0.02572
0.03046
0.01706
-0.0042
0.02544
0.0234
0.01596
0.01506
0.0131
0.0052
0.01814
0.01882
0.02576
0.02106
0.02618
0.02554
0.01656
0.01364
0.01192
0.01366
0.01324
0.02954
0.02278
0.01406
0.01634
0.0317
0.02334
-0.00258
0.01242
0.02148
0.01506
0.01656
0.01912
0.02202
0.02144
0.0085
0.01472
0.0301
0.0248
0.0199
0.01206
0.02496
0.01288
0.00654
0.01902
0.00702
0.01792
0.0089
0.00666
-0.0049
0.00552
0.01368
0.01956
0.01456
0.01556
0.00316
0.01862
0.0241
0.0227
0.02236
0.03846
0.0312
0.01754
0.02068
0.0296
0.0158
0.0257
0.0141
0.00818
0.0207
0.01616
0.01656
0.0119
0.00448
0.01638
0.01458
0.01234
0.02638
0.01564
0.00608
0.01812
0.02526
0.0228
0.0178
0.01106
0.0091
0.01804
0.0311
0.02256
0.01556
0.03464
0.00946
0.00552
0.0156
0.02236
0.011
0.01496
0.01426
0.01136
0.00636
0.00456
0.01968
0.01934
0.02282
0.02276
0.01958
0.01714
0.01286
0.01296
0.0166
0.01782
0.02242
0.02868
0.02658
0.01922
0.01126
0.01964
0.02874
0.0176
0.00026
0.02
0.01834
0.01896
0.01758
0.01926
0.00778
-0.00114
0.00278
0.01374
0.01216
0.02686
0.02432
0.00446
0.01814
0.01352
0.0162
0.0302
0.0111
0.00356
0.00376
0.0275
0.02932
0.02394
0.02448
0.01322
0.01146
0.00922
0.00716
0.01642
0.01588
0.02572
0.02288
0.03146
0.03374
0.0319
0.01498
0.02294
0.02288
0.02784
0.02382
0.0132
0.01674
0.01974
0.02038
0.0196
0.01572
0.02168
0.01398
0.01372
0.01004
0.01572
0.01786
0.02024
0.01118
0.01838
0.00918
0.00398
0.01014
0.01108
0.0184
0.01456
0.0061
0.02572
0.00676
0.00902
0.0056
0.01954
0.01988
0.03188
0.02366
0.00274
0.01494
0.01138
0.0135
0.00826
0.00048
0.00886
0.00586
-0.0013
0.01958
0.01754
0.0212
0.02106
0.016
0.0176
0.01184
0.01112
0.0158
0.0055
0.01596
0.01454
0.024
0.0261
0.01092
0.01114
0.007
0.02546
0.02266
0.01388
0.01858
0.02248
0.01862
0.0196
0.01602
0.02202
0.01646
0.01744
0.01494
0.00064
0.00474
0.0077
0.00478
0.02514
0.01498
0.02222
0.01224
0.01388
0.03234
0.01048
0.01984
0.01328
0.0138
0.01122
0.02524
0.01516
0.01868
0.0062
0.0045
0.02516
0.02752
0.01406
0.02542
0.01712
0.01032
0.01188
0.01266
0.01452
0.02096
0.01564
0.03048
0.01938
0.02236
0.02406
0.02702
0.02616
0.02414
0.02702
0.01286
0.02616
0.01626
0.00144
0.01144
0.0093
0.01162
0.00474
0.01478
0.01828
0.01042
0.01492
0.01478
0.01812
0.02048
0.0109
0.01442
0.01426
0.01228
0.00808
0.01536
0.02304
0.01094
0.00232
0.0149
0.01088
0.02036
0.0154
0.01474
0.01974
0.0178
0.0183
0.02266
0.01892
0.01622
0.02502
0.01264
0.01266
0.02862
0.01896
0.01908
0.0141
0.02204
0.01484
0.02028
0.00726
0.01596
0.01776
0.02512
0.01998
0.02918
0.0218
0.02546
0.01882
0.0247
0.0187
0.02602
0.01904
0.00932
0.0225
0.01982
0.01284
0.02578
0.02144
0.01584
0.01954
0.01292
0.02936
0.02128
0.02166
0.0188
0.01568
0.01518
0.02062
0.02384
0.0369
0.0074
0.0103
0.00182
-0.0014
0.023
0.02252
0.02276
0.0208
0.01674
0.0165
0.0147
0.02376
-0.0013
0.01168
0.0218
0.00186
0.00286
-0.00276
0.00794
0.02408
0.01436
0.0165
0.01586
0.0237
0.01216
0.01952
0.01082
0.01324
0.02036
0.03394
0.02244
0.02042
0.01666
0.00852
0.01176
0.03304
0.01812
0.01412
-0.00322
-0.00426
0.00214
0.00408
0.00758
0.02248
0.02064
0.02438
0.02568
0.01984
0.02266
0.01766
0.0092
0.0088
0.01818
0.031
0.03316
0.0135
0.01724
0.02842
0.02978
0.02874
0.01428
0.02198
0.01872
0.01584
0.01384
0.01692
0.01818
0.0148
0.02478
0.0196
0.0328
0.03174
0.02606
0.02536
0.02158
0.0158
0.01612
0.0289
0.01948
0.02736
0.01912
0.01172
0.01772
0.0144
0.0069
0.01352
0.00278
0.00948
0.02006
0.01536
0.00454
0.01524
0.01582
0.02576
0.00798
0.02486
0.02822
0.02
0.00368
0.01062
0.01318
0.01676
0.01534
0.01378
0.00668
0.00662
0.01012
0.03214
0.0297
0.0153
0.02056
0.02296
0.01134
0.01348
0.00848
0.01004
0.01552
0.00994
0.01188
0.01126
0.02136
0.00868
0.0086
0.02418
0.0244
0.0165
0.01896
0.02656
0.0173
0.02548
0.01792
0.02394
0.0237
0.02406
0.02522
0.0196
0.01448
0.0086
0.00172
0.01032
0.01392
0.01994
0.02156
0.01584
0.0035
0.00906
0.0204
0.03062
0.01166
0.00104
0.0158
0.0028
0.01652
0.02178
0.02378
0.01178
0.0189
0.01552
0.01766
0.01666
0.02274
0.01594
0.00988
0.0133
0.0153
0.0104
0.02066
0.02732
0.02026
0.04018
0.01546
0.00678
0.0326
0.01776
0.02412
0.0219
0.0307
0.01338
0.01822
0.02052
0.03472
0.0198
0.02312
0.0101
0.01056
0.02454
0.01838
0.0176
0.0103
0.01194
0.00774
0.00548
0.03202
0.02428
0.02024
0.01624
0.02674
0.01924
0.01292
0.01884
0.0177
0.01272
0.0163
0.00876
0.00878
0.01008
0.03014
0.01852
0.0155
0.00664
0.01426
0.00336
-0.00316
0.00942
0.0057
0.01236
0.00846
0.01424
0.0222
0.0197
0.0181
0.01574
0.01478
0.02074
0.01238
0.01994
0.0049
0.00938
0.02162
0.02152
0.0179
0.02544
0.02736
0.00936
0.02182
0.0224
0.01398
0.00652
0.01616
0.01506
0.01314
0.01628
0.017
0.02262
0.0161
0.02018
0.01796
0.02728
0.03098
0.02902
0.01784
0.01706
0.0279
0.02086
0.01612
0.01426
0.02338
0.01516
0.01532
0.01854
0.0162
0.02472
0.0218
0.0267
0.01636
0.01288
0.00986
0.02018
0.02764
0.01466
0.00726
0.00752
0.00202
0.00834
0.02278
0.02018
0.02322
0.03098
0.01446
0.00784
0.0178
0.00858
-0.00452
0.01572
0.02196
0.02396
0.01682
0.01358
0.01492
0.01522
0.0166
0.0189
0.0154
0.0037
0.01616
0.01072
-0.00192
0.00716
-0.0027
0.01172
0.0253
0.01772
0.00856
0.00254
0.00748
0.02074
0.02812
0.02216
0.00732
0.00704
0.0128
0.00756
