0.5676
0.56422
0.5586
0.55888
0.565
0.5656
0.55852
0.54488
0.54256
0.56008
0.55222
0.56102
0.56886
0.56338
0.56682
0.56646
0.56898
0.56262
0.54666
0.54756
0.54752
0.56206
0.55942
0.56164
0.56078
0.56852
0.56128
0.566
0.57138
0.56878
0.5702
0.55806
0.56298
0.56012
0.55434
0.55578
0.56888
0.57912
0.56536
0.54644
0.54804
0.54936
0.54942
0.54906
0.54816
0.55662
0.55758
0.55624
0.55002
0.55684
0.56626
0.56864
0.56644
0.56434
0.56408
0.55454
0.56964
0.56698
0.56464
0.55514
0.5423
0.55844
0.5649
0.56436
0.55108
0.55428
0.568
0.56122
0.55186
0.55642
0.55006
0.54048
0.54124
0.54306
0.55694
0.5445
0.5566
0.55464
0.55224
0.55588
0.55882
0.5654
0.56446
0.56372
0.56388
0.55376
0.5622
0.5647
0.55042
0.55806
0.5614
0.5596
0.55552
0.56018
0.565
0.566
0.54948
0.55626
0.55714
0.561
0.56314
0.57304
0.56838
0.563
0.55806
0.55634
0.55518
0.55664
0.5642
0.55324
0.55652
0.55486
0.55564
0.55874
0.5685
0.57136
0.57
0.57674
0.56622
0.55084
0.54002
0.55142
0.5574
0.55
0.54192
0.55586
0.56572
0.55924
0.55772
0.55178
0.56466
0.5583
0.55294
0.55706
0.56444
0.56012
0.55616
0.56428
0.56528
0.56382
0.5631
0.55888
0.5618
0.56562
0.54842
0.55918
0.56664
0.5583
0.55808
0.56902
0.56184
0.55832
0.5637
0.56184
0.55356
0.55472
0.5534
0.54974
0.5412
0.5492
0.55026
0.54742
0.55784
0.561
0.56298
0.55548
0.5567
0.5595
0.56156
0.55144
0.55094
0.54866
0.55914
0.56664
0.56118
0.54978
0.55846
0.56828
0.56686
0.55884
0.5452
0.55342
0.56486
0.5635
0.56078
0.56034
0.56074
0.56724
0.565
0.56646
0.56694
0.56646
0.56916
0.5594
0.57204
0.57542
0.56764
0.56274
0.56562
0.55906
0.5584
0.55744
0.55128
0.5682
0.575
0.56458
0.56972
0.58136
0.57582
0.56578
0.56604
0.56346
0.55778
0.54622
0.5598
0.56028
0.56434
0.55914
0.55784
0.56784
0.55726
0.55964
0.55906
0.5717
0.56684
0.56346
0.56454
0.56472
0.56518
0.57414
0.57052
0.57636
0.56486
0.57356
0.56878
0.57152
0.56254
0.55654
0.5561
0.56714
0.5661
0.55028
0.5665
0.56244
0.56168
0.55296
0.57002
0.5606
0.5684
0.5725
0.57138
0.56466
0.5708
0.55874
0.55836
0.5574
0.57284
0.57432
0.56402
0.55774
0.55732
0.56144
0.54334
0.54634
0.55818
0.55172
0.56264
0.55902
0.56148
0.5567
0.54864
0.5521
0.55572
0.56984
0.57298
0.57498
0.57462
0.57164
0.56972
0.57536
0.57136
0.57862
0.56656
0.57072
0.56598
0.56432
0.5797
0.57068
0.5535
0.55434
0.55296
0.55034
0.55578
0.55784
0.5569
0.56416
0.56514
0.55958
0.54718
0.55424
0.56972
0.5658
0.56242
0.55796
0.56534
0.56608
0.55658
0.55522
0.55646
0.5559
0.55106
0.5626
0.57872
0.56236
0.55774
0.55458
0.56208
0.56302
0.5566
0.56662
0.55472
0.5552
0.54762
0.55298
0.56256
0.55066
0.55986
0.5667
0.5624
0.56234
0.5668
0.57824
0.56598
0.5695
0.5744
0.5697
0.56574
0.56608
0.5595
0.55058
0.55434
0.55574
0.55642
0.5622
0.55702
0.55988
0.5534
0.5513
0.56334
0.55536
0.55866
0.56752
0.56026
0.55478
0.56034
0.56378
0.55886
0.55708
0.5557
0.56298
0.56954
0.56564
0.56448
0.56342
0.56424
0.5575
0.56808
0.55916
0.54644
0.5631
0.56422
0.57674
0.57614
0.56812
0.56414
0.56972
0.5639
0.56628
0.55276
0.55832
0.55848
0.56082
0.56542
0.56346
0.57338
0.56822
0.57428
0.57862
0.58644
0.57946
0.58082
0.5755
0.57324
0.57202
0.57902
0.57748
0.56882
0.5536
0.55442
0.5483
0.55
0.55134
0.55648
0.54606
0.54722
0.557
0.56994
0.57922
0.57604
0.58022
0.57852
0.5708
0.56782
0.57278
0.57062
0.57806
0.58354
0.57352
0.56876
0.57118
0.57528
0.57104
0.56618
0.56596
0.56412
0.5673
0.566
0.57264
0.5713
0.54588
0.5531
0.56576
0.554
0.55952
0.5667
0.56412
0.56844
0.56526
0.55862
0.56072
0.56068
0.56808
0.56128
0.54998
0.55306
0.55956
0.57152
0.55922
0.5585
0.55916
0.55408
0.56458
0.56814
0.55266
0.55296
0.56384
0.56096
0.54554
0.55578
0.564
0.55248
0.55122
0.55478
0.5621
0.56522
0.5725
0.56754
0.5642
0.56052
0.56436
0.56278
0.5661
0.55708
0.55896
0.5577
0.55986
0.55622
0.5618
0.54392
0.56136
0.5579
0.55632
0.56518
0.55772
0.54836
0.55046
0.55622
0.56978
0.5592
0.56696
0.56992
0.5698
0.58174
0.5765
0.57196
0.57402
0.56168
0.55938
0.55182
0.56542
0.5629
0.56986
0.55974
0.55614
0.56178
0.55372
0.5527
0.56868
0.56374
0.5626
0.56326
0.5671
0.56354
0.56264
0.57356
0.57398
0.57688
0.57982
0.57504
0.56246
0.57058
0.57256
0.56222
0.5646
0.5619
0.54776
0.5461
0.5496
0.54714
0.55432
0.55858
0.564
0.5579
0.55612
0.5562
0.5658
0.57092
0.54602
0.55158
0.5552
0.56458
0.56444
0.5494
0.55506
0.5468
0.55594
0.56686
0.55888
0.56024
0.55172
0.56754
0.5583
0.55082
0.55794
0.55838
0.57488
0.56738
0.56658
0.55812
0.54668
0.56144
0.55154
0.5497
0.56224
0.5671
0.55546
0.5534
0.54964
0.54458
0.55344
0.54474
0.55066
0.56302
0.56714
0.56554
0.56214
0.55718
0.55978
0.5586
0.56792
0.5628
0.56962
0.56236
0.55354
0.55152
0.55898
0.55636
0.55628
0.55154
0.55266
0.54664
0.54772
0.55426
0.55346
0.55852
0.57582
0.57818
0.57596
0.5634
0.5553
0.57038
0.55846
0.55878
0.57132
0.56132
0.5722
0.56548
0.5667
0.56094
0.55486
0.56664
0.56788
0.5725
0.56658
0.56096
0.56376
0.56048
0.56426
0.55964
0.5546
0.55642
0.54798
0.5519
0.56482
0.56564
0.56784
0.56304
0.55188
0.56596
0.55686
0.56094
0.55476
0.56038
0.55592
0.54938
0.56052
0.55758
0.55588
0.5647
0.5523
0.5553
0.5604
0.56764
0.57044
0.56126
0.5539
0.55742
0.5543
0.54374
0.55872
0.5565
0.55958
0.563
0.56828
0.57194
0.56632
0.56778
0.5697
0.57078
0.57082
0.5606
0.5597
0.56454
0.55258
0.54456
0.55064
0.55716
0.5647
0.55378
0.5528
0.54708
0.54148
0.53762
0.54044
0.54518
0.55434
0.55318
0.54566
0.55226
0.5511
0.555
0.56772
0.56904
0.56154
0.54586
0.54902
0.54818
0.55956
0.56294
0.56564
0.5578
0.56258
0.55336
0.54872
0.5526
0.55878
0.55618
0.54614
0.54576
0.55552
0.56596
0.56792
0.56394
0.55706
0.5605
0.57372
0.56406
0.57206
0.56476
0.56178
0.56448
0.57
0.57634
0.57284
0.5644
0.5641
0.55554
0.55676
0.55298
0.55368
0.55782
0.56222
0.57352
0.57382
0.56052
0.5534
0.56754
0.5698
0.56954
0.57006
0.56842
0.55934
0.5544
0.54962
0.54742
0.54648
0.55896
0.56554
0.55352
0.56236
0.55832
0.55788
0.55724
0.55062
0.55304
0.55728
0.55988
0.5517
0.5496
0.55338
0.54846
0.55454
0.55576
0.55648
0.56032
0.56718
0.56032
0.5546
0.5608
0.56056
0.55526
0.56094
0.55678
0.55458
0.56234
0.56094
0.5564
0.55892
0.55954
0.57506
0.57094
0.55446
0.57092
0.56944
0.5592
0.56238
0.55792
0.56606
0.56104
0.57266
0.55972
0.56616
0.55558
0.54726
0.54956
0.55634
0.55862
0.55534
0.56876
0.57232
0.56186
0.54766
0.54382
0.55816
0.56388
0.5652
0.55972
0.55316
0.56024
0.5561
0.56244
0.55944
0.55976
0.562
0.55232
0.56456
0.56174
0.55458
0.55428
0.5589
0.56618
0.56672
0.568
0.5611
0.5651
0.56542
0.56384
0.56488
0.5487
0.55002
0.55158
0.55842
0.56988
0.56932
0.56786
0.57104
0.5593
0.56296
0.56346
0.556
0.5459
0.54708
0.54136
0.53836
0.55978
0.56438
0.5601
0.55634
0.56234
0.5694
0.56542
0.56582
0.55762
0.5555
0.5589
0.55994
0.55702
0.55952
0.54282
0.53618
0.5665
0.56514
0.56344
0.54986
0.55868
0.56796
0.55808
0.5608
0.56584
0.5644
0.56764
0.57526
0.56402
0.56774
0.55964
0.5734
0.56836
0.5649
0.56436
0.55542
0.54778
0.55402
0.56384
0.56412
0.55788
0.55422
0.56138
0.55662
0.56428
0.56528
0.56794
0.55708
0.55892
0.55964
0.5485
0.55474
0.5556
0.56306
0.55592
0.55788
0.56934
0.562
0.56942
0.5626
0.55464
0.55284
0.5495
0.55636
0.55436
0.55048
0.54322
0.55806
0.55404
0.54948
0.56348
0.5556
0.56616
0.55418
0.55428
0.56158
0.54684
0.54986
0.55622
0.56594
0.57022
0.56398
0.56374
0.55828
0.56548
0.56426
0.56734
0.56064
0.57116
0.5652
0.58024
0.57094
0.56052
0.55848
0.55314
0.55442
0.55262
0.56546
0.5419
0.55546
0.55866
0.56198
0.56434
0.56656
0.56574
0.56134
0.55618
0.55036
0.54614
0.55552
0.55536
0.56174
0.5636
0.56366
0.55116
0.5572
0.54564
0.55442
0.56336
0.56582
0.57508
0.56226
0.56658
0.56478
0.56856
0.5469
0.54038
0.5475
0.5477
0.54998
0.54526
0.53452
0.54226
0.54216
0.55368
0.55006
0.56228
0.5673
0.55928
0.55782
0.57636
0.57836
0.56136
0.55348
0.56624
0.57006
0.56822
0.56496
0.55492
0.55816
0.55902
0.57372
0.55262
0.5534
0.55576
0.56956
0.5727
0.56634
0.57504
0.57164
0.57508
0.56986
0.57252
0.56344
0.57012
0.57328
0.56448
0.56794
0.56436
0.56686
0.5512
0.5483
0.55838
0.56228
0.57116
0.57184
0.58784
0.56664
0.56614
0.55184
0.54686
0.55778
0.55394
0.55142
0.55598
0.5532
0.56252
0.56304
0.57074
0.56676
0.56328
0.56294
0.55092
0.54802
0.55002
0.5568
0.56744
0.55926
0.55774
0.5653
0.57082
0.5702
0.56012
0.56518
0.56434
0.56356
0.54052
0.54762
0.56002
0.55486
0.55142
0.56514
0.56924
0.56322
0.5597
0.56138
0.56654
0.5631
0.5682
0.56066
0.56204
0.55764
0.55318
0.55204
0.55246
0.54714
0.5522
0.55096
0.5565
0.55892
0.55896
0.56204
0.55886
0.5479
0.55298
0.56026
0.56244
0.54712
0.5546
0.55364
0.55902
0.55886
0.56464
0.56768
0.56322
0.57524
0.56562
0.55664
0.55672
0.55578
0.55354
0.55542
0.5585
0.56072
0.55862
0.56684
0.56344
0.56306
0.56492
0.56476
0.56398
0.56106
0.57088
0.57586
0.56292
0.56628
0.57294
0.55874
0.564
0.56376
0.56958
0.5597
0.5557
0.54832
0.5546
0.5579
0.56262
0.5667
0.56908
0.56682
0.56382
0.55938
0.56782
0.57086
0.56676
0.5613
0.56194
0.56312
0.55612
0.55294
0.5681
0.5602
0.5668
0.55026
0.57228
0.56816
0.56852
0.56574
0.55514
0.55528
0.55068
0.55848
0.5616
0.56646
0.56728
0.5645
0.56324
0.55686
0.57384
0.56098
0.56812
0.57518
0.56164
0.56068
0.56998
0.5719
0.5728
0.56064
0.5696
0.56628
0.55438
0.5572
0.55026
0.56324
0.55054
0.55516
0.56126
0.55838
0.5638
0.56954
0.5611
0.5559
0.56224
0.55512
0.5567
0.55312
0.55526
0.55208
0.56472
0.5711
0.56086
0.55702
0.56502
0.55518
0.5535
0.56058
0.55806
0.5652
0.556
0.55566
0.55768
0.56166
0.5713
0.56694
0.56446
0.5549
0.5492
0.5548
0.56656
0.56326
0.55772
0.55798
0.55116
0.54112
0.54822
0.5535
0.56584
0.57002
0.56478
0.56484
0.55702
0.55698
0.55838
0.55046
0.55556
0.5513
0.55872
0.56828
0.555
0.56568
0.56662
0.5569
0.56476
0.55704
0.55194
0.55046
0.55494
0.57638
0.57706
0.56804
0.56566
0.55552
0.56768
0.55634
0.56098
0.56338
0.54948
0.54776
0.55762
0.55704
0.57674
0.57992
0.5863
0.57582
0.56026
0.55668
0.55918
0.56338
0.57108
0.56954
0.57928
0.56238
0.56052
0.56802
0.55348
0.56016
0.56004
0.56416
0.55994
0.55806
0.54754
0.55852
0.56274
0.56214
0.5635
0.55644
0.55504
0.56244
0.56088
0.56518
0.5588
0.56832
0.5592
0.55498
0.55442
0.55696
0.5476
0.56162
0.56454
0.56098
0.57028
0.56874
0.56894
0.56922
0.56934
0.57514
0.5579
0.55872
0.55762
0.56374
0.57034
0.57428
0.57288
0.56586
0.5533
0.55776
0.5504
0.55178
0.5598
0.56236
0.5642
0.56326
0.55428
0.56176
0.558
0.55168
0.5558
0.5646
0.56256
0.56002
0.5671
0.55776
0.55834
0.55582
0.56316
0.555
0.56226
0.56174
0.56286
0.56166
0.55734
0.56938
0.5662
0.56982
0.5779
0.56636
0.56996
0.57118
0.56138
0.55538
0.56458
0.54694
0.57278
0.55772
0.56304
0.55674
0.56904
0.5745
0.57928
0.58148
0.57004
0.56628
0.5612
0.5632
0.58146
0.57672
0.57386
0.5754
0.56518
0.56962
0.57452
0.58652
0.5776
0.58674
0.57986
0.56552
0.55726
0.57474
0.5832
0.56698
0.56352
0.55568
0.57048
0.57198
0.57076
0.56658
0.57482
0.57226
0.56286
0.5596
0.55918
0.56384
0.56314
0.5564
0.55048
0.55014
0.5541
0.5612
0.56188
0.56882
0.56278
0.56472
0.55782
0.55788
0.55374
0.55938
0.54928
0.55674
0.55018
0.54084
0.54342
0.54688
0.5613
0.5516
0.56664
0.5727
0.5581
0.56352
0.5518
0.5485
0.54956
0.56402
0.56814
0.5628
0.57102
0.55288
0.56304
0.57314
0.5632
0.54076
0.5487
0.55376
0.5582
0.57136
0.56516
0.55096
0.553
0.55696
0.55766
0.55178
0.55182
0.54902
0.5464
0.55994
0.56314
0.55014
0.54762
0.55336
0.55692
0.55544
0.55044
0.5435
0.55836
0.54728
0.5573
0.55414
0.5513
0.55188
0.5603
0.55702
0.54696
0.55184
0.55208
0.56
0.55004
0.54968
0.55568
0.5664
0.56564
0.57374
0.56708
0.554
0.55838
0.55322
0.56106
0.5481
0.55518
0.56426
0.5717
0.57144
0.56596
0.56866
0.57246
0.56834
0.55314
0.56148
0.57104
0.56706
0.56494
0.56256
0.5546
0.54054
0.55164
0.54896
0.54422
0.56138
0.557
0.56328
0.57004
0.56828
0.56998
0.57492
0.5766
0.57482
0.56942
0.57688
0.56924
0.55594
0.55236
0.55782
0.55916
0.5569
0.55178
0.54912
0.56126
0.5595
0.55616
0.5543
0.5546
0.55876
0.55642
0.56224
0.56468
0.54736
0.56444
0.56442
0.55528
0.55908
0.55802
0.5604
0.54836
0.55136
0.55326
0.55132
0.55142
0.55574
0.56718
0.57466
0.57408
0.57176
0.56938
0.56428
0.56664
0.5659
0.56852
0.56224
0.55692
0.56156
0.57452
0.56848
0.56346
0.55556
0.55848
0.55282
0.55376
0.56018
0.55772
0.56524
0.57184
0.57426
0.56796
0.5649
0.56534
0.5677
0.56738
0.57416
0.55984
0.55758
0.573
0.57248
0.55724
0.5743
0.57202
0.57148
0.57076
0.57122
0.57154
0.56388
0.55616
0.54382
0.54292
0.5629
0.56578
0.5544
0.55984
0.5627
0.55458
0.55112
0.5424
0.55486
0.55148
0.55924
0.56526
0.56464
0.56676
0.56702
0.55926
0.56288
0.57012
0.56638
0.55838
0.55648
0.56028
0.5655
0.55384
0.5504
0.55836
0.5531
0.5443
0.55256
0.55884
0.55802
0.5527
0.54928
0.56286
0.5728
0.55708
0.56396
0.55148
0.55936
0.56054
0.55934
0.55832
0.5572
0.56064
0.55
0.55348
0.55414
0.55134
0.54778
0.54084
0.5532
0.55658
0.55558
0.55226
0.5606
0.58024
0.57774
0.57216
0.5661
0.56218
0.557
0.55728
0.54948
0.55286
0.56588
0.5684
0.56992
0.56636
0.56854
0.55966
0.55082
0.55248
0.5564
0.55294
0.5593
0.55078
0.55278
0.56242
0.55568
0.5539
0.55706
0.5614
0.56094
0.56238
0.56156
0.54864
0.5582
0.54368
0.55692
0.55656
0.55348
0.5476
0.5564
0.56182
0.5621
0.5548
0.55228
0.56328
0.56626
0.5578
0.56342
0.55662
0.5562
0.55614
0.54642
0.5558
0.55206
0.56388
0.5646
0.56682
0.5601
0.55154
0.55106
0.56368
0.5602
0.56116
0.55896
0.54824
0.5557
0.55554
0.55208
0.55094
0.5483
0.53354
0.54402
0.53372
0.53996
0.54564
0.54448
0.55132
0.55798
0.56088
0.56396
0.56654
0.56262
0.56132
0.55466
0.54914
0.55724
0.5532
0.56206
0.5635
0.55136
0.55034
0.55512
0.56924
0.56428
0.55914
0.58062
0.57536
0.57284
0.55624
0.56026
0.56542
0.5684
0.5692
0.56502
0.5711
0.56402
0.57052
0.56404
0.56148
0.56244
0.56592
0.56818
0.57144
0.56462
0.56594
0.5603
0.5603
0.56412
0.57048
0.56846
0.55142
0.55366
0.5523
0.55558
0.5698
0.56374
0.55792
0.55924
0.55844
0.55396
0.557
0.56768
0.55842
0.5534
0.55374
0.55048
0.5601
0.56082
0.561
0.55612
0.55252
0.54806
0.5669
0.562
0.5697
0.57258
0.5742
0.5553
0.5475
0.54838
0.55528
0.55818
0.55892
0.56142
0.55986
0.54784
0.55806
0.55952
0.57468
0.56252
0.57826
0.57354
0.56322
0.55692
0.56542
0.5469
0.54922
0.5563
0.56206
0.56272
0.56166
0.564
0.56922
0.57282
0.56756
0.56952
0.57316
0.56894
0.56202
0.55224
0.54826
0.54448
0.55934
0.5547
0.55498
0.5607
0.55208
0.55746
0.55684
0.57132
0.5672
0.55052
0.54418
0.54662
0.55074
0.55676
0.56076
0.566
0.56826
0.56636
0.57458
0.56928
0.56744
0.57248
0.58498
0.57184
0.55918
0.56022
0.55842
0.5589
0.56368
0.5515
0.55932
0.5665
0.57416
0.56156
0.56602
0.56384
0.56858
0.55926
0.56236
0.56296
0.56338
0.57094
0.5658
0.55778
0.5641
0.55892
0.55492
0.54428
0.5514
0.54326
0.55768
0.55542
0.54424
0.54536
0.55298
0.54844
0.55354
0.5624
0.55838
0.55546
0.56574
0.5574
0.5569
0.55228
0.56602
0.56518
0.55548
0.55668
0.56056
0.55674
0.55708
0.55794
0.55328
0.55208
0.55634
0.55898
0.55804
0.56996
0.56228
0.55762
0.55182
0.54976
0.5357
0.54846
0.55084
0.5572
0.55278
0.54422
0.56506
0.57036
0.55774
0.56196
0.57266
0.57788
0.55164
0.5618
0.55912
0.5543
0.55974
0.56732
0.56152
0.55354
0.55042
0.54892
0.54874
0.54766
0.55658
0.54112
0.54982
0.55956
0.55864
0.56756
0.55246
0.5567
0.55814
0.54846
0.55572
0.55798
0.57016
0.5639
0.55788
0.56276
0.55464
0.56132
0.5661
0.56468
0.5778
0.57236
0.57158
0.57936
0.57226
0.56746
0.57186
0.57646
0.5648
0.56122
0.5575
0.56536
0.564
0.54726
0.55464
0.55298
0.5646
0.5644
0.5645
0.5659
0.56292
0.56888
0.57888
0.566
0.57118
0.57148
0.56162
0.56154
0.5768
0.57314
0.56778
0.57436
0.5683
0.55744
0.55384
0.558
0.56328
0.56308
0.57052
0.5699
0.55292
0.55884
0.55888
0.55336
0.55994
0.56136
0.5558
0.54824
0.5529
0.55956
0.55616
0.56612
0.57122
0.56246
0.5554
0.55766
0.54862
0.54878
0.5429
0.5477
0.55586
0.54444
0.54316
0.55034
0.5442
0.54324
0.54124
0.54304
0.55574
0.5589
0.54926
0.54702
0.55392
0.54874
0.55208
0.56466
0.55856
0.57
0.55978
0.5672
0.55734
0.55422
0.55504
0.54092
0.53774
0.54826
0.55332
0.55976
0.55382
0.56042
0.56242
0.56698
0.56422
0.56486
0.56342
0.5633
0.5525
0.56482
0.56998
0.57522
0.56264
0.55508
0.5519
0.54662
0.54714
0.54714
0.53986
0.55122
0.5646
0.5642
0.55818
0.55964
0.56362
0.56542
0.5628
0.55188
0.54174
0.55228
0.5476
0.56208
0.565
0.56412
0.56498
0.55776
0.5605
0.55858
0.5615
0.56078
0.55616
0.55204
0.56252
0.56242
0.56536
0.5646
0.5603
0.55868
0.55856
0.55444
0.54394
0.5407
0.55856
0.5592
0.56084
0.5559
0.55012
0.55328
0.5585
0.54932
0.55094
0.55206
0.56286
0.55584
0.55576
0.54008
0.54354
0.5423
0.55446
0.55422
0.55862
0.56186
0.55648
0.5585
0.55562
0.5524
0.54922
0.56232
0.56082
0.55452
0.56068
0.56296
0.55758
0.56126
0.55628
0.55312
0.5544
0.5521
0.55938
0.54974
0.55554
0.54438
0.53412
0.54062
0.55466
0.5572
0.5523
0.552
0.5434
0.5623
0.56038
0.56526
0.5599
0.55664
0.55768
0.55288
0.56482
0.56246
0.56332
0.55476
0.56272
0.56464
0.55436
0.55192
0.55938
0.55994
0.5637
0.56756
0.5609
0.55656
0.55038
0.54576
0.54136
0.55106
0.5582
0.56946
0.57084
0.5647
0.5676
0.5572
0.56278
0.56066
0.56918
0.56438
0.55926
0.55986
0.56158
0.56302
0.57164
0.57896
0.57382
0.57618
0.57684
0.5706
0.56256
0.56844
0.55558
0.54942
0.55668
0.56334
0.55704
0.55064
0.54898
0.5486
0.55
0.55206
0.54632
0.55984
0.55522
0.54786
0.5537
0.5393
0.55118
0.55606
0.55176
0.54588
0.55994
0.56484
0.56026
0.54848
0.55984
0.55776
0.5635
0.56486
0.56134
0.55614
0.54328
0.54424
0.55032
0.5503
0.55786
0.57146
0.5601
0.556
0.55324
0.54354
0.53654
0.55592
0.55458
0.55132
0.5537
0.54096
0.55564
0.55204
0.54568
0.55804
0.56876
0.5575
0.56254
0.5521
0.55288
0.55768
0.56948
0.55836
0.55506
0.56556
0.5675
0.5622
0.55274
0.56066
0.55758
0.55812
0.56332
0.56992
0.55898
0.56692
0.55408
0.55988
0.55994
0.55402
0.55796
0.56818
0.55994
0.57486
0.56718
0.56448
0.5582
0.55956
0.56894
0.56642
0.56798
0.56718
0.55148
0.56358
0.56878
0.578
0.5628
0.55216
0.5648
0.5633
0.55372
0.56316
0.56314
0.56002
0.55412
0.56512
0.56508
0.55952
0.5768
0.56948
0.56656
0.5553
0.57136
0.57644
0.56984
0.56636
0.57544
0.57156
0.56948
0.56126
0.57406
0.5728
0.56806
0.55492
0.56072
0.55792
0.55956
0.56434
0.56666
0.55836
0.54722
0.55812
0.53984
0.54246
0.55048
0.55462
0.56066
0.56134
0.56482
0.55812
0.56118
0.56058
0.56792
0.55886
0.5664
0.56782
0.57342
0.58716
0.577
0.56922
0.56766
0.57388
0.57164
0.56074
0.55912
0.55472
0.55956
0.55826
0.56022
0.55918
0.54604
0.55368
0.5502
0.54792
0.5606
0.5646
0.56714
0.56996
0.57348
0.5728
0.5568
0.56536
0.56768
0.56426
0.56728
0.57002
0.56146
0.56476
0.5647
0.5647
0.55596
0.55608
0.57756
0.57192
0.56916
0.56562
0.56148
0.56472
0.55842
0.56068
0.54044
0.54628
0.565
0.56468
0.55998
0.55482
0.55724
0.5746
0.56456
0.57132
0.5701
0.56688
0.55748
0.56092
0.55948
0.55958
0.55182
0.5476
0.55822
0.55734
0.56618
0.57634
0.55304
0.55554
0.56434
0.57064
0.56036
0.56034
0.5597
0.55632
0.56268
0.56392
0.56552
0.56638
0.5678
0.55796
0.5526
0.54534
0.5466
0.55996
0.55736
0.5598
0.55298
0.55896
0.55932
0.57672
0.57228
0.5686
0.5652
0.5598
0.55592
0.5537
0.55802
0.55622
0.56712
0.5592
0.56348
0.5583
0.5551
0.55702
0.56744
0.5708
0.56724
0.57476
0.56814
0.57162
0.56744
0.5652
0.55688
0.55642
0.56246
0.5558
0.56254
0.5709
0.569
0.56818
0.55152
0.55638
0.5539
0.55816
0.55792
0.55564
0.57274
0.56786
0.55664
0.56932
0.55338
0.5559
0.55926
0.56102
0.56124
0.5704
0.56532
0.56822
0.56618
0.56176
0.55408
0.54636
0.55376
0.55234
0.55628
0.56456
0.56348
0.5667
0.5698
0.56226
0.55492
0.54556
0.55602
0.55906
0.55908
0.558
0.566
0.56266
0.57394
0.564
0.5659
0.57308
0.573
0.57068
0.57446
0.56208
0.57034
0.56086
0.5592
0.56356
0.54818
0.5524
0.55462
0.55576
0.56212
0.56806
0.5469
0.5606
0.56506
0.56464
0.54356
0.53018
0.53848
0.54512
0.5386
0.56284
0.56586
0.56818
0.56214
0.5627
0.56428
0.56814
0.57492
0.56304
0.5688
0.57182
0.55902
0.56644
0.55602
0.55664
0.56956
0.5675
0.55806
0.55042
0.54922
0.5532
0.55278
0.56326
0.56618
0.57518
0.57
0.56872
0.55974
0.5574
0.55668
0.56044
0.56014
0.56418
0.55616
0.55878
0.5668
0.57108
0.56698
0.56216
0.56508
0.57802
0.568
0.55408
0.5611
0.56138
0.5688
0.56562
0.57456
0.5617
0.5627
0.56454
0.56238
0.54974
0.5649
0.55792
0.54808
0.5494
0.55314
0.5445
0.55802
0.56448
0.56566
0.55234
0.54614
0.55604
0.5585
0.56288
0.56488
0.5676
0.57412
0.56408
0.55262
0.556
0.55532
0.55402
0.56544
0.56076
0.56296
0.54912
0.55168
0.55078
0.55316
0.55688
0.56612
0.56896
0.55968
0.56204
0.54994
0.53744
0.54772
0.5544
0.5568
0.55998
0.56514
0.56434
0.56156
0.56362
0.55012
0.55278
0.5584
0.5554
0.54614
0.54668
0.56642
0.56974
0.5564
0.5566
0.5608
0.55738
0.56472
0.56956
0.55136
0.54708
0.53866
0.5418
0.54418
0.5495
0.55564
0.55422
0.56556
0.5589
0.55796
0.56072
0.5631
0.56268
0.56056
0.56116
0.56464
0.565
0.5734
0.57762
0.56696
0.5665
0.56882
0.5694
0.5552
0.56216
0.56492
0.56332
0.55946
0.55148
0.56036
0.56944
0.56612
0.56458
0.55378
0.56074
0.55654
0.5593
0.56672
0.57116
0.5545
0.55498
0.55562
0.56084
0.55096
0.54404
0.54882
0.55554
0.5523
0.54404
0.53978
0.54886
0.53802
0.55878
0.57104
0.55722
0.56742
0.5591
0.56842
0.57546
0.57414
0.56426
0.56632
0.56352
0.55884
0.55218
0.56194
0.56964
0.56562
0.5602
0.56044
0.55474
0.56266
0.56496
0.56228
0.56254
0.55724
0.55492
0.56574
0.55522
0.5561
0.54858
0.55472
0.55864
0.55732
0.55436
0.54418
0.55392
0.56082
0.55086
0.55838
0.56222
0.5599
0.55688
0.55896
0.56134
0.56912
0.56534
0.56168
0.56932
0.57918
0.56896
0.57568
0.56966
0.57212
0.56642
0.57374
0.57144
0.56446
0.5572
0.57618
0.57042
0.56488
0.564
0.55204
0.5601
0.55434
0.5552
0.56486
0.5592
0.55732
0.55464
0.5543
0.55814
0.5638
0.55566
0.56818
0.56112
0.551
0.56244
0.57396
0.57074
0.57458
0.571
0.57308
0.5689
0.57646
0.56498
0.57494
0.56402
0.54948
0.5649
0.56024
0.5555
0.56606
0.546
0.54546
0.56972
0.57948
0.57024
0.56316
0.55588
0.55396
0.55232
0.54598
0.55992
0.55956
0.5495
0.55036
0.55554
0.5594
0.5637
0.55872
0.55664
0.55928
0.57024
0.56282
0.55208
0.56038
0.56918
0.57598
0.57052
0.57944
0.56482
0.55026
0.5565
0.56478
0.55844
0.55914
0.56146
0.55666
0.56232
0.56378
0.57362
0.56394
0.56148
0.5684
0.56554
0.55964
0.55148
0.55594
0.55816
0.55362
0.55834
0.55402
0.5545
0.5543
0.55692
0.56616
0.5535
0.54824
0.5539
0.55846
0.55898
0.55766
0.56536
0.56028
0.5548
0.5522
0.556
0.5505
0.55388
0.55026
0.55378
0.55936
0.55688
0.57288
0.5649
0.58
0.56378
0.55618
0.54938
0.54638
0.56224
0.55042
0.54844
0.55744
0.55288
0.57444
0.5678
0.55914
0.56052
0.56418
0.55094
0.55218
0.54582
0.55608
0.5554
0.55898
0.56826
0.5705
0.55796
0.54696
0.56434
0.54404
0.5723
0.57288
0.55924
0.5607
0.5623
0.5667
0.56004
0.55826
0.54862
0.5553
0.56336
0.55534
0.55794
0.56364
0.55968
0.56272
0.5708
0.56894
0.5673
0.56966
0.55924
0.55462
0.55452
0.5527
0.54752
0.54984
0.54452
0.54618
0.54514
0.55686
0.55576
0.55576
0.5488
0.5423
0.5489
0.55108
0.54958
0.55344
0.546
0.5449
0.54962
0.55394
0.56024
0.56798
0.56438
0.55916
0.54538
0.56216
0.5693
0.56548
0.5629
0.57214
0.5563
0.55986
0.5619
0.55708
0.56018
0.5673
0.56224
0.57142
0.57426
0.57374
0.57276
0.56884
0.56858
0.5655
0.55978
0.55972
0.56418
0.55822
0.5635
0.56578
0.56662
0.57524
0.57318
0.5715
0.56582
0.56604
0.56726
0.55908
0.56378
0.55074
0.5629
0.55406
0.55982
0.57428
0.5544
0.54906
0.5584
0.56146
0.54644
0.54464
0.557
0.54882
0.54956
0.56272
0.55956
0.56552
0.57012
0.5614
0.56128
0.56512
0.57446
0.5783
0.56592
0.56596
0.57286
0.56096
0.56194
0.55874
0.56858
0.5782
0.56712
0.55778
0.56574
0.56542
0.56194
0.56778
0.56506
0.56612
0.55524
0.55542
0.56418
0.5611
0.55322
0.54566
0.5472
0.55894
0.56142
0.56616
0.56138
0.56294
0.55248
0.55282
0.57008
0.56416
0.5519
0.55574
0.55496
0.5596
0.55576
0.54112
0.54676
0.556
0.56302
0.55726
0.56194
0.55944
0.5684
0.5639
0.5647
0.55118
0.56058
0.56028
0.56394
0.57342
0.57386
0.56976
0.5653
0.57698
0.5694
0.57488
0.56964
0.56664
0.56768
0.57564
0.55964
0.5589
0.56766
0.57152
0.5733
0.56236
0.56038
0.56392
0.57194
0.5703
0.57074
0.56314
0.55504
0.55946
0.5519
0.5689
0.56028
0.56354
0.55506
0.5535
0.55754
0.55562
0.55488
0.54282
0.55744
0.55644
0.55416
0.56612
0.54188
0.55844
0.5484
0.55048
0.55732
0.5573
0.55934
0.56526
0.56736
0.56572
0.56904
0.5697
0.57222
0.57096
0.55196
0.5646
0.56544
0.5636
0.5684
0.57892
0.56844
0.5649
0.56626
0.56248
0.56042
0.56092
0.57242
0.55804
0.56422
0.57228
0.56768
0.55488
0.56164
0.56114
0.56436
0.56294
0.56526
0.55432
0.56124
0.55926
0.5549
0.55416
0.5618
0.5604
0.5532
0.55038
0.5629
0.57364
0.5688
0.56006
0.55068
0.5572
0.56002
0.5658
0.55596
0.57018
0.55842
0.57008
0.55944
0.55724
0.55694
0.55706
0.55734
0.55614
0.56892
0.5735
0.5645
0.56788
0.57096
0.56556
0.5613
0.56656
0.56374
0.55414
0.55362
0.5609
0.54424
0.5505
0.54428
0.55924
0.56568
0.56024
0.55832
0.56336
0.55742
0.55142
0.5647
0.5555
0.55806
0.56156
0.5631
0.5541
0.5604
0.56226
0.56948
0.5738
0.56084
0.5477
0.54312
0.5576
0.56408
0.57122
0.56692
0.56648
0.56516
0.56178
0.5661
0.56184
0.55638
0.54394
0.55446
0.55626
0.5637
0.55536
0.54892
0.55852
0.56662
0.56218
0.5607
0.54938
0.55064
0.55302
0.5517
0.54796
0.55326
0.56034
0.57258
0.56898
0.5653
0.55876
0.56038
0.56104
0.55594
0.56116
0.57552
0.57334
0.56158
0.56528
0.56436
0.56302
0.5591
0.55338
0.5569
0.5502
0.53408
0.54658
0.53346
0.55234
0.56828
0.58108
0.59598
0.58592
0.56366
0.55562
0.56488
0.56176
0.55586
0.55276
0.5571
0.5605
0.55726
0.55544
0.55042
0.56022
0.55672
0.55178
0.5454
0.5436
0.53674
0.53364
0.5382
0.53768
0.54828
0.53484
0.5597
0.56666
0.56112
0.56072
0.55124
0.55284
0.54796
0.54094
0.53556
0.55576
0.56494
0.56694
0.55694
0.56252
0.5639
0.56604
0.55936
0.55568
0.55936
0.56078
0.56494
0.57234
0.56432
0.56284
0.54606
0.54266
0.55218
0.55206
0.5563
0.55564
0.56218
0.55596
0.55894
0.5518
0.56024
0.54814
0.55752
0.55644
0.56748
0.56924
0.55504
0.54772
0.54136
0.54026
0.54914
0.5515
0.55726
0.54954
0.55064
0.56138
0.57108
0.56492
0.57188
0.56944
0.56414
0.55432
0.54952
0.55282
0.54982
0.5599
0.54804
0.55014
0.54104
0.55438
0.56728
0.56758
0.5712
0.571
0.56646
0.56514
0.55788
0.55052
0.56372
0.54998
0.55012
0.5441
0.5504
0.56448
0.56318
0.56072
0.5628
0.5816
0.57602
0.579
0.56284
0.5744
0.56468
0.56114
0.55848
0.55008
0.56052
0.55048
0.5484
0.55466
0.56836
0.5667
0.56722
0.56066
0.54368
0.55996
0.56172
0.56184
0.56054
0.56262
0.55606
0.55424
0.56016
0.55356
0.55316
0.55472
0.55854
0.55914
0.55636
0.56052
0.56538
0.56646
0.55202
0.53996
0.54626
0.54426
0.54378
0.5605
0.54942
0.5578
0.55514
0.5522
0.54888
0.54252
0.54688
0.54124
0.55266
0.55706
0.56224
0.55826
0.56546
0.5689
0.56538
0.55964
0.57446
0.56498
0.56894
0.55916
0.5557
0.56198
0.55402
0.5436
0.54746
0.54752
0.55384
0.55666
0.56404
0.56262
0.5684
0.56218
0.5792
0.57142
0.57378
0.56866
0.56348
0.56214
0.54126
0.54286
0.54652
0.54388
0.54442
0.55438
0.55672
0.55702
0.56448
0.5595
0.556
0.55956
0.5554
0.56772
0.56012
0.57558
0.56556
0.56294
0.55922
0.5735
0.5672
0.55766
0.56794
0.54648
0.54536
0.5624
0.56024
0.56736
0.56744
0.56454
0.55788
0.55624
0.55758
0.54604
0.55782
0.5632
0.56728
0.5638
0.56516
0.56844
0.5593
0.56934
0.56948
0.56894
0.56736
0.57044
0.56214
0.55996
0.55354
0.54966
0.5489
0.55782
0.55138
0.54614
0.5534
0.5605
0.56216
0.5678
0.56006
0.54762
0.54144
0.5553
0.5412
0.5488
0.55152
0.54924
0.55426
0.55986
0.57018
0.56282
0.56514
0.57614
0.57438
0.57528
0.57154
0.56832
0.57618
0.56862
0.55942
0.55756
0.55544
0.56286
0.57236
0.57888
0.5689
0.56
0.55674
0.56748
0.5684
0.55996
0.5615
0.55454
0.55806
0.56176
0.5527
0.56032
0.55538
0.55092
0.55624
0.55018
0.55408
0.56128
0.57328
0.55274
0.56186
0.57248
0.55938
0.5501
0.56392
0.552
0.54498
0.53766
0.53738
0.5459
0.5652
0.55412
0.55212
0.56042
0.55896
0.56174
0.55596
0.56766
0.57242
0.5798
0.58268
0.57054
0.5704
0.56232
0.57248
0.5699
0.56858
0.56088
0.55758
0.54202
0.54944
0.5634
0.56622
0.56482
0.56334
0.55272
0.55592
0.55648
0.54698
0.55646
0.5564
0.5524
0.55654
0.5545
0.54832
0.56628
0.55464
0.55522
0.54978
0.56526
0.56342
0.57458
0.56878
0.5702
0.57398
0.58108
0.58136
0.56728
0.55974
0.56992
0.56608
0.55916
0.56204
0.54504
0.56362
0.54994
0.5488
0.54222
0.56196
0.56194
0.55368
0.54512
0.55022
0.54404
0.5532
0.56516
0.5654
0.56892
0.5682
0.5683
0.57406
0.57374
0.56618
0.5571
0.5557
0.5521
0.56158
0.56136
0.57074
0.56254
0.56366
0.5589
0.54962
0.54938
0.54326
0.55382
0.55578
0.5646
0.56582
0.5651
0.56992
0.56862
0.58024
0.57512
0.56536
0.56416
0.5715
0.56804
0.56772
0.57854
0.56846
0.55814
0.56306
0.56024
0.56118
0.57022
0.56652
0.56244
0.55526
0.55122
0.56328
0.56016
0.56976
0.5727
0.5655
0.568
0.55614
0.56002
0.56816
0.56962
0.56456
0.55694
0.56102
0.55408
0.55588
0.55948
0.54234
0.55434
0.5624
0.56754
0.56938
0.567
0.56062
0.5665
0.57468
0.56628
0.56268
0.55504
0.55864
0.55924
0.55172
0.57056
0.55932
0.5538
0.54866
0.55052
0.55034
0.56038
0.5644
0.56058
0.56128
0.56048
0.57108
0.56166
0.5563
0.56116
0.55452
0.5538
0.53824
0.54466
0.5614
0.55908
0.54996
0.56008
0.56646
0.55412
0.56144
0.55984
0.57126
0.56702
0.57088
0.56402
0.56734
0.55844
0.54112
0.54624
0.55922
0.5504
0.56972
0.56498
0.55158
0.55884
0.57086
0.55406
0.5556
0.55952
0.55694
0.56752
0.55646
0.55922
0.55452
0.54868
0.55436
0.55068
0.55846
0.55556
0.56136
0.55584
0.54956
0.55026
0.55134
0.56522
0.56068
0.56864
0.56784
0.56382
0.56008
0.56482
0.56558
0.5722
0.55648
0.56218
0.56312
0.55832
0.56248
0.55086
0.55756
0.55904
0.54168
0.54578
0.54432
0.56198
0.56698
0.56924
0.57404
0.57582
0.57344
0.57072
0.5727
0.56076
0.56198
0.57388
0.562
0.56968
0.55418
0.5547
0.56124
0.5639
0.57146
0.56984
0.56692
0.57
0.56928
0.56138
0.56176
0.55868
0.55738
0.54732
0.54498
0.56216
0.56696
0.54974
0.55852
0.56824
0.5553
0.55774
0.55682
0.54634
0.56578
0.565
0.56728
0.56518
0.57456
0.55848
0.5607
0.56002
0.56176
0.56116
0.56224
0.55844
0.56062
0.56624
0.5675
0.55522
0.5558
0.5562
0.55524
0.55618
0.55846
0.56224
0.56924
0.56658
0.55966
0.55458
0.56474
0.56654
0.55826
0.55252
0.54824
0.5554
0.54996
0.55762
0.54994
0.56016
0.56296
0.5627
0.55234
0.56356
0.56296
0.56294
0.56894
0.57364
0.57868
0.57142
0.57284
0.57352
0.56788
0.56258
0.55348
0.57028
0.56306
0.56978
0.56014
0.56604
0.56346
0.5601
0.56126
0.55704
0.56856
0.55416
0.55508
0.55392
0.56672
0.56784
0.5623
0.56066
0.55546
0.56188
0.55296
0.55926
0.5574
0.5647
0.5577
0.56144
0.5646
0.57248
0.56194
0.55926
0.55312
0.56278
0.56714
0.56792
0.5599
0.56928
0.57244
0.56342
0.57004
0.56708
0.56018
0.55906
0.56726
0.5773
0.57346
0.5609
0.56358
0.55424
0.5581
0.56804
0.5663
0.57444
0.57846
0.58394
0.5776
0.56122
0.56032
0.56088
0.55116
0.55732
0.55584
0.56428
0.5629
0.55494
0.56034
0.56202
0.56418
0.57252
0.57076
0.56936
0.56996
0.56804
0.57118
0.5614
0.55296
0.55494
0.55788
0.55906
0.5556
0.54714
0.5481
0.5558
0.55062
0.54764
0.56236
0.5642
0.56664
0.57414
0.5681
0.55644
0.55814
0.562
0.56682
0.56324
0.5757
0.56582
0.5637
0.571
0.55958
0.55776
0.5652
0.56966
0.55992
0.55616
0.54742
0.55664
0.5581
0.5564
0.55768
0.57148
0.56064
0.55836
0.56776
0.55508
0.54932
0.55664
0.5677
0.57184
0.56678
0.5799
0.56924
0.56292
0.55862
0.5573
0.56116
0.55782
0.55482
0.56276
0.5493
0.55738
0.56084
0.56186
0.55706
0.56894
0.56866
0.57044
0.56484
0.5729
0.57212
0.55622
0.56276
0.55274
0.55414
0.55582
0.54938
0.54594
0.55158
0.5547
0.56604
0.5642
0.5611
0.56828
0.56826
0.57656
0.56624
0.57146
0.5723
0.56192
0.55492
0.5682
0.5812
0.55756
0.56512
0.57052
0.56148
0.56204
0.562
0.562
0.5605
0.57212
0.56606
0.56556
0.56196
0.55686
0.5596
0.57474
0.56794
0.56106
0.56874
0.56686
0.5556
0.55306
0.54848
0.56034
0.55446
0.55712
0.55288
0.55694
0.54984
0.55768
0.55854
0.56208
0.56054
0.55358
0.5577
0.55722
0.56218
0.55996
0.56436
0.55564
0.55506
0.56144
0.55954
0.55716
0.55852
0.55446
0.55374
0.56032
0.56352
0.56454
0.57068
0.55818
0.5536
0.5534
0.55314
0.56438
0.57092
0.57128
0.56996
