-0.2924
-0.27898
-0.29134
-0.30362
-0.30102
-0.28598
-0.28422
-0.27758
-0.2774
-0.30158
-0.2921
-0.30162
-0.28816
-0.2832
-0.28954
-0.28764
-0.28978
-0.29614
-0.30474
-0.2871
-0.2969
-0.2875
-0.28866
-0.2972
-0.2863
-0.27944
-0.28958
-0.27812
-0.28612
-0.2863
-0.29376
-0.30028
-0.304
-0.3191
-0.30278
-0.29314
-0.28072
-0.29536
-0.29806
-0.29484
-0.28672
-0.28146
-0.28448
-0.27324
-0.27836
-0.29976
-0.28208
-0.28296
-0.28714
-0.29702
-0.29336
-0.2976
-0.3058
-0.28442
-0.27964
-0.28066
-0.29246
-0.29646
-0.28772
-0.28258
-0.29066
-0.29174
-0.28078
-0.28958
-0.28958
-0.28992
-0.29092
-0.29014
-0.29448
-0.3047
-0.30716
-0.29756
-0.28918
-0.30066
-0.29684
-0.29104
-0.2895
-0.28008
-0.29332
-0.29666
-0.2918
-0.2979
-0.27892
-0.2783
-0.28724
-0.29618
-0.3035
-0.29868
-0.28716
-0.293
-0.30468
-0.2816
-0.2802
-0.28678
-0.27476
-0.27564
-0.28006
-0.27902
-0.26934
-0.28678
-0.29524
-0.30282
-0.29846
-0.31028
-0.29368
-0.29152
-0.2873
-0.29856
-0.27834
-0.283
-0.2783
-0.28664
-0.29084
-0.2869
-0.29366
-0.29016
-0.283
-0.28888
-0.28508
-0.29638
-0.29858
-0.30696
-0.293
-0.28836
-0.28782
-0.2815
-0.27854
-0.29354
-0.30132
-0.29004
-0.28528
-0.29114
-0.28886
-0.30484
-0.2923
-0.29364
-0.30046
-0.28526
-0.30212
-0.29342
-0.29464
-0.29474
-0.29252
-0.29162
-0.29124
-0.29342
-0.29882
-0.29786
-0.28154
-0.28364
-0.288
-0.296
-0.29484
-0.29602
-0.2941
-0.2911
-0.28736
-0.2861
-0.2917
-0.3022
-0.30848
-0.30594
-0.30064
-0.2918
-0.29648
-0.29116
-0.2988
-0.30022
-0.302
-0.31468
-0.31062
-0.30154
-0.29072
-0.29034
-0.29282
-0.29472
-0.29262
-0.27954
-0.28334
-0.2859
-0.28544
-0.27406
-0.27506
-0.28378
-0.28442
-0.29194
-0.30222
-0.29894
-0.3
-0.3047
-0.29574
-0.30558
-0.30222
-0.2892
-0.27342
-0.29862
-0.29774
-0.29794
-0.29868
-0.29994
-0.30368
-0.30332
-0.29184
-0.28734
-0.28024
-0.2908
-0.29284
-0.313
-0.3029
-0.29072
-0.29782
-0.29174
-0.29252
-0.28796
-0.28852
-0.30076
-0.30298
-0.3046
-0.29504
-0.2984
-0.30662
-0.29936
-0.30664
-0.2904
-0.281
-0.29048
-0.29098
-0.29312
-0.29578
-0.29532
-0.28934
-0.2979
-0.28344
-0.28916
-0.29042
-0.28236
-0.2996
-0.31586
-0.30018
-0.2969
-0.29886
-0.30116
-0.29324
-0.29182
-0.29088
-0.29026
-0.29172
-0.29582
-0.30184
-0.30308
-0.29322
-0.30688
-0.28826
-0.3035
-0.2901
-0.28268
-0.30044
-0.31036
-0.2965
-0.28764
-0.28982
-0.29034
-0.27942
-0.2722
-0.29308
-0.28668
-0.28386
-0.28994
-0.28258
-0.29718
-0.28968
-0.2817
-0.28844
-0.29244
-0.28296
-0.28272
-0.27948
-0.27336
-0.29406
-0.2892
-0.2895
-0.2844
-0.28308
-0.29026
-0.29894
-0.2854
-0.28332
-0.29848
-0.29692
-0.30336
-0.2979
-0.29438
-0.28202
-0.28928
-0.29778
-0.28658
-0.292
-0.28124
-0.2738
-0.2756
-0.27584
-0.28696
-0.29438
-0.30176
-0.2804
-0.29332
-0.30338
-0.30084
-0.2963
-0.30664
-0.29094
-0.29304
-0.29008
-0.30184
-0.28706
-0.30808
-0.29544
-0.3092
-0.27848
-0.29254
-0.29452
-0.28458
-0.29482
-0.30158
-0.28828
-0.28938
-0.28394
-0.28032
-0.28844
-0.29676
-0.29936
-0.28614
-0.2859
-0.2844
-0.28498
-0.28798
-0.3035
-0.29282
-0.28776
-0.30476
-0.28296
-0.2788
-0.29694
-0.29806
-0.2817
-0.28412
-0.29226
-0.2979
-0.29242
-0.30178
-0.28898
-0.28408
-0.28612
-0.28602
-0.3017
-0.2965
-0.28196
-0.28848
-0.2987
-0.285
-0.29682
-0.29394
-0.2949
-0.28738
-0.28048
-0.28886
-0.28492
-0.29644
-0.306
-0.28674
-0.28838
-0.28816
-0.2966
-0.29374
-0.29094
-0.2924
-0.28336
-0.30202
-0.29838
-0.3032
-0.28866
-0.2776
-0.28822
-0.3006
-0.28996
-0.2752
-0.2973
-0.29738
-0.30208
-0.30208
-0.30512
-0.29012
-0.2918
-0.29016
-0.2994
-0.29064
-0.29404
-0.29572
-0.29592
-0.29384
-0.3008
-0.29084
-0.29358
-0.2971
-0.29152
-0.29036
-0.2982
-0.30208
-0.30406
-0.30686
-0.28338
-0.2847
-0.2947
-0.29678
-0.2904
-0.29668
-0.28916
-0.28054
-0.2915
-0.29022
-0.2768
-0.28622
-0.28278
-0.2884
-0.30628
-0.3077
-0.28816
-0.29278
-0.28282
-0.28304
-0.29112
-0.2962
-0.2809
-0.28374
-0.29014
-0.31376
-0.29278
-0.29864
-0.30454
-0.2985
-0.29242
-0.29186
-0.29066
-0.30084
-0.2867
-0.28692
-0.2959
-0.2923
-0.29848
-0.3061
-0.28444
-0.2976
-0.29318
-0.29106
-0.29526
-0.29666
-0.29316
-0.30916
-0.29116
-0.29008
-0.28436
-0.29202
-0.30688
-0.29828
-0.27128
-0.28302
-0.28206
-0.28358
-0.29674
-0.29246
-0.29948
-0.29244
-0.3074
-0.29434
-0.29762
-0.29668
-0.29578
-0.27604
-0.29106
-0.2864
-0.28612
-0.29702
-0.28282
-0.2885
-0.29324
-0.2905
-0.30526
-0.30726
-0.2902
-0.29546
-0.30718
-0.29164
-0.2927
-0.30082
-0.29248
-0.28838
-0.288
-0.29772
-0.29664
-0.29492
-0.28144
-0.27462
-0.28518
-0.3
-0.30188
-0.28834
-0.2875
-0.28896
-0.27804
-0.29092
-0.29802
-0.28608
-0.283
-0.2878
-0.29666
-0.2918
-0.30042
-0.29846
-0.30274
-0.29722
-0.30596
-0.29522
-0.29064
-0.3029
-0.29734
-0.30478
-0.3001
-0.29824
-0.31022
-0.3073
-0.30694
-0.2896
-0.28962
-0.2912
-0.29268
-0.29928
-0.29046
-0.29976
-0.30472
-0.30068
-0.28488
-0.28478
-0.29252
-0.29922
-0.27932
-0.27876
-0.29924
-0.32036
-0.29042
-0.29712
-0.27768
-0.28496
-0.2784
-0.28068
-0.29068
-0.30276
-0.2838
-0.2875
-0.28882
-0.2889
-0.28846
-0.2894
-0.29084
-0.2872
-0.2938
-0.28692
-0.28764
-0.30396
-0.2867
-0.29002
-0.29704
-0.285
-0.28618
-0.28562
-0.28218
-0.29374
-0.28684
-0.28594
-0.2943
-0.30134
-0.288
-0.27918
-0.28522
-0.27616
-0.27464
-0.27608
-0.28134
-0.28848
-0.29694
-0.27528
-0.28522
-0.29118
-0.30108
-0.3031
-0.28644
-0.28922
-0.2963
-0.29942
-0.30046
-0.29954
-0.30778
-0.29832
-0.30034
-0.30046
-0.30272
-0.28912
-0.29536
-0.29366
-0.29704
-0.28616
-0.29398
-0.28518
-0.2841
-0.28638
-0.28152
-0.2811
-0.2809
-0.2914
-0.29622
-0.29866
-0.28178
-0.29002
-0.2885
-0.29098
-0.3101
-0.30348
-0.31016
-0.2913
-0.2894
-0.28534
-0.28668
-0.29578
-0.30022
-0.29518
-0.30784
-0.2882
-0.28542
-0.30166
-0.28804
-0.28988
-0.3025
-0.29752
-0.29028
-0.3025
-0.28952
-0.29978
-0.2876
-0.28718
-0.28876
-0.28986
-0.28594
-0.2847
-0.28358
-0.29538
-0.30566
-0.29418
-0.28384
-0.28368
-0.30944
-0.29714
-0.28628
-0.27732
-0.2753
-0.27292
-0.27432
-0.2945
-0.27862
-0.28398
-0.28858
-0.2944
-0.29068
-0.29338
-0.28258
-0.28444
-0.28184
-0.2758
-0.28738
-0.30488
-0.29402
-0.29982
-0.29588
-0.28766
-0.27482
-0.27398
-0.28666
-0.29664
-0.2986
-0.29986
-0.2951
-0.29854
-0.29432
-0.291
-0.29096
-0.28844
-0.28006
-0.28358
-0.27154
-0.28444
-0.27682
-0.2798
-0.28054
-0.2889
-0.29158
-0.30032
-0.29046
-0.28678
-0.29436
-0.29962
-0.2999
-0.30852
-0.28778
-0.2917
-0.28004
-0.291
-0.2819
-0.29658
-0.2882
-0.30138
-0.29446
-0.2903
-0.30594
-0.29202
-0.3001
-0.28132
-0.28448
-0.27068
-0.27832
-0.28894
-0.28894
-0.28874
-0.29042
-0.2886
-0.29256
-0.3
-0.30556
-0.29856
-0.2933
-0.2844
-0.28886
-0.30432
-0.30086
-0.2883
-0.29662
-0.29982
-0.30024
-0.3031
-0.28712
-0.2975
-0.29624
-0.29522
-0.29624
-0.29422
-0.28482
-0.28436
-0.29296
-0.29916
-0.30588
-0.30096
-0.2985
-0.28206
-0.28692
-0.29778
-0.29068
-0.2947
-0.29374
-0.29394
-0.28682
-0.28948
-0.2803
-0.28468
-0.28348
-0.29026
-0.2933
-0.28624
-0.28222
-0.28282
-0.3012
-0.29054
-0.2952
-0.284
-0.28398
-0.29088
-0.29094
-0.28376
-0.28388
-0.2926
-0.29406
-0.29806
-0.29004
-0.28796
-0.28564
-0.29224
-0.28628
-0.30316
-0.30386
-0.30462
-0.30302
-0.30324
-0.29664
-0.28978
-0.29134
-0.29654
-0.28856
-0.28298
-0.30422
-0.28124
-0.28908
-0.28688
-0.29068
-0.29094
-0.2963
-0.2951
-0.29356
-0.2955
-0.28428
-0.2809
-0.27492
-0.2807
-0.28378
-0.292
-0.29284
-0.2966
-0.29516
-0.2863
-0.28722
-0.27976
-0.28626
-0.29482
-0.29698
-0.29664
-0.30448
-0.3079
-0.30036
-0.29512
-0.29622
-0.29398
-0.2944
-0.28694
-0.30582
-0.30208
-0.2979
-0.30082
-0.29946
-0.29908
-0.29522
-0.29716
-0.2885
-0.28462
-0.28754
-0.2945
-0.301
-0.29808
-0.30366
-0.30694
-0.30832
-0.29484
-0.28982
-0.2871
-0.29432
-0.28072
-0.29704
-0.31186
-0.30874
-0.2964
-0.28114
-0.28292
-0.29546
-0.2946
-0.29686
-0.29348
-0.2825
-0.28214
-0.28518
-0.2792
-0.28778
-0.29112
-0.29684
-0.28502
-0.28464
-0.27518
-0.28396
-0.27834
-0.2845
-0.29436
-0.30712
-0.29628
-0.3021
-0.29942
-0.28698
-0.28848
-0.29346
-0.29058
-0.2802
-0.28218
-0.29668
-0.28848
-0.27514
-0.28168
-0.28328
-0.297
-0.29464
-0.28744
-0.29876
-0.30238
-0.3064
-0.2872
-0.28138
-0.28488
-0.28722
-0.29196
-0.30232
-0.30564
-0.2867
-0.2941
-0.28778
-0.27716
-0.28792
-0.2916
-0.28978
-0.3011
-0.2826
-0.27992
-0.2851
-0.30538
-0.3009
-0.3054
-0.29212
-0.2899
-0.29556
-0.28816
-0.28474
-0.2934
-0.2886
-0.28638
-0.2975
-0.3126
-0.29458
-0.28784
-0.31166
-0.29956
-0.28692
-0.28758
-0.29296
-0.29226
-0.28586
-0.28136
-0.28274
-0.27768
-0.28198
-0.28232
-0.29328
-0.28396
-0.29682
-0.29234
-0.29798
-0.29174
-0.29538
-0.29088
-0.29002
-0.27906
-0.2726
-0.28234
-0.29598
-0.29688
-0.29968
-0.31194
-0.29506
-0.29692
-0.31522
-0.30378
-0.3018
-0.28452
-0.28834
-0.2886
-0.27282
-0.26764
-0.27916
-0.2876
-0.29378
-0.29624
-0.28844
-0.29748
-0.3105
-0.30284
-0.29062
-0.28522
-0.289
-0.3013
-0.3058
-0.29838
-0.2951
-0.27664
-0.28184
-0.28622
-0.28456
-0.29298
-0.29488
-0.28636
-0.29526
-0.28448
-0.28584
-0.27902
-0.28628
-0.28212
-0.28068
-0.27382
-0.27346
-0.29684
-0.29456
-0.28548
-0.29624
-0.29344
-0.29372
-0.28078
-0.28128
-0.2695
-0.26406
-0.27904
-0.28704
-0.29846
-0.29558
-0.2898
-0.29534
-0.29424
-0.28642
-0.28892
-0.28704
-0.29402
-0.28596
-0.2884
-0.28814
-0.30438
-0.30432
-0.29462
-0.29314
-0.2944
-0.28486
-0.28678
-0.29568
-0.29604
-0.28474
-0.28176
-0.28012
-0.27378
-0.27918
-0.28338
-0.29088
-0.29552
-0.28158
-0.28436
-0.28464
-0.29406
-0.29106
-0.30344
-0.299
-0.29766
-0.28054
-0.29086
-0.28936
-0.278
-0.27838
-0.28352
-0.30676
-0.30968
-0.30372
-0.28754
-0.2894
-0.29584
-0.28812
-0.2895
-0.29356
-0.28604
-0.27878
-0.27994
-0.28178
-0.28248
-0.29362
-0.28006
-0.2737
-0.28298
-0.29864
-0.29084
-0.29476
-0.2874
-0.27368
-0.2747
-0.28436
-0.28338
-0.28872
-0.28746
-0.29188
-0.3046
-0.31088
-0.29892
-0.29396
-0.28732
-0.28278
-0.2987
-0.28114
-0.27436
-0.29098
-0.28246
-0.27394
-0.2855
-0.28362
-0.30214
-0.29782
-0.30476
-0.3049
-0.30036
-0.28986
-0.29082
-0.29798
-0.28746
-0.2797
-0.28252
-0.26626
-0.28484
-0.28962
-0.30212
-0.29136
-0.28562
-0.28386
-0.28506
-0.29556
-0.29892
-0.29582
-0.29762
-0.30534
-0.30588
-0.2968
-0.29594
-0.28674
-0.28346
-0.28408
-0.29488
-0.27368
-0.2896
-0.28124
-0.27984
-0.29936
-0.28134
-0.2896
-0.29496
-0.28198
-0.28714
-0.28706
-0.28882
-0.29906
-0.2977
-0.28892
-0.29474
-0.28852
-0.2795
-0.27558
-0.28424
-0.28652
-0.29562
-0.29254
-0.3016
-0.3134
-0.3085
-0.30322
-0.2827
-0.28862
-0.28572
-0.28038
-0.271
-0.28902
-0.29492
-0.28484
-0.27432
-0.27874
-0.2902
-0.2923
-0.2829
-0.29034
-0.29758
-0.2962
-0.27544
-0.29418
-0.3062
-0.3043
-0.30214
-0.29278
-0.30044
-0.28732
-0.29634
-0.29548
-0.30092
-0.30902
-0.29616
-0.3008
-0.28778
-0.28834
-0.30466
-0.3023
-0.28856
-0.29128
-0.29736
-0.29922
-0.29158
-0.30424
-0.30692
-0.30426
-0.29168
-0.29314
-0.30362
-0.29506
-0.311
-0.30396
-0.28954
-0.27688
-0.2887
-0.2982
-0.2953
-0.29416
-0.29212
-0.29502
-0.31016
-0.3041
-0.30046
-0.29304
-0.29164
-0.28696
-0.28012
-0.29172
-0.2998
-0.28286
-0.29988
-0.29332
-0.27516
-0.27974
-0.28082
-0.29594
-0.29542
-0.29056
-0.28292
-0.27058
-0.28808
-0.29332
-0.27172
-0.26578
-0.29128
-0.28722
-0.30236
-0.29674
-0.28798
-0.29086
-0.28682
-0.28858
-0.29054
-0.28622
-0.2733
-0.27882
-0.28174
-0.28568
-0.2951
-0.2965
-0.29004
-0.29148
-0.29384
-0.30102
-0.29322
-0.29944
-0.29132
-0.2995
-0.30202
-0.29166
-0.30056
-0.29438
-0.29428
-0.28194
-0.27856
-0.2829
-0.28906
-0.27968
-0.2925
-0.29426
-0.29566
-0.28398
-0.28876
-0.27334
-0.28426
-0.2959
-0.28722
-0.3025
-0.28764
-0.27724
-0.29532
-0.29852
-0.30086
-0.30146
-0.28868
-0.28706
-0.29892
-0.29474
-0.29482
-0.2942
-0.27798
-0.28776
-0.29274
-0.30142
-0.2926
-0.29368
-0.29074
-0.29186
-0.29986
-0.2882
-0.28302
-0.29246
-0.29104
-0.2921
-0.29368
-0.2875
-0.28514
-0.29298
-0.30026
-0.29262
-0.30074
-0.29952
-0.30474
-0.30098
-0.2977
-0.28918
-0.28538
-0.29
-0.28948
-0.27096
-0.27326
-0.27932
-0.27512
-0.27606
-0.2863
-0.27828
-0.29998
-0.30302
-0.30836
-0.3044
-0.29842
-0.27094
-0.27614
-0.28912
-0.26666
-0.29116
-0.28942
-0.30376
-0.29582
-0.28932
-0.27908
-0.28054
-0.2776
-0.28788
-0.29116
-0.2788
-0.2956
-0.29674
-0.2937
-0.29306
-0.28672
-0.2827
-0.29202
-0.2904
-0.28168
-0.28156
-0.28652
-0.28582
-0.29234
-0.29338
-0.2917
-0.29164
-0.31056
-0.2929
-0.29158
-0.29908
-0.30116
-0.30132
-0.29862
-0.28744
-0.29072
-0.29844
-0.2805
-0.2999
-0.29202
-0.2921
-0.28576
-0.28054
-0.28356
-0.27404
-0.29626
-0.27498
-0.28168
-0.28712
-0.28136
-0.29154
-0.2957
-0.28564
-0.29306
-0.29554
-0.30564
-0.2874
-0.28326
-0.27982
-0.29622
-0.2912
-0.301
-0.29372
-0.28768
-0.2858
-0.29382
-0.29564
-0.28778
-0.29326
-0.28712
-0.28822
-0.29452
-0.29436
-0.29942
-0.30378
-0.30748
-0.29854
-0.29422
-0.28668
-0.28736
-0.29698
-0.28782
-0.29718
-0.29678
-0.29232
-0.29492
-0.30088
-0.27614
-0.27668
-0.28008
-0.27862
-0.27796
-0.28398
-0.2908
-0.294
-0.28288
-0.27126
-0.27826
-0.2876
-0.29096
-0.2986
-0.28614
-0.30022
-0.28284
-0.30406
-0.28762
-0.29634
-0.2896
-0.27008
-0.28634
-0.29192
-0.2919
-0.27398
-0.28366
-0.27548
-0.27632
-0.28774
-0.2888
-0.28588
-0.28516
-0.29132
-0.29576
-0.29306
-0.29698
-0.289
-0.28094
-0.2809
-0.28198
-0.29618
-0.30206
-0.29266
-0.30138
-0.29646
-0.27472
-0.26628
-0.27022
-0.27938
-0.2809
-0.29164
-0.2869
-0.30004
-0.30172
-0.30186
-0.29852
-0.29042
-0.2931
-0.28964
-0.28316
-0.28534
-0.29106
-0.29282
-0.28676
-0.2945
-0.29524
-0.2898
-0.28026
-0.28664
-0.27854
-0.30268
-0.3084
-0.30954
-0.3012
-0.30222
-0.2948
-0.30544
-0.29668
-0.2929
-0.28894
-0.30134
-0.29186
-0.2891
-0.29704
-0.29472
-0.29446
-0.29348
-0.27158
-0.29784
-0.28674
-0.29648
-0.294
-0.2899
-0.29838
-0.29164
-0.29362
-0.30306
-0.28546
-0.2857
-0.27578
-0.28396
-0.28256
-0.29002
-0.27922
-0.29694
-0.2957
-0.29038
-0.28604
-0.27794
-0.28232
-0.29534
-0.29076
-0.2938
-0.2902
-0.30564
-0.309
-0.303
-0.30204
-0.29234
-0.29776
-0.2946
-0.30128
-0.30694
-0.30374
-0.29428
-0.28884
-0.2921
-0.28324
-0.29484
-0.2835
-0.28222
-0.28558
-0.28928
-0.2839
-0.29508
-0.2961
-0.30722
-0.3047
-0.29534
-0.30378
-0.28096
-0.29748
-0.28694
-0.28896
-0.29628
-0.29858
-0.30408
-0.29632
-0.28074
-0.2971
-0.30044
-0.28426
-0.27356
-0.2922
-0.30512
-0.3035
-0.2968
-0.29132
-0.29442
-0.29106
-0.28428
-0.29346
-0.29944
-0.30604
-0.3015
-0.30302
-0.29778
-0.29254
-0.28092
-0.29974
-0.29738
-0.2892
-0.29026
-0.28346
-0.287
-0.29346
-0.2906
-0.30002
-0.30106
-0.29456
-0.28802
-0.28904
-0.28776
-0.29606
-0.28156
-0.27982
-0.28136
-0.27904
-0.28678
-0.28476
-0.28078
-0.28242
-0.28926
-0.2797
-0.28772
-0.28176
-0.29036
-0.28462
-0.2812
-0.29226
-0.28432
-0.27892
-0.2884
-0.296
-0.29038
-0.29132
-0.29602
-0.28756
-0.27978
-0.27714
-0.27404
-0.28846
-0.284
-0.28672
-0.28188
-0.29324
-0.2837
-0.28528
-0.29036
-0.29256
-0.3004
-0.29934
-0.29034
-0.29558
-0.2873
-0.288
-0.29008
-0.2838
-0.28962
-0.29904
-0.28916
-0.29304
-0.28204
-0.27262
-0.28246
-0.28844
-0.29416
-0.29824
-0.29832
-0.2985
-0.29378
-0.28774
-0.28682
-0.28462
-0.2851
-0.28732
-0.29436
-0.28494
-0.29508
-0.29604
-0.29296
-0.28702
-0.296
-0.30216
-0.30746
-0.29876
-0.29472
-0.29002
-0.2787
-0.28428
-0.27942
-0.27738
-0.27968
-0.28114
-0.27664
-0.29474
-0.29254
-0.29332
-0.29432
-0.28744
-0.28998
-0.29334
-0.26892
-0.27306
-0.27188
-0.28418
-0.27702
-0.27944
-0.29288
-0.28468
-0.28246
-0.28408
-0.27656
-0.2777
-0.27336
-0.28294
-0.27218
-0.2793
-0.27954
-0.27274
-0.2888
-0.27394
-0.29082
-0.27568
-0.2814
-0.28674
-0.29606
-0.2927
-0.29582
-0.29632
-0.29672
-0.28958
-0.27982
-0.29474
-0.29924
-0.28546
-0.29148
-0.29068
-0.29218
-0.29982
-0.29912
-0.29212
-0.2907
-0.28526
-0.29684
-0.29456
-0.29362
-0.28376
-0.30368
-0.30012
-0.29632
-0.29954
-0.28724
-0.2886
-0.28234
-0.28768
-0.30132
-0.29156
-0.2939
-0.2913
-0.29368
-0.28034
-0.29098
-0.28692
-0.28976
-0.28294
-0.28014
-0.28656
-0.29118
-0.29714
-0.28538
-0.28398
-0.29222
-0.27982
-0.27454
-0.27906
-0.29292
-0.289
-0.28002
-0.28744
-0.2834
-0.29542
-0.30824
-0.3106
-0.2891
-0.29536
-0.28718
-0.28562
-0.27988
-0.27516
-0.26628
-0.2827
-0.29166
-0.29228
-0.2902
-0.2889
-0.29436
-0.27656
-0.29132
-0.28936
-0.26948
-0.26946
-0.2809
-0.2781
-0.27804
-0.2809
-0.29176
-0.28388
-0.27876
-0.28476
-0.29248
-0.29146
-0.29372
-0.30146
-0.30266
-0.3001
-0.30346
-0.28642
-0.29146
-0.29364
-0.29758
-0.29334
-0.28386
-0.2745
-0.2851
-0.29784
-0.28568
-0.28766
-0.27748
-0.2834
-0.2848
-0.28722
-0.28678
-0.27918
-0.28932
-0.29412
-0.28508
-0.28822
-0.30078
-0.30044
-0.29872
-0.29904
-0.28896
-0.29126
-0.2949
-0.29368
-0.2962
-0.28686
-0.29584
-0.29572
-0.29158
-0.28804
-0.30218
-0.3014
-0.28946
-0.28968
-0.29118
-0.29798
-0.29818
-0.29356
-0.29402
-0.28184
-0.27792
-0.28262
-0.29176
-0.27334
-0.29652
-0.2955
-0.28858
-0.29012
-0.28174
-0.30168
-0.2941
-0.29022
-0.28798
-0.28444
-0.28172
-0.2843
-0.2806
-0.27412
-0.27114
-0.27186
-0.28928
-0.28384
-0.2937
-0.2927
-0.2894
-0.29124
-0.29396
-0.28844
-0.30512
-0.30074
-0.2982
-0.28832
-0.2872
-0.2753
-0.27686
-0.28126
-0.28122
-0.28628
-0.29002
-0.29322
-0.29438
-0.30244
-0.31612
-0.30376
-0.30508
-0.2862
-0.29362
-0.29878
-0.27728
-0.27834
-0.28286
-0.29114
-0.30102
-0.30054
-0.2958
-0.29248
-0.2852
-0.27688
-0.27176
-0.28204
-0.29458
-0.29018
-0.28604
-0.2971
-0.27704
-0.293
-0.30054
-0.29754
-0.2907
-0.2802
-0.28032
-0.2824
-0.28306
-0.28592
-0.28812
-0.2734
-0.27318
-0.27796
-0.28686
-0.30362
-0.29578
-0.2895
-0.29496
-0.30328
-0.31202
-0.30704
-0.30144
-0.29146
-0.30934
-0.30514
-0.29026
-0.27964
-0.27512
-0.271
-0.27012
-0.2797
-0.28572
-0.29082
-0.2943
-0.29734
-0.28896
-0.29094
-0.296
-0.27338
-0.27104
-0.27298
-0.26688
-0.28522
-0.29004
-0.30626
-0.30724
-0.30902
-0.29624
-0.29228
-0.29098
-0.28258
-0.29264
-0.28992
-0.29704
-0.29302
-0.28972
-0.28128
-0.27436
-0.28812
-0.29132
-0.27744
-0.2778
-0.27816
-0.28192
-0.2807
-0.2845
-0.29902
-0.28724
-0.28566
-0.28088
-0.2828
-0.28526
-0.28926
-0.27516
-0.28496
-0.28722
-0.28566
-0.27858
-0.28288
-0.29178
-0.29378
-0.28896
-0.31074
-0.29018
-0.29332
-0.29522
-0.28936
-0.30462
-0.29382
-0.2832
-0.30176
-0.2965
-0.30196
-0.29528
-0.28134
-0.27756
-0.27364
-0.28214
-0.27914
-0.27624
-0.2749
-0.28484
-0.28564
-0.2981
-0.30988
-0.29464
-0.30374
-0.28258
-0.28254
-0.2934
-0.30436
-0.30268
-0.30592
-0.29004
-0.2961
-0.29132
-0.29448
-0.29708
-0.2926
-0.28178
-0.2965
-0.30884
-0.3077
-0.29412
-0.28866
-0.2863
-0.29176
-0.29852
-0.29652
-0.2987
-0.28686
-0.28812
-0.29064
-0.2959
-0.29448
-0.29212
-0.2849
-0.28282
-0.2758
-0.27044
-0.27226
-0.27448
-0.2705
-0.28534
-0.27648
-0.28188
-0.29498
-0.3022
-0.28874
-0.27488
-0.29266
-0.28408
-0.2919
-0.29802
-0.2936
-0.28606
-0.29836
-0.29216
-0.28418
-0.2834
-0.2945
-0.28944
-0.28472
-0.28244
-0.28026
-0.30832
-0.29036
-0.27966
-0.291
-0.30132
-0.27754
-0.28868
-0.29496
-0.29302
-0.29232
-0.28868
-0.28448
-0.3
-0.29648
-0.28774
-0.28468
-0.28232
-0.28648
-0.2816
-0.28402
-0.28468
-0.28374
-0.29198
-0.29272
-0.29592
-0.30012
-0.2908
-0.29856
-0.29552
-0.29178
-0.29758
-0.28668
-0.28772
-0.284
-0.28938
-0.30918
-0.31324
-0.29618
-0.30864
-0.29066
-0.2945
-0.30092
-0.29936
-0.31012
-0.30616
-0.30214
-0.30692
-0.30192
-0.3012
-0.29792
-0.28622
-0.29284
-0.2813
-0.28478
-0.28402
-0.27658
-0.28462
-0.2815
-0.2773
-0.27692
-0.29536
-0.28384
-0.28796
-0.28846
-0.29812
-0.29686
-0.28622
-0.27744
-0.2727
-0.28922
-0.29124
-0.27986
-0.29384
-0.29226
-0.28528
-0.29258
-0.30674
-0.30412
-0.2917
-0.29272
-0.29896
-0.29494
-0.30094
-0.29424
-0.28216
-0.2994
-0.27772
-0.2785
-0.29064
-0.29874
-0.29234
-0.29394
-0.29456
-0.30234
-0.31118
-0.30484
-0.29732
-0.30326
-0.29508
-0.29228
-0.27642
-0.29048
-0.29598
-0.2882
-0.28988
-0.29408
-0.29708
-0.28906
-0.27308
-0.30232
-0.3027
-0.29274
-0.30058
-0.28786
-0.28974
-0.3136
-0.29756
-0.29398
-0.2918
-0.28774
-0.2904
-0.2815
-0.2832
-0.29494
-0.29568
-0.29024
-0.27654
-0.28404
-0.26888
-0.28324
-0.28858
-0.29752
-0.29862
-0.29512
-0.2973
-0.30524
-0.28972
-0.28998
-0.29452
-0.2867
-0.291
-0.29172
-0.27036
-0.28832
-0.28532
-0.2876
-0.30382
-0.29306
-0.29118
-0.2976
-0.29552
-0.28314
-0.28772
-0.2936
-0.29776
-0.296
-0.29262
-0.3009
-0.30302
-0.3104
-0.29744
-0.28896
-0.2792
-0.2744
-0.29574
-0.29818
-0.29328
-0.28168
-0.29236
-0.2748
-0.27664
-0.2679
-0.28088
-0.28938
-0.29398
-0.27328
-0.27344
-0.26588
-0.28886
-0.28174
-0.27746
-0.2889
-0.30728
-0.31316
-0.30296
-0.29608
-0.3031
-0.30638
-0.30704
-0.28076
-0.2836
-0.29544
-0.2826
-0.2735
-0.2863
-0.29166
-0.28806
-0.27758
-0.28232
-0.2805
-0.27822
-0.28328
-0.285
-0.28606
-0.28674
-0.27852
-0.28196
-0.28336
-0.28776
-0.28872
-0.2985
-0.31458
-0.3077
-0.29594
-0.2955
-0.29486
-0.28172
-0.27702
-0.28362
-0.2759
-0.29586
-0.29788
-0.29826
-0.29574
-0.29576
-0.29332
-0.28422
-0.29236
-0.28992
-0.279
-0.28446
-0.28494
-0.27856
-0.28572
-0.29036
-0.28524
-0.29936
-0.29912
-0.29098
-0.28896
-0.2934
-0.28734
-0.29944
-0.29352
-0.29658
-0.28248
-0.29014
-0.2995
-0.29638
-0.29474
-0.28568
-0.27182
-0.29302
-0.3032
-0.29726
-0.30146
-0.30268
-0.29254
-0.2839
-0.30028
-0.29708
-0.29468
-0.28324
-0.2924
-0.29274
-0.29758
-0.29718
-0.31506
-0.29732
-0.29774
-0.29362
-0.29616
-0.29738
-0.29454
-0.3013
-0.29908
-0.29068
-0.30238
-0.30604
-0.29178
-0.29802
-0.2912
-0.29214
-0.29784
-0.29254
-0.2896
-0.28256
-0.29868
-0.28576
-0.28572
-0.28226
-0.28944
-0.2834
-0.28846
-0.27708
-0.27254
-0.27876
-0.2801
-0.2683
-0.2829
-0.27598
-0.27794
-0.28786
-0.28628
-0.27828
-0.29092
-0.29634
-0.29228
-0.28848
-0.2895
-0.29364
-0.29756
-0.29558
-0.28332
-0.28946
-0.28444
-0.28298
-0.28226
-0.2926
-0.29644
-0.2882
-0.2928
-0.29902
-0.30356
-0.30058
-0.30622
-0.30222
-0.3021
-0.28442
-0.2855
-0.29398
-0.2723
-0.27518
-0.28864
-0.29118
-0.29394
-0.29958
-0.29844
-0.30278
-0.29958
-0.29156
-0.28604
-0.27968
-0.28832
-0.29242
-0.28674
-0.29014
-0.28866
-0.2878
-0.2911
-0.28448
-0.29704
-0.3076
-0.29448
-0.29228
-0.3026
-0.29238
-0.29746
-0.28346
-0.29282
-0.28012
-0.28622
-0.28438
-0.28436
-0.27726
-0.28942
-0.28232
-0.27942
-0.2894
-0.2956
-0.2814
-0.27544
-0.27042
-0.27992
-0.27424
-0.27482
-0.27896
-0.27376
-0.28354
-0.28182
-0.29128
-0.30676
-0.29978
-0.29536
-0.29258
-0.30214
-0.30862
-0.30982
-0.302
-0.30134
-0.29528
-0.3008
-0.28724
-0.2881
-0.3036
-0.30868
-0.30252
-0.30154
-0.28412
-0.28454
-0.3018
-0.29822
-0.2997
-0.2944
-0.30552
-0.30224
-0.29418
-0.28522
-0.30486
-0.28346
-0.28208
-0.28004
-0.28232
-0.2834
-0.28806
-0.3049
-0.30554
-0.29984
-0.29804
-0.27782
-0.28472
-0.27944
-0.27824
-0.27816
-0.2789
-0.29124
-0.28338
-0.29264
-0.28424
-0.29068
-0.28802
-0.30158
-0.30524
-0.30474
-0.29532
-0.30116
-0.2954
-0.28578
-0.2855
-0.27998
-0.28684
-0.2916
-0.28844
-0.2844
-0.2937
-0.2888
-0.2891
-0.2705
-0.29398
-0.29244
-0.28926
-0.28774
-0.29282
-0.29866
-0.2982
-0.30564
-0.28706
-0.27354
-0.2813
-0.27966
-0.29468
-0.28742
-0.28762
-0.29364
-0.29506
-0.30044
-0.30024
-0.29218
-0.29382
-0.29112
-0.29654
-0.30216
-0.29238
-0.28754
-0.27682
-0.27942
-0.28534
-0.28644
-0.29222
-0.29556
-0.29158
-0.28426
-0.27556
-0.2698
-0.29222
-0.28834
-0.2929
-0.28576
-0.2984
-0.3032
-0.29494
-0.288
-0.28922
-0.28342
-0.30174
-0.29548
-0.29548
-0.29068
-0.28426
-0.29464
-0.30558
-0.28798
-0.28492
-0.27276
-0.28556
-0.29326
-0.2872
-0.29036
-0.30164
-0.2943
-0.3095
-0.30164
-0.28624
-0.30244
-0.2918
-0.29442
-0.28052
-0.26982
-0.2934
-0.28354
-0.2755
-0.2819
-0.2853
-0.30474
-0.2904
-0.28966
-0.28348
-0.28566
-0.29296
-0.30272
-0.2984
-0.29382
-0.3072
-0.29358
-0.3026
-0.30264
-0.28876
-0.28248
-0.2893
-0.28616
-0.28394
-0.28758
-0.29314
-0.28146
-0.27568
-0.27652
-0.2919
-0.2787
-0.28224
-0.27886
-0.29854
-0.28756
-0.28368
-0.28192
-0.29174
-0.29246
-0.28588
-0.2863
-0.29456
-0.29374
-0.29822
-0.29058
-0.28444
-0.3012
-0.31472
-0.29902
-0.28394
-0.29324
-0.29094
-0.28952
-0.29374
-0.28614
-0.28714
-0.2815
-0.27894
-0.28158
-0.27854
-0.27662
-0.29498
-0.28278
-0.26482
-0.276
-0.29132
-0.28474
-0.29228
-0.29916
-0.29018
-0.29708
-0.2849
-0.28608
-0.29932
-0.3049
-0.29942
-0.30232
-0.2986
-0.29572
-0.29342
-0.2962
-0.29
-0.27734
-0.2868
-0.29094
-0.28154
-0.2927
-0.28766
-0.29022
-0.285
-0.27866
-0.276
-0.274
-0.28112
-0.27862
-0.28894
-0.28052
-0.2922
-0.29604
-0.28506
-0.28066
-0.29744
-0.28992
-0.28206
-0.29646
-0.29358
-0.28672
-0.299
-0.28718
-0.29438
-0.2913
-0.3009
-0.28642
-0.30428
-0.30048
-0.31142
-0.29768
-0.29234
-0.29264
-0.30008
-0.3034
-0.29822
-0.30176
-0.30158
-0.30444
-0.29482
-0.28686
-0.28796
-0.288
-0.29484
-0.2971
-0.30238
-0.30482
-0.28982
-0.28942
-0.2926
-0.29946
-0.29394
-0.2835
-0.27946
-0.28726
-0.2905
-0.29662
-0.30614
-0.30782
-0.2889
-0.29432
-0.29946
-0.28792
-0.26856
-0.282
-0.30232
-0.29092
-0.28558
-0.28808
-0.28754
-0.29508
-0.28578
-0.29368
-0.28592
-0.28998
-0.28722
-0.2801
-0.28938
-0.27668
-0.27252
-0.28038
-0.27998
-0.28112
-0.28948
-0.2888
-0.29198
-0.28088
-0.28512
-0.29726
-0.28674
-0.29438
-0.29042
-0.2867
-0.2902
-0.29116
-0.30006
-0.29058
-0.28508
-0.31208
-0.29408
-0.30524
-0.3093
-0.302
-0.29644
-0.29024
-0.29236
-0.2841
-0.28812
-0.2981
-0.28834
-0.30528
-0.29292
-0.28936
-0.296
-0.28506
-0.28132
-0.28244
-0.29766
-0.29426
-0.28572
-0.29294
-0.28528
-0.27872
-0.29874
-0.28298
-0.2903
-0.30804
-0.29074
-0.30076
-0.29882
-0.28536
-0.30634
-0.31532
-0.29918
-0.30272
-0.29304
-0.3002
-0.2957
-0.29484
-0.27196
-0.2844
-0.28744
-0.28574
-0.28798
-0.27648
-0.28072
-0.29022
-0.28072
-0.28504
-0.2888
-0.2807
-0.30102
-0.28556
-0.28626
-0.28952
-0.29726
-0.2858
-0.28928
-0.29328
-0.29218
-0.30566
-0.28656
-0.2744
-0.27212
-0.28626
-0.2908
-0.29554
-0.28996
-0.2952
-0.29438
-0.28406
-0.27516
-0.2861
-0.2754
-0.28448
-0.28536
-0.29568
-0.2995
-0.27906
-0.30228
-0.29004
-0.28476
-0.30042
-0.3023
-0.2922
-0.29254
-0.27926
-0.28444
-0.2812
-0.28898
-0.2943
-0.3051
-0.2948
-0.29262
-0.28536
-0.2969
-0.29714
-0.304
-0.30426
-0.2901
-0.29438
-0.27936
-0.28486
-0.28176
-0.29088
-0.28562
-0.2922
-0.29478
-0.30786
-0.28808
-0.29014
-0.2909
-0.28138
-0.28708
-0.2855
-0.28968
-0.2941
-0.28154
-0.2957
-0.28636
-0.28048
-0.274
-0.27396
-0.29398
-0.28896
-0.29024
-0.29506
-0.30662
-0.30346
-0.2946
-0.30822
-0.29774
-0.29334
-0.2911
-0.29886
-0.29176
-0.2988
-0.28856
-0.2946
-0.2853
-0.28898
-0.2899
-0.2887
-0.29914
-0.2852
-0.27816
-0.26624
-0.29442
-0.29598
-0.2959
-0.31116
-0.29886
-0.29052
-0.28096
-0.30382
-0.293
-0.29228
-0.2983
-0.30694
-0.30366
-0.2956
-0.30546
-0.31304
-0.30384
-0.293
-0.28792
-0.2787
-0.28462
-0.29282
-0.30112
-0.30574
-0.29476
-0.28232
-0.2823
-0.2857
-0.28392
-0.28948
-0.294
-0.30704
-0.30162
-0.2982
-0.30902
-0.30522
-0.29932
-0.29308
-0.2898
-0.29966
-0.3063
-0.29386
-0.31096
-0.29118
-0.29868
-0.29798
-0.2883
-0.2957
-0.2922
-0.28732
-0.29574
-0.29256
-0.30326
-0.2948
-0.29902
-0.3012
-0.29344
-0.30202
-0.2894
-0.28178
-0.28972
-0.2977
-0.28726
-0.2791
-0.28968
-0.28192
-0.2744
-0.28546
-0.28924
-0.26822
-0.29206
-0.31058
-0.30178
-0.29304
-0.30142
-0.29432
-0.29592
-0.2996
-0.29078
-0.2852
-0.2886
-0.2846
-0.29472
-0.29726
-0.29536
-0.28528
-0.28512
-0.28416
-0.28508
-0.2844
-0.30228
-0.30496
-0.3088
-0.29726
-0.30606
-0.28914
-0.29384
-0.28488
-0.29104
-0.29186
-0.2893
-0.28556
-0.3048
-0.29584
-0.30446
-0.30276
-0.2935
-0.293
-0.29088
-0.30074
-0.28806
-0.29406
-0.29538
-0.2946
-0.30212
-0.29754
-0.29564
-0.29008
-0.29906
-0.29652
-0.29314
-0.30432
-0.30836
-0.3028
-0.28828
-0.29302
-0.31206
-0.28632
-0.2747
-0.28368
-0.29446
-0.29218
-0.29358
-0.28512
-0.28326
-0.2841
-0.3032
-0.2981
-0.29352
-0.29444
-0.29044
-0.2994
-0.3008
-0.29352
-0.30208
-0.29956
-0.28158
-0.2825
-0.2782
-0.28584
-0.28498
-0.28254
-0.2945
-0.28504
-0.29042
-0.30216
-0.29394
-0.28566
-0.27576
-0.27974
-0.29282
-0.29076
-0.2872
-0.28518
-0.28532
-0.29298
-0.29544
-0.29936
-0.29396
-0.2993
-0.2965
-0.29632
-0.29446
-0.29848
-0.29244
-0.2886
-0.29924
-0.27844
-0.2833
-0.28548
-0.27806
-0.28478
-0.29342
-0.29204
-0.28228
-0.28982
-0.28584
-0.29506
-0.29186
-0.29946
-0.2917
-0.28876
-0.2936
-0.2902
-0.28462
-0.28514
-0.30228
-0.30424
-0.29336
-0.30502
-0.29484
-0.2971
-0.30548
-0.28634
-0.284
-0.28918
-0.2982
-0.28678
-0.2902
-0.2862
-0.28066
-0.29132
-0.2882
-0.28304
-0.28058
-0.28632
-0.29582
-0.2861
-0.2887
-0.289
-0.29188
-0.29038
-0.2974
-0.29204
-0.2956
-0.29228
-0.29134
-0.28292
-0.28116
-0.28458
-0.2893
-0.28652
-0.28372
-0.29068
-0.28832
-0.28044
-0.28972
-0.28648
-0.28978
-0.29796
-0.29496
-0.29786
-0.28088
-0.27786
-0.27936
-0.29018
-0.27222
-0.29062
-0.29302
-0.28384
-0.29372
-0.28458
-0.30032
-0.28952
-0.28806
-0.28442
-0.29344
-0.30698
-0.30388
-0.28634
-0.2778
-0.30102
-0.2947
-0.29032
-0.2827
-0.2878
-0.28698
-0.28614
-0.27758
-0.2949
-0.29614
-0.2971
-0.29106
-0.27892
-0.28638
-0.28326
-0.295
-0.29594
-0.28302
-0.27648
-0.28458
-0.27966
-0.28872
-0.287
-0.29346
-0.29342
-0.28184
-0.29876
-0.29362
-0.28128
-0.28446
-0.28598
-0.28156
-0.2805
-0.2677
-0.27364
-0.2732
-0.29834
-0.2919
-0.27976
-0.28372
-0.28666
-0.29652
-0.30768
-0.29614
-0.30526
-0.28112
-0.29288
-0.29468
-0.28872
-0.28538
-0.30364
-0.27984
-0.27848
-0.2727
-0.28852
-0.29722
-0.28802
-0.30242
-0.29364
-0.31094
-0.30058
-0.28992
-0.28158
-0.27466
-0.28206
-0.27628
-0.29946
-0.29202
-0.28276
-0.29294
-0.29316
-0.29688
-0.28438
-0.27918
-0.28666
-0.28616
-0.27992
-0.29424
-0.30092
-0.30724
-0.29336
-0.2934
-0.29958
-0.28264
-0.30672
-0.306
-0.30002
-0.31646
-0.29614
-0.28984
-0.28678
-0.28444
-0.30096
-0.29644
-0.29468
-0.30754
-0.28938
-0.2927
-0.28294
-0.2948
-0.28636
-0.29298
-0.30204
-0.31638
-0.30246
-0.29136
-0.28886
-0.28488
-0.2868
-0.28412
-0.2884
-0.2953
-0.3058
-0.29296
-0.28836
-0.29294
-0.26752
-0.29026
-0.2829
-0.27224
-0.28296
-0.29442
-0.29228
-0.27058
-0.27204
-0.28488
-0.2876
-0.29916
-0.28188
-0.28208
-0.28276
-0.28304
-0.28086
-0.2854
-0.29658
-0.28816
-0.2875
-0.28588
-0.29828
-0.28944
-0.29262
-0.28088
-0.29132
-0.30412
-0.2936
-0.28082
-0.28054
-0.28374
-0.27798
-0.29058
-0.28564
-0.28582
-0.29372
-0.28166
-0.28766
-0.29898
-0.30224
-0.2939
-0.27958
-0.28542
-0.29342
-0.3108
-0.3048
-0.28762
-0.28436
-0.28494
-0.2778
-0.29122
-0.2792
-0.27744
-0.27862
-0.28804
-0.293
-0.28632
-0.2895
-0.28846
-0.2813
-0.2795
-0.28194
-0.28672
-0.29574
-0.28436
-0.28608
-0.29302
-0.29536
-0.29026
-0.28426
-0.29186
-0.28758
-0.28172
-0.27996
-0.27708
-0.29116
-0.27738
-0.29334
-0.3033
-0.29396
-0.28332
-0.29244
-0.27892
-0.29052
-0.2931
-0.30622
-0.29178
-0.29098
-0.29656
-0.28534
-0.28444
-0.29258
-0.28412
-0.29048
-0.29202
-0.2878
-0.28436
-0.28702
-0.27978
-0.28248
-0.29904
-0.30052
-0.2866
-0.28884
-0.27642
-0.29236
-0.29362
-0.29782
-0.28038
-0.27522
-0.28
-0.28768
-0.28544
-0.29814
-0.284
-0.28396
-0.285
-0.27402
-0.28466
-0.29742
-0.28852
-0.28648
-0.28192
-0.3038
-0.29066
-0.29752
-0.29116
-0.29482
-0.29024
-0.28976
-0.28988
-0.28286
-0.28102
-0.27
-0.26986
-0.27304
-0.27998
-0.2774
-0.29158
-0.3031
-0.29218
-0.28792
-0.28436
-0.2875
-0.30084
-0.29506
-0.29982
-0.28986
-0.27978
-0.2797
-0.27526
-0.28144
-0.29384
-0.2861
-0.29946
-0.29324
-0.29528
-0.28724
-0.28656
-0.27572
-0.28208
-0.3014
-0.28624
-0.29568
-0.2951
-0.29974
-0.29824
-0.27588
-0.27948
-0.2807
-0.26912
-0.27406
-0.278
-0.29656
-0.30342
-0.30794
-0.29856
-0.29388
-0.30162
-0.3031
-0.29334
-0.29312
-0.28742
-0.28712
-0.28396
-0.2769
-0.28802
-0.27488
-0.27196
-0.28508
-0.28798
-0.28982
-0.28212
-0.28358
-0.29472
-0.30788
-0.29438
-0.29384
-0.29542
-0.29374
-0.28818
-0.29402
-0.2996
-0.30422
-0.29476
-0.2974
-0.2909
-0.28856
-0.28088
-0.30142
-0.29984
-0.2918
-0.28568
-0.298
-0.28614
-0.28358
-0.2902
-0.30056
-0.30198
-0.29824
-0.28552
-0.29736
-0.29452
-0.28108
-0.28972
-0.29164
-0.29782
-0.29026
-0.2876
-0.29632
-0.299
-0.29846
-0.28616
-0.29062
-0.28212
-0.27324
-0.28434
-0.28056
-0.28778
-0.29906
-0.2891
-0.29766
-0.28248
-0.30178
-0.29236
-0.29516
-0.30014
-0.2837
-0.2766
-0.3021
-0.29862
-0.2927
-0.2955
-0.2731
-0.28124
-0.29108
-0.30888
-0.294
-0.28772
-0.287
-0.27824
-0.28916
-0.2799
-0.28286
-0.28772
-0.27838
-0.28606
-0.28414
-0.28082
-0.27956
-0.27508
-0.2923
-0.2937
-0.30048
-0.29078
-0.29562
-0.294
-0.29274
-0.2879
-0.28356
-0.28232
-0.26436
-0.28452
-0.2928
-0.29916
-0.3086
-0.30754
-0.30128
-0.29174
-0.28418
-0.29114
-0.28492
-0.2838
-0.29566
-0.28228
-0.28142
-0.29574
-0.30304
-0.3025
-0.27802
-0.28332
-0.28444
-0.26998
-0.2703
-0.28014
-0.28534
-0.2716
-0.27784
-0.28962
-0.29316
-0.2943
-0.2895
-0.2939
-0.30088
-0.29118
-0.28974
-0.2835
-0.29082
-0.29606
-0.29222
-0.29252
-0.3044
-0.29278
-0.28884
-0.2915
-0.28952
-0.29294
-0.29692
-0.2929
-0.2912
-0.2941
-0.2919
-0.28538
-0.28596
-0.28264
-0.28024
-0.3044
-0.30256
-0.29462
-0.29506
-0.29198
-0.29668
-0.28322
-0.2912
-0.28674
-0.27864
-0.27874
-0.29794
-0.28706
-0.30104
-0.30052
-0.29674
-0.30088
-0.29776
-0.28166
-0.28284
-0.29634
-0.295
-0.29842
-0.30124
-0.2918
-0.29014
-0.28732
-0.3065
-0.29226
-0.29472
-0.28566
-0.29162
-0.2877
-0.2966
-0.30856
-0.29684
-0.29672
-0.29952
-0.27992
-0.28346
-0.28784
-0.28916
-0.27964
-0.29518
-0.29468
-0.29388
-0.28752
-0.28526
-0.2808
-0.2809
-0.2918
-0.2889
-0.29012
-0.29896
-0.30972
-0.2938
-0.3001
-0.28886
-0.28642
-0.29484
-0.29646
-0.29896
-0.281
-0.27574
-0.28802
-0.30072
-0.2901
-0.28768
-0.2947
-0.29838
-0.28984
-0.29278
-0.28626
-0.29186
-0.2876
-0.28398
-0.29154
-0.28522
-0.29562
-0.30456
-0.29604
-0.2848
-0.2873
-0.28636
-0.29262
-0.29066
-0.29334
-0.2996
-0.28914
-0.27738
-0.27922
-0.29018
-0.28068
-0.28856
-0.28676
-0.29242
-0.28566
-0.28986
-0.27018
-0.29406
-0.29404
-0.29488
-0.28422
-0.28982
-0.28452
-0.28052
-0.29124
-0.28824
-0.3045
-0.30204
-0.30752
-0.29912
-0.3065
-0.29022
-0.28684
-0.28832
-0.27646
-0.28632
-0.28734
-0.29138
-0.29024
-0.3032
-0.28804
-0.28296
-0.28006
-0.28192
-0.28922
-0.28482
-0.28736
-0.29002
-0.29562
-0.29904
-0.30442
-0.30444
-0.30208
-0.30082
-0.29606
-0.30446
-0.29444
-0.2943
-0.28782
-0.28182
-0.2841
-0.28618
-0.29826
-0.29786
-0.29496
-0.27812
-0.28328
-0.2726
-0.27964
-0.28236
-0.28594
-0.29338
-0.27978
-0.28164
-0.28798
-0.28724
-0.28152
-0.2796
-0.27678
-0.27872
-0.27882
-0.28226
-0.29814
-0.28104
-0.2744
-0.28218
-0.28442
-0.28382
-0.29436
-0.28544
-0.28552
-0.28822
-0.30026
-0.28874
-0.29664
-0.28732
-0.2916
-0.30248
-0.29238
-0.27632
-0.26914
-0.2824
-0.29044
-0.28624
-0.28708
-0.27708
-0.271
-0.28188
-0.279
-0.28732
-0.288
-0.29914
-0.28612
-0.28902
-0.28712
-0.28898
-0.28868
-0.2903
-0.28746
-0.29792
-0.28988
-0.29
-0.29866
-0.30044
-0.29268
-0.28662
-0.30356
-0.29474
-0.28794
-0.28092
-0.29072
-0.2954
-0.30574
-0.30052
-0.29478
-0.30302
-0.30318
-0.30418
-0.28504
-0.29574
-0.28902
-0.29374
-0.28982
-0.28888
-0.29392
-0.2788
-0.27872
-0.28642
-0.30286
-0.29286
-0.28272
-0.29124
-0.2888
-0.28308
-0.28196
-0.2879
-0.27948
-0.29068
-0.29202
-0.29438
-0.28152
-0.30148
-0.30092
-0.29702
-0.29218
-0.29692
-0.29962
-0.28804
-0.2857
-0.29182
-0.28672
-0.29694
-0.30104
-0.29622
-0.28494
-0.29434
-0.28176
-0.28758
-0.27442
-0.2799
-0.28844
-0.27826
-0.2819
-0.30144
-0.30504
-0.3053
-0.30128
-0.30132
-0.30854
-0.28958
-0.2981
-0.31314
-0.29436
-0.2962
-0.28936
-0.29026
-0.281
-0.30562
-0.30156
-0.29142
-0.29774
-0.31018
-0.29268
-0.26808
-0.27992
-0.29354
-0.29984
-0.29372
-0.30552
-0.29736
-0.28836
-0.27806
-0.2805
-0.28838
-0.29566
-0.27928
-0.28136
-0.27068
-0.27794
-0.28208
-0.29096
-0.29526
-0.28618
-0.27724
-0.27118
-0.29324
-0.2974
-0.2994
-0.29508
-0.2985
-0.28712
-0.28236
-0.27882
-0.28182
-0.28712
-0.28186
-0.28118
-0.28654
-0.28006
-0.28576
-0.28008
-0.2861
-0.29532
-0.29122
-0.28496
-0.28722
-0.27184
-0.2866
-0.29488
-0.2954
-0.2986
-0.28166
-0.29914
-0.2983
-0.3074
-0.3088
-0.2938
-0.29536
-0.2931
-0.28236
