-0.99706
-0.9976
-0.9973
-0.99732
-0.99684
-0.99758
-0.99708
-0.99732
-0.99762
-0.99716
-0.99752
-0.99754
-0.99748
-0.9974
-0.99732
-0.99712
-0.99702
-0.99734
-0.99768
-0.99766
-0.99708
-0.99726
-0.99744
-0.99736
-0.99724
-0.99768
-0.99688
-0.99746
-0.99738
-0.99698
-0.99696
-0.99708
-0.99714
-0.9976
-0.99732
-0.9973
-0.99728
-0.99756
-0.99706
-0.99674
-0.9975
-0.99692
-0.99686
-0.99732
-0.99734
-0.99722
-0.9974
-0.9973
-0.99664
-0.99712
-0.99722
-0.9976
-0.99742
-0.99736
-0.99724
-0.99724
-0.9968
-0.99736
-0.9972
-0.99752
-0.99724
-0.9972
-0.9974
-0.9974
-0.99736
-0.99704
-0.99742
-0.99722
-0.99732
-0.99728
-0.99752
-0.9976
-0.99754
-0.99732
-0.99704
-0.99682
-0.99784
-0.99714
-0.99698
-0.9972
-0.99732
-0.99748
-0.9971
-0.99752
-0.99698
-0.9974
-0.99708
-0.9973
-0.99796
-0.99686
-0.9971
-0.99784
-0.99688
-0.99724
-0.99748
-0.99802
-0.99766
-0.99744
-0.99724
-0.99734
-0.99744
-0.99732
-0.99692
-0.99748
-0.99734
-0.99706
-0.99732
-0.99712
-0.99714
-0.99744
-0.99748
-0.9975
-0.99726
-0.99722
-0.99764
-0.99736
-0.99708
-0.99732
-0.9973
-0.99718
-0.99706
-0.99688
-0.9975
-0.99712
-0.99756
-0.99722
-0.99774
-0.99694
-0.99744
-0.9972
-0.99748
-0.99728
-0.99736
-0.99764
-0.99728
-0.99752
-0.99722
-0.99762
-0.99738
-0.99698
-0.99746
-0.99738
-0.99722
-0.99734
-0.99772
-0.99714
-0.99714
-0.9969
-0.99794
-0.99698
-0.9976
-0.9971
-0.9973
-0.9974
-0.99714
-0.99716
-0.9973
-0.9971
-0.99658
-0.99746
-0.99714
-0.99734
-0.99714
-0.99724
-0.99766
-0.9972
-0.99698
-0.99726
-0.9978
-0.9976
-0.99746
-0.99724
-0.99748
-0.99692
-0.99722
-0.99708
-0.99706
-0.99736
-0.99726
-0.99724
-0.99716
-0.99672
-0.9973
-0.99744
-0.9969
-0.99772
-0.99712
-0.99732
-0.99752
-0.99714
-0.99712
-0.9969
-0.99722
-0.99754
-0.9976
-0.99692
-0.9971
-0.99714
-0.99692
-0.99766
-0.99696
-0.99704
-0.99742
-0.9975
-0.9973
-0.9975
-0.9973
-0.99708
-0.9971
-0.99696
-0.99728
-0.99746
-0.99758
-0.99694
-0.9972
-0.9971
-0.99668
-0.9973
-0.99724
-0.99752
-0.99728
-0.99776
-0.99774
-0.99704
-0.9972
-0.99734
-0.99736
-0.9972
-0.99736
-0.9972
-0.99712
-0.9971
-0.99768
-0.99702
-0.9972
-0.99698
-0.99716
-0.99714
-0.99688
-0.99744
-0.99734
-0.99676
-0.99744
-0.99726
-0.99706
-0.99728
-0.9974
-0.99704
-0.99766
-0.997
-0.99704
-0.99726
-0.99696
-0.99712
-0.99688
-0.99718
-0.99742
-0.9973
-0.997
-0.99714
-0.99742
-0.9973
-0.9969
-0.9971
-0.99748
-0.9974
-0.99718
-0.99728
-0.9967
-0.99722
-0.99738
-0.99722
-0.99752
-0.9972
-0.99732
-0.99688
-0.99714
-0.99762
-0.99726
-0.9977
-0.99748
-0.9974
-0.9974
-0.99688
-0.9976
-0.99696
-0.99704
-0.99708
-0.99742
-0.9973
-0.99746
-0.99724
-0.99732
-0.99744
-0.99724
-0.9975
-0.99672
-0.99718
-0.9969
-0.99736
-0.9975
-0.99712
-0.99782
-0.99692
-0.99718
-0.99726
-0.9969
-0.997
-0.997
-0.99722
-0.9973
-0.9973
-0.99766
-0.99764
-0.99698
-0.99742
-0.99718
-0.99712
-0.99726
-0.99746
-0.99756
-0.99754
-0.99712
-0.99746
-0.99726
-0.99746
-0.99724
-0.99764
-0.99766
-0.99718
-0.99688
-0.99704
-0.99736
-0.99746
-0.99712
-0.99706
-0.99738
-0.9973
-0.99718
-0.9969
-0.99688
-0.99724
-0.99706
-0.99742
-0.99716
-0.99762
-0.99732
-0.99738
-0.9972
-0.99714
-0.99724
-0.99708
-0.9968
-0.99748
-0.99682
-0.99702
-0.99764
-0.99724
-0.99722
-0.99748
-0.99704
-0.99722
-0.99726
-0.99712
-0.99708
-0.99722
-0.99682
-0.99698
-0.99712
-0.9974
-0.99748
-0.99706
-0.99698
-0.99734
-0.99704
-0.99704
-0.9974
-0.99724
-0.99746
-0.99726
-0.9973
-0.9975
-0.99704
-0.99736
-0.997
-0.9976
-0.99744
-0.99746
-0.99752
-0.99722
-0.99752
-0.99742
-0.9974
-0.99732
-0.9976
-0.99752
-0.99706
-0.9975
-0.997
-0.99716
-0.99728
-0.99732
-0.997
-0.99722
-0.99716
-0.99722
-0.99718
-0.99692
-0.99722
-0.99728
-0.9969
-0.99684
-0.99724
-0.99706
-0.99736
-0.99754
-0.99762
-0.99686
-0.99806
-0.99748
-0.99724
-0.99724
-0.99724
-0.99736
-0.99708
-0.99664
-0.9975
-0.99692
-0.9976
-0.99734
-0.99734
-0.99724
-0.99756
-0.99706
-0.99786
-0.9974
-0.9967
-0.99734
-0.99724
-0.99742
-0.99712
-0.99714
-0.99732
-0.99708
-0.99716
-0.99686
-0.99728
-0.99734
-0.9969
-0.99736
-0.99688
-0.99706
-0.99694
-0.9976
-0.9973
-0.99718
-0.9974
-0.99744
-0.99756
-0.99726
-0.99752
-0.9974
-0.99734
-0.99722
-0.99722
-0.9975
-0.99708
-0.99746
-0.9975
-0.99698
-0.99712
-0.99696
-0.99692
-0.99712
-0.99662
-0.99748
-0.99742
-0.99758
-0.99706
-0.99764
-0.99724
-0.99764
-0.99712
-0.99742
-0.99718
-0.99726
-0.99752
-0.99726
-0.99748
-0.99732
-0.99712
-0.99738
-0.99682
-0.9973
-0.99726
-0.99748
-0.99738
-0.99752
-0.99738
-0.9969
-0.99752
-0.99734
-0.99702
-0.99718
-0.99724
-0.99758
-0.9969
-0.99746
-0.99698
-0.99712
-0.99734
-0.99772
-0.99774
-0.99734
-0.99754
-0.9974
-0.99738
-0.99718
-0.9968
-0.99684
-0.99676
-0.99714
-0.99694
-0.99744
-0.99706
-0.99732
-0.99702
-0.99758
-0.99726
-0.99718
-0.99714
-0.99704
-0.99742
-0.99722
-0.99712
-0.99734
-0.99728
-0.99702
-0.99738
-0.99746
-0.99698
-0.99738
-0.997
-0.99734
-0.99692
-0.99776
-0.9977
-0.9974
-0.99722
-0.99716
-0.99724
-0.99724
-0.9972
-0.9968
-0.99704
-0.99756
-0.9975
-0.99732
-0.99752
-0.99732
-0.99722
-0.99732
-0.9976
-0.99768
-0.99716
-0.99764
-0.9969
-0.99708
-0.99724
-0.99752
-0.99706
-0.99688
-0.99692
-0.9977
-0.99692
-0.99722
-0.9973
-0.99722
-0.99702
-0.99738
-0.9972
-0.99666
-0.99654
-0.99708
-0.99726
-0.99714
-0.99718
-0.99724
-0.9972
-0.99738
-0.99688
-0.99718
-0.99748
-0.99772
-0.99718
-0.997
-0.99666
-0.99738
-0.9974
-0.99752
-0.99714
-0.99742
-0.99706
-0.99692
-0.99722
-0.99732
-0.99782
-0.99748
-0.99766
-0.99702
-0.997
-0.99732
-0.9975
-0.99724
-0.99716
-0.99754
-0.99732
-0.99748
-0.99782
-0.9972
-0.99718
-0.99724
-0.99746
-0.99728
-0.9974
-0.99708
-0.99766
-0.99714
-0.99758
-0.99714
-0.99742
-0.99744
-0.99748
-0.9977
-0.99718
-0.99752
-0.99742
-0.99738
-0.99696
-0.99698
-0.99746
-0.9976
-0.9976
-0.99736
-0.99752
-0.99732
-0.99732
-0.9973
-0.99696
-0.99684
-0.9974
-0.99744
-0.99738
-0.99732
-0.99716
-0.99746
-0.99726
-0.9974
-0.99726
-0.99754
-0.99752
-0.99752
-0.99668
-0.99766
-0.997
-0.99706
-0.99744
-0.99758
-0.99754
-0.99714
-0.99728
-0.99756
-0.99758
-0.99736
-0.9971
-0.99724
-0.99722
-0.9974
-0.99722
-0.99716
-0.99766
-0.99724
-0.99716
-0.99686
-0.99712
-0.99686
-0.99746
-0.99702
-0.99654
-0.997
-0.99768
-0.9972
-0.99746
-0.99754
-0.99732
-0.99702
-0.99766
-0.99742
-0.99714
-0.99736
-0.99688
-0.9969
-0.99698
-0.99708
-0.99768
-0.9971
-0.9971
-0.99726
-0.99738
-0.99694
-0.99702
-0.99748
-0.99704
-0.9968
-0.9971
-0.99722
-0.99682
-0.99754
-0.9971
-0.99692
-0.99714
-0.99714
-0.9974
-0.99732
-0.99686
-0.99712
-0.99754
-0.9979
-0.99726
-0.9975
-0.99744
-0.99762
-0.99732
-0.99712
-0.99762
-0.99732
-0.99776
-0.9973
-0.99676
-0.99736
-0.99748
-0.99732
-0.9974
-0.9977
-0.9969
-0.99724
-0.99698
-0.99722
-0.99728
-0.99712
-0.99742
-0.9976
-0.99692
-0.99736
-0.99732
-0.99746
-0.99724
-0.99692
-0.99704
-0.99752
-0.9973
-0.99738
-0.9973
-0.99752
-0.99668
-0.99728
-0.99702
-0.9973
-0.99686
-0.99726
-0.99798
-0.99698
-0.99738
-0.99762
-0.99716
-0.99736
-0.99774
-0.99724
-0.99738
-0.99706
-0.99778
-0.99708
-0.99762
-0.99718
-0.99712
-0.99712
-0.99746
-0.99742
-0.9974
-0.99746
-0.9971
-0.99742
-0.9974
-0.99758
-0.99718
-0.99714
-0.99662
-0.99742
-0.99714
-0.99658
-0.99704
-0.99728
-0.99714
-0.9973
-0.99766
-0.99726
-0.99686
-0.99736
-0.99748
-0.9971
-0.99734
-0.9968
-0.9971
-0.99742
-0.99724
-0.99732
-0.99748
-0.9972
-0.99708
-0.99756
-0.99716
-0.99734
-0.99744
-0.99668
-0.99732
-0.997
-0.99734
-0.99732
-0.9976
-0.99706
-0.99784
-0.99726
-0.99716
-0.99676
-0.99702
-0.9977
-0.997
-0.99696
-0.99736
-0.9974
-0.99716
-0.99744
-0.99744
-0.99672
-0.99708
-0.9973
-0.99714
-0.99722
-0.9968
-0.99744
-0.99706
-0.99736
-0.99752
-0.99732
-0.99716
-0.99756
-0.99746
-0.99694
-0.997
-0.9973
-0.99728
-0.99696
-0.99756
-0.99716
-0.99744
-0.99708
-0.9975
-0.99718
-0.99744
-0.99712
-0.9971
-0.99696
-0.99722
-0.99708
-0.99728
-0.99716
-0.99704
-0.99724
-0.99748
-0.997
-0.99754
-0.99718
-0.99746
-0.99726
-0.9974
-0.99744
-0.99754
-0.99712
-0.99734
-0.99738
-0.99724
-0.99728
-0.9973
-0.99722
-0.99716
-0.99724
-0.99712
-0.9973
-0.99718
-0.99732
-0.99688
-0.99724
-0.99712
-0.99738
-0.99706
-0.99738
-0.99732
-0.99726
-0.99728
-0.99706
-0.99716
-0.9975
-0.9972
-0.99706
-0.99692
-0.99728
-0.9972
-0.99734
-0.99722
-0.99692
-0.99672
-0.99716
-0.9974
-0.99698
-0.99752
-0.99736
-0.9968
-0.9974
-0.9975
-0.99738
-0.99718
-0.9976
-0.99732
-0.99718
-0.99742
-0.9969
-0.99682
-0.99754
-0.99736
-0.99744
-0.99716
-0.9973
-0.99706
-0.99768
-0.9971
-0.99686
-0.99692
-0.99752
-0.99772
-0.99768
-0.99684
-0.99762
-0.99772
-0.9972
-0.9972
-0.99752
-0.99762
-0.99744
-0.99722
-0.99748
-0.99742
-0.99702
-0.9971
-0.99712
-0.9975
-0.99702
-0.99702
-0.99706
-0.9972
-0.99726
-0.99706
-0.99718
-0.9973
-0.99756
-0.99694
-0.99714
-0.997
-0.9974
-0.99718
-0.99712
-0.997
-0.99702
-0.99692
-0.99752
-0.99718
-0.99752
-0.99746
-0.99748
-0.99748
-0.99716
-0.99738
-0.99748
-0.99714
-0.99682
-0.99774
-0.99758
-0.9975
-0.99758
-0.9973
-0.99776
-0.99724
-0.99758
-0.99714
-0.99734
-0.99752
-0.99758
-0.997
-0.9968
-0.99718
-0.9972
-0.9973
-0.99698
-0.99692
-0.99728
-0.99718
-0.99718
-0.99758
-0.99748
-0.99746
-0.99754
-0.99732
-0.99726
-0.99684
-0.99736
-0.99776
-0.99764
-0.99702
-0.99678
-0.99716
-0.99732
-0.99756
-0.99732
-0.99724
-0.99712
-0.99718
-0.99714
-0.99694
-0.99726
-0.99696
-0.9972
-0.9974
-0.99726
-0.9971
-0.99698
-0.99728
-0.99686
-0.99702
-0.99684
-0.9968
-0.99716
-0.997
-0.99724
-0.9972
-0.99722
-0.99706
-0.99752
-0.99736
-0.99714
-0.99746
-0.99698
-0.99744
-0.9971
-0.9971
-0.99714
-0.99732
-0.99776
-0.99714
-0.9971
-0.9974
-0.99714
-0.99758
-0.99728
-0.9971
-0.99758
-0.99702
-0.99724
-0.99702
-0.9972
-0.99736
-0.99722
-0.99728
-0.99738
-0.99698
-0.99708
-0.99732
-0.9976
-0.99734
-0.99742
-0.99762
-0.99722
-0.9973
-0.99698
-0.99658
-0.9974
-0.99748
-0.99696
-0.9974
-0.99752
-0.99696
-0.99698
-0.99714
-0.99732
-0.9974
-0.99734
-0.99746
-0.9973
-0.99718
-0.99738
-0.99708
-0.99718
-0.99706
-0.9973
-0.99714
-0.99716
-0.99706
-0.99732
-0.9974
-0.99708
-0.9974
-0.99742
-0.9969
-0.99726
-0.99722
-0.99722
-0.99732
-0.99704
-0.99698
-0.99676
-0.99714
-0.99748
-0.99764
-0.99738
-0.99728
-0.99732
-0.99806
-0.99768
-0.99712
-0.99722
-0.99758
-0.99658
-0.99716
-0.9967
-0.99726
-0.99718
-0.9969
-0.99746
-0.9977
-0.99716
-0.99698
-0.99768
-0.9974
-0.9973
-0.99728
-0.99686
-0.99692
-0.99738
-0.99734
-0.99742
-0.9974
-0.99732
-0.99702
-0.99714
-0.99724
-0.99726
-0.9974
-0.9973
-0.9969
-0.99744
-0.99706
-0.99762
-0.99736
-0.99722
-0.99734
-0.99686
-0.99682
-0.99706
-0.99726
-0.9974
-0.99706
-0.99766
-0.99696
-0.99694
-0.99676
-0.99704
-0.9972
-0.99738
-0.9973
-0.99726
-0.99698
-0.99718
-0.9972
-0.99706
-0.99728
-0.9966
-0.99738
-0.9974
-0.99716
-0.99716
-0.99712
-0.99684
-0.99702
-0.99704
-0.99696
-0.99716
-0.9978
-0.99734
-0.99748
-0.99734
-0.9976
-0.99748
-0.99774
-0.99728
-0.99688
-0.99734
-0.99712
-0.99704
-0.99698
-0.99754
-0.99724
-0.99708
-0.99718
-0.99722
-0.99712
-0.99758
-0.99748
-0.99776
-0.99738
-0.99712
-0.99728
-0.99728
-0.99692
-0.9977
-0.9971
-0.9973
-0.99782
-0.99718
-0.99734
-0.99714
-0.99764
-0.99748
-0.9972
-0.9977
-0.9971
-0.99742
-0.9974
-0.99744
-0.99652
-0.9975
-0.99678
-0.99718
-0.9974
-0.99734
-0.99764
-0.99756
-0.9975
-0.99696
-0.9975
-0.99706
-0.99678
-0.9973
-0.99738
-0.99724
-0.99762
-0.99748
-0.99748
-0.9971
-0.99704
-0.99704
-0.99694
-0.99682
-0.99746
-0.99734
-0.99726
-0.99702
-0.99742
-0.99704
-0.99738
-0.99746
-0.99728
-0.99694
-0.99708
-0.99756
-0.99706
-0.99716
-0.9968
-0.99704
-0.99738
-0.99726
-0.99676
-0.99732
-0.99732
-0.9971
-0.99742
-0.99744
-0.99714
-0.99756
-0.9974
-0.99726
-0.99728
-0.99694
-0.99744
-0.9972
-0.99722
-0.99716
-0.99748
-0.99746
-0.997
-0.99742
-0.99766
-0.997
-0.99702
-0.99734
-0.99726
-0.99694
-0.99744
-0.99736
-0.99732
-0.99742
-0.99704
-0.99706
-0.99764
-0.99752
-0.9973
-0.99754
-0.99686
-0.99734
-0.99762
-0.99714
-0.99698
-0.99754
-0.99696
-0.9971
-0.99758
-0.9974
-0.99748
-0.99766
-0.99704
-0.99762
-0.9973
-0.99728
-0.99726
-0.99728
-0.9975
-0.99724
-0.99718
-0.99754
-0.99776
-0.99694
-0.99756
-0.99738
-0.99744
-0.9971
-0.99744
-0.99708
-0.99688
-0.99752
-0.99738
-0.99736
-0.99752
-0.99698
-0.99756
-0.99734
-0.99776
-0.99764
-0.99746
-0.99752
-0.99756
-0.99746
-0.99718
-0.99716
-0.99672
-0.99746
-0.99738
-0.9977
-0.997
-0.99712
-0.99722
-0.99704
-0.99778
-0.99744
-0.9973
-0.99716
-0.99728
-0.99678
-0.9971
-0.99752
-0.99732
-0.99764
-0.9976
-0.9973
-0.99736
-0.99734
-0.99738
-0.99686
-0.99764
-0.99714
-0.99728
-0.99722
-0.99724
-0.99716
-0.99684
-0.99704
-0.9972
-0.99738
-0.9972
-0.9975
-0.99708
-0.99716
-0.99696
-0.9977
-0.99706
-0.9975
-0.99724
-0.99764
-0.99696
-0.99766
-0.99746
-0.9976
-0.99732
-0.99752
-0.99692
-0.99732
-0.99684
-0.99712
-0.99722
-0.99686
-0.99776
-0.99716
-0.99728
-0.99732
-0.99764
-0.99716
-0.9971
-0.99676
-0.99668
-0.99794
-0.99724
-0.9971
-0.99722
-0.9976
-0.9972
-0.99722
-0.99758
-0.9974
-0.99724
-0.99702
-0.99764
-0.99734
-0.99678
-0.99738
-0.99702
-0.99716
-0.99706
-0.99688
-0.99732
-0.9972
-0.99732
-0.9974
-0.99712
-0.99752
-0.99756
-0.99772
-0.99744
-0.99688
-0.99764
-0.99702
-0.997
-0.99728
-0.99692
-0.9975
-0.997
-0.99764
-0.99696
-0.99726
-0.9975
-0.99742
-0.99692
-0.99712
-0.9972
-0.9975
-0.9977
-0.9973
-0.99706
-0.99742
-0.9972
-0.99706
-0.99744
-0.99724
-0.99754
-0.99744
-0.9972
-0.99716
-0.99776
-0.9971
-0.9973
-0.99724
-0.99726
-0.9975
-0.99742
-0.99758
-0.99742
-0.99704
-0.99744
-0.99702
-0.99728
-0.99734
-0.99724
-0.99746
-0.9972
-0.99682
-0.9973
-0.99748
-0.99722
-0.99772
-0.9974
-0.99708
-0.99756
-0.99702
-0.99708
-0.99764
-0.99744
-0.99722
-0.99666
-0.99724
-0.9975
-0.99742
-0.99728
-0.99734
-0.99722
-0.99738
-0.9974
-0.99768
-0.9973
-0.99714
-0.99712
-0.9969
-0.99748
-0.99708
-0.9969
-0.99702
-0.99756
-0.99722
-0.99726
-0.99738
-0.99714
-0.99732
-0.99722
-0.99724
-0.99746
-0.99778
-0.9969
-0.99718
-0.99752
-0.9971
-0.99732
-0.99722
-0.99758
-0.9976
-0.9975
-0.99768
-0.99762
-0.9973
-0.99664
-0.99712
-0.99732
-0.9973
-0.99738
-0.9971
-0.99726
-0.99724
-0.9973
-0.99748
-0.9973
-0.9969
-0.99728
-0.99708
-0.99738
-0.99698
-0.99768
-0.9973
-0.99728
-0.99738
-0.99748
-0.99722
-0.99704
-0.9975
-0.99734
-0.9971
-0.99742
-0.9969
-0.99718
-0.99752
-0.99764
-0.99718
-0.99708
-0.99718
-0.99752
-0.99752
-0.9973
-0.99718
-0.99724
-0.99698
-0.99718
-0.99736
-0.99706
-0.99726
-0.9974
-0.99742
-0.99782
-0.99714
-0.99736
-0.99782
-0.99724
-0.99708
-0.99694
-0.99706
-0.9973
-0.9977
-0.99758
-0.997
-0.99788
-0.99694
-0.997
-0.9971
-0.99726
-0.99712
-0.99732
-0.99714
-0.9974
-0.99692
-0.99696
-0.99756
-0.99718
-0.99722
-0.9971
-0.99684
-0.99726
-0.9973
-0.9972
-0.99694
-0.997
-0.99784
-0.99684
-0.99732
-0.99724
-0.99744
-0.99756
-0.99676
-0.99712
-0.99742
-0.99698
-0.9973
-0.99754
-0.99692
-0.99688
-0.9976
-0.99764
-0.99744
-0.99712
-0.99724
-0.99708
-0.9975
-0.99728
-0.9969
-0.99734
-0.99676
-0.99704
-0.99702
-0.99696
-0.99776
-0.99716
-0.99726
-0.99694
-0.9972
-0.99724
-0.9974
-0.99744
-0.99728
-0.99762
-0.99692
-0.99712
-0.99714
-0.99722
-0.99734
-0.99722
-0.99716
-0.99768
-0.9969
-0.99712
-0.99726
-0.997
-0.9968
-0.9972
-0.99688
-0.99748
-0.99708
-0.99736
-0.99732
-0.99694
-0.99772
-0.9972
-0.9973
-0.99702
-0.99732
-0.9972
-0.9973
-0.99764
-0.99716
-0.99708
-0.99752
-0.99702
-0.99722
-0.9967
-0.99714
-0.99706
-0.99748
-0.99754
-0.99726
-0.99728
-0.99686
-0.99752
-0.99726
-0.99716
-0.99752
-0.99734
-0.9974
-0.99728
-0.99732
-0.99722
-0.9974
-0.9977
-0.99734
-0.99736
-0.99728
-0.99704
-0.99708
-0.99742
-0.99744
-0.99718
-0.99666
-0.9972
-0.99722
-0.9968
-0.9972
-0.99746
-0.99686
-0.99722
-0.99752
-0.99724
-0.9971
-0.99756
-0.99724
-0.9974
-0.99716
-0.9975
-0.99724
-0.99748
-0.99716
-0.9971
-0.99726
-0.99728
-0.9969
-0.99722
-0.99664
-0.99712
-0.99726
-0.99744
-0.9969
-0.99714
-0.99744
-0.99762
-0.99656
-0.99676
-0.99746
-0.997
-0.99752
-0.99704
-0.99734
-0.9973
-0.99748
-0.99772
-0.9968
-0.99726
-0.9978
-0.99746
-0.99714
-0.99714
-0.99746
-0.9972
-0.99728
-0.99722
-0.99752
-0.99766
-0.99714
-0.99738
-0.9974
-0.99706
-0.99744
-0.99718
-0.9969
-0.99744
-0.99674
-0.9971
-0.9974
-0.99752
-0.99692
-0.99732
-0.99766
-0.9974
-0.99724
-0.99736
-0.9972
-0.99694
-0.99674
-0.9971
-0.9975
-0.99702
-0.9973
-0.99746
-0.99734
-0.99734
-0.9973
-0.99754
-0.99718
-0.99702
-0.99678
-0.99718
-0.99714
-0.99734
-0.99774
-0.9974
-0.9975
-0.99716
-0.99714
-0.99706
-0.99776
-0.99698
-0.99718
-0.99728
-0.9972
-0.99726
-0.99732
-0.99764
-0.99728
-0.9973
-0.99752
-0.99756
-0.9973
-0.99708
-0.99704
-0.99702
-0.99746
-0.99718
-0.99752
-0.99712
-0.99706
-0.99724
-0.99752
-0.9969
-0.99724
-0.99738
-0.99716
-0.99742
-0.9972
-0.99728
-0.99716
-0.99722
-0.99748
-0.99732
-0.9972
-0.99718
-0.9974
-0.99694
-0.99728
-0.99668
-0.99716
-0.99706
-0.99728
-0.9971
-0.99696
-0.9972
-0.9971
-0.99754
-0.9975
-0.99714
-0.99752
-0.99746
-0.99722
-0.9973
-0.99748
-0.9974
-0.99708
-0.99732
-0.99722
-0.9975
-0.99684
-0.99774
-0.99682
-0.99716
-0.99688
-0.99726
-0.9974
-0.99736
-0.99762
-0.99714
-0.9976
-0.9974
-0.99754
-0.99724
-0.99714
-0.9975
-0.99742
-0.99714
-0.99748
-0.99696
-0.99704
-0.99736
-0.99722
-0.99688
-0.99688
-0.99742
-0.99722
-0.99704
-0.9973
-0.99776
-0.9974
-0.99714
-0.99706
-0.99732
-0.99712
-0.99716
-0.99724
-0.99692
-0.99694
-0.9971
-0.997
-0.99724
-0.9968
-0.9971
-0.99766
-0.9972
-0.9974
-0.99714
-0.997
-0.99778
-0.99752
-0.99698
-0.99716
-0.99734
-0.9974
-0.99716
-0.99764
-0.99728
-0.99704
-0.99694
-0.99726
-0.99752
-0.99768
-0.99726
-0.99734
-0.9969
-0.9971
-0.99742
-0.99734
-0.9971
-0.99752
-0.99708
-0.99722
-0.99718
-0.99734
-0.9975
-0.99774
-0.99722
-0.9972
-0.99746
-0.99754
-0.99732
-0.99698
-0.99738
-0.99726
-0.99736
-0.99722
-0.9974
-0.99704
-0.9975
-0.99706
-0.9972
-0.99714
-0.99738
-0.99752
-0.99774
-0.99708
-0.99714
-0.99696
-0.9973
-0.99722
-0.99698
-0.99684
-0.99728
-0.99706
-0.99718
-0.99736
-0.99684
-0.99758
-0.9974
-0.99702
-0.9973
-0.9975
-0.99724
-0.99698
-0.99722
-0.99752
-0.99704
-0.99732
-0.99728
-0.9973
-0.99702
-0.99732
-0.99736
-0.9972
-0.99702
-0.99732
-0.997
-0.99648
-0.99724
-0.99768
-0.99716
-0.9976
-0.99734
-0.99744
-0.9972
-0.99716
-0.99722
-0.997
-0.99708
-0.99744
-0.997
-0.99778
-0.99692
-0.99718
-0.9975
-0.99662
-0.99694
-0.99724
-0.99718
-0.99776
-0.99736
-0.9969
-0.99762
-0.99738
-0.99734
-0.99734
-0.99752
-0.9974
-0.99698
-0.99764
-0.99726
-0.99698
-0.99756
-0.99762
-0.99746
-0.99712
-0.99752
-0.99696
-0.9968
-0.9976
-0.9974
-0.99738
-0.99738
-0.9976
-0.99696
-0.99688
-0.99758
-0.9977
-0.99704
-0.9975
-0.99734
-0.9975
-0.99758
-0.99716
-0.99694
-0.99706
-0.99712
-0.9974
-0.99736
-0.99768
-0.99742
-0.99712
-0.9978
-0.99684
-0.99744
-0.9974
-0.99718
-0.9975
-0.9974
-0.99756
-0.99704
-0.9977
-0.99728
-0.99728
-0.99704
-0.99702
-0.99716
-0.99734
-0.99708
-0.99762
-0.9977
-0.99734
-0.99668
-0.9973
-0.9971
-0.99688
-0.99736
-0.9973
-0.9972
-0.99736
-0.99722
-0.99746
-0.9974
-0.99674
-0.9969
-0.99744
-0.99728
-0.99746
-0.9971
-0.99732
-0.99748
-0.99728
-0.99736
-0.99752
-0.99712
-0.99738
-0.99766
-0.99728
-0.9968
-0.99744
-0.9975
-0.99764
-0.9971
-0.99658
-0.99722
-0.99706
-0.99696
-0.9975
-0.99692
-0.99728
-0.99748
-0.9975
-0.99748
-0.9972
-0.99738
-0.99706
-0.99726
-0.99752
-0.99714
-0.99722
-0.99732
-0.99718
-0.99728
-0.99702
-0.99696
-0.99694
-0.99692
-0.99754
-0.99758
-0.99742
-0.99724
-0.99728
-0.99716
-0.99746
-0.99754
-0.99744
-0.99742
-0.99722
-0.99764
-0.99768
-0.99746
-0.99786
-0.9975
-0.99724
-0.997
-0.9973
-0.99702
-0.997
-0.99718
-0.99734
-0.99768
-0.99692
-0.99706
-0.9971
-0.99714
-0.99746
-0.99696
-0.99684
-0.99732
-0.99738
-0.99742
-0.99776
-0.9972
-0.9976
-0.99702
-0.99714
-0.99674
-0.99726
-0.99704
-0.99714
-0.99692
-0.99692
-0.9972
-0.9978
-0.99726
-0.997
-0.99778
-0.9976
-0.99714
-0.99756
-0.99704
-0.99746
-0.9976
-0.99682
-0.99718
-0.99678
-0.9972
-0.99732
-0.9972
-0.99724
-0.99704
-0.99736
-0.99728
-0.99718
-0.99778
-0.99718
-0.99754
-0.9971
-0.99704
-0.99756
-0.9969
-0.99702
-0.99738
-0.99718
-0.99712
-0.99716
-0.99756
-0.99648
-0.99736
-0.99752
-0.99706
-0.99736
-0.99686
-0.99748
-0.99714
-0.99702
-0.99726
-0.99724
-0.9974
-0.99764
-0.99774
-0.99718
-0.99728
-0.99732
-0.9972
-0.9973
-0.99706
-0.9973
-0.99688
-0.99756
-0.9968
-0.99758
-0.99738
-0.99746
-0.99718
-0.99708
-0.99722
-0.99724
-0.99728
-0.99708
-0.9978
-0.99708
-0.99774
-0.99712
-0.99706
-0.99724
-0.99726
-0.99704
-0.99732
-0.99722
-0.99742
-0.99734
-0.99746
-0.99742
-0.9974
-0.99702
-0.99718
-0.99758
-0.9977
-0.99686
-0.99714
-0.99728
-0.9972
-0.99686
-0.9975
-0.99748
-0.99754
-0.997
-0.99744
-0.99702
-0.99686
-0.99718
-0.99732
-0.99688
-0.99738
-0.99722
-0.99716
-0.99722
-0.9966
-0.9976
-0.99744
-0.99774
-0.99758
-0.99744
-0.99716
-0.99736
-0.99738
-0.9972
-0.99772
-0.99744
-0.99728
-0.99758
-0.99696
-0.99746
-0.99786
-0.99742
-0.9975
-0.99718
-0.9968
-0.9974
-0.99738
-0.99716
-0.99708
-0.9974
-0.99752
-0.99708
-0.9971
-0.9972
-0.99708
-0.99762
-0.99726
-0.99704
-0.99714
-0.99706
-0.99698
-0.9973
-0.99734
-0.99726
-0.9973
-0.997
-0.99744
-0.99718
-0.99722
-0.9975
-0.99742
-0.99722
-0.99718
-0.99782
-0.99768
-0.9971
-0.99736
-0.99772
-0.99738
-0.99704
-0.9971
-0.99694
-0.99712
-0.99734
-0.9969
-0.9973
-0.99744
-0.99752
-0.99768
-0.99672
-0.99698
-0.99724
-0.9972
-0.99746
-0.99728
-0.99728
-0.99744
-0.99712
-0.99704
-0.99748
-0.99724
-0.99762
-0.99718
-0.99736
-0.99724
-0.9969
-0.99726
-0.99726
-0.99726
-0.99752
-0.99708
-0.99726
-0.99726
-0.9971
-0.99756
-0.9977
-0.99718
-0.9973
-0.99766
-0.9972
-0.99764
-0.99776
-0.99756
-0.99756
-0.99766
-0.99728
-0.99718
-0.9977
-0.997
-0.99706
-0.99704
-0.99736
-0.99778
-0.99694
-0.99744
-0.997
-0.99754
-0.99672
-0.99742
-0.99714
-0.99672
-0.99708
-0.9974
-0.99756
-0.9972
-0.99738
-0.99778
-0.9971
-0.99756
-0.99696
-0.99716
-0.99732
-0.9973
-0.99764
-0.99724
-0.99712
-0.99742
-0.99742
-0.99728
-0.99686
-0.99766
-0.99684
-0.99722
-0.99762
-0.99786
-0.99716
-0.99706
-0.99686
-0.997
-0.99756
-0.99718
-0.99702
-0.99706
-0.99708
-0.99736
-0.99714
-0.99742
-0.99756
-0.99728
-0.99718
-0.99768
-0.99686
-0.99726
-0.99716
-0.99678
-0.9972
-0.9974
-0.99726
-0.99758
-0.99714
-0.99706
-0.99694
-0.99736
-0.99728
-0.99748
-0.99738
-0.9973
-0.99748
-0.99752
-0.99774
-0.99734
-0.99702
-0.9972
-0.99754
-0.99658
-0.99728
-0.99726
-0.99748
-0.99718
-0.9975
-0.99732
-0.99744
-0.99736
-0.99736
-0.99722
-0.9971
-0.99756
-0.9974
-0.9974
-0.9974
-0.9973
-0.99734
-0.9973
-0.99704
-0.99768
-0.997
-0.9973
-0.9972
-0.99674
-0.99724
-0.99798
-0.99744
-0.99734
-0.9968
-0.99744
-0.99722
-0.99736
-0.99712
-0.99708
-0.99682
-0.99732
-0.99746
-0.99752
-0.99694
-0.9973
-0.99718
-0.99712
-0.9974
-0.99714
-0.99748
-0.99768
-0.9973
-0.99742
-0.99712
-0.99702
-0.99754
-0.9971
-0.99728
-0.99768
-0.99744
-0.99698
-0.997
-0.99754
-0.99732
-0.99708
-0.9971
-0.99722
-0.99734
-0.997
-0.99758
-0.99706
-0.99746
-0.99732
-0.9971
-0.99732
-0.9978
-0.9974
-0.9977
-0.9973
-0.99734
-0.99752
-0.99726
-0.99752
-0.99746
-0.99766
-0.99772
-0.99746
-0.99726
-0.9971
-0.9972
-0.99742
-0.99732
-0.99744
-0.99728
-0.99702
-0.9976
-0.99712
-0.99736
-0.9972
-0.9974
-0.99714
-0.997
-0.9972
-0.99704
-0.9971
-0.99734
-0.99722
-0.99688
-0.99756
-0.99746
-0.99732
-0.99698
-0.99688
-0.99726
-0.99728
-0.99696
-0.99744
-0.99728
-0.99716
-0.99772
-0.9973
-0.9971
-0.99758
-0.99714
-0.99744
-0.99728
-0.99704
-0.9971
-0.99746
-0.99718
-0.99704
-0.99746
-0.99702
-0.99744
-0.9975
-0.99726
-0.99752
-0.99718
-0.99678
-0.99724
-0.9977
-0.99746
-0.99728
-0.99748
-0.99748
-0.99732
-0.99746
-0.99722
-0.99712
-0.9973
-0.99736
-0.9971
-0.99736
-0.99738
-0.99696
-0.99712
-0.99738
-0.99718
-0.99726
-0.99682
-0.99724
-0.99764
-0.99714
-0.99676
-0.99746
-0.9973
-0.99742
-0.9972
-0.997
-0.99714
-0.9978
-0.99744
-0.997
-0.99752
-0.99696
-0.99672
-0.99734
-0.99782
-0.99734
-0.99752
-0.99712
-0.99712
-0.9971
-0.99746
-0.99704
-0.99672
-0.99742
-0.99696
-0.9975
-0.9972
-0.997
-0.99762
-0.9969
-0.9973
-0.99716
-0.9972
-0.99774
-0.99694
-0.99714
-0.99676
-0.99746
-0.99714
-0.99754
-0.99728
-0.99754
-0.99744
-0.99708
-0.99736
-0.99728
-0.99732
-0.99732
-0.99738
-0.9977
-0.99724
-0.99732
-0.99722
-0.99752
-0.99732
-0.99704
-0.99694
-0.99726
-0.99702
-0.9974
-0.99724
-0.9971
-0.9969
-0.99732
-0.99744
-0.99694
-0.99714
-0.997
-0.99742
-0.99698
-0.99684
-0.9975
-0.99692
-0.99714
-0.99728
-0.99702
-0.9972
-0.9974
-0.9972
-0.9974
-0.99696
-0.99732
-0.99706
-0.9972
-0.99722
-0.99692
-0.9971
-0.99732
-0.99728
-0.99742
-0.99682
-0.9971
-0.99748
-0.99712
-0.9978
-0.99698
-0.99728
-0.99706
-0.99764
-0.99712
-0.9971
-0.9977
-0.99672
-0.99718
-0.99712
-0.9975
-0.9975
-0.99744
-0.99754
-0.99702
-0.99728
-0.99684
-0.99742
-0.99694
-0.99728
-0.99752
-0.99716
-0.9973
-0.99734
-0.99742
-0.997
-0.99716
-0.9975
-0.99708
-0.9971
-0.9974
-0.99756
-0.99704
-0.99702
-0.99746
-0.99722
-0.99718
-0.99726
-0.99768
-0.99728
-0.99752
-0.99712
-0.9974
-0.99716
-0.99688
-0.99702
-0.99714
-0.99714
-0.99738
-0.99734
-0.99712
-0.99734
-0.99722
-0.9972
-0.99754
-0.9967
-0.99734
-0.99722
-0.99746
-0.99722
-0.9975
-0.9973
-0.99714
-0.99758
-0.99698
-0.99724
-0.99688
-0.99756
-0.9972
-0.99714
-0.99736
-0.9977
-0.99734
-0.99712
-0.99694
-0.9971
-0.99644
-0.99706
-0.99742
-0.99712
-0.99724
-0.99732
-0.9973
-0.99726
-0.99694
-0.9975
-0.99694
-0.99736
-0.99778
-0.99732
-0.99748
-0.99718
-0.99712
-0.99764
-0.9972
-0.99678
-0.99752
-0.99718
-0.99676
-0.99756
-0.99776
-0.99724
-0.99732
-0.99754
-0.99716
-0.99778
-0.99688
-0.99724
-0.99758
-0.99756
-0.99702
-0.99718
-0.9975
-0.997
-0.99726
-0.99766
-0.99728
-0.99698
-0.99736
-0.9968
-0.99678
-0.9974
-0.9971
-0.99734
-0.99742
-0.9974
-0.9973
-0.99692
-0.99794
-0.99702
-0.9971
-0.99752
-0.99702
-0.99736
-0.9974
-0.9971
-0.99718
-0.99732
-0.99726
-0.99684
-0.99734
-0.99704
-0.99714
-0.99748
-0.99736
-0.99756
-0.99704
-0.99754
-0.99716
-0.99736
-0.99742
-0.9975
-0.9973
-0.99698
-0.99702
-0.99742
-0.99698
-0.99716
-0.99728
-0.99704
-0.99718
-0.99756
-0.99706
-0.99746
-0.99712
-0.99748
-0.99706
-0.9972
-0.99732
-0.99696
-0.99732
-0.9969
-0.99754
-0.99704
-0.9976
-0.99754
-0.99764
-0.99704
-0.99754
-0.99748
-0.9977
-0.99716
-0.99708
-0.99714
-0.99742
-0.99734
-0.99702
-0.99724
-0.99718
-0.99722
-0.99786
-0.99696
-0.99728
-0.99696
-0.99684
-0.99702
-0.99692
-0.9974
-0.99736
-0.99706
-0.99726
-0.99702
-0.99734
-0.99716
-0.99698
-0.99708
-0.99776
-0.9971
-0.99674
-0.9972
-0.99768
-0.99722
-0.99702
-0.99706
-0.99702
-0.99702
-0.9975
-0.997
-0.99704
-0.99768
-0.99734
-0.99742
-0.99714
-0.99704
-0.99726
-0.9974
-0.9975
-0.99746
-0.99734
-0.9977
-0.99718
-0.9976
-0.99692
-0.99738
-0.99728
-0.99734
-0.99692
-0.99778
-0.9974
-0.9974
-0.99734
-0.99688
-0.99728
-0.99744
-0.99736
-0.99758
-0.9977
-0.9975
-0.99748
-0.99714
-0.99782
-0.9971
-0.99716
-0.99734
-0.99702
-0.9973
-0.9972
-0.99744
-0.9976
-0.99756
-0.9974
-0.99734
-0.99742
-0.99756
-0.99764
-0.99774
-0.99732
-0.99692
-0.99742
-0.99752
-0.99738
-0.99716
-0.99724
-0.99732
-0.99756
-0.9975
-0.9971
-0.99726
-0.9972
-0.99692
-0.99714
-0.99746
-0.9974
-0.99736
-0.99728
-0.99716
-0.9969
-0.99686
-0.99696
-0.99782
-0.99764
-0.9972
-0.99712
-0.99696
-0.99738
-0.99758
-0.99732
-0.99734
-0.99742
-0.99732
-0.99732
-0.99764
-0.99782
-0.99728
-0.99692
-0.99738
-0.99708
-0.99762
-0.9973
-0.99706
-0.99758
-0.99744
-0.99774
-0.99746
-0.99702
-0.9975
-0.99704
-0.99728
-0.99728
-0.99752
-0.99774
-0.99744
-0.99744
-0.9975
-0.99734
-0.99728
-0.99678
-0.99696
-0.99732
-0.99776
-0.9975
-0.99716
-0.99724
-0.99718
-0.99742
-0.99786
-0.9972
-0.99726
-0.9974
-0.99728
-0.99752
-0.99736
-0.99684
-0.99764
-0.99714
-0.9971
-0.99736
-0.99764
-0.99712
-0.99712
-0.99728
-0.99736
-0.99706
-0.99768
-0.99736
-0.99698
-0.9975
-0.99742
-0.99706
-0.99714
-0.99674
-0.99716
-0.99674
-0.99722
-0.99738
-0.9974
-0.9973
-0.99714
-0.99712
-0.99742
-0.99714
-0.99734
-0.99708
-0.99704
-0.99728
-0.99732
-0.99726
-0.99702
-0.99748
-0.99716
-0.99734
-0.9972
-0.99776
-0.99744
-0.99748
-0.99752
-0.99654
-0.99746
-0.99728
-0.99722
-0.99752
-0.99722
-0.99728
-0.99744
-0.99688
-0.99706
-0.99714
-0.99736
-0.99756
-0.99732
-0.99722
-0.99744
-0.99752
-0.99724
-0.99742
-0.99734
-0.99732
-0.9971
-0.99678
-0.9975
-0.99726
-0.99714
-0.99736
-0.99716
-0.99714
-0.99726
-0.9973
-0.99682
-0.99738
-0.99738
-0.9973
-0.99748
-0.99734
-0.99754
-0.9977
-0.99744
-0.99782
-0.9971
-0.9969
-0.99786
-0.99722
-0.99782
-0.99716
-0.9969
-0.99674
-0.99734
-0.9978
-0.99706
-0.99732
-0.99728
-0.9972
-0.99738
-0.997
-0.9973
-0.99696
-0.99754
-0.99738
-0.99716
-0.99764
-0.99694
-0.99728
-0.99714
-0.99752
-0.99728
-0.9974
-0.99718
-0.99676
-0.99706
-0.99756
-0.99734
-0.99732
-0.99732
-0.99702
-0.99746
-0.99716
-0.9974
-0.99716
-0.99696
-0.99738
-0.9972
-0.99748
-0.99708
-0.99716
-0.99746
-0.99678
-0.99746
-0.9969
-0.99768
-0.99738
-0.99738
-0.9972
-0.99662
-0.99716
-0.9974
-0.99776
-0.99726
-0.99724
-0.99712
-0.99762
-0.9975
-0.99746
-0.99714
-0.99726
-0.9971
-0.99748
-0.9971
-0.99756
-0.9978
-0.99678
-0.9971
-0.99782
-0.99736
-0.9977
-0.99704
-0.99746
-0.997
-0.99748
-0.99724
-0.9974
-0.99742
-0.99776
-0.99746
-0.99718
-0.99698
-0.99746
-0.9971
-0.99724
-0.99722
-0.99748
-0.99734
-0.99718
-0.99688
-0.99698
-0.9975
-0.99742
-0.9971
-0.99726
-0.99734
-0.9975
-0.99732
-0.99708
-0.99684
-0.9974
-0.99712
-0.99768
-0.99714
-0.99762
-0.99714
-0.99726
-0.99746
-0.99694
-0.99708
-0.99722
-0.99734
-0.99736
-0.99722
-0.9969
-0.99724
-0.9972
-0.99734
-0.9976
-0.99694
-0.9974
-0.99738
-0.99734
-0.99752
-0.99782
-0.9973
-0.9978
-0.9972
-0.99768
-0.99754
-0.99698
-0.99748
-0.99722
-0.99712
-0.99714
-0.99734
-0.99726
-0.99724
-0.9974
-0.99702
-0.99758
-0.99732
-0.99724
-0.99744
-0.99692
-0.99764
-0.99766
-0.99682
-0.99752
-0.9975
-0.998
-0.9967
-0.99728
-0.9972
-0.99684
-0.99756
-0.99738
-0.99744
-0.99722
-0.9975
-0.99758
-0.99714
-0.99698
-0.99692
-0.99708
-0.9969
-0.99714
-0.99716
-0.9973
-0.99686
-0.99682
-0.99742
-0.99748
-0.99784
-0.99736
-0.9972
-0.99734
-0.99714
-0.99754
-0.9972
-0.99726
-0.99696
-0.99762
-0.99752
-0.99706
-0.99754
-0.99738
-0.99732
-0.9972
-0.99706
-0.99668
-0.99722
-0.99736
-0.99736
-0.99726
-0.99764
-0.99782
-0.99712
-0.99686
-0.9974
-0.99744
-0.99722
-0.99704
-0.99734
-0.99736
-0.99726
-0.99698
-0.99718
-0.9973
-0.99676
-0.99712
-0.99718
-0.99758
-0.9976
-0.99688
-0.99736
-0.99722
-0.99742
-0.99714
-0.9971
-0.9971
-0.99686
-0.99704
-0.99694
-0.9973
-0.99706
-0.99774
-0.99704
-0.99752
-0.99758
-0.99728
-0.99736
-0.99736
-0.99758
-0.99736
-0.99752
-0.99748
-0.99736
-0.99738
-0.99742
-0.9974
-0.99722
-0.99768
-0.99716
-0.99728
-0.99734
-0.99722
-0.99772
-0.99776
-0.99736
-0.99714
-0.9977
-0.99736
-0.99742
-0.99724
-0.99704
-0.99718
-0.99772
-0.9976
-0.9972
-0.99724
-0.99742
-0.9971
-0.9976
-0.99742
-0.9977
-0.99732
-0.99678
-0.99708
-0.9973
-0.9973
-0.99736
-0.99738
-0.9972
-0.99696
-0.99794
-0.99698
-0.99694
-0.99736
-0.99686
-0.99758
-0.99706
-0.99718
-0.99732
-0.99742
-0.99766
-0.99746
-0.99728
-0.99718
-0.99716
-0.99728
-0.99742
-0.99764
-0.9973
-0.99734
-0.997
-0.9969
-0.99712
-0.9971
-0.9975
-0.99758
-0.99776
-0.99724
-0.99762
-0.99748
-0.99702
-0.99702
-0.99674
-0.99748
-0.99674
-0.99736
-0.99694
-0.99714
-0.99706
-0.99702
-0.9969
-0.99742
-0.99678
-0.99732
-0.9971
-0.99704
-0.99708
-0.99726
-0.9969
-0.99736
-0.99712
-0.99714
-0.99758
-0.997
-0.99684
-0.99726
-0.99728
-0.99754
-0.9976
-0.99772
-0.99686
-0.99684
-0.99742
-0.99752
-0.99772
-0.9972
-0.99714
-0.99764
-0.99758
-0.99686
-0.99742
-0.99764
-0.99758
-0.99714
-0.99728
-0.99702
-0.99742
-0.99732
-0.99742
-0.99734
-0.99738
-0.99732
-0.9971
-0.99718
-0.9972
-0.99716
-0.9972
-0.99746
-0.99738
-0.99734
-0.99722
-0.99708
-0.99808
-0.9973
-0.9975
-0.99734
-0.99752
-0.99734
-0.99724
-0.9969
-0.99714
-0.99732
-0.99732
-0.99704
-0.99772
-0.99724
-0.997
-0.99744
-0.99762
-0.9971
-0.99684
-0.99786
-0.997
-0.9969
-0.99756
-0.9978
-0.99714
-0.99692
-0.99734
-0.99686
-0.99724
-0.99698
-0.9972
-0.99708
-0.99742
-0.9974
-0.99714
-0.99758
-0.99704
-0.99708
-0.99722
-0.99756
-0.99732
-0.9976
-0.99706
-0.99724
-0.99756
-0.99678
-0.99754
-0.99736
-0.99742
-0.99728
-0.9975
-0.99678
-0.99726
-0.99742
-0.997
-0.99746
-0.99748
-0.99708
-0.9973
-0.99748
-0.9975
-0.99706
-0.99714
-0.99726
-0.99736
-0.99732
-0.99764
-0.99752
-0.9971
-0.99756
-0.9965
-0.99702
-0.9977
-0.99744
-0.99686
-0.99692
-0.99756
-0.99718
-0.99726
-0.99716
-0.99738
-0.99732
-0.9973
-0.99744
-0.99726
-0.99698
-0.99754
-0.99706
-0.99744
-0.99702
-0.9969
-0.99726
-0.99728
-0.99742
-0.99666
-0.99726
-0.997
-0.99718
-0.99736
-0.99718
-0.99712
-0.99734
-0.9972
-0.9972
-0.9973
-0.99746
-0.99722
-0.99734
-0.99784
-0.99736
-0.99742
-0.9976
-0.99772
-0.99776
-0.99694
-0.99704
-0.99742
-0.99754
-0.9977
-0.99706
-0.99718
-0.99732
-0.99736
-0.99702
-0.9969
-0.99708
-0.99792
-0.99726
-0.99738
-0.99732
-0.99722
-0.9969
-0.99732
-0.99736
-0.9974
-0.9972
-0.99726
-0.9971
-0.99666
-0.99752
-0.99696
-0.99726
-0.99718
-0.99758
-0.99698
-0.99664
-0.99732
-0.99776
-0.99704
-0.997
-0.99712
-0.99718
-0.99742
-0.99752
-0.99706
-0.99718
-0.99734
-0.99726
-0.99738
-0.997
-0.99728
-0.99734
-0.99748
-0.99738
-0.99684
-0.99788
-0.99664
-0.99734
-0.99686
-0.9972
-0.9979
-0.99734
-0.99762
-0.99698
-0.9974
-0.99756
-0.99776
-0.99746
-0.99734
-0.9973
-0.9977
-0.99746
-0.99708
-0.99712
-0.99724
-0.99726
-0.99706
-0.99704
-0.9972
-0.99754
-0.9974
-0.99682
-0.99726
-0.99724
-0.99706
-0.9974
-0.99748
-0.99762
-0.99744
-0.99744
-0.99716
-0.99714
-0.99736
-0.99768
-0.9974
-0.99676
-0.99744
-0.99748
-0.99752
-0.9974
-0.99672
-0.99758
-0.99714
-0.99736
-0.99726
-0.99744
-0.99752
-0.99748
-0.99672
-0.99698
-0.99734
-0.9972
-0.99748
-0.99726
-0.99728
-0.9973
-0.99704
-0.99712
-0.99724
-0.9975
-0.99702
-0.99692
-0.9971
-0.99706
-0.99712
-0.99712
-0.9971
-0.99762
-0.99706
-0.99694
-0.99696
-0.99746
-0.99692
-0.99702
-0.99696
-0.99702
-0.99746
-0.99754
-0.99748
-0.99682
-0.99752
-0.99768
-0.99692
-0.99722
-0.99724
-0.9972
-0.99728
-0.99732
-0.9968
-0.99732
-0.99716
-0.9974
-0.99702
-0.99688
-0.99718
-0.99728
-0.99648
-0.99772
-0.99742
-0.99718
-0.99792
-0.99732
-0.99728
-0.9976
-0.99716
-0.99756
-0.998
-0.99728
-0.9971
-0.99728
-0.9974
-0.99732
-0.99724
-0.99726
-0.99696
-0.99722
-0.99744
-0.9974
-0.99746
-0.99752
-0.99714
-0.99702
-0.99754
-0.99712
-0.99756
-0.9972
-0.99758
-0.99738
-0.99746
-0.9972
-0.99756
-0.99718
-0.99748
-0.99772
-0.99792
-0.9971
-0.99708
-0.99732
-0.9974
-0.99762
-0.99778
-0.9977
-0.99762
-0.9971
-0.9976
-0.99704
-0.99694
-0.99732
-0.99752
-0.99704
-0.99774
-0.9975
-0.99736
-0.99706
-0.9975
-0.99712
-0.99722
-0.99758
-0.997
-0.99686
-0.99706
-0.99736
-0.99714
-0.99734
-0.9975
-0.9977
-0.9974
-0.99764
-0.99722
-0.99716
-0.99732
-0.99772
-0.99738
-0.99762
-0.99754
-0.99744
-0.99714
-0.99754
-0.99718
-0.99674
-0.99714
-0.99722
-0.99684
-0.9972
-0.99738
-0.99732
-0.9969
-0.99688
-0.99706
-0.99752
-0.9971
-0.99692
-0.99754
-0.9973
-0.99726
-0.9976
-0.99718
-0.99726
-0.99674
-0.99762
-0.99742
-0.99722
-0.99758
-0.99724
-0.99728
-0.99746
-0.99766
-0.9974
-0.99734
-0.99748
-0.99734
-0.99738
-0.99726
-0.99704
-0.99784
-0.99744
-0.99718
-0.99712
-0.99748
-0.9972
-0.99712
-0.9977
-0.99668
-0.99712
-0.9972
-0.99726
-0.99706
-0.9974
-0.99724
-0.99716
-0.99716
-0.99744
-0.99748
-0.99744
-0.99736
-0.99736
-0.9977
-0.99728
-0.99764
-0.99696
-0.9971
-0.9972
-0.99724
-0.99704
-0.99738
-0.99738
-0.99688
-0.99692
-0.9972
-0.99716
-0.99748
-0.99686
-0.9979
-0.99684
-0.99752
-0.9974
-0.99758
-0.99736
-0.99712
-0.99748
-0.9972
-0.9973
-0.99674
-0.99706
-0.99752
-0.99734
-0.99678
-0.99698
-0.99738
-0.99762
-0.9972
-0.99754
-0.9976
-0.99682
-0.99678
-0.99704
-0.99722
-0.99746
-0.99678
-0.99766
-0.99674
-0.9972
-0.9976
