-0.75642
-0.75648
-0.75658
-0.75886
-0.75822
-0.7615
-0.75924
-0.75974
-0.76076
-0.75784
-0.75436
-0.75692
-0.75976
-0.75254
-0.75088
-0.7522
-0.75874
-0.7518
-0.74986
-0.75534
-0.75266
-0.75386
-0.75554
-0.75318
-0.7604
-0.76
-0.7527
-0.75544
-0.75308
-0.75636
-0.75678
-0.75152
-0.75762
-0.75858
-0.76122
-0.757
-0.75798
-0.76108
-0.75294
-0.7543
-0.75536
-0.7555
-0.75806
-0.7551
-0.74884
-0.75384
-0.75402
-0.75286
-0.75262
-0.75808
-0.75456
-0.7584
-0.75364
-0.75808
-0.75888
-0.7548
-0.75964
-0.75438
-0.75516
-0.75354
-0.75174
-0.75494
-0.7516
-0.75612
-0.75556
-0.75562
-0.75342
-0.75582
-0.75372
-0.75326
-0.75282
-0.75908
-0.75498
-0.7483
-0.75712
-0.75608
-0.75658
-0.75386
-0.75636
-0.75164
-0.75546
-0.75476
-0.75618
-0.7557
-0.76048
-0.75454
-0.76268
-0.75558
-0.76098
-0.7563
-0.74636
-0.75182
-0.75286
-0.75184
-0.74996
-0.7543
-0.75218
-0.75416
-0.75716
-0.75184
-0.75638
-0.75274
-0.75542
-0.7588
-0.75312
-0.7579
-0.75392
-0.7545
-0.75592
-0.75708
-0.76002
-0.75866
-0.75984
-0.75768
-0.75924
-0.75434
-0.7541
-0.7598
-0.7564
-0.76096
-0.7535
-0.7513
-0.76114
-0.7545
-0.75494
-0.76216
-0.75606
-0.7528
-0.75752
-0.7546
-0.75958
-0.76296
-0.76126
-0.75286
-0.75936
-0.7557
-0.758
-0.75378
-0.75936
-0.76156
-0.7509
-0.7579
-0.75704
-0.75394
-0.75156
-0.75748
-0.75788
-0.75618
-0.75304
-0.75826
-0.7477
-0.75392
-0.76142
-0.75578
-0.75362
-0.75518
-0.76138
-0.7561
-0.7591
-0.7625
-0.75388
-0.75602
-0.75606
-0.7566
-0.75712
-0.75434
-0.75452
-0.76144
-0.75726
-0.75896
-0.75522
-0.74806
-0.7579
-0.75548
-0.75498
-0.75848
-0.7602
-0.75568
-0.7573
-0.75602
-0.7546
-0.7589
-0.75546
-0.75408
-0.75564
-0.7586
-0.75552
-0.7592
-0.76246
-0.7569
-0.75966
-0.75586
-0.75532
-0.7571
-0.75976
-0.7578
-0.75778
-0.75754
-0.7579
-0.75324
-0.75288
-0.75556
-0.76128
-0.75742
-0.75356
-0.75674
-0.76346
-0.75598
-0.7539
-0.75176
-0.75704
-0.75722
-0.7553
-0.75112
-0.7548
-0.75692
-0.75438
-0.75144
-0.75558
-0.75382
-0.75602
-0.75872
-0.7552
-0.76028
-0.75358
-0.76072
-0.75426
-0.75512
-0.75584
-0.75664
-0.7553
-0.75084
-0.76104
-0.75756
-0.7477
-0.75826
-0.75588
-0.75866
-0.75788
-0.7618
-0.76076
-0.75302
-0.75752
-0.75608
-0.7552
-0.75484
-0.76018
-0.75812
-0.75582
-0.75536
-0.76166
-0.7548
-0.75676
-0.7589
-0.75664
-0.75072
-0.7599
-0.75622
-0.75154
-0.7603
-0.756
-0.76198
-0.75578
-0.7516
-0.7561
-0.75964
-0.75474
-0.76196
-0.75718
-0.75504
-0.756
-0.75564
-0.75116
-0.75546
-0.75862
-0.76066
-0.75062
-0.75328
-0.76182
-0.75416
-0.75522
-0.75866
-0.76176
-0.75422
-0.75404
-0.7569
-0.753
-0.75774
-0.75466
-0.75518
-0.75974
-0.74844
-0.75602
-0.74954
-0.7538
-0.7558
-0.75056
-0.75466
-0.75428
-0.75814
-0.76036
-0.7638
-0.75504
-0.75052
-0.75822
-0.75602
-0.75722
-0.7552
-0.7561
-0.75284
-0.756
-0.75762
-0.75474
-0.75354
-0.7571
-0.75536
-0.76046
-0.75628
-0.7566
-0.74688
-0.7489
-0.7559
-0.75252
-0.75648
-0.75478
-0.75206
-0.75198
-0.75002
-0.75454
-0.755
-0.75506
-0.75012
-0.75822
-0.75682
-0.75372
-0.75236
-0.75106
-0.75272
-0.75472
-0.75788
-0.75894
-0.76352
-0.75634
-0.75818
-0.7559
-0.75044
-0.75684
-0.75752
-0.75864
-0.75876
-0.75788
-0.75846
-0.75074
-0.75246
-0.75136
-0.7566
-0.76474
-0.75972
-0.75604
-0.75744
-0.7516
-0.75304
-0.75838
-0.75494
-0.75392
-0.75962
-0.76092
-0.75768
-0.75524
-0.75162
-0.7556
-0.7593
-0.76384
-0.7561
-0.76134
-0.75764
-0.75338
-0.7548
-0.75334
-0.75384
-0.75786
-0.75752
-0.75556
-0.75084
-0.75884
-0.76048
-0.75654
-0.7504
-0.74932
-0.75324
-0.75424
-0.75106
-0.7568
-0.75552
-0.75626
-0.75362
-0.75778
-0.754
-0.75746
-0.75198
-0.75286
-0.76086
-0.75854
-0.75238
-0.76134
-0.7562
-0.75276
-0.75426
-0.75968
-0.75428
-0.75364
-0.7519
-0.75894
-0.75948
-0.75662
-0.75306
-0.75282
-0.75128
-0.75756
-0.75462
-0.7527
-0.75156
-0.7582
-0.7544
-0.75356
-0.7474
-0.75528
-0.76042
-0.7643
-0.76018
-0.75874
-0.75408
-0.7565
-0.75474
-0.75646
-0.76244
-0.75838
-0.7565
-0.75312
-0.7535
-0.75394
-0.7523
-0.75476
-0.7564
-0.75014
-0.75202
-0.76192
-0.75422
-0.76106
-0.74902
-0.75674
-0.7512
-0.7533
-0.75824
-0.75624
-0.75024
-0.75706
-0.75796
-0.75464
-0.7564
-0.75812
-0.76314
-0.7553
-0.75338
-0.75296
-0.75358
-0.75268
-0.75572
-0.75956
-0.75352
-0.75726
-0.75716
-0.75614
-0.75636
-0.7559
-0.75944
-0.75662
-0.75912
-0.7606
-0.75736
-0.75752
-0.7564
-0.76088
-0.75694
-0.7566
-0.75958
-0.76258
-0.75688
-0.7555
-0.76024
-0.75272
-0.75958
-0.7577
-0.7574
-0.7594
-0.75698
-0.757
-0.75656
-0.75992
-0.75296
-0.74776
-0.7525
-0.75644
-0.75566
-0.756
-0.7529
-0.76004
-0.76036
-0.75562
-0.7573
-0.75696
-0.75702
-0.75284
-0.75162
-0.75492
-0.75414
-0.75412
-0.759
-0.74856
-0.75442
-0.76012
-0.7512
-0.7578
-0.75468
-0.75382
-0.7586
-0.75844
-0.7521
-0.75436
-0.75646
-0.75704
-0.7552
-0.75398
-0.75222
-0.75936
-0.75606
-0.75732
-0.75282
-0.75138
-0.75134
-0.76052
-0.75306
-0.75618
-0.75932
-0.75746
-0.75546
-0.75856
-0.76156
-0.7589
-0.758
-0.75836
-0.75806
-0.75564
-0.7527
-0.75174
-0.7599
-0.75548
-0.75866
-0.75866
-0.75898
-0.75102
-0.75166
-0.7529
-0.75296
-0.7608
-0.75418
-0.75346
-0.75898
-0.76114
-0.7527
-0.75904
-0.7576
-0.75446
-0.75744
-0.757
-0.754
-0.75714
-0.76254
-0.7549
-0.75654
-0.7544
-0.75722
-0.75762
-0.75502
-0.7551
-0.76074
-0.75464
-0.7542
-0.75432
-0.75654
-0.7609
-0.7587
-0.76044
-0.75814
-0.7549
-0.74992
-0.75582
-0.75736
-0.75538
-0.75882
-0.75428
-0.75326
-0.75712
-0.75416
-0.7527
-0.75826
-0.75502
-0.7587
-0.75916
-0.7555
-0.76016
-0.75558
-0.74902
-0.75424
-0.75442
-0.75538
-0.75726
-0.7561
-0.7561
-0.75812
-0.75154
-0.75042
-0.7571
-0.76164
-0.75744
-0.75576
-0.75488
-0.75274
-0.75612
-0.76054
-0.75264
-0.75258
-0.75284
-0.76318
-0.75034
-0.75554
-0.75036
-0.75558
-0.7573
-0.7516
-0.76176
-0.75582
-0.7526
-0.76006
-0.75824
-0.75406
-0.75464
-0.7556
-0.7547
-0.76138
-0.75474
-0.75272
-0.75608
-0.75598
-0.75104
-0.75912
-0.75808
-0.75744
-0.75736
-0.75568
-0.75544
-0.75958
-0.75816
-0.7553
-0.75944
-0.74952
-0.75512
-0.754
-0.76134
-0.7583
-0.75902
-0.7545
-0.75852
-0.75332
-0.75792
-0.75652
-0.76426
-0.75514
-0.76184
-0.7541
-0.75498
-0.75418
-0.75678
-0.75506
-0.75308
-0.75422
-0.75902
-0.75888
-0.7594
-0.75698
-0.74932
-0.75578
-0.75818
-0.75302
-0.75924
-0.7555
-0.75688
-0.7588
-0.75942
-0.75494
-0.75266
-0.7573
-0.75442
-0.75282
-0.75982
-0.75966
-0.75706
-0.75754
-0.75588
-0.7536
-0.7544
-0.75484
-0.7527
-0.76238
-0.76002
-0.75688
-0.75548
-0.75334
-0.75582
-0.75808
-0.75534
-0.75492
-0.76042
-0.75738
-0.7666
-0.753
-0.74768
-0.75204
-0.76134
-0.75146
-0.75768
-0.76168
-0.75506
-0.75712
-0.75372
-0.75288
-0.7566
-0.7497
-0.75428
-0.75264
-0.75962
-0.759
-0.75642
-0.7547
-0.75676
-0.75846
-0.7617
-0.74746
-0.74998
-0.75226
-0.75772
-0.75718
-0.75626
-0.75444
-0.75686
-0.75658
-0.7538
-0.7537
-0.75806
-0.75852
-0.75708
-0.75884
-0.76282
-0.7587
-0.75766
-0.7584
-0.7568
-0.75764
-0.75742
-0.755
-0.75524
-0.76332
-0.75888
-0.75584
-0.75652
-0.75548
-0.74864
-0.75536
-0.75798
-0.75882
-0.75398
-0.7573
-0.75732
-0.7569
-0.75428
-0.75574
-0.75632
-0.75464
-0.75616
-0.75658
-0.75722
-0.75826
-0.75316
-0.75862
-0.75196
-0.75666
-0.76026
-0.75776
-0.7526
-0.7568
-0.76048
-0.77012
-0.7587
-0.75352
-0.75978
-0.75846
-0.75722
-0.7592
-0.75452
-0.75286
-0.75752
-0.75694
-0.75112
-0.75518
-0.75754
-0.7583
-0.75498
-0.75056
-0.76206
-0.76064
-0.7589
-0.75114
-0.7582
-0.75472
-0.75768
-0.75508
-0.7577
-0.75152
-0.74722
-0.7567
-0.75734
-0.75616
-0.75502
-0.7502
-0.76088
-0.75386
-0.75362
-0.75636
-0.75702
-0.74994
-0.7533
-0.76182
-0.76096
-0.75544
-0.75256
-0.75482
-0.75074
-0.75668
-0.75832
-0.75106
-0.75424
-0.75534
-0.75926
-0.7514
-0.75848
-0.75734
-0.76014
-0.7549
-0.75376
-0.75694
-0.75792
-0.75822
-0.75528
-0.75468
-0.7599
-0.75608
-0.75568
-0.75224
-0.75264
-0.75592
-0.7596
-0.75534
-0.76048
-0.756
-0.75356
-0.75916
-0.75254
-0.7554
-0.75308
-0.7528
-0.75488
-0.75734
-0.76064
-0.75552
-0.75366
-0.76122
-0.76534
-0.754
-0.75254
-0.75478
-0.7539
-0.74968
-0.75252
-0.75452
-0.75432
-0.7589
-0.7564
-0.75554
-0.75542
-0.75816
-0.75632
-0.75854
-0.75562
-0.75572
-0.75228
-0.75398
-0.75338
-0.75486
-0.75282
-0.75706
-0.75888
-0.7571
-0.75608
-0.75222
-0.7546
-0.754
-0.75416
-0.75808
-0.75324
-0.75472
-0.75546
-0.75728
-0.75666
-0.75344
-0.75882
-0.7575
-0.7586
-0.75394
-0.75166
-0.76082
-0.76046
-0.75732
-0.75984
-0.7602
-0.7533
-0.75404
-0.75376
-0.74958
-0.74914
-0.75932
-0.75642
-0.75822
-0.75148
-0.76038
-0.74846
-0.7482
-0.75416
-0.75528
-0.75436
-0.754
-0.75602
-0.75522
-0.75732
-0.75474
-0.75432
-0.7558
-0.75844
-0.76004
-0.7523
-0.76064
-0.75606
-0.75328
-0.75456
-0.75614
-0.75402
-0.7568
-0.7563
-0.75646
-0.75782
-0.75986
-0.75374
-0.759
-0.753
-0.75762
-0.76308
-0.75928
-0.75786
-0.75484
-0.75264
-0.75336
-0.7515
-0.76186
-0.75524
-0.75654
-0.75882
-0.754
-0.757
-0.75592
-0.75488
-0.75876
-0.75588
-0.75518
-0.75102
-0.75358
-0.75218
-0.75666
-0.75574
-0.75594
-0.75612
-0.75758
-0.75296
-0.75512
-0.75324
-0.76078
-0.75318
-0.75854
-0.758
-0.7591
-0.75984
-0.76114
-0.75608
-0.75046
-0.75322
-0.7589
-0.75902
-0.75216
-0.75338
-0.74636
-0.75972
-0.75764
-0.75874
-0.75564
-0.75736
-0.75564
-0.75738
-0.7561
-0.75104
-0.75036
-0.75068
-0.76036
-0.76016
-0.76334
-0.75204
-0.75332
-0.75454
-0.75228
-0.75876
-0.75528
-0.75564
-0.76768
-0.75212
-0.7506
-0.75882
-0.75126
-0.75332
-0.75358
-0.76142
-0.75184
-0.75486
-0.75318
-0.75292
-0.7591
-0.75418
-0.75396
-0.76018
-0.75486
-0.7569
-0.7591
-0.7603
-0.75228
-0.75118
-0.75492
-0.75872
-0.75594
-0.76256
-0.7601
-0.75262
-0.75682
-0.75426
-0.75598
-0.75144
-0.75576
-0.7624
-0.75238
-0.75872
-0.75234
-0.7564
-0.76092
-0.75046
-0.75366
-0.75274
-0.75874
-0.75804
-0.75396
-0.75404
-0.754
-0.75758
-0.75708
-0.75482
-0.75658
-0.7526
-0.74952
-0.75154
-0.7508
-0.75584
-0.7575
-0.75058
-0.7577
-0.7614
-0.75622
-0.75082
-0.75792
-0.76018
-0.75816
-0.75936
-0.75888
-0.75374
-0.7589
-0.75862
-0.75126
-0.75872
-0.75946
-0.75882
-0.75324
-0.75444
-0.75678
-0.7616
-0.75388
-0.75774
-0.7535
-0.75592
-0.75814
-0.75838
-0.76066
-0.75544
-0.75684
-0.7528
-0.75138
-0.75762
-0.76166
-0.7594
-0.75288
-0.76098
-0.75908
-0.75588
-0.75274
-0.75326
-0.74726
-0.75064
-0.75212
-0.757
-0.75442
-0.75
-0.75608
-0.75236
-0.75482
-0.7548
-0.7501
-0.75302
-0.75522
-0.75642
-0.75354
-0.75634
-0.75544
-0.76126
-0.75168
-0.74948
-0.75402
-0.75438
-0.75906
-0.75006
-0.753
-0.75108
-0.7518
-0.75764
-0.7501
-0.7567
-0.75326
-0.75272
-0.7567
-0.75376
-0.76402
-0.75538
-0.7584
-0.75492
-0.75208
-0.75452
-0.7537
-0.75676
-0.75484
-0.75808
-0.75902
-0.75706
-0.75132
-0.7534
-0.75894
-0.759
-0.75148
-0.75098
-0.75834
-0.75066
-0.75504
-0.75902
-0.75376
-0.7581
-0.75174
-0.75176
-0.75328
-0.75236
-0.75712
-0.75548
-0.7607
-0.75478
-0.75824
-0.75402
-0.75268
-0.75658
-0.75916
-0.75898
-0.7583
-0.76046
-0.7567
-0.75764
-0.75026
-0.75772
-0.75498
-0.75706
-0.75748
-0.7571
-0.75638
-0.75978
-0.75164
-0.75452
-0.75772
-0.75858
-0.75642
-0.75212
-0.756
-0.75952
-0.75626
-0.76066
-0.75274
-0.75572
-0.76186
-0.75284
-0.7553
-0.7549
-0.75044
-0.75586
-0.75298
-0.75844
-0.75648
-0.75406
-0.75824
-0.75578
-0.7574
-0.75304
-0.75798
-0.75604
-0.75484
-0.75628
-0.76148
-0.76234
-0.75978
-0.75176
-0.7541
-0.7595
-0.75618
-0.75776
-0.75604
-0.75772
-0.7561
-0.75896
-0.7582
-0.7593
-0.75836
-0.75866
-0.75386
-0.75596
-0.7568
-0.76144
-0.75638
-0.75416
-0.75598
-0.76458
-0.75418
-0.7596
-0.75434
-0.75708
-0.75688
-0.75484
-0.74868
-0.76446
-0.75686
-0.7504
-0.75992
-0.76354
-0.75356
-0.7595
-0.74758
-0.75316
-0.762
-0.75922
-0.7522
-0.7539
-0.75024
-0.75538
-0.7565
-0.7556
-0.75714
-0.75958
-0.74732
-0.7567
-0.76088
-0.7543
-0.75962
-0.75476
-0.7562
-0.7572
-0.75518
-0.75534
-0.75436
-0.75496
-0.75696
-0.76282
-0.75684
-0.75304
-0.7537
-0.75304
-0.7572
-0.75158
-0.75694
-0.7563
-0.75736
-0.75694
-0.75624
-0.7518
-0.75416
-0.75428
-0.75826
-0.76046
-0.75812
-0.75674
-0.75548
-0.75138
-0.76244
-0.75694
-0.75376
-0.7583
-0.75458
-0.75006
-0.75802
-0.76008
-0.75434
-0.748
-0.7532
-0.75102
-0.7519
-0.75096
-0.7601
-0.75552
-0.75926
-0.75702
-0.76268
-0.75776
-0.75508
-0.75682
-0.75674
-0.75528
-0.7564
-0.74778
-0.7576
-0.75322
-0.75516
-0.7528
-0.75258
-0.75706
-0.75426
-0.76028
-0.74708
-0.7548
-0.7578
-0.75444
-0.757
-0.7577
-0.75692
-0.75758
-0.75956
-0.76026
-0.75418
-0.75528
-0.75504
-0.76186
-0.76198
-0.75194
-0.75892
-0.76164
-0.75576
-0.75608
-0.75542
-0.75632
-0.75636
-0.75874
-0.74922
-0.75464
-0.75074
-0.75862
-0.75376
-0.75388
-0.75738
-0.75674
-0.76062
-0.7587
-0.75582
-0.75232
-0.7509
-0.75264
-0.75674
-0.75434
-0.75446
-0.7605
-0.75334
-0.7548
-0.7512
-0.75802
-0.75444
-0.754
-0.75276
-0.75388
-0.7624
-0.7545
-0.75536
-0.75442
-0.759
-0.75594
-0.75998
-0.75476
-0.75718
-0.75126
-0.75682
-0.75606
-0.7494
-0.75678
-0.76816
-0.75314
-0.75738
-0.75778
-0.75612
-0.75714
-0.75682
-0.76014
-0.75866
-0.75554
-0.75322
-0.75764
-0.75774
-0.75608
-0.75316
-0.75614
-0.7522
-0.75536
-0.75964
-0.7576
-0.75818
-0.75642
-0.75724
-0.75182
-0.75508
-0.7507
-0.75514
-0.75596
-0.75946
-0.75916
-0.75448
-0.74516
-0.75394
-0.75326
-0.75898
-0.75316
-0.76214
-0.75798
-0.7585
-0.76082
-0.75856
-0.75416
-0.75252
-0.75696
-0.75172
-0.7585
-0.75444
-0.7517
-0.75748
-0.7573
-0.75126
-0.7478
-0.75058
-0.76208
-0.7516
-0.75238
-0.75768
-0.75808
-0.7563
-0.75794
-0.74924
-0.75548
-0.75826
-0.75738
-0.75866
-0.76364
-0.75642
-0.75556
-0.75822
-0.75682
-0.75998
-0.75908
-0.75372
-0.76556
-0.7521
-0.75778
-0.7569
-0.75974
-0.75412
-0.75596
-0.7516
-0.75034
-0.75586
-0.75464
-0.7536
-0.76216
-0.7609
-0.75428
-0.75942
-0.75396
-0.7539
-0.7605
-0.75614
-0.75798
-0.75394
-0.75862
-0.74968
-0.74738
-0.75616
-0.75368
-0.7551
-0.75038
-0.75462
-0.7519
-0.7553
-0.7596
-0.75436
-0.75968
-0.75788
-0.7533
-0.75426
-0.75726
-0.75448
-0.75994
-0.75782
-0.75516
-0.75938
-0.75576
-0.75634
-0.75222
-0.75376
-0.75056
-0.75764
-0.75802
-0.75092
-0.7532
-0.75284
-0.7577
-0.762
-0.75794
-0.75664
-0.75884
-0.75602
-0.75376
-0.75328
-0.75288
-0.75738
-0.75766
-0.7525
-0.75756
-0.75082
-0.75762
-0.7615
-0.75486
-0.76448
-0.75836
-0.7549
-0.75372
-0.76572
-0.7605
-0.75912
-0.74978
-0.75702
-0.75368
-0.75644
-0.75698
-0.75288
-0.7572
-0.75208
-0.75466
-0.75348
-0.7529
-0.75912
-0.75838
-0.7556
-0.75556
-0.7536
-0.75052
-0.75682
-0.76188
-0.76204
-0.7556
-0.75928
-0.76272
-0.75424
-0.7536
-0.75612
-0.76154
-0.75512
-0.75718
-0.75606
-0.75316
-0.76028
-0.76176
-0.75128
-0.75378
-0.75356
-0.75718
-0.75388
-0.74946
-0.7589
-0.75772
-0.76554
-0.75458
-0.75022
-0.75194
-0.75808
-0.76
-0.75738
-0.76224
-0.7511
-0.75256
-0.7565
-0.75396
-0.75958
-0.75678
-0.7603
-0.75396
-0.75638
-0.75542
-0.75422
-0.75832
-0.75614
-0.7527
-0.75876
-0.75474
-0.75064
-0.7532
-0.75384
-0.7569
-0.75652
-0.75012
-0.74858
-0.75362
-0.7601
-0.75638
-0.75298
-0.75132
-0.75994
-0.75732
-0.75638
-0.75698
-0.75938
-0.7546
-0.75174
-0.75168
-0.75512
-0.75372
-0.75182
-0.75456
-0.75488
-0.7563
-0.75752
-0.75704
-0.7664
-0.76368
-0.76096
-0.75116
-0.7563
-0.75386
-0.75384
-0.75426
-0.7591
-0.7552
-0.76048
-0.7568
-0.75966
-0.75594
-0.75744
-0.758
-0.75632
-0.7563
-0.75834
-0.76044
-0.76036
-0.75658
-0.75444
-0.75458
-0.75946
-0.75112
-0.75438
-0.75672
-0.7568
-0.75792
-0.75334
-0.75422
-0.75904
-0.75228
-0.7617
-0.75828
-0.74856
-0.75312
-0.76214
-0.75714
-0.75184
-0.75522
-0.75824
-0.76066
-0.75806
-0.75494
-0.75364
-0.75086
-0.76042
-0.75534
-0.75206
-0.76348
-0.7565
-0.75546
-0.7548
-0.75282
-0.75866
-0.75892
-0.76096
-0.7564
-0.75708
-0.7597
-0.7553
-0.75566
-0.7576
-0.75568
-0.75726
-0.75768
-0.75816
-0.75316
-0.74956
-0.7553
-0.7578
-0.75932
-0.75802
-0.75706
-0.75998
-0.75934
-0.75562
-0.75588
-0.75422
-0.75804
-0.75708
-0.7537
-0.75662
-0.754
-0.75784
-0.75398
-0.76038
-0.75834
-0.75616
-0.75634
-0.75038
-0.75266
-0.7556
-0.75844
-0.75364
-0.7525
-0.75772
-0.75632
-0.75928
-0.7536
-0.74764
-0.75156
-0.75246
-0.76038
-0.75708
-0.76128
-0.75468
-0.76036
-0.75856
-0.75878
-0.75232
-0.75254
-0.75234
-0.76148
-0.75278
-0.75204
-0.75584
-0.7519
-0.74474
-0.75554
-0.7605
-0.75328
-0.75608
-0.76118
-0.75088
-0.75352
-0.75512
-0.75826
-0.75766
-0.7522
-0.757
-0.7565
-0.7518
-0.76302
-0.76126
-0.75878
-0.76304
-0.75452
-0.7515
-0.75274
-0.75382
-0.75432
-0.75174
-0.75902
-0.75888
-0.74948
-0.7541
-0.7546
-0.75818
-0.7593
-0.7511
-0.75584
-0.75864
-0.75706
-0.75242
-0.75678
-0.7571
-0.75922
-0.75136
-0.7558
-0.75588
-0.75416
-0.7567
-0.75862
-0.75904
-0.75572
-0.7574
-0.7571
-0.7578
-0.75624
-0.75196
-0.75812
-0.7533
-0.755
-0.7529
-0.7611
-0.75822
-0.75966
-0.75822
-0.75322
-0.75198
-0.75606
-0.757
-0.75718
-0.75454
-0.75484
-0.75758
-0.7551
-0.75906
-0.75844
-0.7539
-0.75762
-0.75758
-0.75406
-0.75638
-0.75628
-0.75182
-0.75426
-0.75922
-0.76054
-0.75612
-0.755
-0.75096
-0.75368
-0.75394
-0.7581
-0.75326
-0.75288
-0.75372
-0.75524
-0.75636
-0.75444
-0.7579
-0.75692
-0.75438
-0.7583
-0.76008
-0.75988
-0.7589
-0.75792
-0.7598
-0.76122
-0.76004
-0.75406
-0.7552
-0.75178
-0.7541
-0.7607
-0.75694
-0.7569
-0.75664
-0.75788
-0.7585
-0.7542
-0.76132
-0.75624
-0.75642
-0.7562
-0.75532
-0.76014
-0.7519
-0.75574
-0.75604
-0.75262
-0.7568
-0.7569
-0.751
-0.7544
-0.75872
-0.75518
-0.7516
-0.7585
-0.7465
-0.759
-0.75584
-0.75596
-0.75724
-0.75314
-0.75456
-0.7575
-0.75264
-0.75204
-0.75252
-0.75286
-0.75606
-0.75278
-0.76166
-0.7529
-0.75252
-0.75692
-0.75808
-0.74782
-0.75852
-0.75758
-0.75032
-0.75734
-0.75518
-0.75882
-0.75584
-0.7631
-0.75422
-0.75552
-0.7524
-0.75874
-0.75886
-0.75774
-0.75472
-0.75462
-0.75838
-0.75746
-0.75826
-0.75498
-0.7551
-0.7531
-0.7624
-0.75748
-0.75216
-0.7544
-0.75628
-0.75688
-0.75572
-0.75514
-0.75284
-0.75654
-0.75814
-0.75656
-0.75842
-0.75784
-0.7592
-0.75454
-0.75158
-0.75668
-0.754
-0.75262
-0.75258
-0.75658
-0.75368
-0.75174
-0.75972
-0.7539
-0.75598
-0.76362
-0.75792
-0.758
-0.75444
-0.75378
-0.75846
-0.7555
-0.7567
-0.75166
-0.75598
-0.75634
-0.75692
-0.75952
-0.75494
-0.75744
-0.75884
-0.76178
-0.75984
-0.75976
-0.75324
-0.75892
-0.75856
-0.75722
-0.75934
-0.75532
-0.75522
-0.75808
-0.74932
-0.75528
-0.75808
-0.75422
-0.75444
-0.7563
-0.75994
-0.75398
-0.75174
-0.75118
-0.75372
-0.75152
-0.75652
-0.74876
-0.7581
-0.75784
-0.74792
-0.75926
-0.75812
-0.75456
-0.75558
-0.7631
-0.7617
-0.75662
-0.75866
-0.75866
-0.75348
-0.75492
-0.75532
-0.76086
-0.75274
-0.75586
-0.75824
-0.75822
-0.75142
-0.75452
-0.7603
-0.75878
-0.75926
-0.75844
-0.758
-0.7612
-0.75302
-0.76132
-0.75854
-0.7548
-0.7582
-0.76074
-0.757
-0.7579
-0.75314
-0.75494
-0.75608
-0.74752
-0.75862
-0.75574
-0.75024
-0.75508
-0.75606
-0.76326
-0.75104
-0.75078
-0.75742
-0.75628
-0.75438
-0.75538
-0.75366
-0.75478
-0.76136
-0.75502
-0.75298
-0.74954
-0.75548
-0.7578
-0.75174
-0.75204
-0.75416
-0.75788
-0.75966
-0.7624
-0.75884
-0.75732
-0.75524
-0.7526
-0.7548
-0.7536
-0.75322
-0.7575
-0.75674
-0.75856
-0.75558
-0.75608
-0.75596
-0.75654
-0.75286
-0.75988
-0.75568
-0.75362
-0.75302
-0.74392
-0.7489
-0.75526
-0.755
-0.75794
-0.75684
-0.7617
-0.75586
-0.75504
-0.75754
-0.75398
-0.7578
-0.751
-0.75714
-0.76004
-0.75592
-0.75386
-0.75958
-0.75348
-0.7586
-0.751
-0.75606
-0.75684
-0.75846
-0.7587
-0.75454
-0.75928
-0.76004
-0.754
-0.75626
-0.75608
-0.7534
-0.75076
-0.75568
-0.7557
-0.75504
-0.7584
-0.7546
-0.75316
-0.74792
-0.75348
-0.7523
-0.75414
-0.76196
-0.75588
-0.752
-0.76368
-0.76322
-0.75496
-0.74998
-0.7578
-0.7543
-0.75382
-0.75498
-0.7549
-0.75348
-0.7579
-0.76082
-0.7561
-0.76208
-0.76242
-0.75324
-0.75718
-0.75514
-0.75606
-0.75356
-0.75406
-0.75364
-0.76306
-0.75094
-0.76042
-0.75668
-0.75036
-0.7578
-0.75662
-0.75726
-0.75712
-0.75306
-0.75758
-0.76164
-0.7572
-0.75696
-0.75978
-0.75786
-0.7527
-0.75036
-0.75262
-0.7547
-0.7562
-0.7455
-0.75752
-0.75682
-0.7528
-0.75684
-0.75392
-0.76464
-0.75346
-0.75272
-0.7559
-0.7586
-0.7527
-0.75936
-0.75328
-0.75164
-0.76258
-0.75802
-0.75806
-0.7519
-0.75596
-0.75334
-0.75662
-0.75944
-0.75316
-0.76204
-0.75936
-0.7586
-0.76026
-0.76286
-0.74634
-0.75454
-0.75858
-0.7511
-0.75388
-0.75958
-0.75482
-0.75958
-0.75402
-0.7538
-0.75786
-0.75194
-0.75116
-0.7479
-0.7559
-0.7569
-0.75596
-0.75152
-0.75152
-0.7588
-0.75616
-0.75192
-0.75882
-0.75472
-0.76278
-0.75686
-0.75146
-0.7589
-0.7501
-0.7551
-0.75504
-0.7557
-0.7558
-0.75398
-0.7533
-0.75226
-0.75956
-0.75688
-0.75674
-0.75678
-0.75856
-0.75588
-0.75256
-0.75558
-0.75902
-0.75772
-0.75572
-0.75484
-0.74944
-0.7576
-0.75632
-0.76064
-0.75966
-0.74814
-0.75322
-0.75746
-0.75292
-0.75538
-0.75226
-0.74884
-0.75784
-0.75284
-0.75708
-0.74754
-0.7573
-0.75974
-0.7544
-0.75324
-0.7542
-0.75398
-0.75834
-0.75528
-0.75152
-0.75258
-0.7578
-0.75594
-0.75362
-0.7507
-0.7601
-0.75808
-0.75616
-0.75268
-0.756
-0.75184
-0.75304
-0.7537
-0.75262
-0.7574
-0.75114
-0.75402
-0.75366
-0.7556
-0.75784
-0.75526
-0.76346
-0.75432
-0.75346
-0.7545
-0.75962
-0.756
-0.76084
-0.7572
-0.75628
-0.75136
-0.75718
-0.7575
-0.75358
-0.7574
-0.75166
-0.75002
-0.76276
-0.75732
-0.75582
-0.75854
-0.76092
-0.75712
-0.74824
-0.75072
-0.7528
-0.75892
-0.75848
-0.758
-0.754
-0.75308
-0.75352
-0.75554
-0.75166
-0.76124
-0.75304
-0.75848
-0.75392
-0.75792
-0.75602
-0.75748
-0.75588
-0.75796
-0.7528
-0.76028
-0.76062
-0.75508
-0.75884
-0.7546
-0.75658
-0.7559
-0.75618
-0.75622
-0.75818
-0.75896
-0.75188
-0.75836
-0.75714
-0.7565
-0.75172
-0.75692
-0.76012
-0.75282
-0.76148
-0.7589
-0.75192
-0.75622
-0.7625
-0.75494
-0.75548
-0.75686
-0.75604
-0.76184
-0.75294
-0.75166
-0.7505
-0.7649
-0.7571
-0.75924
-0.76074
-0.75662
-0.75698
-0.751
-0.75226
-0.7531
-0.75842
-0.75606
-0.7571
-0.7546
-0.75594
-0.7567
-0.76096
-0.75714
-0.75738
-0.7595
-0.75512
-0.75404
-0.75694
-0.75458
-0.7536
-0.75996
-0.75598
-0.7554
-0.75556
-0.75438
-0.74978
-0.76312
-0.7575
-0.75136
-0.75692
-0.75156
-0.7505
-0.75624
-0.75516
-0.7556
-0.75586
-0.76328
-0.74936
-0.75328
-0.75728
-0.7535
-0.75632
-0.75716
-0.7554
-0.75984
-0.75402
-0.7571
-0.75398
-0.75564
-0.7551
-0.75306
-0.75332
-0.75542
-0.75304
-0.76214
-0.75876
-0.75678
-0.75478
-0.7536
-0.75712
-0.7537
-0.75408
-0.76048
-0.75182
-0.75862
-0.75652
-0.75704
-0.7514
-0.75132
-0.75604
-0.75386
-0.75318
-0.75702
-0.756
-0.75316
-0.75284
-0.7555
-0.7528
-0.74836
-0.75848
-0.753
-0.74624
-0.74834
-0.75002
-0.75158
-0.7544
-0.76046
-0.76236
-0.75318
-0.7556
-0.75104
-0.75162
-0.75388
-0.75244
-0.75696
-0.75848
-0.75768
-0.75402
-0.76248
-0.75446
-0.75728
-0.76246
-0.75364
-0.75586
-0.75242
-0.75682
-0.75906
-0.75398
-0.75586
-0.75082
-0.75946
-0.75766
-0.75928
-0.75302
-0.75072
-0.75372
-0.75644
-0.74908
-0.75086
-0.75572
-0.75526
-0.76108
-0.75764
-0.75626
-0.75702
-0.75504
-0.76072
-0.76128
-0.75772
-0.75928
-0.75758
-0.75636
-0.75028
-0.75138
-0.75516
-0.75596
-0.75554
-0.75836
-0.75502
-0.74874
-0.7568
-0.75792
-0.74754
-0.7537
-0.7569
-0.75826
-0.75318
-0.75152
-0.75858
-0.75628
-0.7576
-0.7572
-0.7526
-0.75212
-0.76008
-0.75494
-0.75694
-0.75804
-0.75044
-0.75526
-0.76328
-0.75798
-0.75324
-0.76432
-0.7557
-0.74686
-0.75584
-0.75548
-0.75774
-0.75698
-0.75124
-0.76002
-0.75138
-0.76076
-0.76006
-0.75452
-0.75974
-0.75814
-0.75654
-0.75968
-0.74844
-0.75946
-0.75538
-0.7583
-0.7573
-0.76092
-0.75442
-0.75444
-0.75514
-0.75374
-0.75152
-0.75426
-0.76064
-0.7567
-0.7608
-0.75566
-0.75582
-0.7564
-0.75666
-0.75534
-0.75828
-0.75948
-0.75438
-0.75922
-0.7563
-0.75466
-0.7549
-0.76116
-0.7561
-0.75608
-0.7566
-0.7579
-0.75884
-0.7574
-0.75518
-0.75508
-0.7558
-0.75312
-0.75922
-0.7581
-0.74624
-0.75574
-0.75352
-0.75256
-0.75516
-0.7587
-0.7532
-0.75294
-0.75448
-0.75778
-0.7545
-0.75432
-0.759
-0.76236
-0.75888
-0.7553
-0.75524
-0.75776
-0.75194
-0.7596
-0.75968
-0.75456
-0.76274
-0.76534
-0.75538
-0.75118
-0.7582
-0.7562
-0.7528
-0.75652
-0.75832
-0.75556
-0.75104
-0.75602
-0.75246
-0.7554
-0.75514
-0.75308
-0.75474
-0.76184
-0.75512
-0.75378
-0.75134
-0.76028
-0.75112
-0.75198
-0.75346
-0.75658
-0.75468
-0.75382
-0.75762
-0.75802
-0.75306
-0.7513
-0.75568
-0.75882
-0.75746
-0.7545
-0.75934
-0.75318
-0.76072
-0.75194
-0.75436
-0.75998
-0.75696
-0.76194
-0.76326
-0.76706
-0.75462
-0.7545
-0.75906
-0.75698
-0.7574
-0.75784
-0.75586
-0.7558
-0.75674
-0.75448
-0.75286
-0.75222
-0.75902
-0.75168
-0.76168
-0.76068
-0.75756
-0.75608
-0.76158
-0.75872
-0.76042
-0.75434
-0.75662
-0.753
-0.76042
-0.7544
-0.75474
-0.7548
-0.75326
-0.75324
-0.75918
-0.7602
-0.75454
-0.7517
-0.7533
-0.75532
-0.7525
-0.75794
-0.7557
-0.75796
-0.75406
-0.75954
-0.75598
-0.75952
-0.75334
-0.75644
-0.75704
-0.75404
-0.7569
-0.75676
-0.75996
-0.7603
-0.75654
-0.7619
-0.75532
-0.75746
-0.75616
-0.758
-0.75272
-0.75642
-0.757
-0.7514
-0.75752
-0.75598
-0.7653
-0.74842
-0.7596
-0.75796
-0.75864
-0.7559
-0.75674
-0.75114
-0.75522
-0.75442
-0.7544
-0.76014
-0.76244
-0.75704
-0.75704
-0.75868
-0.75404
-0.7549
-0.75354
-0.7622
-0.75292
-0.75706
-0.75634
-0.75548
-0.75396
-0.75488
-0.7565
-0.75556
-0.75268
-0.75366
-0.74446
-0.75842
-0.7551
-0.75744
-0.75698
-0.74878
-0.76002
-0.7533
-0.75674
-0.7599
-0.7549
-0.75688
-0.7541
-0.75254
-0.75428
-0.7522
-0.75606
-0.75444
-0.75714
-0.75456
-0.76014
-0.75628
-0.76088
-0.75222
-0.75372
-0.76262
-0.75048
-0.75648
-0.75482
-0.7529
-0.75916
-0.75798
-0.75374
-0.75058
-0.76078
-0.76216
-0.75586
-0.7658
-0.75722
-0.75196
-0.75286
-0.75226
-0.75072
-0.76186
-0.75314
-0.75754
-0.75894
-0.7547
-0.75816
-0.75964
-0.75466
-0.76136
-0.76176
-0.7612
-0.75304
-0.756
-0.76178
-0.74786
-0.75828
-0.7586
-0.75818
-0.75908
-0.75542
-0.75332
-0.75838
-0.75804
-0.75194
-0.75206
-0.7623
-0.7598
-0.75772
-0.75802
-0.75286
-0.75088
-0.76044
-0.7489
-0.75346
-0.75356
-0.75644
-0.75824
-0.75668
-0.75128
-0.75442
-0.75668
-0.76046
-0.75546
-0.75686
-0.75768
-0.75376
-0.76208
-0.75704
-0.75206
-0.7535
-0.75446
-0.75558
-0.75378
-0.76138
-0.75706
-0.75198
-0.75436
-0.74774
-0.74988
-0.75084
-0.75308
-0.74992
-0.7623
-0.75436
-0.75306
-0.76118
-0.75622
-0.7563
-0.75622
-0.75928
-0.75584
-0.75282
-0.75468
-0.75224
-0.75628
-0.75826
-0.755
-0.75634
-0.75776
-0.7605
-0.75072
-0.7582
-0.74992
-0.75838
-0.7526
-0.7584
-0.76256
-0.75446
-0.75714
-0.76124
-0.7561
-0.7578
-0.75902
-0.76116
-0.75382
-0.75568
-0.75976
-0.76096
-0.75448
-0.75854
-0.75706
-0.76016
-0.7598
-0.75128
-0.75642
-0.75046
-0.75062
-0.7543
-0.76312
-0.756
-0.74994
-0.75636
-0.75592
-0.75762
-0.7615
-0.75396
-0.75794
-0.7562
-0.7638
-0.75588
-0.7587
-0.75716
-0.75494
-0.75592
-0.75264
-0.74906
-0.75654
-0.75972
-0.76254
-0.7541
-0.756
-0.75372
-0.76044
-0.74718
-0.75676
-0.75434
-0.75246
-0.75668
-0.75526
-0.75906
-0.75476
-0.75106
-0.75622
-0.76024
-0.75984
-0.754
-0.75654
-0.76058
-0.7546
-0.75134
-0.75314
-0.75962
-0.75192
-0.7547
-0.75858
-0.75386
-0.7625
-0.76268
-0.755
-0.75828
-0.75296
-0.75928
-0.7562
-0.74952
-0.76024
-0.76298
-0.7568
-0.76152
-0.75148
-0.7603
-0.75642
-0.7535
-0.75908
-0.7602
-0.75424
-0.7551
-0.761
-0.75222
-0.75226
-0.75478
-0.76046
-0.76178
-0.75572
-0.75856
-0.75486
-0.75258
-0.7542
-0.75246
-0.75868
-0.75236
-0.7536
-0.76
-0.74724
-0.75166
-0.75914
-0.7491
-0.76342
-0.764
-0.75666
-0.75364
-0.7577
-0.7578
-0.75572
-0.75268
-0.75968
-0.75292
-0.7491
-0.75372
-0.75102
-0.7532
-0.75554
-0.75538
-0.75516
-0.75298
-0.75432
-0.75314
-0.7556
-0.76024
-0.7565
-0.75896
-0.76224
-0.75556
-0.7505
-0.7601
-0.76372
-0.75816
-0.75796
-0.75868
-0.75236
-0.75168
-0.75278
-0.75826
-0.7594
-0.75606
-0.75906
-0.75818
-0.75158
-0.75202
-0.76058
-0.75654
-0.75674
-0.75588
-0.75576
-0.75442
-0.75614
-0.75988
-0.74604
-0.75818
-0.75552
-0.7537
-0.75782
-0.75354
-0.75708
-0.74806
-0.75324
-0.7542
-0.75348
-0.75684
-0.75858
-0.7568
-0.75028
-0.75894
-0.76172
-0.75928
-0.75572
-0.75874
-0.75784
-0.75662
-0.75974
-0.7505
-0.74602
-0.75174
-0.7552
-0.75528
-0.75594
-0.75362
-0.75688
-0.75126
-0.75378
-0.75468
-0.75438
-0.75714
-0.75794
-0.75892
-0.7552
-0.75358
-0.75848
-0.75754
-0.7539
-0.75402
-0.7529
-0.75104
-0.75744
-0.75604
-0.75078
-0.75636
-0.75762
-0.75906
-0.75414
-0.75296
-0.75882
-0.75516
-0.75674
-0.7572
-0.7616
-0.75604
-0.75194
-0.76196
-0.75574
-0.75684
-0.75318
-0.75052
-0.75592
-0.75568
-0.76168
-0.75668
-0.76088
-0.75782
-0.75712
-0.75232
-0.75392
-0.75586
-0.75626
-0.75926
-0.75858
-0.75194
-0.75868
-0.75866
-0.75722
-0.7577
-0.74676
-0.74926
-0.75558
-0.756
-0.75532
-0.75782
-0.75286
-0.75564
-0.75606
-0.75268
-0.75834
-0.75262
-0.75244
-0.75646
-0.75232
-0.75712
-0.75912
-0.75438
-0.75424
-0.75482
-0.75732
-0.75392
-0.75498
-0.75956
-0.75894
-0.75032
-0.75676
-0.75504
-0.75832
-0.75878
-0.75744
-0.75638
-0.75578
-0.75754
-0.75292
-0.7547
-0.75986
-0.75846
-0.75928
-0.75866
-0.75672
-0.75346
-0.75294
-0.75886
-0.75386
-0.76422
-0.7513
-0.7554
-0.75966
-0.75444
-0.75966
-0.75544
-0.75656
-0.75872
-0.7546
-0.75804
-0.75312
-0.7566
-0.7536
-0.75852
-0.76352
-0.75762
-0.7592
-0.74992
-0.75314
-0.7507
-0.75436
-0.75114
-0.7527
-0.75626
-0.76286
-0.75454
-0.75332
-0.75572
-0.75626
-0.75502
-0.75216
-0.75788
-0.76188
-0.7594
-0.75094
-0.75292
-0.75238
-0.7617
-0.75162
-0.75592
-0.75546
-0.76134
-0.75758
-0.7603
-0.75668
-0.75326
-0.7533
-0.75676
-0.76306
-0.75566
-0.75604
-0.75518
-0.75542
-0.75254
-0.7558
-0.75362
-0.75182
-0.75574
-0.75402
-0.75028
-0.7601
-0.7584
-0.75692
-0.75566
-0.75686
-0.75374
-0.75082
-0.75394
-0.75212
-0.76084
-0.75956
-0.76262
-0.75258
-0.75988
-0.7526
-0.75706
-0.75876
-0.75246
-0.75628
-0.75936
-0.75294
-0.76014
-0.75456
-0.75796
-0.7519
-0.75698
-0.74756
-0.7524
-0.75378
-0.756
-0.7588
-0.75498
-0.75832
-0.75932
-0.758
-0.75334
-0.7563
-0.75676
-0.75258
-0.75826
-0.7579
-0.7549
-0.75968
-0.75614
-0.7564
-0.7504
-0.75734
-0.76574
-0.75452
-0.76014
-0.75414
-0.75852
-0.75402
-0.75686
-0.7562
-0.75684
-0.75774
-0.74836
-0.74676
-0.7523
-0.75434
-0.75838
-0.75878
-0.7591
-0.75724
-0.74978
-0.75778
-0.75144
-0.76254
-0.75866
-0.75852
-0.75438
-0.75374
-0.76024
-0.75862
-0.75428
-0.75902
-0.76094
-0.75076
-0.75958
-0.75646
-0.75148
-0.74914
-0.7601
-0.7541
-0.75438
-0.75246
-0.75292
-0.75844
-0.75676
-0.76246
-0.75462
-0.75346
-0.76146
-0.76136
-0.75206
-0.75152
-0.75108
-0.76174
-0.75792
-0.75634
-0.75954
-0.759
-0.76424
-0.75212
-0.75378
-0.76296
-0.7577
-0.7544
-0.75194
-0.75428
-0.75296
-0.75152
-0.75274
-0.75386
-0.76012
-0.75028
-0.7561
-0.75576
-0.75784
-0.7528
-0.75942
-0.75476
-0.75798
-0.7569
-0.76136
-0.76198
-0.75248
-0.75482
-0.75708
-0.75768
-0.75448
-0.7537
-0.75868
-0.76132
-0.752
-0.75932
-0.7599
-0.7582
-0.7552
-0.75924
-0.75446
-0.76136
-0.75712
-0.75762
-0.75428
-0.75688
-0.75304
-0.7519
-0.76032
-0.762
-0.76102
-0.75364
-0.75468
-0.75916
-0.7555
-0.75878
-0.75342
-0.75558
-0.75714
-0.75108
-0.7559
-0.75682
-0.75394
-0.76026
-0.75328
-0.75492
-0.75432
-0.75872
-0.75516
-0.7565
-0.7535
-0.75656
-0.75382
-0.75382
-0.75986
-0.75692
-0.75368
-0.75902
-0.75326
-0.75564
-0.75508
-0.75324
-0.75728
-0.75636
-0.75548
-0.75492
-0.75996
-0.75946
-0.75654
-0.75848
-0.7579
-0.75048
-0.75832
-0.75896
-0.75432
-0.76442
-0.75526
-0.75418
-0.75414
-0.75874
-0.75662
-0.76002
-0.7618
-0.75306
-0.75956
-0.76854
-0.75942
-0.7571
-0.76492
-0.755
-0.75514
-0.75
-0.75448
-0.75684
-0.7582
-0.75036
-0.75174
-0.75802
-0.7535
-0.75014
-0.75276
-0.75758
-0.75494
-0.7567
-0.752
-0.75688
-0.76018
-0.76042
-0.75548
-0.75924
-0.75108
-0.75496
-0.75652
-0.75258
-0.76404
-0.75608
-0.75926
-0.7561
-0.75412
-0.75676
-0.75454
-0.75532
-0.7536
-0.7582
-0.7578
-0.74952
-0.75754
-0.75956
-0.7507
-0.75404
-0.75032
-0.75556
-0.7539
-0.75766
-0.75162
-0.7528
-0.75678
-0.75726
-0.75246
-0.75222
-0.75592
-0.7644
-0.76178
-0.75478
-0.74738
-0.75722
-0.76204
-0.75624
-0.75958
-0.76066
-0.75394
-0.75542
-0.7571
-0.7566
-0.75462
-0.75474
-0.7531
-0.7567
-0.75834
-0.74948
-0.75308
-0.75048
-0.75766
-0.76184
-0.75648
-0.75316
-0.75392
-0.75626
-0.75804
-0.76348
-0.75664
-0.75594
-0.76184
-0.75494
-0.76024
-0.75312
-0.7583
-0.7518
-0.76068
-0.75168
-0.7562
-0.75306
-0.75178
-0.75586
-0.76044
-0.756
-0.75446
-0.7523
-0.75544
-0.7593
-0.75428
-0.75842
-0.75676
-0.75954
-0.75676
-0.75114
-0.74774
-0.7518
-0.75444
-0.7582
-0.75296
-0.75432
-0.75444
-0.7548
-0.75676
-0.7557
-0.75018
-0.75248
-0.75504
-0.75568
-0.74772
-0.761
-0.7567
-0.75534
-0.75786
-0.75062
-0.7548
-0.75734
-0.75786
-0.7622
-0.75722
-0.75692
-0.75886
-0.76086
-0.75716
-0.7558
-0.75466
-0.75302
-0.7544
-0.7546
-0.75426
-0.76058
-0.75268
-0.75242
-0.75426
-0.75406
-0.75574
-0.75294
-0.75796
-0.75432
-0.75304
-0.7605
-0.75288
-0.75144
-0.75552
-0.75024
-0.75518
-0.75092
-0.76216
-0.75486
-0.75864
-0.75834
-0.75896
-0.75656
-0.75706
-0.75314
-0.75794
-0.76092
-0.75142
-0.75846
-0.75738
-0.7528
-0.75692
-0.76292
-0.75678
-0.75702
-0.75296
-0.75668
-0.76034
-0.76008
-0.75242
-0.76038
-0.75602
-0.76138
-0.75538
-0.76036
-0.75748
-0.76078
-0.75642
-0.75488
-0.76364
-0.7556
-0.75512
-0.75764
-0.76268
-0.75086
-0.75384
-0.75298
-0.7522
-0.75544
-0.75698
-0.75504
-0.7528
-0.7511
-0.75426
-0.75332
-0.759
-0.75754
-0.75246
-0.75946
-0.7649
-0.75806
-0.75594
-0.7592
-0.75132
-0.75354
-0.76172
-0.75492
-0.75558
-0.75278
-0.75502
-0.75076
-0.75484
-0.75942
-0.76166
-0.7526
-0.76106
-0.75318
-0.76206
-0.76048
-0.7539
-0.753
-0.7541
-0.75828
-0.75898
-0.7577
-0.75478
-0.75406
-0.75126
-0.75736
-0.76142
-0.75444
-0.75328
-0.7554
-0.76178
-0.7584
-0.75154
-0.75828
-0.75916
-0.75006
-0.76202
-0.75936
-0.7539
-0.75802
-0.75032
-0.75684
-0.749
-0.75968
-0.75424
-0.75646
-0.75092
-0.75332
-0.76208
-0.76044
-0.76236
-0.75346
-0.75434
-0.75896
-0.75236
-0.75392
-0.7587
-0.75188
-0.75746
-0.75972
-0.7605
-0.75854
-0.75462
-0.7591
-0.75438
-0.75812
-0.76088
-0.75264
-0.75932
-0.75372
-0.75242
-0.75188
-0.75842
-0.75082
-0.75852
-0.75674
-0.75222
-0.7557
-0.75764
-0.75232
-0.75532
-0.75604
-0.75814
-0.75608
-0.75152
-0.75962
-0.75312
-0.75684
-0.7519
-0.75646
-0.75448
-0.75766
-0.75894
-0.75856
-0.76512
-0.75732
-0.75774
-0.7538
-0.75632
-0.75924
-0.7506
-0.75134
-0.75594
-0.75602
-0.75302
-0.7591
-0.75886
-0.7555
-0.7477
-0.75686
-0.75896
-0.75564
-0.75126
-0.75302
-0.754
-0.7578
-0.7502
-0.75284
-0.75528
-0.7586
-0.7527
-0.75684
-0.75372
-0.74906
-0.75286
-0.75238
-0.75956
-0.75718
-0.75632
-0.75564
-0.75468
-0.75586
-0.75468
-0.75676
-0.75198
-0.75832
-0.7541
-0.75284
-0.75306
-0.75626
-0.75596
-0.75432
-0.74852
-0.75564
-0.75278
-0.75616
-0.75788
-0.7552
-0.75166
-0.7597
-0.75516
-0.752
-0.75724
-0.75592
-0.75984
-0.75662
-0.75998
-0.75388
-0.75358
-0.75924
-0.75872
-0.7532
-0.75412
-0.75586
-0.76146
-0.75354
-0.7543
-0.75294
-0.74846
-0.75482
-0.7618
-0.755
-0.75638
-0.74646
-0.75318
-0.752
-0.75452
-0.75126
-0.75632
-0.75678
-0.75448
-0.75524
-0.7547
-0.75522
-0.74918
-0.75604
-0.7622
-0.7576
-0.75422
-0.7535
-0.7555
-0.75906
-0.76232
-0.75624
-0.75372
-0.75578
-0.75876
-0.75686
-0.75252
-0.75398
-0.75584
-0.76076
-0.75494
-0.74886
-0.75852
-0.75902
-0.75262
-0.75236
-0.7601
-0.75608
-0.75612
-0.76452
-0.75162
-0.75476
-0.75896
-0.75418
-0.75574
-0.7577
-0.75796
-0.76192
-0.75412
-0.75798
-0.75394
-0.7527
-0.7486
-0.75326
-0.75868
-0.75558
-0.75042
-0.75638
-0.75572
-0.75422
-0.75562
-0.75332
-0.75308
-0.75754
-0.75822
-0.754
-0.75904
-0.7582
-0.74972
-0.75966
-0.75708
-0.75754
-0.75502
-0.7533
-0.75188
-0.75718
-0.75624
-0.76056
-0.7513
-0.75846
-0.75974
-0.75444
-0.76196
-0.7521
-0.75712
-0.76092
-0.74644
-0.75946
-0.75568
-0.75722
-0.76024
-0.76052
-0.75798
-0.7539
-0.75578
-0.75622
-0.75472
-0.75606
-0.75642
-0.76004
-0.75032
-0.75736
-0.75998
-0.75722
-0.75542
-0.7541
-0.74842
-0.7559
-0.75058
-0.75172
-0.7543
-0.75728
-0.7597
-0.7511
-0.75562
-0.75814
-0.75058
-0.7563
-0.75288
-0.7536
-0.7593
-0.75882
-0.76112
-0.75776
-0.75668
