0.0937
0.09914
0.09408
0.08932
0.09158
0.10056
0.08406
0.0831
0.09966
0.08968
0.08706
0.08908
0.0863
0.0899
0.08908
0.08862
0.09834
0.07796
0.08174
0.08156
0.08078
0.0748
0.0799
0.08602
0.08654
0.08126
0.08046
0.09544
0.09572
0.09278
0.10088
0.08778
0.09492
0.09352
0.09032
0.08368
0.07906
0.0856
0.09626
0.07912
0.09742
0.09864
0.08734
0.09466
0.10116
0.08302
0.0887
0.07822
0.06572
0.075
0.0829
0.08938
0.08462
0.07846
0.0776
0.08368
0.0871
0.08194
0.08178
0.08632
0.09002
0.09952
0.09248
0.07804
0.08378
0.08208
0.07572
0.08304
0.09868
0.09
0.07692
0.08284
0.0881
0.09202
0.08712
0.07522
0.09316
0.0905
0.08032
0.08548
0.08794
0.09418
0.07662
0.08766
0.09116
0.08328
0.10696
0.08512
0.08236
0.10024
0.0948
0.0921
0.1018
0.09268
0.08814
0.0796
0.0814
0.08292
0.07814
0.08996
0.07274
0.0776
0.0868
0.0749
0.08116
0.09584
0.08484
0.07586
0.07974
0.08424
0.07982
0.0813
0.08582
0.0938
0.07644
0.06844
0.08416
0.07346
0.08926
0.09706
0.09716
0.09286
0.0876
0.07938
0.07616
0.07996
0.08758
0.09352
0.08614
0.06614
0.0909
0.09898
0.0953
0.08932
0.07224
0.08338
0.08388
0.08224
0.0892
0.07218
0.08764
0.06724
0.07304
0.08954
0.08738
0.07724
0.08854
0.0811
0.0886
0.07256
0.0952
0.0857
0.10304
0.08654
0.07798
0.0782
0.09898
0.09554
0.0746
0.08122
0.07982
0.08084
0.0897
0.08752
0.08466
0.08628
0.0747
0.08312
0.0783
0.0913
0.09372
0.09496
0.09458
0.09668
0.08586
0.08554
0.08264
0.088
0.07652
0.08826
0.08712
0.08716
0.0919
0.09112
0.0836
0.09142
0.08148
0.08358
0.08574
0.09646
0.08754
0.08768
0.0843
0.09112
0.0832
0.0993
0.09312
0.0867
0.09004
0.07902
0.0751
0.07866
0.07536
0.09484
0.09152
0.09568
0.09246
0.08644
0.10128
0.10054
0.08398
0.08296
0.07706
0.082
0.07632
0.08556
0.09358
0.0892
0.10036
0.08956
0.07482
0.0863
0.0886
0.09214
0.08678
0.0786
0.07882
0.07646
0.07686
0.08928
0.07956
0.0973
0.0948
0.0888
0.10008
0.089
0.09408
0.07996
0.08512
0.07582
0.07422
0.0779
0.08612
0.0858
0.09382
0.09074
0.09572
0.08836
0.09284
0.09696
0.10762
0.0949
0.09726
0.07516
0.0826
0.08392
0.08802
0.08836
0.06788
0.07518
0.07462
0.09696
0.1056
0.09216
0.08962
0.09684
0.08398
0.08972
0.09594
0.0799
0.0831
0.07216
0.09416
0.08824
0.08246
0.07948
0.07804
0.09248
0.0897
0.09144
0.09764
0.0961
0.08452
0.07216
0.07592
0.0715
0.08624
0.0842
0.07572
0.0732
0.0956
0.08996
0.08512
0.08752
0.08428
0.08254
0.08388
0.08882
0.0676
0.09472
0.09672
0.08572
0.0863
0.08544
0.07898
0.10364
0.09076
0.07854
0.08818
0.07814
0.097
0.08954
0.07622
0.07252
0.07896
0.08082
0.08542
0.08306
0.07492
0.0866
0.08632
0.08326
0.0903
0.08496
0.08906
0.07982
0.07824
0.07654
0.08498
0.1
0.08522
0.08786
0.08886
0.09362
0.08902
0.1032
0.09308
0.08528
0.10244
0.0839
0.10144
0.10318
0.08616
0.07768
0.07082
0.086
0.08388
0.08158
0.09148
0.08186
0.08794
0.09532
0.0834
0.09522
0.094
0.08426
0.08896
0.08802
0.08158
0.08042
0.09398
0.0998
0.09674
0.09312
0.09036
0.10034
0.08912
0.07568
0.07782
0.09044
0.08902
0.07046
0.0833
0.09458
0.07952
0.07938
0.08664
0.08792
0.093
0.09534
0.09244
0.0882
0.09108
0.09728
0.09326
0.09782
0.0747
0.07322
0.07898
0.0861
0.0871
0.08712
0.09104
0.07638
0.07758
0.0934
0.07732
0.08108
0.08446
0.09648
0.08792
0.0901
0.0987
0.0762
0.08874
0.0808
0.08382
0.0859
0.0924
0.08468
0.08386
0.07278
0.07814
0.0957
0.08878
0.07314
0.09406
0.08852
0.09016
0.0773
0.07882
0.07322
0.08794
0.08506
0.08718
0.08364
0.0977
0.09182
0.08972
0.07868
0.08492
0.09464
0.07986
0.08438
0.09604
0.09222
0.08266
0.085
0.08422
0.0698
0.08148
0.08994
0.08698
0.07524
0.0924
0.07842
0.08132
0.09296
0.09134
0.08992
0.09368
0.08812
0.09628
0.08418
0.08368
0.09248
0.10328
0.1014
0.09034
0.08656
0.08938
0.08764
0.08768
0.0945
0.08332
0.07302
0.0812
0.0723
0.08142
0.08896
0.0895
0.09914
0.09946
0.10126
0.0927
0.09098
0.08384
0.07922
0.08782
0.08556
0.09136
0.09262
0.08818
0.09324
0.08616
0.07302
0.08168
0.08308
0.08872
0.09062
0.09116
0.08896
0.09616
0.09348
0.07754
0.08404
0.08378
0.07914
0.09636
0.09154
0.08382
0.08788
0.08706
0.08128
0.0791
0.10054
0.09734
0.0894
0.0782
0.08478
0.07994
0.09148
0.0907
0.07688
0.08998
0.09496
0.08662
0.07956
0.08692
0.07852
0.0908
0.0996
0.09296
0.08458
0.09332
0.06556
0.07746
0.08494
0.08542
0.09642
0.09098
0.09474
0.09106
0.08928
0.09218
0.0834
0.08996
0.09624
0.09936
0.08198
0.08942
0.09158
0.09544
0.09238
0.09988
0.10026
0.0858
0.1018
0.09986
0.08034
0.08804
0.08264
0.08598
0.0828
0.08196
0.09252
0.09334
0.09078
0.08594
0.09274
0.09216
0.09374
0.07684
0.09674
0.08584
0.07626
0.0889
0.06896
0.07868
0.07562
0.08168
0.08156
0.0858
0.09482
0.08492
0.0706
0.08584
0.08752
0.07864
0.0803
0.09624
0.0879
0.09088
0.09288
0.08568
0.08964
0.08538
0.10268
0.09324
0.10466
0.0979
0.0785
0.07916
0.09262
0.09048
0.09146
0.08956
0.0953
0.08342
0.08872
0.08526
0.09438
0.07572
0.07742
0.08724
0.08096
0.08978
0.08814
0.09706
0.08654
0.09722
0.08214
0.0904
0.08044
0.0949
0.1047
0.0971
0.08322
0.08494
0.07706
0.0877
0.09338
0.0924
0.08848
0.09012
0.10208
0.09836
0.08314
0.0817
0.0793
0.0774
0.08804
0.08632
0.07352
0.08546
0.08714
0.09688
0.08396
0.08774
0.10132
0.0865
0.10954
0.09202
0.08738
0.1027
0.09664
0.09498
0.08398
0.08524
0.07266
0.06988
0.07222
0.07484
0.09506
0.09062
0.08022
0.09634
0.08188
0.07402
0.08118
0.07874
0.09214
0.09132
0.07326
0.08204
0.08628
0.08254
0.08896
0.09004
0.08592
0.0782
0.08888
0.08564
0.06946
0.08414
0.08238
0.07856
0.08536
0.08562
0.08248
0.07786
0.08144
0.07846
0.0849
0.09374
0.0882
0.08026
0.08358
0.08296
0.08116
0.07808
0.094
0.08096
0.08326
0.0759
0.0828
0.08192
0.0885
0.08706
0.08744
0.08976
0.08894
0.07924
0.08268
0.08762
0.0874
0.08874
0.07842
0.07326
0.07174
0.07614
0.077
0.08686
0.08214
0.09414
0.09126
0.0931
0.08726
0.08214
0.0861
0.10764
0.0928
0.09206
0.0945
0.08828
0.08782
0.07634
0.08438
0.09246
0.1004
0.09952
0.10438
0.0991
0.09988
0.0823
0.08452
0.07354
0.07768
0.08798
0.08814
0.08248
0.08506
0.088
0.08832
0.0944
0.08806
0.09488
0.10252
0.0853
0.09852
0.07346
0.07164
0.07038
0.07536
0.09188
0.08214
0.0934
0.08902
0.08994
0.0933
0.08828
0.0977
0.09268
0.08764
0.08878
0.09982
0.104
0.0747
0.0886
0.0898
0.08976
0.08658
0.08892
0.08472
0.08834
0.09398
0.0972
0.08514
0.08288
0.08442
0.08238
0.07934
0.07252
0.08068
0.08446
0.07696
0.08984
0.09132
0.08408
0.08472
0.07956
0.08734
0.08482
0.08908
0.0833
0.07654
0.0844
0.0865
0.07554
0.07714
0.0799
0.0881
0.08936
0.08886
0.08134
0.08694
0.08082
0.09132
0.09926
0.08042
0.08538
0.076
0.08306
0.08938
0.09046
0.0794
0.07528
0.07986
0.07958
0.10004
0.0932
0.09072
0.07634
0.09582
0.0843
0.09228
0.0766
0.0902
0.0833
0.07398
0.08822
0.08336
0.08786
0.0784
0.07044
0.06634
0.08558
0.08162
0.07936
0.07912
0.0883
0.09498
0.0824
0.09162
0.08754
0.08518
0.0996
0.07818
0.08966
0.09562
0.1002
0.0838
0.08206
0.08028
0.0862
0.0906
0.09466
0.08318
0.08948
0.08236
0.07156
0.0866
0.08372
0.08436
0.108
0.10068
0.10528
0.09944
0.07836
0.08156
0.08818
0.07804
0.08548
0.08942
0.08524
0.0845
0.1016
0.08548
0.07572
0.09072
0.07988
0.08828
0.0775
0.0902
0.09264
0.09028
0.08928
0.10006
0.09588
0.09488
0.09014
0.08776
0.0942
0.10232
0.08438
0.08288
0.08508
0.0847
0.0929
0.08668
0.09116
0.08784
0.0985
0.09402
0.08298
0.08454
0.08548
0.06806
0.07824
0.07142
0.09098
0.08096
0.08226
0.08944
0.08932
0.07984
0.08664
0.0858
0.07632
0.08064
0.07092
0.07456
0.07316
0.07014
0.086
0.09624
0.08838
0.08974
0.08602
0.08636
0.08288
0.07552
0.08898
0.09056
0.06726
0.09638
0.09578
0.09018
0.09244
0.09482
0.09486
0.09262
0.08096
0.09258
0.0985
0.09474
0.07998
0.09086
0.09162
0.0862
0.07842
0.08854
0.07438
0.0678
0.07974
0.09034
0.09094
0.09258
0.1054
0.0907
0.08182
0.09572
0.08906
0.08362
0.09266
0.08934
0.07956
0.08828
0.08534
0.08004
0.09022
0.09398
0.07582
0.08104
0.0813
0.09192
0.07852
0.08628
0.08466
0.08958
0.08954
0.08856
0.08646
0.09098
0.08786
0.10128
0.10886
0.09566
0.09346
0.0885
0.0841
0.09662
0.08452
0.08618
0.08322
0.07326
0.08378
0.0726
0.0801
0.085
0.08258
0.08616
0.08344
0.0811
0.08078
0.08956
0.06712
0.07478
0.07954
0.08112
0.0801
0.08554
0.10816
0.09344
0.07924
0.10454
0.10022
0.09142
0.08956
0.08798
0.08664
0.0901
0.08936
0.08696
0.08844
0.08656
0.09136
0.1043
0.0929
0.10142
0.10566
0.08992
0.07108
0.07694
0.08566
0.09064
0.096
0.0929
0.09816
0.08828
0.07482
0.07204
0.07518
0.05828
0.077
0.07472
0.08628
0.092
0.08754
0.08308
0.09214
0.08694
0.08716
0.09516
0.09312
0.10224
0.0873
0.08928
0.09096
0.08736
0.08526
0.08314
0.09096
0.08824
0.08746
0.08552
0.08488
0.0809
0.09522
0.09908
0.07528
0.08098
0.07904
0.08138
0.07698
0.07956
0.09988
0.09876
0.07912
0.09624
0.09502
0.08174
0.07984
0.08072
0.07608
0.07178
0.07612
0.0758
0.07352
0.08564
0.08742
0.08454
0.0838
0.08124
0.09066
0.07968
0.09698
0.10298
0.08682
0.09092
0.09312
0.08512
0.08444
0.07854
0.08306
0.08508
0.07504
0.0837
0.0807
0.08406
0.08928
0.07688
0.08306
0.08154
0.08596
0.08756
0.0886
0.09588
0.09082
0.09072
0.10556
0.0836
0.08504
0.07322
0.08698
0.08236
0.08522
0.08248
0.0933
0.08754
0.08706
0.07356
0.08218
0.08056
0.08826
0.08482
0.07432
0.08356
0.08714
0.08438
0.0882
0.0924
0.08762
0.08776
0.08718
0.08792
0.08224
0.08546
0.09488
0.08164
0.09448
0.09122
0.08148
0.0792
0.08466
0.08264
0.09404
0.07768
0.07734
0.09368
0.1037
0.08602
0.07644
0.08794
0.08556
0.09404
0.09088
0.0935
0.0849
0.09692
0.09454
0.09944
0.0884
0.08266
0.09382
0.1017
0.08816
0.08292
0.08702
0.09186
0.08498
0.08198
0.08394
0.08098
0.10034
0.08316
0.08634
0.08298
0.09822
0.08258
0.10064
0.1031
0.08368
0.09256
0.0926
0.08476
0.0828
0.08294
0.07956
0.0936
0.09266
0.08412
0.0858
0.10416
0.09506
0.08806
0.09108
0.08936
0.0759
0.09122
0.0866
0.09832
0.09146
0.08524
0.08538
0.08076
0.08984
0.08828
0.0815
0.08858
0.08376
0.0823
0.07666
0.09028
0.0918
0.08776
0.1005
0.08748
0.093
0.08082
0.08756
0.08136
0.08788
0.0924
0.09066
0.08466
0.08378
0.09192
0.08608
0.08348
0.08038
0.09842
0.07778
0.08694
0.09264
0.0935
0.08776
0.08098
0.08646
0.0829
0.07666
0.0891
0.09456
0.0926
0.0972
0.09
0.08434
0.07684
0.08998
0.08866
0.08946
0.0914
0.07736
0.06788
0.07626
0.07132
0.08468
0.0946
0.0969
0.09382
0.0907
0.07372
0.07454
0.08074
0.0778
0.07926
0.09754
0.08774
0.09376
0.09556
0.08958
0.09606
0.08174
0.07704
0.08516
0.07716
0.08824
0.07952
0.0855
0.08784
0.0858
0.08342
0.08712
0.0968
0.07952
0.09368
0.09502
0.09846
0.09052
0.09212
0.08422
0.08958
0.07726
0.07822
0.07598
0.08612
0.10336
0.08344
0.09428
0.09084
0.09258
0.08318
0.07996
0.0804
0.08582
0.08386
0.08428
0.0793
0.08488
0.09496
0.08076
0.08756
0.08108
0.06764
0.07528
0.0752
0.07464
0.08418
0.07912
0.06894
0.06624
0.07308
0.0846
0.0899
0.0855
0.08764
0.0785
0.08768
0.0786
0.0717
0.075
0.0856
0.07712
0.09918
0.08624
0.0787
0.07822
0.0858
0.06938
0.07702
0.08618
0.08976
0.08144
0.0853
0.08118
0.083
0.08252
0.0799
0.08194
0.08014
0.07954
0.0867
0.09704
0.09808
0.07636
0.08506
0.09848
0.08794
0.07822
0.07834
0.0721
0.08702
0.08922
0.08744
0.08818
0.08698
0.09168
0.08024
0.08404
0.08058
0.08456
0.09296
0.09628
0.08912
0.08002
0.0773
0.07942
0.10054
0.09168
0.08906
0.09694
0.07598
0.08762
0.0938
0.08984
0.0825
0.0936
0.07702
0.09112
0.09078
0.09026
0.07722
0.09274
0.09636
0.08262
0.08738
0.08162
0.07672
0.08318
0.0984
0.09384
0.09682
0.08706
0.0869
0.08882
0.07952
0.09564
0.08208
0.09148
0.08526
0.08992
0.07788
0.08502
0.09596
0.10036
0.07782
0.09094
0.0862
0.09994
0.08708
0.08494
0.09304
0.0957
0.09744
0.08222
0.08742
0.0937
0.07328
0.06208
0.086
0.0831
0.08562
0.0901
0.0833
0.07626
0.09372
0.0912
0.07728
0.08344
0.08518
0.09172
0.08788
0.08478
0.07884
0.07012
0.0971
0.09648
0.08262
0.09646
0.08634
0.07554
0.07906
0.08458
0.08532
0.10306
0.10832
0.10402
0.09306
0.07952
0.08942
0.07634
0.09364
0.0999
0.07746
0.0731
0.07888
0.07718
0.08308
0.08964
0.07358
0.08402
0.09022
0.0964
0.08796
0.08364
0.09098
0.0833
0.07596
0.09284
0.07436
0.09422
0.09672
0.08308
0.08274
0.08458
0.0907
0.08902
0.0816
0.08856
0.07732
0.07054
0.07848
0.09888
0.08866
0.08718
0.07108
0.09318
0.09682
0.09732
0.09546
0.0922
0.07624
0.08444
0.0704
0.07436
0.08552
0.0951
0.07976
0.0932
0.08598
0.08254
0.06468
0.0684
0.0778
0.08866
0.08966
0.07922
0.08512
0.091
0.088
0.08228
0.08096
0.08634
0.09316
0.09272
0.07398
0.0884
0.09746
0.09296
0.08264
0.07984
0.07962
0.07916
0.08134
0.09196
0.08944
0.08702
0.09218
0.09868
0.09024
0.07884
0.09394
0.07764
0.09574
0.08688
0.08004
0.08578
0.07634
0.08732
0.09466
0.08888
0.07174
0.08676
0.0893
0.07456
0.07442
0.08516
0.07368
0.09136
0.07684
0.084
0.08668
0.07968
0.07718
0.07944
0.08536
0.06666
0.08446
0.08944
0.09004
0.10186
0.09808
0.0967
0.09106
0.07896
0.07584
0.076
0.08264
0.0865
0.07778
0.09572
0.09818
0.1058
0.10238
0.08258
0.0795
0.09486
0.08444
0.08758
0.08476
0.09822
0.09044
0.08098
0.09204
0.08012
0.07012
0.08054
0.0918
0.10778
0.08556
0.07764
0.09864
0.0919
0.0843
0.07694
0.07774
0.08258
0.09004
0.0901
0.09572
0.10202
0.07992
0.08478
0.07858
0.07084
0.08378
0.07848
0.08682
0.09028
0.08438
0.07982
0.07784
0.0706
0.09414
0.08266
0.08698
0.08092
0.09596
0.09028
0.09836
0.0901
0.08848
0.09698
0.09162
0.08732
0.0856
0.09134
0.09088
0.0894
0.08436
0.09698
0.08642
0.0932
0.07858
0.08682
0.08984
0.09014
0.08914
0.0818
0.09526
0.085
0.08588
0.0924
0.0979
0.09584
0.10312
0.09032
0.10514
0.0949
0.08986
0.0925
0.08116
0.07718
0.078
0.07578
0.08942
0.08962
0.08722
0.07432
0.08282
0.09692
0.09058
0.09424
0.08102
0.09062
0.09428
0.09324
0.09468
0.09428
0.091
0.09268
0.08396
0.09908
0.07716
0.08892
0.09326
0.0947
0.0888
0.0929
0.09016
0.08846
0.07866
0.08504
0.09824
0.08496
0.08818
0.0817
0.08236
0.07966
0.07796
0.08382
0.07462
0.08302
0.08696
0.09236
0.08528
0.08904
0.0842
0.08786
0.0886
0.0859
0.0649
0.07404
0.08286
0.08772
0.08146
0.08248
0.0808
0.08774
0.09206
0.07856
0.08576
0.0852
0.09984
0.0965
0.08274
0.08408
0.1006
0.08774
0.10036
0.07992
0.07678
0.08416
0.0797
0.0935
0.10008
0.08404
0.07914
0.0925
0.07452
0.08708
0.09154
0.08014
0.08852
0.09394
0.1049
0.0914
0.06792
0.07604
0.073
0.08872
0.07838
0.08828
0.08494
0.08438
0.0843
0.0885
0.09208
0.08994
0.07906
0.09488
0.08638
0.08512
0.08584
0.08618
0.10336
0.10048
0.10004
0.08512
0.0921
0.08884
0.0827
0.09614
0.0943
0.08168
0.09138
0.07472
0.09534
0.09346
0.09146
0.0809
0.08406
0.06902
0.10448
0.0902
0.08888
0.08686
0.08718
0.07434
0.09722
0.08774
0.09396
0.0988
0.09196
0.0835
0.08462
0.0837
0.07898
0.0852
0.09502
0.09428
0.07904
0.08264
0.10342
0.08176
0.0787
0.07676
0.0996
0.09924
0.10326
0.09414
0.08568
0.09246
0.08636
0.088
0.07746
0.0903
0.08304
0.09472
0.08692
0.08474
0.08748
0.0813
0.08172
0.0845
0.08894
0.09004
0.09568
0.10024
0.10554
0.09086
0.0854
0.0909
0.09904
0.0936
0.08488
0.09698
0.09322
0.09312
0.08928
0.076
0.074
0.0763
0.08568
0.07706
0.09604
0.08604
0.0927
0.09046
0.08834
0.09522
0.09796
0.07568
0.08124
0.08826
0.0956
0.08162
0.08066
0.07822
0.08908
0.07518
0.09192
0.09392
0.08798
0.07832
0.07998
0.0861
0.08632
0.08406
0.09384
0.0936
0.09696
0.08772
0.08538
0.0697
0.08346
0.10016
0.07912
0.08012
0.0832
0.08084
0.08524
0.08226
0.08514
0.06628
0.08572
0.09232
0.08816
0.09146
0.07522
0.07822
0.08032
0.08472
0.08296
0.0835
0.08576
0.09474
0.09444
0.0988
0.09604
0.09952
0.07872
0.07264
0.08618
0.10594
0.0919
0.09296
0.09186
0.0849
0.07846
0.07162
0.08238
0.08454
0.10124
0.09002
0.09374
0.07878
0.08508
0.08508
0.0836
0.07652
0.08992
0.08014
0.07894
0.07604
0.07586
0.0957
0.08546
0.09082
0.09798
0.0903
0.10572
0.08922
0.07766
0.07636
0.08886
0.0957
0.08176
0.08592
0.08988
0.0885
0.08776
0.07994
0.0933
0.0905
0.09286
0.08842
0.0945
0.08418
0.10088
0.0998
0.09472
0.08146
0.074
0.08858
0.07046
0.09086
0.0715
0.09254
0.07288
0.08434
0.08848
0.09606
0.08864
0.08586
0.08778
0.09184
0.08354
0.09604
0.08002
0.07452
0.08702
0.08576
0.08078
0.08028
0.07684
0.08936
0.08738
0.0864
0.08168
0.07
0.08178
0.09126
0.09008
0.09108
0.08192
0.07536
0.08126
0.08982
0.102
0.09408
0.09578
0.09188
0.09178
0.09748
0.09924
0.083
0.08098
0.0883
0.08024
0.08024
0.08406
0.07864
0.0827
0.0849
0.09348
0.0885
0.0941
0.09396
0.09098
0.06844
0.07948
0.0665
0.08278
0.08596
0.09666
0.08626
0.08184
0.0782
0.0813
0.0863
0.07546
0.08628
0.08504
0.09126
0.08804
0.08666
0.07358
0.088
0.0922
0.0863
0.09742
0.0822
0.0766
0.09146
0.08476
0.07674
0.07756
0.08078
0.07446
0.08452
0.08098
0.08144
0.08562
0.0944
0.08464
0.09412
0.0966
0.10304
0.082
0.09174
0.08922
0.10046
0.09856
0.08514
0.09376
0.09106
0.09936
0.0978
0.08694
0.0966
0.10028
0.09996
0.10012
0.09578
0.09172
0.0924
0.09292
0.09404
0.0771
0.07264
0.08302
0.09706
0.08596
0.0771
0.08224
0.08928
0.09312
0.09162
0.0844
0.0925
0.09644
0.0876
0.09568
0.1072
0.08066
0.08742
0.09782
0.08298
0.09052
0.08356
0.09656
0.0826
0.0916
0.08864
0.09032
0.08192
0.07622
0.09288
0.08792
0.09274
0.08774
0.08046
0.08108
0.09292
0.08004
0.09304
0.08956
0.07256
0.07748
0.07028
0.08382
0.0802
0.0844
0.0869
0.09312
0.09026
0.09422
0.08574
0.09112
0.08462
0.09784
0.09806
0.10424
0.08818
0.08798
0.0943
0.09308
0.0865
0.07906
0.08756
0.07602
0.085
0.0822
0.08636
0.06932
0.07406
0.08438
0.0816
0.09976
0.09878
0.09354
0.08172
0.0897
0.0817
0.08536
0.08488
0.07898
0.08034
0.08212
0.07362
0.0787
0.08318
0.09118
0.08736
0.08638
0.09328
0.08662
0.08116
0.09484
0.10722
0.08762
0.08178
0.09192
0.09714
0.08646
0.08616
0.08608
0.08234
0.08072
0.07438
0.0769
0.0779
0.07698
0.0828
0.0915
0.08884
0.0974
0.08054
0.08828
0.08062
0.08602
0.08486
0.08362
0.09922
0.08294
0.08608
0.08152
0.09234
0.0883
0.09128
0.09348
0.08804
0.08424
0.09098
0.10368
0.0916
0.0777
0.06918
0.0813
0.0813
0.08534
0.09266
0.07404
0.08246
0.08182
0.09994
0.09942
0.08178
0.0852
0.09564
0.08516
0.08678
0.09156
0.08918
0.08828
0.08558
0.07694
0.07848
0.0837
0.08562
0.07894
0.09468
0.0883
0.0916
0.08454
0.0823
0.07688
0.0849
0.08586
0.08022
0.0904
0.07334
0.09548
0.08326
0.08754
0.07842
0.07494
0.06964
0.09222
0.09384
0.07362
0.08124
0.06756
0.08874
0.09286
0.08114
0.0818
0.09126
0.08852
0.09134
0.08526
0.0986
0.09192
0.08814
0.0845
0.0862
0.0837
0.097
0.0976
0.09
0.09822
0.10324
0.08742
0.09006
0.08644
0.0796
0.08818
0.08268
0.07992
0.0755
0.09286
0.08522
0.07906
0.07732
0.07036
0.07638
0.0935
0.09808
0.09184
0.08132
0.10056
0.09934
0.08164
0.0782
0.08174
0.08954
0.09436
0.103
0.0907
0.08586
0.08654
0.09058
0.09768
0.0892
0.08906
0.08476
0.08642
0.07696
0.0849
0.093
0.10702
0.09186
0.07654
0.0803
0.08394
0.09002
0.09496
0.07596
0.09212
0.08342
0.08254
0.0833
0.08234
0.083
0.07876
0.0842
0.08394
0.10124
0.08684
0.09456
0.08374
0.08588
0.09806
0.08884
0.09018
0.08818
0.08202
0.0729
0.08642
0.07842
0.07492
0.08672
0.08764
0.08624
0.07994
0.08668
0.0853
0.08544
0.09742
0.09678
0.07736
0.07068
0.08674
0.08662
0.08936
0.09432
0.10752
0.10334
0.0905
0.08974
0.09392
0.08664
0.08348
0.09226
0.10746
0.10582
0.08816
0.10304
0.08982
0.09298
0.0922
0.08266
0.10352
0.10582
0.09316
0.09822
0.09698
0.08854
0.09266
0.07992
0.0829
0.076
0.08546
0.08132
0.0854
0.08982
0.09002
0.09534
0.08302
0.08998
0.08548
0.08222
0.09504
0.09342
0.09184
0.0962
0.09098
0.0975
0.07864
0.07608
0.08128
0.0924
0.08548
0.0826
0.08504
0.0795
0.08564
0.10226
0.08682
0.07634
0.07538
0.07494
0.08782
0.10048
0.08582
0.0811
0.08786
0.09148
0.08268
0.09664
0.08614
0.08002
0.0938
0.0808
0.08672
0.09052
0.09472
0.09276
0.09752
0.09678
0.08868
0.08212
0.07568
0.08342
0.09822
0.07844
0.08586
0.08228
0.07974
0.08348
0.08154
0.08646
0.07548
0.08596
0.08774
0.08114
0.0764
0.09264
0.0886
0.08612
0.09104
0.07856
0.0858
0.08304
0.08556
0.07698
0.0872
0.08558
0.08716
0.08918
0.08466
0.0871
0.08956
0.08114
0.08996
0.09812
0.08816
0.0954
0.08096
0.0782
0.09414
0.08414
0.08942
0.09486
0.0796
0.0919
0.09886
0.08764
0.08006
0.09514
0.08388
0.07026
0.08182
0.0912
0.07758
0.07568
0.0847
0.06572
0.07006
0.0796
0.07102
0.08172
0.09792
0.10154
0.09882
0.09556
0.08758
0.08842
0.07674
0.08576
0.09784
0.08626
0.087
0.07476
0.0829
0.0817
0.07942
0.09892
0.10342
0.07286
0.08994
0.07794
0.08004
0.08704
0.09584
0.08872
0.09548
0.08594
0.08886
0.0812
0.08468
0.0862
0.0846
0.09256
0.09642
0.08898
0.09256
0.07142
0.08912
0.07916
0.08898
0.09162
0.09582
0.0864
0.07992
0.07802
0.09168
0.08918
0.07698
0.09548
0.09704
0.0937
0.09356
0.09058
0.09034
0.07944
0.0824
0.1025
0.109
0.09924
0.08982
0.08196
0.08072
0.08858
0.09176
0.09796
0.08888
0.0943
0.0944
0.09896
0.09788
0.08866
0.08886
0.08816
0.08502
0.09038
0.08974
0.08562
0.07898
0.07142
0.08346
0.09154
0.08568
0.07548
0.09306
0.077
0.0909
0.09544
0.1008
0.09704
0.08134
0.08636
0.09606
0.09544
0.08122
0.0843
0.08764
0.08696
0.07506
0.08304
0.09662
0.09328
0.09692
0.09718
0.09202
0.0903
0.09158
0.09378
0.08014
0.07306
0.07202
0.0922
0.08572
0.08384
0.08286
0.10374
0.0992
0.0962
0.09092
0.09048
0.09644
0.09956
0.08934
0.08362
0.08776
0.07996
0.07698
0.08402
0.09
0.09012
0.09916
0.0794
0.07962
0.06834
0.07542
0.08104
0.10016
0.10058
0.09692
0.08232
0.09816
0.10366
0.09766
0.08494
0.09128
0.09466
0.08752
0.08088
0.0834
0.0912
0.09544
0.1006
0.10126
0.09586
0.09558
0.08972
0.0847
0.09372
0.09572
0.08846
0.09392
0.0925
0.0934
0.09138
0.09154
0.09674
0.1005
0.08372
0.09296
0.07322
0.09288
0.08562
0.0887
0.1031
0.09442
0.09566
0.09654
0.07962
0.0727
0.08502
0.0817
0.09496
0.0809
0.08666
0.09368
0.08314
0.0833
0.09234
0.09526
0.09092
0.0867
0.0829
0.08334
0.07876
0.0762
0.0852
0.09386
0.10016
0.08668
0.08016
0.0807
0.09212
0.0887
0.09648
0.09174
0.08148
0.07672
0.10758
0.08716
0.07118
0.09126
0.08902
0.08852
0.09018
0.08902
0.08302
0.08246
0.0826
0.08952
0.08388
0.08804
0.08788
0.08834
0.08476
0.09008
0.09488
0.08334
0.08742
0.07428
0.08676
0.08064
0.08356
0.09644
0.08908
0.09714
0.07568
0.0794
0.07932
0.09858
0.10122
0.09274
0.09588
0.0751
0.08038
0.08526
0.0865
0.08228
0.08108
0.0771
0.07892
0.07792
0.08314
0.09646
0.09234
0.0951
0.08694
0.09138
0.10216
0.09828
0.09476
0.0855
0.09686
0.09112
0.10356
0.09362
0.08618
0.09048
0.07728
0.0893
0.08514
0.09146
0.1007
0.09758
0.09238
0.08912
0.0938
0.07916
0.07946
0.08642
0.09024
0.08818
0.08026
0.08504
0.08446
0.09626
0.08976
0.08104
0.0938
0.0943
0.08512
0.08098
0.0896
0.09344
0.08518
0.09374
0.09322
0.09166
0.08716
0.08404
0.09266
0.09796
0.0986
0.0916
0.08756
0.08054
0.0765
0.08824
0.0891
0.10136
0.0984
0.08622
0.0761
0.08584
0.08842
0.0845
0.08552
0.08368
0.09112
0.09328
0.07964
0.07104
0.07498
0.0802
0.06896
0.07586
0.08834
0.08812
0.07546
0.08064
0.08064
0.06922
0.09702
0.08792
0.08558
0.10282
0.09636
0.08856
0.083
0.08418
0.10304
0.09204
0.07126
0.08816
0.08248
0.09186
0.08538
0.08556
0.09752
0.1011
0.09686
0.09476
0.08396
0.0986
0.10112
0.07814
0.08286
0.07606
0.07644
0.0834
0.07878
0.07832
0.08166
0.08692
0.10358
0.08636
0.09132
0.08488
0.07998
0.08306
0.06804
0.0751
0.09918
0.09422
0.09236
0.08666
0.099
0.08644
0.0895
0.08458
0.08292
0.08474
0.08138
0.08306
0.08816
0.07104
0.09606
0.09838
0.0825
0.08918
0.09754
0.08908
0.09054
0.09662
0.08448
0.08204
0.0824
0.08038
0.08404
0.07972
0.08342
0.10498
0.08642
0.09048
0.07904
0.09344
0.0941
0.10258
0.09734
0.10062
0.08682
0.10886
0.09434
0.09122
0.10502
0.10354
0.10856
0.09156
0.08776
0.07934
0.07662
0.08252
0.0777
0.09004
0.08292
0.08974
0.08606
0.0933
0.08112
0.09662
0.09058
0.08416
0.08062
0.08496
0.07792
0.08072
0.0852
0.0809
0.08258
0.0926
0.08746
0.09084
0.07418
0.0759
0.0898
0.07848
0.08792
0.08946
0.08674
0.09228
0.08786
0.0912
0.077
0.09116
0.0818
0.08928
0.0837
0.08358
0.09904
0.09162
0.08416
0.08066
0.09104
0.08896
0.08422
0.08716
0.08142
0.08048
0.09088
0.0901
0.09882
0.09674
0.09076
0.0885
0.10108
0.08766
0.0911
0.09654
0.08602
0.08072
0.07922
0.09102
0.08668
0.09364
0.07654
0.0878
0.09446
0.08364
0.0877
0.0878
0.08202
0.085
0.08122
0.08754
0.09442
0.08468
0.08588
0.08378
0.0795
0.07776
0.08166
0.0917
0.0857
0.09418
0.08874
0.0872
0.08798
0.0957
0.0852
0.08256
0.08386
0.08078
0.06642
0.07306
0.08774
0.07994
0.08542
0.0832
0.0872
0.08248
0.09648
0.09372
0.08106
0.09786
0.0878
0.09656
0.07942
0.10002
0.088
0.08902
0.08336
0.08382
0.08466
0.09302
0.09352
0.09616
0.08688
0.08896
0.07688
0.07496
0.07426
0.08696
0.08866
0.08144
0.08618
0.07936
0.08516
0.07376
0.088
0.09324
0.09314
0.09694
0.09738
0.09094
0.08688
0.08268
0.09016
0.08634
0.09634
0.08258
0.08786
0.08896
0.0916
0.09456
0.0891
0.09512
0.08064
0.08802
0.08032
0.08084
0.08322
0.08632
0.08738
0.07622
0.07468
0.078
0.0917
0.07502
0.0863
0.08102
0.08752
0.09208
0.08112
0.0862
0.08368
0.0905
0.07974
0.08238
0.09228
0.09594
0.08708
0.08156
0.08182
0.10048
0.08486
0.08206
0.07286
0.08308
0.08932
0.0804
0.09622
0.08618
0.08026
0.08182
0.08706
0.09912
0.10746
0.08974
0.07544
0.08838
0.07004
0.0901
0.09056
0.09296
0.08472
0.07294
0.06766
0.07424
0.07944
0.09194
0.0814
0.08988
0.08014
0.08148
0.1031
0.08888
0.07466
0.07734
0.09342
0.08906
0.08202
0.0916
0.07572
0.07874
0.07966
0.08494
0.07032
0.08682
0.08568
0.0972
0.09836
0.09882
0.08496
0.08186
0.08398
0.07778
0.08934
0.08608
0.08528
0.08416
0.08946
0.09158
0.08926
0.08758
0.0796
0.07578
0.08834
0.08706
0.08396
0.09034
0.09062
0.10248
0.09772
0.09494
0.0992
0.09806
0.0847
0.07462
0.07638
0.08064
0.0826
0.08344
0.08422
0.08982
0.1076
0.08548
0.07954
0.08184
0.07858
0.07982
0.08214
0.08508
0.08558
0.08778
0.07264
0.06632
0.07772
0.07346
0.07716
0.08998
0.0885
0.06964
0.0786
0.08352
0.09746
0.08514
0.09386
0.0904
0.09644
0.08454
0.07622
0.0802
0.07732
0.08878
0.0819
0.07378
0.08198
0.08748
0.09564
0.0821
0.08262
0.08064
0.08264
0.0997
0.08986
0.09398
0.09486
0.10088
0.08568
0.08042
0.0867
0.09114
0.0936
0.08192
0.08016
0.07898
0.07722
0.0692
0.09736
0.08766
0.08658
0.09784
0.10242
0.09058
0.07984
0.0985
0.0785
0.08836
0.0748
0.08678
0.07656
0.08024
0.09522
0.0744
0.07734
0.077
0.08144
0.0908
0.09494
0.0966
0.09926
0.08512
0.09424
0.10224
0.08916
0.08706
0.08684
0.101
0.07814
0.09656
0.0861
0.08148
0.08986
0.08034
0.09168
0.09368
0.09464
0.0894
0.09472
0.09256
0.10064
0.07588
0.08344
0.0886
0.08878
0.0919
0.08476
0.0917
0.10174
0.0819
0.08918
0.09586
0.09556
0.09008
0.0748
0.09282
0.0809
0.09758
0.09638
0.08086
0.08524
0.08926
0.08772
0.0872
0.08372
0.08498
0.08276
0.0823
0.09018
0.0949
0.09864
0.09606
0.09962
0.09752
0.08808
0.08076
0.08806
0.0894
0.0817
0.08358
0.0925
0.09622
0.08252
0.0827
0.07918
0.08554
0.07518
0.07862
0.08874
0.07804
0.08956
0.08674
0.08592
0.0826
0.0705
0.08054
0.09312
0.0944
0.079
0.091
0.0827
0.08284
0.09546
0.09592
0.07764
0.08374
0.08646
0.086
0.08242
0.08402
0.081
0.08606
0.07438
0.08026
0.08976
0.08152
0.09108
0.08996
0.08088
0.0785
0.07536
0.08656
0.0703
0.08588
0.06768
0.08696
0.08122
0.09018
0.0898
0.0885
0.08776
0.0823
0.09404
0.10298
0.07888
0.08204
0.08014
0.09158
0.08966
0.0987
0.0904
0.09542
0.1038
0.08236
0.08444
0.07494
0.08716
0.10082
0.08056
0.08826
0.09094
0.09544
0.09212
0.0938
0.0865
0.08578
0.10622
0.0943
0.0875
0.08282
0.09196
0.09412
0.09638
0.0854
0.0622
0.07812
0.08478
0.08054
0.08366
0.0732
0.08252
0.0738
0.08534
0.0907
0.0977
0.08028
0.0792
0.08042
0.08128
0.07518
0.0772
0.08744
0.06484
0.08784
0.0761
0.07172
0.08174
0.085
0.0715
0.08018
0.09104
0.0893
0.09994
0.08478
0.09712
0.09148
0.0838
0.09776
0.08062
0.08386
0.07926
0.08456
0.08266
0.089
0.09546
0.08636
0.08458
0.08068
0.07518
0.08508
0.08244
0.09258
0.0839
0.07992
0.08406
0.09456
0.09658
0.06778
0.08166
0.09394
0.09682
0.08096
0.09934
0.10164
0.0933
0.0747
0.09094
0.08966
0.0835
0.07754
0.06462
0.06646
0.06914
0.08026
0.0878
0.1016
0.09556
0.09268
0.08874
0.07784
0.08096
0.08368
0.09176
0.08464
0.08448
0.09724
0.09238
0.08592
0.08548
0.08318
0.07484
0.09738
0.09318
0.08422
0.09426
0.07528
0.09102
0.09794
0.09554
0.07398
0.07444
0.08094
0.09198
0.08524
0.08542
0.08196
0.08802
0.08506
0.08082
0.0852
0.07726
0.08388
0.08012
0.0914
0.08982
0.0812
0.07464
0.09206
0.0835
0.09672
0.09206
0.08476
0.09332
0.09984
0.09418
0.09404
0.09252
0.08426
0.08282
0.08984
0.08024
0.07484
0.08674
0.0913
0.09994
0.10232
0.09782
0.08924
0.07164
0.08838
0.09132
0.08262
0.07372
0.0839
0.0863
0.07088
0.08152
0.07268
0.0784
0.08048
0.0799
0.0782
0.06702
0.07772
0.08726
0.09704
0.08814
0.0884
0.08506
0.08012
0.08134
0.09196
0.08784
0.0808
0.06728
0.09198
0.0932
0.08854
0.09096
0.08232
0.07374
0.07234
0.07828
0.08622
0.0766
0.07588
0.0865
0.09284
0.09714
0.0973
0.09138
0.10234
0.08926
0.0937
0.08406
0.0833
0.0808
0.07458
0.0898
0.06918
0.08416
0.08472
0.08356
0.0928
0.09584
0.08152
0.08588
0.0891
0.0906
0.09608
0.1021
0.0795
0.07722
0.07248
0.0728
0.07792
0.082
0.09018
0.07596
0.0839
0.08082
0.09102
0.08618
0.09382
0.10482
0.0826
0.08404
0.09574
0.09902
0.08526
0.1005
0.09198
0.0989
0.09812
0.08068
0.08622
0.07468
0.08472
0.08566
0.09186
0.08716
0.09902
0.0882
0.09812
0.09004
0.08516
0.09608
0.07896
0.08126
0.0792
0.08468
0.07962
0.08098
0.0826
0.08448
0.08926
0.0792
0.09674
0.08506
0.08444
0.094
0.09944
0.10328
0.09708
0.08448
0.07842
0.0731
0.07834
0.08002
0.0924
0.0837
0.08232
0.08276
0.07704
0.0782
0.07418
0.08432
0.08192
0.07878
0.08106
0.07674
0.08578
0.09098
0.09572
0.08174
0.0926
0.08226
0.08892
0.08906
0.07078
0.09012
0.09108
0.08362
0.0852
0.098
0.0875
0.0853
0.0883
0.08792
0.0819
0.08794
0.08468
0.0839
0.0841
0.09534
0.08684
0.09356
0.09006
0.08878
0.0925
0.08874
0.07742
0.08718
0.0843
0.07116
0.08166
0.08052
0.07624
0.0819
0.07754
0.09422
0.09554
0.08982
0.08286
0.0827
0.0936
0.0896
0.09308
0.07974
0.0664
0.0762
0.07966
0.09638
0.0929
0.09724
0.09524
0.10104
0.0812
0.08832
0.09472
0.09934
0.0925
0.09464
0.08948
0.0878
0.0896
0.08596
0.07388
0.09696
0.09848
0.09828
0.09768
0.09586
0.08408
0.09548
0.0898
0.10132
0.09412
0.08878
0.07762
0.087
0.0779
0.08404
0.09006
0.0846
0.09142
0.08906
0.09016
0.07914
0.0891
0.0831
0.0982
0.08832
0.09572
0.0805
0.08544
0.09522
0.0998
0.08438
0.09184
0.09072
0.08852
0.08394
0.09884
0.09666
0.09528
0.0869
0.0852
0.08544
0.09982
0.08382
0.08074
0.08508
0.08056
0.09232
0.09672
0.09286
0.09138
0.09144
0.10336
0.08956
0.08546
0.09004
0.08306
0.0803
0.09038
0.09536
0.0858
0.07512
0.08858
0.07136
0.0716
0.08668
0.09098
0.08602
0.08182
0.0952
0.08944
0.08562
0.08458
0.08382
0.08398
0.08224
0.07954
0.0866
0.081
0.0888
0.08068
0.084
0.07916
0.0814
0.0947
0.08896
0.08132
0.0972
0.09506
0.09922
0.09102
0.09574
0.09266
0.08572
0.1052
0.07596
0.07776
0.0863
0.08662
0.095
0.07754
0.08172
0.0884
0.07338
0.0765
0.093
0.08598
0.09182
0.08814
0.08772
0.0827
0.08404
0.07444
0.08388
0.0876
0.07136
0.08042
0.07238
0.0767
0.08052
0.07616
0.08176
0.08948
0.08612
0.0996
0.0942
0.08254
0.08522
0.08844
0.08676
0.0932
0.09324
0.08404
0.08918
0.08664
0.1001
0.09938
0.09654
0.07744
0.08732
0.08036
0.07792
0.06948
0.09602
0.10296
0.08942
0.08424
0.0916
0.08486
0.08352
0.07648
0.09112
0.08316
0.10948
0.09438
0.09936
0.08906
0.09942
0.08852
0.08908
0.09152
0.09624
0.08802
0.0753
0.07918
0.08286
0.08292
0.0911
0.09154
0.09256
0.08048
0.07656
0.10172
0.09734
0.08654
0.0999
0.10114
0.10788
0.10036
0.0791
0.09136
0.0873
0.08912
0.08908
0.0823
0.08978
0.08146
0.08266
0.09744
0.0835
0.08844
0.09018
0.07348
0.07986
0.09334
0.08928
0.08202
0.07738
0.09026
0.0788
0.07622
0.08162
0.077
0.08006
0.0798
0.07636
0.08854
0.08318
0.08166
0.07998
0.08278
0.0788
0.07508
0.08936
0.0843
0.0878
0.09586
0.09028
0.08386
0.09398
0.0951
0.09204
0.07844
0.08788
0.11296
0.09808
0.09172
0.09086
0.08198
0.0807
0.06962
0.07618
0.07794
0.08152
0.09804
0.09426
0.08684
0.0976
0.0996
0.09868
0.0943
0.0822
0.07912
0.07304
0.08744
0.08098
0.08432
0.08332
0.07832
0.07688
0.0715
0.0943
0.09126
0.09514
0.09596
0.0915
0.09324
0.09706
0.08392
0.07966
0.08174
0.08046
0.0797
0.09654
0.08694
0.08824
0.07786
0.09608
0.0968
0.0873
0.07552
0.09328
0.08956
0.09294
0.08334
0.09344
0.09578
0.09006
0.10102
0.08166
0.09172
0.09006
0.09044
