-0.39624
-0.39784
-0.40278
-0.40084
-0.4227
-0.4067
-0.40156
-0.3963
-0.41634
-0.41214
-0.40868
-0.39722
-0.40308
-0.39688
-0.39308
-0.3892
-0.40226
-0.41356
-0.39502
-0.384
-0.3947
-0.39596
-0.40742
-0.41246
-0.3939
-0.3921
-0.40342
-0.40576
-0.41218
-0.42146
-0.40916
-0.40714
-0.41636
-0.40814
-0.40462
-0.3988
-0.3982
-0.41764
-0.4132
-0.4108
-0.40572
-0.3993
-0.39938
-0.40098
-0.398
-0.40078
-0.41706
-0.411
-0.38732
-0.40476
-0.3911
-0.39834
-0.40654
-0.40092
-0.40314
-0.40898
-0.41164
-0.40408
-0.41258
-0.40686
-0.40704
-0.40412
-0.40904
-0.39988
-0.40122
-0.39826
-0.4085
-0.40936
-0.39804
-0.39116
-0.38986
-0.39692
-0.39386
-0.4098
-0.41818
-0.40276
-0.39482
-0.3917
-0.40246
-0.4007
-0.39634
-0.40872
-0.4088
-0.39742
-0.40362
-0.39496
-0.40104
-0.39778
-0.40274
-0.40814
-0.4064
-0.411
-0.4187
-0.42324
-0.42398
-0.41438
-0.40478
-0.40098
-0.39532
-0.39096
-0.4092
-0.3997
-0.4015
-0.4023
-0.40232
-0.40388
-0.41062
-0.41632
-0.41182
-0.40476
-0.39716
-0.40704
-0.40596
-0.398
-0.40876
-0.39688
-0.40622
-0.39982
-0.4068
-0.4167
-0.42172
-0.41308
-0.42078
-0.3998
-0.39974
-0.408
-0.4063
-0.39948
-0.39204
-0.4017
-0.40294
-0.41386
-0.41826
-0.40958
-0.40852
-0.403
-0.41122
-0.40122
-0.41126
-0.41142
-0.40844
-0.4022
-0.40502
-0.4025
-0.403
-0.4003
-0.39418
-0.3836
-0.3981
-0.40094
-0.39542
-0.40412
-0.39548
-0.39408
-0.3941
-0.3871
-0.39662
-0.39634
-0.40246
-0.4043
-0.40212
-0.40954
-0.4103
-0.40362
-0.41732
-0.41996
-0.41514
-0.41218
-0.40838
-0.409
-0.4069
-0.41842
-0.42044
-0.39714
-0.40254
-0.40782
-0.41
-0.41808
-0.41428
-0.41572
-0.41186
-0.40808
-0.40378
-0.39964
-0.3923
-0.40406
-0.39856
-0.39952
-0.39574
-0.4046
-0.40712
-0.39546
-0.398
-0.40218
-0.39844
-0.40356
-0.3971
-0.41024
-0.40728
-0.39966
-0.40442
-0.41256
-0.40552
-0.39378
-0.38648
-0.39536
-0.3955
-0.41202
-0.40796
-0.39818
-0.41314
-0.4009
-0.38778
-0.39572
-0.39942
-0.40368
-0.40376
-0.40172
-0.40362
-0.39798
-0.40232
-0.40232
-0.38256
-0.37734
-0.38552
-0.39296
-0.39838
-0.39842
-0.4025
-0.39624
-0.39304
-0.39588
-0.40018
-0.40948
-0.40282
-0.40862
-0.40906
-0.40046
-0.39238
-0.39586
-0.38096
-0.3904
-0.40578
-0.40852
-0.39936
-0.41846
-0.42106
-0.41136
-0.419
-0.41838
-0.41354
-0.40856
-0.40634
-0.3988
-0.40484
-0.41858
-0.42564
-0.40536
-0.3984
-0.39432
-0.39028
-0.40534
-0.40946
-0.40854
-0.39586
-0.38672
-0.40604
-0.4171
-0.40064
-0.38554
-0.3961
-0.4013
-0.39604
-0.3946
-0.41044
-0.40422
-0.403
-0.41608
-0.40354
-0.40022
-0.41894
-0.4137
-0.41352
-0.41038
-0.40512
-0.40562
-0.41252
-0.4109
-0.4075
-0.40794
-0.40346
-0.4051
-0.4038
-0.39218
-0.40052
-0.40978
-0.40732
-0.40786
-0.41552
-0.4064
-0.40882
-0.3952
-0.40254
-0.39568
-0.40102
-0.40364
-0.41224
-0.40936
-0.39108
-0.38538
-0.37868
-0.39
-0.3924
-0.38706
-0.3766
-0.39176
-0.39768
-0.3964
-0.39996
-0.4116
-0.39646
-0.40778
-0.40892
-0.40952
-0.41824
-0.41314
-0.41068
-0.41022
-0.41054
-0.40476
-0.39632
-0.40434
-0.39754
-0.40218
-0.41148
-0.39852
-0.39912
-0.40462
-0.40534
-0.39476
-0.39524
-0.38516
-0.38636
-0.39184
-0.38366
-0.4003
-0.40316
-0.40416
-0.39804
-0.40772
-0.39788
-0.41766
-0.40886
-0.41232
-0.41146
-0.41204
-0.40188
-0.39868
-0.42226
-0.422
-0.4067
-0.3983
-0.39482
-0.41352
-0.42126
-0.417
-0.41424
-0.4095
-0.40636
-0.40476
-0.39258
-0.394
-0.39622
-0.4057
-0.40138
-0.40936
-0.4185
-0.4053
-0.41408
-0.4108
-0.42486
-0.42638
-0.41934
-0.40248
-0.41584
-0.40672
-0.40496
-0.40634
-0.39944
-0.39392
-0.39968
-0.39856
-0.39142
-0.3934
-0.39908
-0.40798
-0.40206
-0.41198
-0.41034
-0.40306
-0.39496
-0.39452
-0.40174
-0.39778
-0.40262
-0.39712
-0.39746
-0.39072
-0.38562
-0.39474
-0.3869
-0.39814
-0.39706
-0.3937
-0.39966
-0.38474
-0.38992
-0.3872
-0.40062
-0.40352
-0.40426
-0.39692
-0.4016
-0.39956
-0.39812
-0.4019
-0.39194
-0.3949
-0.40092
-0.4101
-0.40684
-0.39456
-0.40678
-0.4021
-0.40826
-0.40268
-0.39542
-0.4149
-0.41808
-0.41282
-0.416
-0.41098
-0.40542
-0.3946
-0.40256
-0.4014
-0.40316
-0.39256
-0.39348
-0.4047
-0.39354
-0.40384
-0.40396
-0.41112
-0.39932
-0.39776
-0.40428
-0.39522
-0.39584
-0.40774
-0.40922
-0.40882
-0.41782
-0.40746
-0.40738
-0.38284
-0.38858
-0.39824
-0.40202
-0.3972
-0.40008
-0.40322
-0.38774
-0.38716
-0.39776
-0.40908
-0.4128
-0.4212
-0.42056
-0.40528
-0.41074
-0.40568
-0.39684
-0.39802
-0.39732
-0.40244
-0.40584
-0.39722
-0.40004
-0.4019
-0.40882
-0.41048
-0.40526
-0.40094
-0.40158
-0.40832
-0.3954
-0.41066
-0.4325
-0.40918
-0.40746
-0.40934
-0.40316
-0.4113
-0.4117
-0.39844
-0.39572
-0.39148
-0.39846
-0.40204
-0.41366
-0.40346
-0.41598
-0.40292
-0.41554
-0.4062
-0.40204
-0.39758
-0.40504
-0.408
-0.4003
-0.40052
-0.39646
-0.38338
-0.39242
-0.3933
-0.40066
-0.40032
-0.40518
-0.40912
-0.41796
-0.40946
-0.40132
-0.40976
-0.41308
-0.40704
-0.40052
-0.40078
-0.40536
-0.40542
-0.39632
-0.38504
-0.40342
-0.38758
-0.38682
-0.40304
-0.4017
-0.40906
-0.39798
-0.40562
-0.40342
-0.40624
-0.40048
-0.3995
-0.38974
-0.40522
-0.3968
-0.39694
-0.40128
-0.387
-0.39538
-0.4042
-0.39214
-0.3983
-0.41184
-0.39872
-0.40434
-0.404
-0.3973
-0.40866
-0.42358
-0.41376
-0.41824
-0.42286
-0.40826
-0.4171
-0.40716
-0.41184
-0.39626
-0.40456
-0.40312
-0.3969
-0.40524
-0.39802
-0.38402
-0.39728
-0.3955
-0.41044
-0.39972
-0.39964
-0.40382
-0.40496
-0.39662
-0.4002
-0.39772
-0.39776
-0.40814
-0.40294
-0.39702
-0.40272
-0.39602
-0.40242
-0.40482
-0.40546
-0.39056
-0.40706
-0.4031
-0.40218
-0.39478
-0.406
-0.41428
-0.39426
-0.39138
-0.3968
-0.39458
-0.3958
-0.41024
-0.40244
-0.40262
-0.40312
-0.40296
-0.39862
-0.39842
-0.42006
-0.39448
-0.40188
-0.39084
-0.40172
-0.39336
-0.40272
-0.41494
-0.4091
-0.41344
-0.40482
-0.40096
-0.40898
-0.42244
-0.4057
-0.4086
-0.40778
-0.3978
-0.396
-0.3969
-0.42266
-0.42168
-0.425
-0.41402
-0.40876
-0.40092
-0.40804
-0.40542
-0.40296
-0.396
-0.40644
-0.40196
-0.3995
-0.39204
-0.40348
-0.39828
-0.39622
-0.39016
-0.37508
-0.3741
-0.38252
-0.39518
-0.40004
-0.40502
-0.40816
-0.40466
-0.39984
-0.4102
-0.41104
-0.40588
-0.41284
-0.42714
-0.42624
-0.42498
-0.41636
-0.41352
-0.40488
-0.39072
-0.38868
-0.38696
-0.39796
-0.3999
-0.40862
-0.41468
-0.4129
-0.40538
-0.40512
-0.40538
-0.38876
-0.39324
-0.39016
-0.3951
-0.40176
-0.3985
-0.39226
-0.38518
-0.382
-0.38756
-0.3861
-0.38458
-0.40454
-0.395
-0.39528
-0.3986
-0.39674
-0.39796
-0.3942
-0.4058
-0.4082
-0.40016
-0.41716
-0.4147
-0.4248
-0.42158
-0.4201
-0.41036
-0.40744
-0.40546
-0.41296
-0.39764
-0.39306
-0.38168
-0.37952
-0.39752
-0.40544
-0.39328
-0.41208
-0.40238
-0.39646
-0.39134
-0.38478
-0.37552
-0.38356
-0.38776
-0.3955
-0.40178
-0.39982
-0.40234
-0.40266
-0.41044
-0.3981
-0.38954
-0.39576
-0.38846
-0.40588
-0.40844
-0.41258
-0.40476
-0.41308
-0.4165
-0.42568
-0.4133
-0.41414
-0.40848
-0.4091
-0.4161
-0.41172
-0.40996
-0.40032
-0.39176
-0.40124
-0.40658
-0.40348
-0.39924
-0.40076
-0.39512
-0.40586
-0.40388
-0.39608
-0.4037
-0.41036
-0.40162
-0.4063
-0.3949
-0.39448
-0.39586
-0.40926
-0.4134
-0.41148
-0.4096
-0.40772
-0.40436
-0.41228
-0.42024
-0.40062
-0.41138
-0.40934
-0.39308
-0.39114
-0.39392
-0.3975
-0.39456
-0.4026
-0.39208
-0.38812
-0.39288
-0.39096
-0.39188
-0.38984
-0.3886
-0.39026
-0.40304
-0.40286
-0.41438
-0.39862
-0.4067
-0.40376
-0.39558
-0.3896
-0.38922
-0.39706
-0.4118
-0.40144
-0.40448
-0.40216
-0.39378
-0.39214
-0.39734
-0.40396
-0.40376
-0.4073
-0.3982
-0.38842
-0.38014
-0.38306
-0.39214
-0.3954
-0.4014
-0.39586
-0.40102
-0.3939
-0.3958
-0.39666
-0.402
-0.39746
-0.38442
-0.39074
-0.39992
-0.40572
-0.3935
-0.39818
-0.40762
-0.40242
-0.39074
-0.39278
-0.40218
-0.40424
-0.40204
-0.41104
-0.40354
-0.38786
-0.39192
-0.3938
-0.40912
-0.40122
-0.40696
-0.40494
-0.4043
-0.40512
-0.41658
-0.40974
-0.40298
-0.39808
-0.3989
-0.38984
-0.38222
-0.38946
-0.40468
-0.40034
-0.4077
-0.39762
-0.40636
-0.403
-0.4118
-0.40048
-0.41218
-0.39598
-0.404
-0.4004
-0.40648
-0.3974
-0.40282
-0.39224
-0.39262
-0.3939
-0.3854
-0.39314
-0.3964
-0.41252
-0.40624
-0.39112
-0.38876
-0.39638
-0.40058
-0.40528
-0.40862
-0.40442
-0.3904
-0.39946
-0.39696
-0.39298
-0.39662
-0.39794
-0.3952
-0.4131
-0.40776
-0.3983
-0.40446
-0.41346
-0.41406
-0.40408
-0.40354
-0.40464
-0.4118
-0.4096
-0.39996
-0.40702
-0.4004
-0.39594
-0.40522
-0.4117
-0.4008
-0.41438
-0.39842
-0.40622
-0.4086
-0.40944
-0.40488
-0.41226
-0.42034
-0.41668
-0.41388
-0.4166
-0.4029
-0.41202
-0.424
-0.42242
-0.41294
-0.41674
-0.40354
-0.40606
-0.40844
-0.41516
-0.41632
-0.41356
-0.38708
-0.38536
-0.39936
-0.39592
-0.39566
-0.38916
-0.39864
-0.40066
-0.4143
-0.3928
-0.3986
-0.40562
-0.40648
-0.40276
-0.41022
-0.39002
-0.40226
-0.40592
-0.40542
-0.41198
-0.42234
-0.41374
-0.41938
-0.41148
-0.40314
-0.40886
-0.40404
-0.40042
-0.42078
-0.4209
-0.4082
-0.41786
-0.41358
-0.4184
-0.40446
-0.40232
-0.4235
-0.41512
-0.4167
-0.4076
-0.40348
-0.40452
-0.39892
-0.40258
-0.3988
-0.4036
-0.41214
-0.40802
-0.40586
-0.40432
-0.40506
-0.41352
-0.40718
-0.39114
-0.39094
-0.40092
-0.40534
-0.3949
-0.38792
-0.38272
-0.38348
-0.39628
-0.41624
-0.418
-0.3999
-0.4054
-0.40574
-0.39882
-0.40004
-0.38396
-0.3967
-0.4001
-0.39402
-0.39874
-0.40682
-0.4126
-0.4163
-0.40434
-0.40094
-0.4046
-0.40904
-0.40186
-0.41464
-0.40526
-0.39046
-0.39412
-0.39826
-0.40114
-0.39848
-0.39264
-0.40124
-0.40408
-0.39538
-0.4094
-0.4119
-0.39648
-0.38866
-0.39236
-0.39466
-0.39784
-0.3933
-0.3993
-0.39476
-0.3895
-0.40432
-0.4042
-0.40468
-0.40684
-0.40832
-0.40096
-0.40398
-0.41372
-0.40592
-0.4188
-0.40704
-0.40804
-0.39394
-0.4038
-0.40958
-0.39564
-0.39832
-0.40496
-0.39772
-0.39698
-0.39358
-0.40152
-0.39326
-0.38608
-0.38776
-0.39058
-0.39606
-0.40144
-0.40168
-0.40598
-0.39456
-0.3956
-0.41836
-0.40044
-0.41412
-0.3984
-0.4102
-0.40218
-0.4109
-0.40846
-0.39574
-0.39394
-0.39348
-0.39666
-0.38628
-0.39314
-0.3825
-0.39068
-0.39388
-0.39716
-0.4031
-0.43288
-0.42722
-0.41472
-0.42268
-0.40766
-0.40192
-0.38666
-0.39726
-0.40344
-0.39278
-0.37366
-0.38742
-0.39616
-0.39818
-0.39784
-0.40626
-0.40858
-0.40574
-0.4026
-0.42642
-0.41316
-0.40018
-0.40094
-0.39262
-0.38132
-0.38522
-0.41274
-0.40268
-0.39606
-0.39658
-0.40766
-0.41276
-0.40522
-0.40078
-0.38824
-0.40474
-0.40424
-0.39394
-0.395
-0.40182
-0.41744
-0.42432
-0.40564
-0.38276
-0.38736
-0.39362
-0.39518
-0.39688
-0.40824
-0.41258
-0.41046
-0.4127
-0.41426
-0.39932
-0.40466
-0.39798
-0.3985
-0.40774
-0.4014
-0.39376
-0.40258
-0.38864
-0.4014
-0.40182
-0.3931
-0.3971
-0.39728
-0.39774
-0.40486
-0.40588
-0.3929
-0.38988
-0.4118
-0.41042
-0.41284
-0.41584
-0.4059
-0.40126
-0.3936
-0.39144
-0.3987
-0.41816
-0.4172
-0.41734
-0.414
-0.40436
-0.40586
-0.3872
-0.39682
-0.39588
-0.41214
-0.41452
-0.40268
-0.39736
-0.4049
-0.38932
-0.40268
-0.40586
-0.3979
-0.39394
-0.38866
-0.39648
-0.38756
-0.39906
-0.40214
-0.40596
-0.40632
-0.41438
-0.41306
-0.41604
-0.41354
-0.4028
-0.3953
-0.3841
-0.39976
-0.3987
-0.40104
-0.4022
-0.40464
-0.40308
-0.3976
-0.3905
-0.40344
-0.4031
-0.40748
-0.42194
-0.41098
-0.41504
-0.41462
-0.41474
-0.40482
-0.39784
-0.3992
-0.40002
-0.39778
-0.41584
-0.41684
-0.40994
-0.40434
-0.41154
-0.39282
-0.41346
-0.40164
-0.40582
-0.4096
-0.41696
-0.40568
-0.39962
-0.40732
-0.41076
-0.41098
-0.40994
-0.402
-0.3944
-0.39092
-0.38566
-0.38536
-0.40662
-0.3953
-0.39226
-0.39598
-0.41188
-0.4169
-0.40998
-0.41956
-0.39718
-0.38814
-0.4006
-0.41376
-0.41102
-0.4014
-0.40682
-0.39858
-0.4047
-0.40168
-0.41208
-0.4041
-0.42188
-0.4154
-0.42384
-0.40014
-0.40624
-0.40536
-0.4013
-0.39372
-0.39526
-0.41008
-0.40172
-0.4011
-0.3931
-0.40488
-0.41912
-0.41604
-0.42044
-0.41632
-0.41286
-0.4121
-0.39122
-0.39126
-0.39518
-0.3812
-0.38432
-0.3895
-0.4029
-0.3996
-0.40006
-0.41132
-0.41638
-0.41814
-0.42336
-0.41458
-0.41684
-0.42084
-0.41198
-0.3989
-0.38978
-0.40438
-0.39318
-0.39346
-0.40234
-0.37938
-0.38014
-0.36804
-0.38434
-0.39008
-0.40952
-0.39752
-0.40198
-0.39154
-0.40684
-0.40564
-0.40058
-0.40524
-0.4018
-0.40484
-0.4046
-0.39378
-0.39058
-0.40014
-0.3935
-0.38324
-0.41084
-0.40658
-0.42056
-0.4137
-0.40476
-0.40906
-0.39848
-0.403
-0.40056
-0.39324
-0.39658
-0.40358
-0.41334
-0.41036
-0.41138
-0.4105
-0.40098
-0.39748
-0.40236
-0.40934
-0.40862
-0.41036
-0.407
-0.40956
-0.4153
-0.4044
-0.41698
-0.4163
-0.43384
-0.41326
-0.40406
-0.40742
-0.39618
-0.40906
-0.41706
-0.40988
-0.41504
-0.39798
-0.39948
-0.38992
-0.40188
-0.41012
-0.40674
-0.41064
-0.406
-0.40646
-0.4047
-0.41028
-0.41876
-0.41466
-0.41944
-0.40814
-0.41358
-0.42464
-0.4233
-0.41952
-0.40558
-0.39344
-0.3972
-0.40528
-0.39216
-0.39742
-0.40356
-0.396
-0.38422
-0.3916
-0.3871
-0.39366
-0.39882
-0.40084
-0.40678
-0.41584
-0.3993
-0.413
-0.40094
-0.40246
-0.4145
-0.41444
-0.40398
-0.4035
-0.40654
-0.40404
-0.40958
-0.40448
-0.4045
-0.40962
-0.40612
-0.41078
-0.40744
-0.42762
-0.42448
-0.4253
-0.42138
-0.39768
-0.39064
-0.39372
-0.39458
-0.38592
-0.39524
-0.39708
-0.39942
-0.39524
-0.39288
-0.41408
-0.4137
-0.41138
-0.4123
-0.4059
-0.39482
-0.40204
-0.4042
-0.41032
-0.39842
-0.38808
-0.39608
-0.40442
-0.39316
-0.39344
-0.39794
-0.40986
-0.40928
-0.40656
-0.40568
-0.40028
-0.38412
-0.38912
-0.38938
-0.39916
-0.40832
-0.41902
-0.40192
-0.40112
-0.39874
-0.40668
-0.39006
-0.39152
-0.39776
-0.40726
-0.4179
-0.41162
-0.41114
-0.41028
-0.401
-0.39756
-0.41296
-0.40478
-0.39576
-0.39328
-0.39424
-0.40384
-0.40612
-0.40062
-0.39852
-0.40592
-0.4122
-0.3983
-0.41656
-0.42166
-0.39488
-0.40124
-0.39952
-0.38634
-0.396
-0.39616
-0.3945
-0.39772
-0.39572
-0.40988
-0.40922
-0.4053
-0.3971
-0.39492
-0.39338
-0.3955
-0.39304
-0.39364
-0.40158
-0.39882
-0.39818
-0.40524
-0.39506
-0.4088
-0.40996
-0.40926
-0.41524
-0.39676
-0.39798
-0.39908
-0.40404
-0.3927
-0.40042
-0.40658
-0.40814
-0.39666
-0.40018
-0.40848
-0.41194
-0.39052
-0.39938
-0.39258
-0.40516
-0.4031
-0.41632
-0.41294
-0.39012
-0.3958
-0.39882
-0.39938
-0.40044
-0.41156
-0.38838
-0.39596
-0.38494
-0.38918
-0.4093
-0.3991
-0.40756
-0.3991
-0.39814
-0.39682
-0.39532
-0.38818
-0.40636
-0.39378
-0.39504
-0.40304
-0.3905
-0.39696
-0.40434
-0.40682
-0.40668
-0.40926
-0.40334
-0.39758
-0.40276
-0.42148
-0.41378
-0.40342
-0.40198
-0.39652
-0.40826
-0.39774
-0.39084
-0.39462
-0.39916
-0.39464
-0.3978
-0.3848
-0.37988
-0.3818
-0.38752
-0.38672
-0.4015
-0.40062
-0.39712
-0.39728
-0.4032
-0.41178
-0.40604
-0.4079
-0.4181
-0.41524
-0.40446
-0.41814
-0.4052
-0.39044
-0.38668
-0.40066
-0.38758
-0.38944
-0.38572
-0.38832
-0.38532
-0.39306
-0.39456
-0.3841
-0.39776
-0.4047
-0.40482
-0.39628
-0.38942
-0.4005
-0.40534
-0.40218
-0.38798
-0.3945
-0.39608
-0.40998
-0.40228
-0.39084
-0.39946
-0.39886
-0.40458
-0.4014
-0.39966
-0.40482
-0.38952
-0.39802
-0.40366
-0.41546
-0.40486
-0.40826
-0.40446
-0.40124
-0.40542
-0.41738
-0.40772
-0.40292
-0.40506
-0.40262
-0.40186
-0.41322
-0.40098
-0.397
-0.40708
-0.39598
-0.38638
-0.38448
-0.3934
-0.4118
-0.40404
-0.41794
-0.40768
-0.41846
-0.3988
-0.40454
-0.39102
-0.40536
-0.41242
-0.41284
-0.40644
-0.39786
-0.40074
-0.39582
-0.3988
-0.40018
-0.4216
-0.40348
-0.40986
-0.41602
-0.42142
-0.40846
-0.42256
-0.40974
-0.39794
-0.40426
-0.40274
-0.39672
-0.4112
-0.40138
-0.39776
-0.3979
-0.40636
-0.40038
-0.37894
-0.39878
-0.39136
-0.39238
-0.41356
-0.41484
-0.42248
-0.42026
-0.42024
-0.40734
-0.40638
-0.40184
-0.39874
-0.40126
-0.40718
-0.40648
-0.40288
-0.40414
-0.39714
-0.40704
-0.4072
-0.40548
-0.38812
-0.40846
-0.40542
-0.41022
-0.40498
-0.40982
-0.39938
-0.3861
-0.39216
-0.39116
-0.3993
-0.39488
-0.40466
-0.40604
-0.4014
-0.4008
-0.39472
-0.39268
-0.39876
-0.40218
-0.40158
-0.39678
-0.39334
-0.39146
-0.40016
-0.40496
-0.4232
-0.41666
-0.4045
-0.4089
-0.40412
-0.39646
-0.4103
-0.40564
-0.41374
-0.38804
-0.39604
-0.3863
-0.40458
-0.42116
-0.40742
-0.40032
-0.38416
-0.3891
-0.38672
-0.41136
-0.41276
-0.41678
-0.41536
-0.40092
-0.4027
-0.40596
-0.40148
-0.40518
-0.40848
-0.41698
-0.41974
-0.4056
-0.41222
-0.39654
-0.39456
-0.39502
-0.3884
-0.39964
-0.40426
-0.39222
-0.39396
-0.4029
-0.39694
-0.3973
-0.40438
-0.4178
-0.4176
-0.40262
-0.41176
-0.4017
-0.40404
-0.3936
-0.3953
-0.38614
-0.39388
-0.39736
-0.4094
-0.40936
-0.40996
-0.41072
-0.40122
-0.41076
-0.40994
-0.40914
-0.41474
-0.41632
-0.39994
-0.39308
-0.4055
-0.41116
-0.39298
-0.4091
-0.41728
-0.41256
-0.39916
-0.4142
-0.40656
-0.40206
-0.39916
-0.40904
-0.41244
-0.39898
-0.40668
-0.39938
-0.40478
-0.4044
-0.40468
-0.40672
-0.40952
-0.40664
-0.39836
-0.40112
-0.4086
-0.4049
-0.40514
-0.4116
-0.417
-0.39876
-0.40288
-0.3929
-0.40604
-0.4004
-0.38608
-0.40676
-0.39766
-0.39484
-0.39744
-0.39622
-0.40466
-0.40356
-0.40192
-0.39834
-0.40258
-0.39814
-0.39112
-0.41092
-0.39588
-0.389
-0.40574
-0.40488
-0.40502
-0.40424
-0.414
-0.40516
-0.40044
-0.39936
-0.4012
-0.38798
-0.389
-0.4044
-0.39466
-0.3923
-0.4118
-0.40898
-0.40608
-0.40782
-0.41522
-0.40376
-0.3958
-0.4114
-0.40146
-0.40288
-0.40496
-0.40488
-0.4101
-0.40368
-0.40412
-0.40092
-0.40624
-0.3956
-0.38728
-0.40116
-0.3996
-0.40368
-0.40866
-0.40744
-0.40332
-0.40328
-0.3981
-0.40528
-0.39586
-0.39124
-0.4059
-0.39796
-0.38854
-0.39042
-0.38718
-0.4035
-0.40236
-0.40422
-0.40678
-0.4105
-0.39454
-0.40736
-0.42148
-0.40814
-0.41286
-0.40732
-0.40584
-0.41186
-0.39946
-0.4022
-0.3957
-0.39792
-0.39572
-0.41314
-0.39934
-0.40894
-0.41962
-0.4232
-0.41416
-0.4153
-0.41376
-0.42658
-0.4083
-0.4164
-0.4084
-0.40654
-0.4053
-0.41334
-0.40856
-0.3992
-0.40386
-0.41224
-0.39422
-0.39766
-0.39304
-0.39484
-0.38488
-0.39682
-0.4043
-0.39958
-0.42052
-0.4169
-0.41486
-0.40414
-0.3963
-0.4014
-0.40232
-0.41
-0.40084
-0.41066
-0.40342
-0.41164
-0.40424
-0.4051
-0.41492
-0.39618
-0.3961
-0.4036
-0.40066
-0.40904
-0.40148
-0.4022
-0.40896
-0.40214
-0.40078
-0.40276
-0.40206
-0.41722
-0.40382
-0.4117
-0.41006
-0.40466
-0.40334
-0.40382
-0.39746
-0.39842
-0.40524
-0.39366
-0.39472
-0.39234
-0.38978
-0.40102
-0.40366
-0.41694
-0.39646
-0.406
-0.40856
-0.41394
-0.40314
-0.40118
-0.40526
-0.40538
-0.4126
-0.40842
-0.41036
-0.40492
-0.41352
-0.40784
-0.4187
-0.40162
-0.3933
-0.40078
-0.3915
-0.41096
-0.42128
-0.40194
-0.41554
-0.4167
-0.42846
-0.42056
-0.40762
-0.40222
-0.4042
-0.40308
-0.38912
-0.39524
-0.3987
-0.40302
-0.40546
-0.416
-0.3945
-0.39474
-0.39528
-0.40206
-0.40042
-0.39584
-0.39746
-0.41392
-0.41702
-0.40986
-0.39978
-0.39568
-0.40576
-0.3955
-0.39694
-0.40806
-0.39814
-0.39714
-0.40162
-0.40456
-0.40494
-0.39874
-0.40462
-0.40138
-0.40138
-0.39242
-0.39704
-0.3963
-0.4078
-0.4013
-0.4034
-0.41852
-0.41818
-0.42504
-0.41252
-0.41656
-0.40546
-0.40094
-0.40606
-0.39352
-0.39862
-0.39966
-0.41012
-0.40492
-0.39746
-0.3908
-0.3949
-0.40006
-0.38318
-0.395
-0.40856
-0.40032
-0.40438
-0.41352
-0.41258
-0.41746
-0.41232
-0.41348
-0.40266
-0.4061
-0.40842
-0.4145
-0.40038
-0.40776
-0.40384
-0.41012
-0.40936
-0.418
-0.40772
-0.39878
-0.4038
-0.40526
-0.40196
-0.39158
-0.4069
-0.40406
-0.39888
-0.39662
-0.40244
-0.40086
-0.39924
-0.40932
-0.42852
-0.42216
-0.40552
-0.4062
-0.40704
-0.41104
-0.4071
-0.4084
-0.40352
-0.40998
-0.3929
-0.3866
-0.39322
-0.4129
-0.40212
-0.40548
-0.40878
-0.39798
-0.39426
-0.39038
-0.3922
-0.39552
-0.39914
-0.41574
-0.418
-0.42126
-0.40962
-0.41572
-0.39246
-0.39414
-0.40216
-0.40904
-0.40176
-0.39198
-0.4037
-0.4018
-0.4203
-0.40584
-0.40496
-0.42296
-0.4093
-0.41236
-0.41364
-0.42458
-0.41744
-0.4044
-0.40312
-0.39738
-0.4055
-0.4035
-0.40512
-0.39894
-0.4095
-0.41248
-0.3991
-0.39866
-0.41048
-0.4096
-0.40268
-0.39644
-0.38532
-0.40368
-0.39002
-0.388
-0.41026
-0.4098
-0.4081
-0.4048
-0.40266
-0.39286
-0.39024
-0.39654
-0.4121
-0.41566
-0.41276
-0.40084
-0.39912
-0.40304
-0.40164
-0.39784
-0.40144
-0.38406
-0.39278
-0.39668
-0.39972
-0.39358
-0.41096
-0.41172
-0.3923
-0.40164
-0.39464
-0.39448
-0.40688
-0.39956
-0.40802
-0.41938
-0.41604
-0.4163
-0.4186
-0.40818
-0.40406
-0.40292
-0.3937
-0.40498
-0.4127
-0.40262
-0.39476
-0.40204
-0.40632
-0.39222
-0.40082
-0.38806
-0.38876
-0.40862
-0.4143
-0.40656
-0.40268
-0.40514
-0.401
-0.40264
-0.41024
-0.41044
-0.40594
-0.39434
-0.38762
-0.38502
-0.3959
-0.40118
-0.4029
-0.40058
-0.39832
-0.40838
-0.39874
-0.39502
-0.40658
-0.40102
-0.3897
-0.40402
-0.41266
-0.40408
-0.40476
-0.39678
-0.40954
-0.39996
-0.41304
-0.4131
-0.42254
-0.40552
-0.40152
-0.39648
-0.39642
-0.3952
-0.38612
-0.37648
-0.38572
-0.3945
-0.4055
-0.40624
-0.41836
-0.42454
-0.42124
-0.4138
-0.41234
-0.4012
-0.4036
-0.41352
-0.41154
-0.41458
-0.4022
-0.3976
-0.40414
-0.38666
-0.39188
-0.3944
-0.39822
-0.41204
-0.40638
-0.41526
-0.41182
-0.41442
-0.408
-0.4039
-0.39752
-0.40792
-0.40262
-0.38466
-0.39788
-0.39066
-0.39522
-0.40976
-0.40286
-0.41542
-0.41774
-0.41062
-0.41704
-0.4074
-0.40704
-0.39896
-0.39656
-0.4072
-0.40872
-0.39538
-0.4085
-0.39694
-0.41584
-0.40372
-0.41694
-0.40612
-0.4038
-0.41302
-0.40528
-0.40434
-0.40224
-0.39566
-0.39522
-0.40854
-0.40886
-0.39844
-0.39638
-0.38554
-0.38008
-0.40138
-0.38832
-0.40242
-0.4026
-0.395
-0.39958
-0.41148
-0.42174
-0.41596
-0.41636
-0.40882
-0.41176
-0.39764
-0.40666
-0.4057
-0.39972
-0.39882
-0.39666
-0.3987
-0.40296
-0.41122
-0.4149
-0.40964
-0.40354
-0.4114
-0.41142
-0.41194
-0.40048
-0.39632
-0.4089
-0.4009
-0.39996
-0.40348
-0.41358
-0.4175
-0.41284
-0.39446
-0.3941
-0.39972
-0.40436
-0.40584
-0.40684
-0.40186
-0.40524
-0.39696
-0.39618
-0.39828
-0.407
-0.40872
-0.4129
-0.42032
-0.41212
-0.40266
-0.40556
-0.39516
-0.41036
-0.40312
-0.4037
-0.38632
-0.39656
-0.39988
-0.40716
-0.3989
-0.39796
-0.4125
-0.41518
-0.40956
-0.42468
-0.41542
-0.4042
-0.40538
-0.40434
-0.41122
-0.41096
-0.40268
-0.41764
-0.3958
-0.393
-0.40088
-0.39454
-0.39062
-0.38646
-0.386
-0.38986
-0.39636
-0.39192
-0.40108
-0.40596
-0.41262
-0.40292
-0.39882
-0.41702
-0.4151
-0.40786
-0.41026
-0.41304
-0.40714
-0.39978
-0.40534
-0.40372
-0.40832
-0.41402
-0.41276
-0.40328
-0.4008
-0.39226
-0.3935
-0.3955
-0.39762
-0.40404
-0.39596
-0.3991
-0.39514
-0.40822
-0.41766
-0.39558
-0.39132
-0.40436
-0.40748
-0.40108
-0.41536
-0.40736
-0.40198
-0.40004
-0.4168
-0.40166
-0.40588
-0.41604
-0.41084
-0.40338
-0.40268
-0.39924
-0.40352
-0.39554
-0.40702
-0.41812
-0.41642
-0.408
-0.41908
-0.41968
-0.42484
-0.4119
-0.41086
-0.4129
-0.39936
-0.40024
-0.40176
-0.41508
-0.41382
-0.41198
-0.41104
-0.41018
-0.39542
-0.39694
-0.40722
-0.40672
-0.40552
-0.4054
-0.4078
-0.40906
-0.39506
-0.39306
-0.39902
-0.40242
-0.4077
-0.41132
-0.40632
-0.40232
-0.40824
-0.40404
-0.40916
-0.41174
-0.40454
-0.40676
-0.3997
-0.3871
-0.39024
-0.40512
-0.39382
-0.39566
-0.39494
-0.39218
-0.384
-0.39438
-0.40036
-0.41208
-0.40116
-0.41834
-0.40602
-0.40556
-0.41058
-0.4071
-0.418
-0.40828
-0.40548
-0.40164
-0.40896
-0.39776
-0.4004
-0.39758
-0.38782
-0.39514
-0.38954
-0.40906
-0.4044
-0.3938
-0.4156
-0.40854
-0.41504
-0.41164
-0.41618
-0.4195
-0.40962
-0.40806
-0.4134
-0.40858
-0.38932
-0.40974
-0.39502
-0.39584
-0.40394
-0.40086
-0.40386
-0.39458
-0.40164
-0.39608
-0.39838
-0.41542
-0.40204
-0.3986
-0.40968
-0.41328
-0.41308
-0.41552
-0.4013
-0.40136
-0.39616
-0.38894
-0.40518
-0.39752
-0.41078
-0.39124
-0.3907
-0.39512
-0.39708
-0.39108
-0.38614
-0.39096
-0.39536
-0.3965
-0.3974
-0.40792
-0.41734
-0.414
-0.40194
-0.3972
-0.40132
-0.39428
-0.40172
-0.39258
-0.39606
-0.40034
-0.40856
-0.41486
-0.41068
-0.39806
-0.39858
-0.41258
-0.40632
-0.40892
-0.40618
-0.40742
-0.39902
-0.39824
-0.42258
-0.4077
-0.39156
-0.393
-0.39858
-0.39556
-0.3945
-0.40096
-0.41872
-0.41132
-0.40498
-0.41834
-0.41616
-0.40226
-0.42338
-0.42458
-0.43176
-0.42248
-0.42322
-0.4172
-0.40152
-0.39056
-0.39424
-0.38798
-0.39576
-0.39216
-0.40026
-0.39802
-0.40112
-0.39694
-0.38178
-0.39162
-0.4048
-0.40894
-0.40904
-0.41454
-0.41548
-0.41496
-0.40328
-0.40304
-0.41042
-0.40796
-0.42398
-0.41746
-0.4153
-0.4189
-0.4203
-0.415
-0.41578
-0.41332
-0.41024
-0.40202
-0.40758
-0.41874
-0.41044
-0.40922
-0.40222
-0.4081
-0.40022
-0.40094
-0.40444
-0.41464
-0.4074
-0.40584
-0.41138
-0.4034
-0.4052
-0.39458
-0.4031
-0.4053
-0.39962
-0.40146
-0.41142
-0.41004
-0.41374
-0.41762
-0.40776
-0.39956
-0.40502
-0.41442
-0.40714
-0.3993
-0.39292
-0.411
-0.41258
-0.40502
-0.40316
-0.39478
-0.4024
-0.39268
-0.40504
-0.41074
-0.40638
-0.40414
-0.40192
-0.40224
-0.41148
-0.40466
-0.41274
-0.40502
-0.4035
-0.39396
-0.39088
-0.40426
-0.39536
-0.39444
-0.399
-0.38436
-0.39812
-0.39988
-0.3914
-0.40266
-0.40908
-0.39968
-0.39792
-0.3987
-0.4045
-0.40466
-0.38972
-0.39136
-0.39248
-0.39228
-0.39962
-0.40002
-0.40452
-0.41094
-0.4127
-0.41198
-0.40292
-0.39404
-0.40052
-0.40214
-0.4131
-0.42082
-0.406
-0.40704
-0.40612
-0.40714
-0.40144
-0.42598
-0.40654
-0.4001
-0.4111
-0.40888
-0.4089
-0.41032
-0.4168
-0.40438
-0.41128
-0.4047
-0.40628
-0.39288
-0.39556
-0.40032
-0.39298
-0.39124
-0.396
-0.39796
-0.40638
-0.40672
-0.40582
-0.41604
-0.41264
-0.3951
-0.40662
-0.40842
-0.40938
-0.40372
-0.39628
-0.40316
-0.40822
-0.4059
-0.40806
-0.39728
-0.39122
-0.39368
-0.3874
-0.40224
-0.40652
-0.40828
-0.40744
-0.41166
-0.41036
-0.41362
-0.39814
-0.39428
-0.3919
-0.39508
-0.41074
-0.39938
-0.4054
-0.38828
-0.41034
-0.4116
-0.4106
-0.41504
-0.41194
-0.41008
-0.41324
-0.41726
-0.40634
-0.40692
-0.40436
-0.40874
-0.40534
-0.40518
-0.39388
-0.38126
-0.38516
-0.4018
-0.40516
-0.4127
-0.40116
-0.4066
-0.3991
-0.39782
-0.39284
-0.40748
-0.39974
-0.41378
-0.4136
-0.40344
-0.40188
-0.38292
-0.40074
-0.38782
-0.39382
-0.3968
-0.3915
-0.40592
-0.40462
-0.40992
-0.41524
-0.39962
-0.401
-0.40688
-0.4059
-0.4244
-0.41256
-0.40738
-0.40404
-0.41164
-0.40392
-0.39736
-0.4104
-0.40934
-0.4094
-0.4157
-0.40828
-0.40848
-0.3896
-0.39166
-0.39134
-0.40062
-0.38956
-0.40628
-0.40444
-0.40412
-0.39816
-0.39654
-0.4009
-0.39198
-0.39588
-0.39112
-0.40338
-0.39428
-0.40404
-0.40898
-0.40772
-0.40456
-0.4108
-0.4078
-0.41266
-0.3941
-0.39168
-0.40158
-0.40498
-0.41058
-0.40482
-0.39934
-0.39168
-0.39142
-0.40332
-0.39386
-0.41856
-0.42274
-0.42008
-0.39496
-0.4078
-0.40668
-0.40564
-0.4061
-0.4092
-0.40296
-0.38808
-0.39984
-0.39662
-0.39408
-0.3948
-0.39414
-0.40144
-0.39814
-0.3902
-0.39158
-0.40178
-0.39764
-0.4091
-0.41492
-0.4016
-0.40952
-0.41012
-0.41084
-0.40904
-0.40526
-0.40118
-0.40718
-0.414
-0.41494
-0.41206
-0.394
-0.40724
-0.39592
-0.39424
-0.40154
-0.39484
-0.3976
-0.397
-0.4033
-0.41662
-0.41348
-0.40638
-0.41642
-0.41724
-0.4138
-0.41966
-0.42022
-0.4059
-0.4063
-0.40242
-0.41404
-0.40346
-0.40342
-0.41544
-0.42052
-0.40754
-0.40798
-0.38652
-0.3857
-0.39436
-0.3924
-0.39084
-0.39284
-0.393
-0.39342
-0.40444
-0.40942
-0.42194
-0.42074
-0.40874
-0.40958
-0.41636
-0.42372
-0.41514
-0.40426
-0.40328
-0.41178
-0.40526
-0.40764
-0.41304
-0.41496
-0.41666
-0.41656
-0.41314
-0.40528
-0.40116
-0.41082
-0.39766
-0.39986
-0.40376
-0.4015
-0.39094
-0.40428
-0.41872
-0.3895
-0.40262
-0.42424
-0.41578
-0.41548
-0.3981
-0.38714
-0.402
-0.39456
-0.40004
-0.40032
-0.4045
-0.41606
-0.4068
-0.40382
-0.40604
-0.3993
-0.40568
-0.4092
-0.39676
-0.40172
-0.41208
-0.41034
-0.40314
-0.39894
-0.40834
-0.41008
-0.40024
-0.4015
-0.421
-0.42834
-0.423
-0.39834
-0.38646
-0.38746
-0.39566
-0.40286
-0.42262
-0.4135
-0.4076
-0.4042
-0.3982
-0.4118
-0.4063
-0.40758
-0.40618
-0.39944
-0.40164
-0.39748
-0.40598
-0.4185
-0.41096
-0.40926
-0.41398
-0.40396
-0.40074
-0.39248
-0.39058
-0.39806
-0.39508
-0.39736
-0.39976
-0.40244
-0.40376
-0.39242
-0.39358
-0.3863
-0.39424
-0.4038
-0.4105
-0.40476
-0.39378
-0.38424
-0.39772
-0.40296
-0.412
-0.40936
-0.41088
-0.41314
-0.41652
-0.40952
-0.408
-0.4058
-0.39654
-0.39442
-0.40574
-0.40466
-0.406
-0.38446
-0.38168
-0.3906
-0.3982
-0.40128
-0.40538
-0.39396
-0.39708
-0.4083
-0.4132
-0.39986
-0.39374
-0.3973
-0.40054
-0.40254
-0.39606
-0.40288
-0.39876
-0.39274
-0.40736
-0.41446
-0.40444
-0.40322
-0.40674
-0.40748
-0.39246
-0.40058
-0.39878
-0.39648
-0.39868
-0.3931
-0.39304
-0.393
-0.39916
-0.40122
-0.4123
-0.40684
-0.40736
-0.415
-0.41976
-0.4118
-0.41058
-0.39786
-0.39928
-0.39718
-0.4046
-0.39224
-0.38838
-0.3887
-0.3987
-0.40066
-0.40502
-0.41188
-0.3952
-0.40378
-0.41192
-0.40274
-0.40366
-0.38906
-0.3996
-0.40368
-0.4044
-0.40068
-0.40132
-0.40996
-0.4049
-0.4064
-0.40362
-0.42006
-0.41234
-0.41614
-0.41532
-0.41122
-0.41946
-0.39828
-0.39602
-0.38644
-0.40064
-0.39612
-0.38522
-0.39192
-0.38634
-0.40492
-0.41416
-0.4221
-0.4124
-0.40948
-0.40224
-0.39666
-0.38908
-0.40598
-0.39968
-0.40896
-0.39612
-0.39272
-0.38536
-0.38968
-0.4035
-0.3928
-0.3914
-0.40842
-0.3954
-0.40532
-0.40668
-0.3947
-0.40182
-0.40286
-0.41546
-0.40236
-0.39994
-0.41936
-0.4168
-0.422
-0.41004
-0.39512
-0.39694
-0.39684
-0.39868
-0.40562
-0.41312
-0.41856
-0.40178
-0.41586
-0.4064
-0.39962
-0.41336
-0.4197
-0.41678
-0.40314
-0.39704
-0.37548
-0.37646
-0.38466
-0.39904
-0.40454
-0.40972
-0.4011
-0.41368
-0.42236
-0.39484
-0.39542
-0.41398
-0.4088
-0.39538
-0.40336
-0.41526
-0.42146
-0.41794
-0.3977
-0.40368
-0.41212
-0.40014
-0.39428
-0.4078
-0.40008
-0.41434
-0.40668
-0.40366
-0.40914
-0.4136
-0.39494
-0.40248
-0.40298
-0.40912
-0.4063
-0.40834
-0.42394
-0.41454
-0.40116
-0.3941
-0.39008
-0.39032
-0.39322
-0.39916
-0.4002
-0.40194
-0.40258
-0.4024
-0.3939
-0.3989
-0.39842
-0.40562
-0.41666
-0.39544
-0.40078
-0.39456
-0.40338
-0.40258
-0.40158
-0.4109
-0.4096
-0.39424
-0.38856
-0.38734
-0.39144
-0.389
-0.383
-0.40076
-0.39854
-0.4042
-0.38312
-0.37648
-0.3856
-0.39802
-0.41238
-0.40838
-0.40256
-0.40526
-0.41292
-0.4121
-0.41434
-0.41298
-0.41692
-0.416
-0.40842
-0.4104
-0.413
-0.3942
-0.40568
-0.40368
-0.3989
-0.3878
-0.3919
-0.40106
-0.41232
-0.39028
-0.40634
-0.41932
-0.413
-0.40884
-0.402
-0.4006
-0.40026
-0.4094
-0.41238
-0.42654
-0.42304
-0.41888
-0.40948
-0.4153
-0.42396
-0.39994
-0.39654
-0.4093
-0.40928
-0.4171
-0.423
-0.41608
-0.425
-0.41834
-0.41834
-0.40228
-0.3866
-0.40036
-0.3941
-0.4015
-0.40698
-0.40662
-0.4065
-0.39506
-0.39992
-0.39892
-0.40474
-0.4067
-0.41026
-0.4234
-0.41996
-0.40756
-0.40954
-0.41592
-0.41392
-0.40772
-0.40996
-0.41064
-0.41722
-0.41818
-0.41284
-0.40392
-0.397
-0.40572
-0.41052
-0.40902
-0.40488
-0.40932
-0.40392
-0.39074
-0.40036
-0.39792
-0.3988
-0.41056
-0.39998
-0.40342
-0.39332
-0.39782
-0.41322
-0.39932
-0.39976
-0.3924
-0.40634
-0.38498
-0.3797
-0.40604
-0.39854
-0.40098
-0.3998
-0.3976
-0.38892
-0.39592
-0.40756
-0.40256
-0.40844
-0.40612
-0.41256
-0.40862
-0.41158
-0.39454
-0.39748
-0.39048
-0.39678
-0.39738
-0.39488
-0.40982
-0.38988
-0.38686
-0.40578
-0.39466
-0.40232
-0.39734
-0.39662
-0.41594
-0.40476
-0.39648
-0.38618
-0.3983
-0.40874
-0.40748
-0.38984
-0.39768
-0.40546
-0.40496
-0.414
-0.40872
-0.41218
-0.39806
-0.40356
-0.40804
-0.4095
-0.39596
-0.39812
-0.39264
-0.39994
-0.40816
-0.42304
-0.42276
-0.39536
-0.39542
-0.40408
-0.40584
-0.39754
-0.39708
-0.38252
-0.40034
-0.3963
-0.40232
-0.39116
-0.39776
-0.38416
-0.38474
-0.40696
-0.41378
-0.39448
-0.39916
-0.40704
-0.40136
-0.40364
-0.41666
-0.4142
-0.40854
-0.40458
-0.4018
-0.39484
-0.39282
-0.39648
-0.40804
-0.40806
-0.41306
-0.40856
-0.40796
-0.40634
-0.3969
-0.39488
-0.38552
-0.39736
-0.41876
-0.40932
-0.4147
-0.41148
-0.40726
-0.39714
-0.39454
-0.40004
-0.39698
-0.4021
-0.41542
-0.41478
-0.40764
-0.40278
-0.41198
-0.41026
-0.405
-0.40452
-0.3992
-0.39692
-0.39578
-0.40996
-0.39098
-0.39146
-0.38426
-0.39324
-0.40078
-0.39028
-0.39346
-0.39922
-0.4029
-0.39412
-0.3915
-0.39568
-0.39736
-0.40314
-0.4044
-0.40642
-0.39798
-0.39256
-0.3987
-0.3907
-0.4059
-0.40502
-0.4141
-0.41694
-0.39218
-0.39656
-0.401
-0.39314
-0.3954
-0.40624
-0.4018
-0.37848
-0.39964
-0.41874
-0.41164
-0.40138
-0.40242
-0.41564
-0.4141
-0.40546
-0.41104
-0.41918
-0.41002
-0.41876
-0.41186
-0.40816
-0.3978
-0.39946
-0.395
-0.37886
-0.37892
-0.39766
-0.39952
-0.39846
-0.4051
-0.40284
-0.416
-0.4252
-0.41546
-0.4086
-0.41802
-0.40958
-0.40936
-0.40798
-0.39998
-0.38888
-0.39362
-0.404
-0.42348
-0.4305
-0.42544
-0.42224
-0.40294
-0.39956
-0.40258
-0.38418
-0.40084
-0.41752
-0.40376
-0.41708
-0.41058
-0.41516
-0.39912
-0.40416
-0.40262
-0.4089
-0.40702
-0.4129
-0.40892
-0.41036
-0.41352
-0.3937
-0.3879
-0.38494
-0.397
-0.4081
-0.40856
-0.41234
-0.4096
-0.40722
-0.40234
-0.40326
-0.40116
-0.38768
-0.38102
-0.38268
-0.39764
-0.40142
-0.4129
-0.4142
-0.39914
-0.3933
-0.39676
-0.39682
-0.4037
-0.40598
-0.40948
-0.40674
-0.40692
-0.42256
-0.41582
-0.41316
-0.40426
-0.40548
-0.3988
-0.4021
-0.41148
-0.41078
-0.41822
-0.41152
-0.41512
-0.38388
-0.39888
-0.40324
-0.39756
-0.41254
-0.4167
-0.41344
-0.39356
-0.4114
-0.39538
-0.40806
-0.40938
-0.40924
-0.40912
-0.40974
-0.41032
-0.40308
-0.41368
-0.40356
-0.40796
-0.40364
-0.41336
-0.40866
-0.40754
-0.39856
-0.39812
-0.407
-0.42086
-0.41812
-0.42084
-0.41012
-0.4129
-0.40474
-0.4102
-0.4108
-0.40212
-0.39992
-0.39898
-0.39668
-0.38784
-0.40548
-0.39276
-0.38904
-0.38098
-0.39242
-0.39322
-0.38892
-0.39588
-0.4082
-0.39642
-0.40028
-0.39394
-0.40214
-0.398
-0.39842
-0.39558
-0.40428
-0.40676
-0.39424
-0.39788
-0.3972
-0.3987
-0.39724
-0.40998
-0.41554
-0.4059
-0.40508
-0.39692
-0.404
-0.4028
-0.39218
-0.37782
-0.40092
-0.3974
-0.40018
-0.41586
-0.40376
-0.40778
-0.41208
-0.40646
-0.41668
-0.40764
-0.3985
-0.39144
-0.39276
-0.39624
-0.3958
-0.39192
-0.39988
-0.39802
-0.4079
-0.41236
-0.41278
-0.42396
-0.41152
-0.40114
-0.4099
-0.42066
-0.42084
-0.42224
-0.40658
-0.39436
-0.38754
-0.38838
-0.40992
-0.41172
-0.40358
-0.39262
-0.4017
-0.39808
-0.39454
-0.39628
-0.40018
-0.39812
-0.41104
-0.39426
-0.40502
-0.4104
-0.40352
-0.40292
-0.39918
-0.4005
-0.3819
-0.40044
-0.39778
-0.4095
-0.42456
-0.41214
-0.41194
-0.41552
-0.4241
-0.42414
-0.4182
-0.41586
-0.41894
-0.40082
-0.401
-0.4022
-0.39972
-0.40216
-0.40646
-0.41184
-0.40698
-0.4061
-0.3957
-0.38982
-0.39444
-0.39874
-0.39914
-0.38622
-0.40392
-0.39028
-0.40706
-0.40672
-0.41644
-0.42688
-0.42382
-0.41494
-0.39858
-0.39744
-0.40036
-0.40344
-0.4033
-0.40538
-0.40822
-0.41338
-0.4083
-0.41198
-0.4109
-0.41138
-0.41448
-0.41604
-0.40778
-0.40494
-0.42088
-0.42768
-0.42476
-0.41684
-0.42262
-0.4208
-0.42016
-0.42644
-0.41054
-0.40132
-0.41632
-0.4117
-0.41264
-0.41508
-0.40602
-0.40006
-0.3907
-0.40236
-0.4082
-0.40552
-0.40146
-0.41042
-0.41606
-0.41286
-0.42312
-0.41458
-0.40324
-0.41406
-0.41466
-0.40792
-0.40656
-0.41214
-0.42114
-0.42048
-0.40642
-0.40324
-0.39308
-0.39896
-0.40612
-0.39806
-0.40522
-0.40386
-0.38686
-0.3975
-0.40522
-0.39706
-0.39626
-0.39448
-0.42004
-0.40732
-0.40586
-0.38738
-0.39894
-0.4033
-0.41422
-0.41574
-0.41092
-0.4174
-0.40802
-0.4058
-0.4003
-0.40232
-0.41134
-0.41186
-0.41574
-0.40094
-0.4013
-0.40662
-0.40552
-0.39776
-0.39584
-0.40438
-0.4054
-0.40792
-0.3949
-0.40388
-0.41442
-0.40764
-0.40694
-0.39936
-0.40774
-0.39904
-0.40258
-0.40678
-0.40302
-0.39852
-0.40256
-0.38874
-0.40222
-0.41252
-0.40192
-0.39264
-0.39028
-0.3992
-0.4125
-0.39128
-0.3958
-0.40564
-0.40444
-0.40086
-0.40984
-0.41084
-0.40646
-0.41114
-0.40732
-0.41186
-0.40058
-0.40866
-0.40886
-0.4031
-0.4082
-0.41146
-0.4111
-0.40138
-0.39288
-0.39548
-0.39188
-0.38814
-0.4032
-0.39892
-0.40696
-0.40628
-0.41314
-0.40694
-0.40784
-0.4058
-0.39964
-0.39502
-0.3981
-0.39692
-0.3991
-0.41004
-0.40612
-0.40286
-0.38924
-0.38798
-0.40356
-0.39604
-0.38804
-0.40624
-0.39764
-0.39266
-0.37988
-0.39074
-0.3927
-0.40602
-0.40006
-0.39128
-0.39516
-0.38724
-0.41436
-0.4096
-0.40528
-0.41922
-0.40226
-0.39962
-0.38358
-0.37564
-0.36856
-0.38104
-0.38942
-0.39494
-0.40736
-0.39648
-0.40318
-0.4144
-0.40088
-0.4109
-0.40928
-0.40882
-0.4122
-0.40966
-0.4042
-0.41294
-0.40022
-0.41118
-0.41008
-0.39856
-0.39632
-0.39742
-0.38614
-0.39064
-0.403
-0.41704
-0.40942
-0.41318
-0.3992
-0.40274
-0.39622
-0.41204
-0.40386
-0.39922
-0.39378
-0.39882
