-0.80216
-0.79462
-0.8012
-0.7965
-0.80646
-0.79908
-0.80208
-0.80286
-0.80396
-0.80086
-0.80126
-0.80604
-0.80646
-0.80732
-0.79986
-0.80926
-0.79944
-0.8075
-0.80394
-0.80464
-0.80214
-0.8011
-0.80152
-0.80324
-0.7987
-0.8094
-0.8083
-0.80038
-0.80302
-0.7998
-0.79714
-0.80416
-0.80522
-0.79556
-0.80308
-0.80332
-0.8074
-0.79662
-0.79386
-0.79612
-0.80384
-0.80384
-0.80266
-0.8059
-0.80048
-0.80904
-0.79848
-0.80104
-0.80658
-0.8006
-0.8016
-0.80176
-0.8046
-0.8041
-0.80426
-0.80084
-0.80656
-0.79668
-0.80586
-0.80092
-0.79876
-0.80022
-0.79892
-0.79858
-0.80028
-0.7986
-0.80124
-0.80242
-0.80208
-0.8026
-0.8002
-0.80226
-0.7996
-0.8006
-0.80056
-0.79848
-0.8068
-0.80174
-0.79964
-0.80576
-0.79562
-0.80048
-0.79968
-0.80416
-0.80358
-0.80428
-0.8005
-0.79784
-0.8073
-0.80376
-0.7995
-0.80524
-0.79952
-0.80136
-0.80012
-0.80494
-0.80184
-0.80324
-0.80274
-0.80434
-0.80218
-0.79602
-0.80278
-0.80366
-0.80228
-0.80384
-0.7999
-0.80006
-0.80468
-0.80562
-0.8056
-0.8003
-0.7993
-0.8071
-0.79908
-0.79796
-0.79992
-0.7989
-0.80228
-0.80516
-0.80644
-0.8032
-0.80158
-0.7994
-0.80454
-0.8024
-0.79628
-0.79298
-0.80228
-0.8089
-0.79892
-0.79954
-0.80436
-0.79976
-0.80194
-0.8035
-0.80342
-0.80338
-0.80088
-0.80346
-0.80042
-0.80196
-0.8014
-0.80522
-0.79926
-0.79656
-0.80114
-0.8029
-0.80252
-0.79898
-0.80658
-0.80044
-0.79886
-0.79912
-0.79744
-0.80052
-0.80646
-0.79466
-0.80354
-0.80638
-0.8056
-0.7999
-0.80022
-0.8008
-0.79698
-0.79844
-0.8014
-0.79814
-0.80156
-0.80354
-0.8092
-0.8035
-0.8001
-0.80392
-0.79628
-0.79186
-0.80992
-0.80116
-0.7993
-0.802
-0.80308
-0.80334
-0.79966
-0.80636
-0.80312
-0.79942
-0.80234
-0.80612
-0.79708
-0.80186
-0.80262
-0.80254
-0.80208
-0.8096
-0.80172
-0.80352
-0.79936
-0.79972
-0.79602
-0.80128
-0.8014
-0.8015
-0.80328
-0.80032
-0.80344
-0.79854
-0.79988
-0.8019
-0.80442
-0.80104
-0.79616
-0.8003
-0.802
-0.79734
-0.80094
-0.80528
-0.79474
-0.80092
-0.80188
-0.80348
-0.8045
-0.80098
-0.8009
-0.79914
-0.80182
-0.80426
-0.7976
-0.80496
-0.80418
-0.80196
-0.79504
-0.80144
-0.8025
-0.79732
-0.8021
-0.7999
-0.80676
-0.80136
-0.79866
-0.80348
-0.80246
-0.80232
-0.80052
-0.8011
-0.80292
-0.79732
-0.7989
-0.79848
-0.80078
-0.80098
-0.80098
-0.80092
-0.79856
-0.80046
-0.79594
-0.8033
-0.80282
-0.80438
-0.80218
-0.80412
-0.80258
-0.80098
-0.8031
-0.80244
-0.8032
-0.80546
-0.8084
-0.80232
-0.79808
-0.80014
-0.79646
-0.80426
-0.80346
-0.80492
-0.79994
-0.80012
-0.80104
-0.8006
-0.8052
-0.80792
-0.80584
-0.80194
-0.79564
-0.7988
-0.79738
-0.79834
-0.80402
-0.80436
-0.80526
-0.80146
-0.80162
-0.79968
-0.79478
-0.80552
-0.80552
-0.80136
-0.80204
-0.80684
-0.79824
-0.80268
-0.80408
-0.79996
-0.79994
-0.79664
-0.79962
-0.79652
-0.8032
-0.79844
-0.80334
-0.80012
-0.80064
-0.80118
-0.80154
-0.79908
-0.7975
-0.79814
-0.80148
-0.79828
-0.7956
-0.79884
-0.80122
-0.79826
-0.8035
-0.80032
-0.7988
-0.79828
-0.7973
-0.7999
-0.80266
-0.79948
-0.79772
-0.8041
-0.80116
-0.80372
-0.80382
-0.80122
-0.80392
-0.79868
-0.80798
-0.80218
-0.80116
-0.7997
-0.7998
-0.7995
-0.80148
-0.80004
-0.80344
-0.80432
-0.79828
-0.80538
-0.80452
-0.80496
-0.79556
-0.80442
-0.79986
-0.80238
-0.80294
-0.80346
-0.80082
-0.80582
-0.80146
-0.79846
-0.80048
-0.8015
-0.80352
-0.8052
-0.79892
-0.80084
-0.8022
-0.80512
-0.79324
-0.80014
-0.80692
-0.80676
-0.80838
-0.80194
-0.80744
-0.8053
-0.80048
-0.79922
-0.80272
-0.79904
-0.80554
-0.80216
-0.7971
-0.8021
-0.80712
-0.80456
-0.79542
-0.80496
-0.80142
-0.7989
-0.80186
-0.80366
-0.80412
-0.80314
-0.7991
-0.80032
-0.80726
-0.7974
-0.80492
-0.80392
-0.80426
-0.79662
-0.80396
-0.79878
-0.79986
-0.79886
-0.80586
-0.8031
-0.80764
-0.8051
-0.79972
-0.80298
-0.803
-0.80598
-0.7997
-0.80552
-0.80136
-0.79666
-0.80346
-0.80268
-0.7989
-0.80064
-0.80606
-0.8074
-0.80242
-0.80008
-0.80182
-0.79988
-0.80204
-0.80192
-0.8032
-0.79876
-0.80276
-0.79942
-0.80436
-0.79642
-0.8005
-0.79888
-0.80284
-0.8056
-0.79962
-0.80076
-0.79866
-0.80552
-0.79488
-0.79934
-0.79802
-0.79984
-0.79896
-0.80774
-0.8027
-0.80078
-0.80256
-0.80124
-0.79984
-0.80066
-0.80118
-0.79942
-0.80722
-0.8075
-0.80398
-0.80582
-0.7995
-0.80394
-0.79676
-0.80506
-0.79934
-0.80496
-0.7967
-0.80504
-0.80252
-0.79562
-0.80168
-0.80012
-0.80166
-0.79682
-0.79768
-0.80192
-0.80158
-0.79674
-0.79354
-0.80234
-0.79772
-0.79902
-0.80496
-0.79874
-0.7988
-0.80154
-0.79972
-0.79138
-0.80114
-0.80646
-0.7967
-0.79888
-0.80354
-0.80362
-0.80072
-0.80028
-0.79734
-0.79962
-0.8057
-0.79924
-0.80282
-0.79722
-0.80194
-0.80488
-0.801
-0.79734
-0.79982
-0.80352
-0.80938
-0.8062
-0.79818
-0.802
-0.7994
-0.79974
-0.806
-0.80396
-0.80508
-0.80186
-0.79788
-0.79724
-0.79876
-0.80268
-0.80106
-0.79616
-0.80138
-0.80266
-0.79978
-0.80208
-0.79958
-0.80202
-0.80522
-0.80038
-0.8041
-0.79916
-0.79916
-0.80172
-0.80736
-0.80396
-0.80328
-0.8029
-0.80258
-0.79926
-0.80104
-0.80488
-0.80016
-0.79966
-0.80252
-0.80238
-0.79448
-0.79774
-0.79934
-0.80076
-0.80224
-0.8037
-0.80032
-0.79608
-0.79714
-0.80492
-0.79754
-0.80482
-0.79184
-0.80446
-0.79944
-0.80638
-0.80024
-0.8023
-0.79978
-0.7997
-0.7964
-0.80326
-0.80088
-0.79852
-0.80728
-0.8026
-0.80326
-0.80274
-0.8023
-0.80126
-0.80228
-0.80164
-0.7949
-0.80134
-0.79944
-0.79854
-0.79862
-0.79842
-0.80352
-0.80032
-0.80008
-0.79966
-0.79806
-0.79486
-0.80714
-0.80036
-0.80406
-0.7968
-0.80076
-0.79298
-0.80438
-0.80236
-0.80336
-0.80376
-0.80276
-0.80378
-0.79476
-0.7978
-0.80108
-0.80078
-0.80042
-0.79794
-0.80116
-0.80154
-0.8006
-0.79916
-0.80066
-0.80184
-0.80136
-0.803
-0.80054
-0.79932
-0.80386
-0.80032
-0.80394
-0.79856
-0.80238
-0.80412
-0.8029
-0.80022
-0.80066
-0.8016
-0.80378
-0.80206
-0.7968
-0.80066
-0.80804
-0.80188
-0.80602
-0.7999
-0.8007
-0.8036
-0.80166
-0.80416
-0.80718
-0.8034
-0.80614
-0.79526
-0.80408
-0.80568
-0.80806
-0.80008
-0.8027
-0.80228
-0.80452
-0.7985
-0.79914
-0.79738
-0.80354
-0.80308
-0.80054
-0.80442
-0.8028
-0.7922
-0.79872
-0.8009
-0.80356
-0.80422
-0.81022
-0.80654
-0.80576
-0.80382
-0.80296
-0.80214
-0.80476
-0.79912
-0.80132
-0.80508
-0.7981
-0.80214
-0.80408
-0.80184
-0.80392
-0.80162
-0.80374
-0.80212
-0.80698
-0.79858
-0.79526
-0.80182
-0.79692
-0.79558
-0.80366
-0.80054
-0.7989
-0.80444
-0.80184
-0.80204
-0.8013
-0.79604
-0.80026
-0.8012
-0.8039
-0.80136
-0.80164
-0.80222
-0.80224
-0.80532
-0.8103
-0.79848
-0.8007
-0.80086
-0.8088
-0.80206
-0.80786
-0.79998
-0.79904
-0.79974
-0.80344
-0.79774
-0.80456
-0.8028
-0.80126
-0.8082
-0.80006
-0.801
-0.79812
-0.80108
-0.80642
-0.80786
-0.80314
-0.80216
-0.80052
-0.80122
-0.79638
-0.80428
-0.79774
-0.80206
-0.80174
-0.79548
-0.80272
-0.80062
-0.80568
-0.79986
-0.80014
-0.80252
-0.80188
-0.80464
-0.79946
-0.8073
-0.79886
-0.79956
-0.79548
-0.79784
-0.80088
-0.80716
-0.79676
-0.79894
-0.7974
-0.80114
-0.80482
-0.79596
-0.79834
-0.79912
-0.80182
-0.80218
-0.80444
-0.8002
-0.80278
-0.80898
-0.8039
-0.80302
-0.79982
-0.8001
-0.80332
-0.80044
-0.80252
-0.80296
-0.80026
-0.80766
-0.8054
-0.79858
-0.8036
-0.79868
-0.80362
-0.80342
-0.80836
-0.80224
-0.80164
-0.79794
-0.80014
-0.7999
-0.79966
-0.7978
-0.7989
-0.79548
-0.80222
-0.80196
-0.80642
-0.80698
-0.80222
-0.80088
-0.80486
-0.80382
-0.80136
-0.80346
-0.8012
-0.79604
-0.79948
-0.80354
-0.80302
-0.80438
-0.79442
-0.80002
-0.79762
-0.79974
-0.79704
-0.80132
-0.80432
-0.79626
-0.79858
-0.8036
-0.80376
-0.79576
-0.79958
-0.80222
-0.79786
-0.80306
-0.8006
-0.80588
-0.80262
-0.79882
-0.79958
-0.8025
-0.79906
-0.7963
-0.80352
-0.80342
-0.80168
-0.7964
-0.79644
-0.80202
-0.80182
-0.79974
-0.79446
-0.79926
-0.80322
-0.79742
-0.7998
-0.80164
-0.8066
-0.80408
-0.80486
-0.79932
-0.79792
-0.80356
-0.79874
-0.80204
-0.80008
-0.80232
-0.80346
-0.8001
-0.80134
-0.79824
-0.80222
-0.80016
-0.80322
-0.80278
-0.79938
-0.80362
-0.80048
-0.80138
-0.80496
-0.80448
-0.8009
-0.80384
-0.80234
-0.80302
-0.80446
-0.80648
-0.80552
-0.80002
-0.80236
-0.80346
-0.80152
-0.80606
-0.79722
-0.80526
-0.80216
-0.79828
-0.80258
-0.80214
-0.8009
-0.80178
-0.7977
-0.79974
-0.80646
-0.80098
-0.80212
-0.80448
-0.79898
-0.79618
-0.80214
-0.8042
-0.8096
-0.79958
-0.8004
-0.80094
-0.79822
-0.80318
-0.8028
-0.80082
-0.79918
-0.79834
-0.8062
-0.80192
-0.80408
-0.80002
-0.79812
-0.79532
-0.80382
-0.80678
-0.8033
-0.8024
-0.80448
-0.80184
-0.80128
-0.80144
-0.80322
-0.8071
-0.80132
-0.80668
-0.7973
-0.80362
-0.80062
-0.80232
-0.80976
-0.79812
-0.79562
-0.804
-0.80198
-0.805
-0.80192
-0.80062
-0.79708
-0.8026
-0.80146
-0.80144
-0.8058
-0.80358
-0.80126
-0.8029
-0.80282
-0.80146
-0.79896
-0.8005
-0.79962
-0.8018
-0.79734
-0.80602
-0.80012
-0.80132
-0.79698
-0.79506
-0.80138
-0.80772
-0.7994
-0.80072
-0.80732
-0.80116
-0.80156
-0.80084
-0.80238
-0.80064
-0.80298
-0.79968
-0.80264
-0.8001
-0.80042
-0.79974
-0.79622
-0.79968
-0.80004
-0.80002
-0.8032
-0.8041
-0.80332
-0.80348
-0.8002
-0.79778
-0.80314
-0.80506
-0.79994
-0.79788
-0.80196
-0.80034
-0.79952
-0.80468
-0.80208
-0.80242
-0.80162
-0.80412
-0.79838
-0.80106
-0.80162
-0.80612
-0.79798
-0.79878
-0.8039
-0.80098
-0.80346
-0.80612
-0.80838
-0.79956
-0.79508
-0.80142
-0.80016
-0.80502
-0.80594
-0.80116
-0.79798
-0.80754
-0.80658
-0.80072
-0.80606
-0.8017
-0.80074
-0.80268
-0.80428
-0.80244
-0.80288
-0.80326
-0.79888
-0.80366
-0.8037
-0.80612
-0.80478
-0.80772
-0.802
-0.79738
-0.79894
-0.8034
-0.79618
-0.80152
-0.80688
-0.8023
-0.80268
-0.80232
-0.80296
-0.79912
-0.80234
-0.8
-0.80668
-0.80166
-0.80512
-0.79756
-0.80142
-0.8039
-0.8004
-0.80496
-0.80388
-0.80316
-0.80028
-0.79886
-0.79848
-0.80494
-0.80258
-0.79776
-0.80356
-0.80054
-0.80498
-0.80354
-0.80022
-0.79958
-0.80216
-0.80258
-0.79912
-0.79944
-0.80772
-0.80196
-0.80258
-0.80782
-0.80578
-0.80016
-0.80194
-0.80426
-0.80156
-0.80556
-0.80042
-0.79862
-0.79974
-0.80076
-0.79786
-0.80118
-0.80192
-0.79838
-0.79964
-0.79968
-0.8065
-0.79996
-0.80176
-0.79694
-0.80038
-0.79834
-0.79998
-0.7993
-0.80236
-0.79862
-0.80346
-0.8001
-0.80536
-0.8007
-0.80566
-0.7977
-0.79992
-0.80278
-0.80428
-0.79976
-0.8044
-0.80506
-0.8012
-0.80502
-0.80306
-0.79922
-0.80614
-0.80236
-0.8034
-0.79982
-0.80458
-0.7998
-0.79548
-0.79746
-0.80372
-0.80364
-0.801
-0.8015
-0.7973
-0.8025
-0.79744
-0.8036
-0.80032
-0.80182
-0.79506
-0.7985
-0.8024
-0.80406
-0.803
-0.80024
-0.80046
-0.79862
-0.8011
-0.79936
-0.8025
-0.80012
-0.80046
-0.80204
-0.80518
-0.80054
-0.80234
-0.80322
-0.80562
-0.80364
-0.80276
-0.79968
-0.80508
-0.80264
-0.79778
-0.80006
-0.79762
-0.79764
-0.80126
-0.80304
-0.80494
-0.80294
-0.80212
-0.80696
-0.80406
-0.80222
-0.80526
-0.80074
-0.79718
-0.80474
-0.80388
-0.80274
-0.79756
-0.80416
-0.80394
-0.79882
-0.79616
-0.80084
-0.80444
-0.80318
-0.8027
-0.80548
-0.80212
-0.79984
-0.80156
-0.80226
-0.8041
-0.799
-0.79916
-0.79718
-0.79524
-0.79528
-0.80196
-0.80538
-0.8008
-0.80476
-0.79614
-0.80264
-0.80218
-0.80436
-0.79438
-0.80342
-0.79702
-0.80274
-0.80122
-0.79518
-0.80196
-0.80346
-0.79818
-0.80232
-0.80182
-0.79948
-0.80368
-0.80536
-0.8053
-0.80144
-0.80322
-0.8063
-0.80204
-0.8005
-0.80256
-0.79972
-0.8016
-0.80302
-0.80268
-0.79914
-0.798
-0.80056
-0.80268
-0.79676
-0.80088
-0.80144
-0.79952
-0.80184
-0.79704
-0.80554
-0.8028
-0.80308
-0.80394
-0.8037
-0.8032
-0.80616
-0.80644
-0.80584
-0.7953
-0.80384
-0.7956
-0.79908
-0.8001
-0.80416
-0.79838
-0.80426
-0.8008
-0.8025
-0.80014
-0.80032
-0.80024
-0.79882
-0.80362
-0.80092
-0.80212
-0.80256
-0.80002
-0.7998
-0.80136
-0.80808
-0.80314
-0.8013
-0.8018
-0.80228
-0.79786
-0.80444
-0.79908
-0.79888
-0.80276
-0.79758
-0.80384
-0.80146
-0.80414
-0.80596
-0.80846
-0.80068
-0.8021
-0.8036
-0.8029
-0.80792
-0.80002
-0.79652
-0.7987
-0.80682
-0.8058
-0.80924
-0.80064
-0.8053
-0.8024
-0.79996
-0.79978
-0.802
-0.80418
-0.80094
-0.8062
-0.79584
-0.7961
-0.80126
-0.79834
-0.80524
-0.803
-0.79954
-0.80122
-0.8018
-0.80814
-0.79922
-0.80398
-0.80174
-0.79726
-0.80928
-0.79866
-0.79934
-0.79814
-0.80344
-0.79506
-0.80354
-0.79674
-0.80108
-0.7995
-0.80576
-0.80518
-0.80484
-0.7971
-0.79596
-0.80596
-0.80422
-0.7993
-0.80406
-0.79978
-0.80768
-0.80436
-0.80206
-0.79874
-0.79892
-0.80042
-0.80062
-0.7987
-0.80334
-0.80382
-0.80176
-0.79672
-0.80062
-0.80474
-0.80344
-0.80304
-0.80324
-0.80244
-0.79976
-0.80168
-0.80222
-0.80414
-0.80328
-0.80522
-0.80676
-0.79994
-0.80138
-0.79872
-0.8014
-0.80278
-0.79976
-0.79924
-0.79506
-0.79554
-0.80126
-0.80554
-0.80076
-0.80606
-0.79786
-0.80288
-0.80022
-0.79694
-0.8033
-0.80254
-0.80302
-0.81244
-0.80272
-0.80794
-0.79844
-0.80168
-0.79882
-0.79806
-0.79876
-0.80476
-0.79912
-0.7976
-0.79956
-0.8037
-0.79602
-0.80724
-0.79812
-0.8012
-0.80746
-0.80304
-0.7995
-0.80252
-0.80248
-0.8024
-0.80348
-0.8108
-0.8001
-0.80244
-0.80248
-0.79956
-0.80102
-0.80434
-0.80194
-0.7941
-0.79832
-0.79818
-0.79992
-0.8012
-0.79744
-0.80108
-0.7959
-0.80158
-0.80288
-0.80294
-0.80328
-0.79838
-0.7955
-0.80708
-0.79678
-0.80446
-0.79724
-0.8031
-0.8031
-0.79922
-0.80882
-0.80326
-0.79984
-0.79734
-0.80132
-0.8045
-0.80738
-0.8005
-0.80054
-0.80086
-0.79528
-0.797
-0.7963
-0.79946
-0.80184
-0.80356
-0.80416
-0.80268
-0.80686
-0.79974
-0.80194
-0.79478
-0.80312
-0.80254
-0.79792
-0.79404
-0.79972
-0.8039
-0.80142
-0.80204
-0.80408
-0.80154
-0.80102
-0.8052
-0.80362
-0.80226
-0.8053
-0.8052
-0.80368
-0.80316
-0.79752
-0.79786
-0.8009
-0.80192
-0.79868
-0.79418
-0.79604
-0.79744
-0.79406
-0.8036
-0.80368
-0.80406
-0.80478
-0.79878
-0.8056
-0.80536
-0.80108
-0.80494
-0.8026
-0.80086
-0.79638
-0.80242
-0.80152
-0.8019
-0.79976
-0.80388
-0.8026
-0.80288
-0.80918
-0.80108
-0.80444
-0.80322
-0.80048
-0.80616
-0.79806
-0.80358
-0.80392
-0.80376
-0.8032
-0.80222
-0.79926
-0.80062
-0.80426
-0.8052
-0.8023
-0.80418
-0.80866
-0.80002
-0.80346
-0.79742
-0.80322
-0.80134
-0.79998
-0.8028
-0.79932
-0.80272
-0.80344
-0.79952
-0.80076
-0.8047
-0.80588
-0.8061
-0.80006
-0.80158
-0.80192
-0.80082
-0.80424
-0.80164
-0.8064
-0.80068
-0.79774
-0.7994
-0.80162
-0.80048
-0.80374
-0.80254
-0.8032
-0.80206
-0.80436
-0.79928
-0.8052
-0.8025
-0.7977
-0.80078
-0.79534
-0.8021
-0.80202
-0.80274
-0.79926
-0.8064
-0.8032
-0.80164
-0.80346
-0.80898
-0.79594
-0.7976
-0.80466
-0.79372
-0.80224
-0.79986
-0.79842
-0.80146
-0.80134
-0.79612
-0.8001
-0.79934
-0.80208
-0.79836
-0.80072
-0.8067
-0.79666
-0.79934
-0.79754
-0.79936
-0.80736
-0.80108
-0.80436
-0.7967
-0.80104
-0.79886
-0.80182
-0.8053
-0.8033
-0.80376
-0.80392
-0.8006
-0.80786
-0.80174
-0.80338
-0.79776
-0.79728
-0.80486
-0.79788
-0.80376
-0.80114
-0.79984
-0.8083
-0.79978
-0.79986
-0.80634
-0.80186
-0.79974
-0.79754
-0.80776
-0.80232
-0.79762
-0.80076
-0.80296
-0.79568
-0.80224
-0.79852
-0.80234
-0.79876
-0.80412
-0.7997
-0.80192
-0.80248
-0.80308
-0.79882
-0.80516
-0.80168
-0.80588
-0.80364
-0.80084
-0.8
-0.80382
-0.80016
-0.80154
-0.80606
-0.80308
-0.79984
-0.80428
-0.80094
-0.80074
-0.80866
-0.79794
-0.80092
-0.80218
-0.79558
-0.79964
-0.80442
-0.80268
-0.79642
-0.79664
-0.80734
-0.80568
-0.8028
-0.79854
-0.80416
-0.8089
-0.79966
-0.80106
-0.7954
-0.80014
-0.80042
-0.80142
-0.80292
-0.80562
-0.798
-0.7999
-0.80566
-0.80208
-0.80284
-0.80058
-0.80374
-0.7988
-0.79938
-0.80498
-0.80546
-0.8039
-0.8034
-0.80984
-0.8013
-0.79696
-0.8017
-0.79378
-0.80886
-0.8031
-0.8014
-0.79984
-0.80572
-0.79806
-0.80312
-0.80534
-0.80182
-0.79506
-0.80254
-0.7985
-0.7994
-0.80792
-0.80452
-0.79596
-0.7991
-0.80438
-0.80126
-0.79954
-0.80866
-0.80436
-0.80194
-0.79962
-0.80572
-0.80194
-0.80444
-0.80308
-0.80338
-0.8029
-0.8005
-0.79558
-0.80432
-0.79772
-0.80256
-0.8045
-0.80538
-0.80308
-0.79742
-0.80392
-0.79652
-0.8062
-0.80052
-0.80058
-0.80162
-0.80088
-0.79556
-0.80096
-0.8036
-0.80776
-0.80118
-0.80788
-0.80372
-0.8016
-0.80812
-0.80406
-0.80458
-0.808
-0.802
-0.80022
-0.79828
-0.79814
-0.80424
-0.80648
-0.80234
-0.8032
-0.8051
-0.79842
-0.80636
-0.80166
-0.80378
-0.80334
-0.80398
-0.8006
-0.80294
-0.80038
-0.80144
-0.80288
-0.80012
-0.79548
-0.80032
-0.8019
-0.80088
-0.80708
-0.80464
-0.8007
-0.7965
-0.80272
-0.80504
-0.80714
-0.80186
-0.80242
-0.79568
-0.80064
-0.80044
-0.80094
-0.79432
-0.80082
-0.806
-0.79886
-0.80152
-0.79912
-0.80212
-0.80384
-0.80564
-0.80356
-0.80506
-0.79918
-0.80174
-0.8042
-0.80398
-0.80322
-0.8049
-0.80778
-0.79906
-0.7926
-0.80396
-0.8017
-0.80334
-0.80062
-0.80154
-0.80472
-0.80166
-0.80276
-0.8085
-0.80018
-0.79702
-0.8022
-0.7995
-0.79744
-0.80144
-0.8027
-0.79584
-0.7948
-0.80112
-0.80646
-0.79444
-0.80138
-0.8055
-0.79864
-0.801
-0.80338
-0.79818
-0.79682
-0.79922
-0.79964
-0.79938
-0.8038
-0.8055
-0.80738
-0.8026
-0.8015
-0.80566
-0.80658
-0.80198
-0.80714
-0.80612
-0.80238
-0.79662
-0.79928
-0.79626
-0.80312
-0.8018
-0.79988
-0.80274
-0.79738
-0.8008
-0.8057
-0.80132
-0.80612
-0.80094
-0.8001
-0.80508
-0.80516
-0.80284
-0.79986
-0.80374
-0.80644
-0.79858
-0.80346
-0.80194
-0.79764
-0.80736
-0.80442
-0.80416
-0.80014
-0.80784
-0.80006
-0.79884
-0.79552
-0.79854
-0.8028
-0.80428
-0.80546
-0.80226
-0.79908
-0.80006
-0.79408
-0.80024
-0.80754
-0.7962
-0.80064
-0.8057
-0.807
-0.8024
-0.80066
-0.8028
-0.79662
-0.80004
-0.80042
-0.80178
-0.79882
-0.80128
-0.80048
-0.79944
-0.80394
-0.80306
-0.80756
-0.8024
-0.80064
-0.79366
-0.79306
-0.8037
-0.80288
-0.79912
-0.80156
-0.79758
-0.80376
-0.80228
-0.79922
-0.81032
-0.80294
-0.80624
-0.80454
-0.8016
-0.7991
-0.79916
-0.80224
-0.79898
-0.80382
-0.80332
-0.79728
-0.80186
-0.8009
-0.79924
-0.80658
-0.80368
-0.79986
-0.79726
-0.80092
-0.79974
-0.79882
-0.80188
-0.80324
-0.80532
-0.7986
-0.80048
-0.79848
-0.80246
-0.79432
-0.80002
-0.79854
-0.80282
-0.8052
-0.7966
-0.79828
-0.79242
-0.79784
-0.795
-0.8041
-0.80226
-0.80588
-0.80296
-0.7961
-0.79904
-0.80068
-0.79614
-0.80034
-0.80008
-0.79866
-0.80054
-0.80332
-0.80022
-0.79822
-0.79974
-0.80652
-0.8009
-0.80198
-0.79682
-0.79864
-0.80108
-0.79872
-0.79944
-0.80298
-0.8
-0.80302
-0.799
-0.79848
-0.80132
-0.79824
-0.8019
-0.80202
-0.8009
-0.7999
-0.80292
-0.79732
-0.8086
-0.80424
-0.80566
-0.8055
-0.79554
-0.79674
-0.80644
-0.79904
-0.7987
-0.80364
-0.80336
-0.80124
-0.80512
-0.80286
-0.79906
-0.80406
-0.80442
-0.80128
-0.80072
-0.80334
-0.7964
-0.8029
-0.80222
-0.80072
-0.80306
-0.8012
-0.80148
-0.80436
-0.8032
-0.79684
-0.7982
-0.8038
-0.80154
-0.79704
-0.80076
-0.7954
-0.80242
-0.80466
-0.80106
-0.8006
-0.79886
-0.80846
-0.80646
-0.79582
-0.80182
-0.79748
-0.80314
-0.80442
-0.80368
-0.80134
-0.80014
-0.80126
-0.7983
-0.80284
-0.80074
-0.80762
-0.80398
-0.80622
-0.80018
-0.797
-0.80086
-0.80278
-0.80498
-0.80306
-0.8007
-0.80576
-0.80164
-0.80182
-0.79706
-0.80116
-0.80022
-0.79688
-0.80392
-0.80016
-0.79884
-0.80088
-0.80132
-0.80354
-0.8047
-0.80422
-0.80388
-0.79828
-0.80236
-0.7981
-0.80216
-0.79984
-0.80438
-0.7978
-0.7949
-0.79704
-0.8048
-0.80416
-0.80518
-0.79544
-0.80604
-0.80378
-0.80664
-0.80544
-0.79854
-0.80372
-0.80532
-0.80514
-0.80366
-0.7997
-0.80136
-0.79928
-0.80156
-0.8011
-0.80238
-0.80084
-0.80206
-0.8017
-0.8044
-0.80044
-0.80132
-0.79798
-0.80456
-0.80232
-0.80148
-0.80328
-0.80206
-0.80036
-0.80286
-0.8014
-0.7999
-0.80302
-0.80232
-0.79622
-0.79522
-0.80238
-0.80006
-0.80004
-0.79916
-0.80474
-0.80312
-0.79788
-0.79994
-0.80494
-0.80258
-0.80296
-0.80096
-0.80676
-0.80366
-0.7971
-0.80302
-0.8028
-0.80054
-0.79782
-0.79708
-0.803
-0.80402
-0.80652
-0.7986
-0.7964
-0.80582
-0.8019
-0.80892
-0.7976
-0.80264
-0.79822
-0.80574
-0.80408
-0.80364
-0.79774
-0.80114
-0.80442
-0.80124
-0.79928
-0.8015
-0.79772
-0.79582
-0.80048
-0.80268
-0.79896
-0.8045
-0.80374
-0.80072
-0.80822
-0.80414
-0.79772
-0.80334
-0.80722
-0.80154
-0.79768
-0.80244
-0.80462
-0.79516
-0.7981
-0.803
-0.80262
-0.80366
-0.79706
-0.80268
-0.80036
-0.79878
-0.80306
-0.79998
-0.80218
-0.80022
-0.80796
-0.80122
-0.80198
-0.80034
-0.80274
-0.8036
-0.8029
-0.80032
-0.80118
-0.8012
-0.80566
-0.80444
-0.79606
-0.8035
-0.801
-0.79998
-0.80782
-0.80492
-0.79998
-0.80406
-0.80506
-0.80174
-0.80202
-0.7974
-0.80508
-0.8047
-0.8082
-0.8001
-0.79606
-0.802
-0.79906
-0.79728
-0.79742
-0.79984
-0.8022
-0.80344
-0.80144
-0.7995
-0.80104
-0.79842
-0.79624
-0.803
-0.8087
-0.80198
-0.80618
-0.79844
-0.79876
-0.80464
-0.80624
-0.79972
-0.79748
-0.7984
-0.7977
-0.79862
-0.79996
-0.806
-0.80272
-0.80638
-0.79852
-0.79802
-0.79762
-0.8108
-0.80176
-0.80646
-0.8048
-0.80148
-0.8047
-0.8039
-0.80258
-0.80168
-0.8003
-0.79984
-0.7996
-0.80568
-0.79842
-0.79958
-0.80154
-0.79878
-0.79842
-0.80578
-0.80484
-0.80278
-0.80216
-0.80582
-0.80312
-0.80276
-0.802
-0.7961
-0.80192
-0.79916
-0.8003
-0.80046
-0.79918
-0.8024
-0.80466
-0.80472
-0.80096
-0.79686
-0.80582
-0.8018
-0.80228
-0.8032
-0.79992
-0.79854
-0.806
-0.80216
-0.7982
-0.79604
-0.80742
-0.80468
-0.79762
-0.80554
-0.79758
-0.79844
-0.79424
-0.80466
-0.8069
-0.80348
-0.80536
-0.80626
-0.79844
-0.80448
-0.7948
-0.80082
-0.80232
-0.80172
-0.79384
-0.80728
-0.80292
-0.79944
-0.80182
-0.8041
-0.80506
-0.8009
-0.80406
-0.79808
-0.80436
-0.7988
-0.8029
-0.80394
-0.79894
-0.8061
-0.79994
-0.79932
-0.79902
-0.80084
-0.80188
-0.80492
-0.8039
-0.80274
-0.80362
-0.80228
-0.8023
-0.8031
-0.8034
-0.79974
-0.8063
-0.80256
-0.80592
-0.80046
-0.80716
-0.8091
-0.79726
-0.79644
-0.80284
-0.7969
-0.799
-0.8028
-0.80154
-0.79992
-0.80334
-0.80042
-0.8053
-0.79898
-0.7987
-0.80336
-0.80492
-0.8013
-0.7999
-0.80262
-0.80564
-0.7977
-0.80922
-0.79864
-0.79982
-0.8027
-0.79896
-0.80034
-0.80426
-0.80424
-0.80682
-0.8052
-0.79918
-0.80634
-0.80402
-0.80416
-0.80502
-0.8051
-0.80214
-0.8035
-0.80094
-0.79626
-0.79872
-0.79888
-0.7982
-0.79882
-0.80084
-0.80036
-0.80144
-0.80766
-0.79672
-0.80058
-0.80648
-0.8038
-0.80224
-0.80102
-0.8011
-0.80488
-0.8104
-0.80314
-0.80406
-0.80304
-0.8051
-0.80246
-0.79948
-0.79844
-0.80394
-0.80656
-0.80456
-0.80844
-0.80002
-0.80264
-0.80508
-0.80274
-0.79874
-0.8016
-0.79766
-0.80418
-0.7987
-0.79952
-0.79708
-0.80122
-0.79788
-0.80348
-0.80196
-0.8023
-0.80102
-0.80302
-0.80406
-0.79806
-0.80256
-0.80418
-0.8041
-0.79788
-0.79738
-0.8044
-0.79938
-0.80494
-0.79894
-0.80574
-0.80618
-0.79942
-0.80096
-0.79996
-0.80314
-0.8041
-0.8035
-0.80336
-0.80094
-0.79952
-0.80236
-0.80206
-0.80084
-0.7976
-0.80438
-0.80254
-0.8043
-0.80306
-0.8045
-0.79996
-0.80062
-0.79818
-0.79878
-0.80974
-0.7999
-0.79902
-0.80066
-0.80356
-0.80098
-0.79788
-0.7963
-0.80112
-0.8009
-0.8001
-0.7959
-0.80218
-0.80788
-0.79848
-0.80236
-0.80784
-0.8007
-0.80366
-0.80474
-0.80286
-0.79896
-0.79788
-0.80176
-0.8008
-0.80296
-0.79942
-0.8026
-0.8001
-0.8035
-0.80056
-0.79894
-0.80434
-0.81138
-0.80374
-0.80046
-0.8048
-0.8012
-0.8002
-0.80316
-0.8011
-0.80004
-0.79896
-0.80166
-0.80072
-0.80108
-0.80736
-0.80552
-0.80708
-0.80572
-0.80622
-0.79572
-0.80188
-0.80484
-0.80164
-0.80092
-0.80118
-0.80272
-0.80698
-0.80332
-0.79606
-0.79706
-0.79944
-0.80132
-0.806
-0.80078
-0.80094
-0.80126
-0.80098
-0.79848
-0.806
-0.80232
-0.79902
-0.80476
-0.80588
-0.79874
-0.80426
-0.79802
-0.80674
-0.79872
-0.80052
-0.8003
-0.8005
-0.80014
-0.79802
-0.79828
-0.8026
-0.80392
-0.80246
-0.80156
-0.80788
-0.80392
-0.80904
-0.80616
-0.8051
-0.80042
-0.80376
-0.8053
-0.80478
-0.79676
-0.8021
-0.79838
-0.7996
-0.80336
-0.80338
-0.80014
-0.79696
-0.803
-0.8071
-0.79668
-0.80186
-0.8012
-0.7966
-0.8022
-0.80334
-0.80048
-0.80152
-0.79776
-0.80194
-0.80242
-0.79992
-0.80298
-0.8015
-0.80108
-0.80556
-0.8003
-0.80232
-0.8005
-0.7991
-0.80066
-0.80176
-0.8054
-0.79754
-0.80362
-0.79564
-0.80318
-0.80012
-0.80412
-0.79566
-0.80108
-0.80052
-0.80064
-0.80032
-0.80232
-0.80288
-0.80176
-0.803
-0.79822
-0.80212
-0.80336
-0.80648
-0.79782
-0.80022
-0.80394
-0.80656
-0.7966
-0.80218
-0.80592
-0.80362
-0.8042
-0.80626
-0.8002
-0.80526
-0.79994
-0.79784
-0.79856
-0.79946
-0.79546
-0.80138
-0.80526
-0.80382
-0.8027
-0.80584
-0.79896
-0.79328
-0.806
-0.79816
-0.79698
-0.80566
-0.8
-0.80388
-0.80264
-0.80026
-0.80122
-0.8041
-0.79626
-0.80032
-0.80356
-0.80124
-0.8009
-0.79734
-0.7993
-0.80258
-0.79594
-0.79374
-0.79604
-0.7983
-0.80086
-0.7994
-0.80196
-0.7996
-0.79508
-0.79726
-0.80708
-0.80256
-0.79646
-0.80264
-0.80284
-0.80826
-0.80352
-0.79872
-0.79468
-0.8049
-0.80568
-0.80226
-0.79744
-0.79826
-0.8014
-0.79348
-0.80376
-0.8033
-0.7996
-0.80708
-0.7967
-0.7992
-0.80132
-0.80168
-0.79778
-0.80286
-0.80078
-0.80234
-0.79978
-0.80522
-0.80238
-0.8002
-0.79878
-0.79824
-0.80808
-0.80374
-0.8011
-0.80342
-0.80342
-0.80424
-0.8031
-0.80176
-0.80374
-0.80108
-0.80622
-0.8049
-0.79954
-0.80544
-0.80036
-0.79458
-0.80394
-0.80068
-0.80342
-0.79994
-0.79772
-0.80174
-0.80308
-0.8021
-0.80164
-0.79936
-0.80378
-0.79852
-0.80662
-0.79944
-0.8006
-0.80556
-0.80192
-0.80128
-0.80486
-0.8034
-0.80242
-0.80358
-0.80164
-0.80712
-0.80698
-0.80688
-0.79548
-0.79636
-0.80392
-0.79566
-0.801
-0.80594
-0.80416
-0.80556
-0.79968
-0.79942
-0.8002
-0.79752
-0.79522
-0.80434
-0.80084
-0.80454
-0.8013
-0.8026
-0.79938
-0.79744
-0.803
-0.80622
-0.79984
-0.79902
-0.80234
-0.80564
-0.80346
-0.79836
-0.79892
-0.80076
-0.79752
-0.8028
-0.79786
-0.80452
-0.79646
-0.8028
-0.8022
-0.8013
-0.80068
-0.80298
-0.80064
-0.79888
-0.79906
-0.79968
-0.80272
-0.80168
-0.80326
-0.80444
-0.80532
-0.8035
-0.80278
-0.804
-0.8069
-0.79654
-0.79886
-0.8018
-0.80314
-0.80136
-0.80524
-0.80152
-0.80092
-0.79898
-0.80058
-0.79696
-0.79992
-0.80554
-0.79454
-0.80288
-0.8009
-0.8067
-0.8043
-0.80438
-0.80436
-0.79372
-0.8067
-0.80072
-0.80922
-0.80336
-0.80366
-0.7984
-0.80516
-0.80524
-0.8023
-0.80148
-0.80252
-0.79654
-0.80598
-0.8052
-0.8048
-0.80708
-0.7988
-0.80602
-0.80378
-0.7982
-0.80368
-0.80436
-0.80368
-0.80124
-0.80636
-0.80622
-0.80018
-0.80474
-0.80296
-0.79882
-0.80252
-0.79744
-0.80244
-0.80308
-0.80602
-0.80498
-0.80334
-0.8051
-0.80236
-0.79776
-0.80608
-0.79848
-0.80128
-0.79702
-0.79666
-0.79896
-0.80024
-0.79884
-0.8025
-0.80328
-0.80074
-0.80262
-0.80106
-0.80488
-0.8022
-0.80428
-0.80326
-0.80396
-0.80022
-0.8024
-0.80288
-0.80204
-0.79938
-0.79514
-0.79458
-0.79978
-0.8004
-0.80506
-0.80512
-0.80334
-0.80118
-0.80224
-0.80596
-0.7988
-0.80882
-0.8042
-0.8038
-0.79728
-0.80566
-0.79952
-0.80072
-0.80218
-0.80022
-0.79998
-0.80108
-0.79696
-0.80014
-0.8019
-0.80456
-0.80088
-0.79808
-0.7998
-0.80012
-0.79938
-0.80086
-0.8058
-0.80228
-0.80538
-0.80658
-0.80582
-0.80244
-0.80096
-0.79842
-0.79718
-0.8025
-0.79852
-0.8003
-0.79978
-0.80454
-0.80406
-0.80276
-0.80122
-0.80142
-0.80208
-0.80136
-0.80146
-0.80044
-0.80224
-0.80864
-0.80262
-0.79898
-0.80534
-0.80038
-0.80166
-0.80386
-0.80124
-0.7995
-0.80306
-0.80142
-0.80024
-0.81046
-0.79986
-0.79912
-0.80224
-0.79926
-0.80918
-0.80308
-0.80094
-0.8039
-0.80156
-0.7999
-0.80528
-0.80072
-0.80166
-0.79882
-0.8099
-0.79966
-0.802
-0.8056
-0.80018
-0.80054
-0.7959
-0.79998
-0.79868
-0.8067
-0.79936
-0.80026
-0.80178
-0.80454
-0.79918
-0.80274
-0.8009
-0.79736
-0.80446
-0.79894
-0.80264
-0.80196
-0.80078
-0.80248
-0.79912
-0.8036
-0.79746
-0.79886
-0.8031
-0.80518
-0.79924
-0.8011
-0.79948
-0.80408
-0.80318
-0.79776
-0.79886
-0.80318
-0.80304
-0.8055
-0.8004
-0.80814
-0.79812
-0.80292
-0.80578
-0.8013
-0.79526
-0.80248
-0.80028
-0.80042
-0.8081
-0.79752
-0.80624
-0.79914
-0.80094
-0.80622
-0.79866
-0.79826
-0.80086
-0.79952
-0.79556
-0.8015
-0.80114
-0.79788
-0.80126
-0.80048
-0.80392
-0.80458
-0.80236
-0.80494
-0.80238
-0.8017
-0.80484
-0.80692
-0.80372
-0.804
-0.80098
-0.80352
-0.79822
-0.79972
-0.80532
-0.80518
-0.80092
-0.79998
-0.80046
-0.8027
-0.80532
-0.8025
-0.79454
-0.79814
-0.7993
-0.8014
-0.79902
-0.80246
-0.79822
-0.80092
-0.80032
-0.79998
-0.80166
-0.80104
-0.80134
-0.80148
-0.801
-0.80244
-0.80086
-0.79936
-0.80338
-0.80258
-0.80402
-0.80774
-0.79732
-0.80354
-0.79626
-0.79828
-0.8007
-0.79818
-0.80366
-0.80126
-0.80076
-0.7988
-0.79996
-0.79666
-0.79916
-0.80502
-0.8036
-0.79888
-0.804
-0.8005
-0.8003
-0.80342
-0.8013
-0.80246
-0.7996
-0.80778
-0.8073
-0.79706
-0.79886
-0.80158
-0.80404
-0.79984
-0.80192
-0.80104
-0.79974
-0.8048
-0.8034
-0.80334
-0.80164
-0.80654
-0.80486
-0.79588
-0.7993
-0.79754
-0.8037
-0.8021
-0.8057
-0.80032
-0.80336
-0.80242
-0.7959
-0.80404
-0.79708
-0.80194
-0.80184
-0.8052
-0.80396
-0.79804
-0.80388
-0.80128
-0.80202
-0.80358
-0.79838
-0.80516
-0.8032
-0.80442
-0.7996
-0.79988
-0.80108
-0.80508
-0.80248
-0.7975
-0.80266
-0.8078
-0.79762
-0.79608
-0.79714
-0.79824
-0.79448
-0.80226
-0.80668
-0.79936
-0.80354
-0.80214
-0.80252
-0.80438
-0.79784
-0.79926
-0.7999
-0.80524
-0.805
-0.80162
-0.80062
-0.79934
-0.80474
-0.80852
-0.80054
-0.80218
-0.80226
-0.79682
-0.7947
-0.80248
-0.7956
-0.80266
-0.80052
-0.80296
-0.80026
-0.79886
-0.79924
-0.80452
-0.80182
-0.80248
-0.7976
-0.80118
-0.80154
-0.80352
-0.80026
-0.80168
-0.80306
-0.80628
-0.79586
-0.79846
-0.79638
-0.80108
-0.8061
-0.80334
-0.80206
-0.80272
-0.8005
-0.7986
-0.80644
-0.80016
-0.80596
-0.80294
-0.79924
-0.80372
-0.80442
-0.80214
-0.80374
-0.80138
-0.80254
-0.8023
-0.804
-0.80456
-0.80648
-0.80722
-0.80484
-0.7934
-0.8006
-0.7998
-0.80328
-0.8019
-0.80644
-0.79902
-0.80442
-0.80302
-0.80282
-0.80446
-0.8017
-0.80486
-0.8067
-0.7995
-0.79954
-0.80216
-0.8054
-0.80426
-0.80084
-0.79822
-0.8075
-0.7965
-0.8046
-0.8027
-0.80242
-0.80334
-0.79914
-0.79844
-0.80144
-0.79754
-0.80054
-0.79344
-0.80482
-0.80846
-0.79698
-0.80298
-0.80658
-0.80388
-0.80256
-0.79838
-0.80488
-0.80006
-0.79902
-0.80408
-0.8037
-0.80642
-0.80382
-0.80074
-0.79816
-0.80174
-0.80646
-0.79896
-0.79826
-0.8008
-0.8005
-0.80436
-0.80264
-0.80156
-0.804
-0.80294
-0.80154
-0.79568
-0.81014
-0.80118
-0.8009
-0.80212
-0.80148
-0.80398
-0.8039
-0.79922
-0.80638
-0.79808
-0.79694
-0.80044
-0.80198
-0.79756
-0.79712
-0.8009
-0.80404
-0.79858
-0.7986
-0.7938
-0.80278
-0.80286
-0.80016
-0.80298
-0.7987
-0.80924
-0.79966
-0.80036
-0.80052
-0.8021
-0.7969
-0.80178
-0.8025
-0.80168
-0.79544
-0.8023
-0.79976
-0.8035
-0.80534
-0.7991
-0.79862
-0.80168
-0.8038
-0.80202
-0.80318
-0.80044
-0.8057
-0.80376
-0.80128
-0.79958
-0.80376
-0.79982
-0.79852
-0.80118
-0.79736
-0.80824
-0.7998
-0.80456
-0.7932
-0.7993
-0.79946
-0.79728
-0.80274
-0.79792
-0.80174
-0.79996
-0.79548
-0.79982
-0.79624
-0.8
-0.801
-0.80302
-0.80392
-0.8053
-0.80152
-0.8022
-0.80482
-0.80348
-0.7958
-0.80052
-0.8018
-0.8
-0.799
-0.80538
-0.79692
-0.79996
-0.79944
-0.80178
-0.80068
-0.80406
-0.80708
-0.80936
-0.80764
-0.80418
-0.80112
-0.80042
-0.8038
-0.80484
-0.80424
-0.80128
-0.8035
-0.80302
-0.80542
-0.79868
-0.80076
-0.79748
-0.79836
-0.79838
-0.80388
-0.80008
-0.80226
-0.80076
-0.80282
-0.80602
-0.79892
-0.80072
-0.80488
-0.80362
-0.80208
-0.79766
-0.80164
-0.80822
-0.8061
-0.79924
-0.7979
-0.80002
-0.79986
-0.8082
-0.80316
-0.80406
-0.80384
-0.7992
-0.80408
-0.79788
-0.80286
-0.80438
-0.80358
-0.80048
-0.8061
-0.79856
-0.79868
-0.80648
-0.80244
-0.80016
-0.7982
-0.80226
-0.8017
-0.80318
-0.80434
-0.80296
-0.80218
-0.79774
-0.80294
-0.80228
-0.79476
-0.79994
-0.79578
-0.80522
-0.7994
-0.79806
-0.80028
-0.79874
-0.80252
-0.7954
-0.79738
-0.80188
-0.79904
-0.79646
-0.80124
-0.80194
-0.7974
-0.80236
-0.79838
-0.80166
-0.80862
-0.8004
-0.80112
-0.80092
-0.79486
-0.80308
-0.80308
-0.80486
-0.79718
-0.80256
-0.8048
-0.7974
-0.79848
-0.8049
-0.80138
-0.80034
-0.7989
-0.8047
-0.79862
-0.80822
-0.81008
-0.80176
-0.80364
-0.80164
-0.7999
-0.8015
-0.79216
-0.8008
-0.80448
-0.79726
-0.80006
-0.80122
-0.79472
-0.79948
-0.80674
-0.79748
-0.80004
-0.7962
-0.7954
-0.80144
-0.80698
-0.7984
-0.8004
-0.79852
-0.79734
-0.79834
-0.80058
-0.79908
-0.8014
-0.8004
-0.79706
-0.7981
-0.79926
-0.80592
-0.80528
-0.7969
-0.80236
-0.80282
-0.80032
-0.80918
-0.80294
-0.79958
-0.80416
-0.80578
-0.80038
-0.80416
-0.805
-0.8027
-0.80196
-0.80242
-0.8005
-0.80118
-0.79846
-0.80194
-0.8058
-0.80014
-0.80076
-0.80016
-0.80094
-0.79866
-0.80252
-0.8046
-0.80172
-0.798
-0.79842
-0.80132
-0.80026
-0.79702
-0.79816
-0.80462
-0.79982
-0.80328
-0.80338
-0.79692
-0.79298
-0.80502
-0.80104
-0.80268
-0.8071
-0.80496
-0.80562
-0.80618
-0.8036
-0.80226
-0.8011
-0.79742
-0.79958
-0.80184
-0.80194
-0.80532
-0.8043
-0.80418
-0.80638
-0.80568
-0.8007
-0.80126
-0.80248
-0.80194
-0.80202
-0.80166
-0.79684
-0.80658
-0.8028
-0.80142
-0.80392
-0.8029
-0.80556
-0.80312
-0.79914
-0.80126
-0.80236
-0.80986
-0.79946
-0.79856
-0.80134
-0.8024
-0.80288
-0.79954
-0.80358
-0.79678
-0.80404
-0.80302
-0.80012
-0.79984
-0.80006
-0.79512
-0.8033
-0.79924
-0.80196
-0.80144
-0.7981
-0.80578
-0.80284
-0.80698
-0.80366
-0.80402
-0.80388
-0.80212
-0.80394
-0.80196
-0.8027
-0.80294
-0.79884
-0.79824
-0.8022
-0.80878
-0.79592
-0.8012
-0.7995
-0.80186
-0.80364
-0.80244
-0.799
-0.80282
-0.79744
-0.8031
-0.80176
-0.80276
-0.80564
-0.80332
-0.7987
-0.8007
-0.8044
-0.7999
-0.7979
-0.7999
-0.80428
-0.7994
-0.7978
-0.80378
-0.7988
-0.801
-0.80276
-0.80038
-0.8023
-0.79964
-0.79898
-0.79728
-0.805
-0.79978
-0.7979
-0.80298
-0.80568
-0.7976
-0.80214
-0.80042
-0.80676
-0.80066
-0.79882
-0.7962
-0.80624
-0.804
-0.80134
-0.79688
-0.80034
-0.8003
-0.80318
-0.80002
-0.79746
-0.80392
-0.79928
-0.79442
-0.80442
-0.80166
-0.79558
-0.8068
-0.8021
-0.80266
-0.80534
-0.79884
-0.80614
-0.8023
-0.7958
-0.80074
-0.80522
-0.80136
-0.79914
-0.80138
-0.80246
-0.7964
-0.80428
-0.79692
-0.80036
-0.79964
-0.80616
-0.7992
-0.79986
-0.80144
-0.80174
-0.8034
-0.80404
-0.79874
-0.80222
-0.79872
-0.8007
-0.79846
-0.80306
-0.797
-0.8019
-0.80378
-0.8022
-0.79958
-0.80292
-0.80684
-0.80154
-0.80642
-0.79652
-0.80278
-0.80518
-0.80108
-0.79848
-0.80074
-0.8031
-0.80092
-0.80488
-0.79822
-0.80646
-0.8034
-0.7982
-0.80434
-0.80322
-0.79922
-0.79826
-0.80188
-0.80262
-0.79976
-0.79924
-0.80292
-0.80046
-0.80302
-0.80418
-0.8028
-0.80114
-0.7944
-0.80442
-0.81104
-0.80484
-0.8012
-0.80398
-0.80286
-0.80206
-0.80408
-0.8033
-0.80018
-0.80094
-0.7992
-0.8017
-0.80028
-0.8017
-0.8002
-0.80252
-0.80174
-0.79904
-0.80098
-0.80492
-0.80074
-0.79588
-0.79704
-0.80362
-0.8022
-0.80546
-0.80224
-0.79628
-0.8021
-0.80504
-0.8004
-0.80126
-0.80128
-0.80354
-0.80504
-0.80272
-0.8049
-0.79962
-0.80044
-0.8024
-0.79968
-0.80376
-0.80472
-0.80312
-0.80674
-0.80142
-0.80568
-0.80058
-0.79972
-0.8038
-0.80036
-0.79836
-0.79992
-0.8029
-0.80398
-0.79784
-0.8019
-0.80224
-0.80556
-0.79896
-0.79882
-0.80154
-0.80474
-0.80064
-0.80168
-0.8015
-0.80652
-0.80402
-0.80294
-0.8055
-0.80504
-0.80032
-0.79478
-0.80176
-0.8029
-0.80248
-0.7938
-0.7995
-0.79826
-0.80124
-0.8012
-0.80296
-0.80114
-0.80718
-0.79968
-0.80478
-0.79458
-0.80264
-0.80222
-0.80086
-0.80222
-0.80422
-0.79888
-0.80454
-0.80196
-0.80226
-0.80354
-0.80514
-0.79994
-0.80724
-0.80006
-0.7955
-0.79774
-0.801
-0.80338
-0.8045
-0.79768
-0.8007
-0.80258
-0.79792
-0.79948
-0.80066
-0.80398
-0.79828
-0.79716
-0.79964
-0.8022
-0.80108
-0.80026
-0.8023
-0.79976
-0.80354
-0.79508
-0.798
-0.79526
-0.80082
-0.80338
-0.80396
-0.79956
-0.79836
-0.80098
-0.79844
-0.80032
-0.80348
-0.80166
-0.79474
-0.79948
-0.80378
-0.80108
-0.80228
-0.80634
-0.80232
-0.80224
-0.79746
-0.79596
-0.80008
-0.8013
-0.80304
-0.8048
-0.80128
-0.80466
-0.80554
-0.80158
-0.8036
-0.79942
-0.79958
-0.79846
-0.79112
-0.801
-0.80118
-0.80108
-0.80708
-0.7977
-0.79602
-0.79898
-0.80842
-0.80304
-0.79214
-0.79976
-0.80452
-0.80416
-0.79864
-0.80122
-0.80508
-0.7987
-0.80164
-0.807
-0.8035
-0.80748
-0.8001
-0.79902
-0.7993
-0.80584
-0.7946
-0.80284
-0.80324
-0.80146
-0.80166
-0.80492
-0.80136
-0.80128
-0.80254
-0.79744
-0.80882
-0.8002
-0.8054
-0.80556
-0.79384
-0.80122
-0.79862
-0.8028
-0.8029
-0.80992
-0.80128
-0.80642
-0.79784
-0.80102
-0.80432
-0.80174
-0.7967
-0.80586
-0.80916
-0.80074
-0.80542
-0.80604
-0.80126
-0.80464
-0.80414
-0.80442
-0.80186
-0.80302
-0.80308
-0.80244
-0.80368
