0.16658
0.16934
0.16782
0.16942
0.17786
0.17912
0.16814
0.1695
0.1711
0.18284
0.183
0.16764
0.1712
0.15814
0.17114
0.18242
0.1848
0.17648
0.16972
0.18668
0.15912
0.16204
0.16676
0.1714
0.17834
0.16864
0.18376
0.18328
0.16336
0.17574
0.16332
0.16638
0.17856
0.18498
0.17826
0.18204
0.16834
0.17578
0.17398
0.17794
0.16378
0.1884
0.1808
0.16466
0.1729
0.16772
0.16598
0.17514
0.17166
0.16412
0.17714
0.17278
0.17182
0.15236
0.17276
0.169
0.16158
0.15584
0.14682
0.16964
0.1668
0.17142
0.17028
0.16488
0.17612
0.16726
0.18178
0.1738
0.18582
0.19158
0.17838
0.16506
0.16108
0.16396
0.18288
0.17304
0.17134
0.16542
0.16112
0.16828
0.16124
0.17394
0.17848
0.16928
0.17998
0.1791
0.17112
0.15936
0.17054
0.1723
0.16646
0.17678
0.1829
0.1827
0.16838
0.1692
0.17372
0.1606
0.14894
0.15546
0.17516
0.17184
0.17268
0.17852
0.15378
0.15736
0.18338
0.15346
0.17064
0.18166
0.18402
0.18298
0.17432
0.1764
0.17552
0.16814
0.17358
0.18658
0.17416
0.16968
0.17242
0.1875
0.16138
0.17424
0.18096
0.17226
0.17232
0.16348
0.15994
0.16452
0.16534
0.16478
0.16452
0.15778
0.16254
0.16294
0.17268
0.16642
0.17622
0.1839
0.17634
0.16906
0.17432
0.17016
0.16594
0.15798
0.16316
0.16028
0.17354
0.17578
0.18226
0.16424
0.16698
0.17388
0.18474
0.1935
0.17694
0.17478
0.175
0.17458
0.18386
0.15956
0.17216
0.17678
0.18034
0.17408
0.17372
0.17658
0.18246
0.16504
0.1544
0.15654
0.16574
0.16534
0.17174
0.16778
0.1909
0.17526
0.17628
0.17156
0.16984
0.17682
0.16662
0.17062
0.17252
0.16338
0.17316
0.17248
0.17458
0.17374
0.18028
0.17228
0.1693
0.17914
0.1744
0.16896
0.17788
0.18374
0.17604
0.17238
0.1706
0.1817
0.1729
0.16906
0.16612
0.18552
0.18124
0.16734
0.16354
0.1683
0.16396
0.16946
0.17368
0.15846
0.16242
0.16896
0.17396
0.16504
0.17486
0.18012
0.16802
0.16838
0.17288
0.17228
0.17194
0.16808
0.16884
0.18286
0.17694
0.15874
0.17626
0.18484
0.17662
0.18366
0.16942
0.17774
0.16918
0.17336
0.15648
0.16322
0.17032
0.17482
0.17446
0.17128
0.17958
0.17898
0.17224
0.169
0.1738
0.1766
0.1621
0.17554
0.16606
0.16606
0.17556
0.16898
0.16822
0.1681
0.17518
0.17716
0.17528
0.17394
0.1783
0.17212
0.17056
0.1681
0.17896
0.18906
0.16872
0.17012
0.16426
0.16082
0.17308
0.17012
0.155
0.17232
0.16286
0.1758
0.17772
0.18514
0.17092
0.16832
0.17196
0.1691
0.1689
0.16994
0.1685
0.1744
0.1594
0.1637
0.16278
0.17086
0.17822
0.17412
0.17924
0.1745
0.1719
0.1657
0.17394
0.17084
0.18634
0.17518
0.17248
0.16272
0.17456
0.16878
0.15848
0.15918
0.17664
0.18044
0.1687
0.1728
0.16614
0.16184
0.17762
0.16884
0.17656
0.17054
0.17
0.1664
0.16876
0.16896
0.1646
0.1715
0.1684
0.16506
0.16914
0.16874
0.16686
0.17226
0.16614
0.17498
0.15864
0.17478
0.17336
0.18438
0.1738
0.15978
0.16156
0.15692
0.16718
0.17876
0.16204
0.1733
0.18814
0.16968
0.1554
0.17072
0.17722
0.17842
0.1758
0.17366
0.16986
0.17032
0.16428
0.18096
0.17338
0.15232
0.1654
0.17312
0.17012
0.17516
0.17552
0.16448
0.1665
0.18396
0.17216
0.15426
0.16834
0.1609
0.16782
0.18214
0.18452
0.17882
0.17462
0.17638
0.1816
0.18358
0.18038
0.16844
0.17452
0.16982
0.16538
0.18212
0.17754
0.17348
0.17876
0.1792
0.1826
0.18022
0.16162
0.16982
0.16138
0.162
0.16386
0.1807
0.17766
0.17008
0.18356
0.16148
0.1738
0.17632
0.17332
0.17744
0.17602
0.171
0.17874
0.18412
0.17394
0.1689
0.17706
0.17832
0.17912
0.18164
0.16804
0.16754
0.1789
0.18182
0.17508
0.17008
0.16746
0.17048
0.17114
0.16726
0.16146
0.1621
0.1774
0.17692
0.17006
0.16854
0.16192
0.1687
0.18052
0.17028
0.1669
0.16692
0.16666
0.16874
0.16434
0.18098
0.17886
0.17054
0.15974
0.16998
0.17474
0.1823
0.17508
0.17134
0.1795
0.1699
0.16024
0.1533
0.16602
0.17078
0.17776
0.17508
0.17816
0.1597
0.1757
0.1701
0.17248
0.16112
0.16124
0.16982
0.17146
0.1739
0.17202
0.16238
0.16828
0.17426
0.17528
0.1742
0.15644
0.16594
0.16804
0.16864
0.17216
0.16172
0.17328
0.17218
0.177
0.1737
0.17846
0.15862
0.16558
0.16886
0.16352
0.1581
0.17184
0.18358
0.17616
0.18464
0.183
0.16874
0.1762
0.1808
0.18432
0.17506
0.18578
0.18174
0.1702
0.164
0.17872
0.17018
0.16598
0.17
0.16884
0.17352
0.17792
0.17798
0.1836
0.16842
0.14902
0.15948
0.16298
0.1687
0.15924
0.16822
0.17008
0.16546
0.17004
0.16038
0.15438
0.15622
0.17034
0.17644
0.17642
0.1617
0.16132
0.16298
0.1729
0.17506
0.16426
0.15672
0.16358
0.18062
0.1675
0.17788
0.16764
0.18312
0.17414
0.17022
0.15194
0.16196
0.16426
0.18166
0.18394
0.17666
0.16234
0.17384
0.16122
0.16964
0.17012
0.17178
0.1696
0.18412
0.1596
0.1632
0.16642
0.16624
0.15718
0.1856
0.17534
0.1748
0.18368
0.16396
0.1693
0.1741
0.16712
0.17626
0.1623
0.17444
0.16504
0.16434
0.16938
0.15656
0.17148
0.17128
0.16482
0.17216
0.16828
0.16498
0.16084
0.17044
0.17276
0.18086
0.18414
0.17916
0.16808
0.17196
0.1726
0.17098
0.16822
0.17828
0.17272
0.16478
0.17086
0.16858
0.16986
0.16844
0.1674
0.1717
0.16194
0.1679
0.15478
0.16498
0.16674
0.17168
0.16938
0.17576
0.17854
0.1895
0.17102
0.15758
0.17114
0.17518
0.16814
0.17952
0.17432
0.16992
0.17224
0.16602
0.15934
0.1574
0.1586
0.16982
0.17114
0.17796
0.16368
0.1688
0.16066
0.17578
0.17472
0.16854
0.17416
0.17862
0.17316
0.1728
0.173
0.1783
0.16938
0.17436
0.18272
0.17566
0.17588
0.17156
0.1693
0.1834
0.17484
0.18636
0.16924
0.17294
0.16356
0.1612
0.15316
0.17372
0.18266
0.17444
0.1683
0.16412
0.17554
0.1674
0.1642
0.1685
0.17184
0.16934
0.17236
0.16764
0.17388
0.16378
0.16772
0.1646
0.17456
0.18508
0.17392
0.1807
0.18296
0.17408
0.18126
0.17068
0.16238
0.17506
0.1884
0.18936
0.16322
0.16534
0.1815
0.17174
0.17216
0.16836
0.16324
0.176
0.16122
0.15806
0.1719
0.16714
0.16178
0.1724
0.15814
0.18104
0.1896
0.16584
0.16806
0.1751
0.16182
0.1769
0.15978
0.1628
0.15574
0.1673
0.17008
0.16992
0.18354
0.16288
0.17466
0.15714
0.1693
0.1812
0.17324
0.17072
0.18298
0.17674
0.17398
0.17644
0.17104
0.16868
0.17446
0.17644
0.16722
0.1718
0.16792
0.16376
0.15892
0.17456
0.17218
0.17634
0.171
0.1749
0.16644
0.17202
0.15896
0.17148
0.17966
0.1695
0.16906
0.17248
0.17798
0.17144
0.16474
0.16044
0.17564
0.16978
0.17408
0.17832
0.17516
0.16962
0.18364
0.16578
0.17106
0.17512
0.16154
0.1707
0.16918
0.17932
0.17714
0.19048
0.17726
0.16576
0.1737
0.18076
0.19756
0.18792
0.17104
0.16892
0.16592
0.16954
0.1682
0.18182
0.16972
0.17466
0.17738
0.17194
0.18106
0.15918
0.16686
0.17514
0.18816
0.17788
0.17604
0.16818
0.16076
0.1685
0.16878
0.16896
0.16442
0.1592
0.17248
0.1689
0.17132
0.18804
0.17668
0.17612
0.17708
0.16398
0.17072
0.1601
0.17464
0.18446
0.17522
0.17778
0.17308
0.17108
0.17414
0.1719
0.16434
0.1719
0.16464
0.17868
0.16874
0.1666
0.17088
0.16838
0.17234
0.17694
0.16894
0.16466
0.1594
0.16606
0.1643
0.17104
0.1746
0.16852
0.178
0.17112
0.18558
0.1826
0.16286
0.1602
0.1673
0.16814
0.18246
0.17262
0.16806
0.16548
0.17024
0.15628
0.15974
0.1654
0.17324
0.17204
0.1703
0.16668
0.17012
0.17038
0.1714
0.16886
0.17002
0.17594
0.17626
0.1816
0.18124
0.1709
0.16992
0.17678
0.17668
0.16932
0.1727
0.18454
0.1693
0.16258
0.16232
0.16224
0.16622
0.15238
0.16772
0.16368
0.1727
0.17218
0.1746
0.16318
0.16332
0.1588
0.15826
0.17928
0.15882
0.16398
0.15326
0.16568
0.16576
0.17212
0.17122
0.16464
0.16682
0.1741
0.17854
0.16346
0.16006
0.17124
0.17964
0.17462
0.1757
0.17104
0.1669
0.15738
0.1664
0.17492
0.1738
0.15938
0.16466
0.16268
0.16002
0.16966
0.17554
0.17144
0.17338
0.16608
0.17322
0.16792
0.16396
0.15854
0.15962
0.16324
0.15672
0.16644
0.17056
0.18522
0.1857
0.1712
0.16726
0.16586
0.16202
0.168
0.1734
0.17022
0.17336
0.1777
0.17196
0.1724
0.1519
0.17014
0.1768
0.17576
0.17192
0.1735
0.172
0.1743
0.18082
0.17982
0.17652
0.18076
0.18336
0.16504
0.18146
0.17186
0.16128
0.17816
0.1811
0.17084
0.18018
0.18602
0.17234
0.17318
0.16604
0.15582
0.16562
0.17276
0.17628
0.16094
0.15844
0.16492
0.17006
0.16646
0.15736
0.1662
0.17152
0.16728
0.1678
0.1676
0.16958
0.16932
0.16786
0.1627
0.16246
0.17438
0.16896
0.17052
0.1668
0.17156
0.17348
0.17596
0.16234
0.16808
0.1759
0.16606
0.16138
0.16646
0.16984
0.16378
0.17354
0.17856
0.16594
0.17202
0.17316
0.1579
0.16338
0.16
0.16652
0.16544
0.17016
0.17454
0.17544
0.17804
0.18358
0.17538
0.16772
0.18094
0.17522
0.17026
0.17174
0.1801
0.17546
0.18078
0.17644
0.17454
0.17894
0.16282
0.16956
0.17768
0.16662
0.1727
0.15986
0.17484
0.16852
0.16404
0.16826
0.17024
0.18166
0.17328
0.16778
0.161
0.17744
0.17052
0.1811
0.17386
0.17026
0.17758
0.17408
0.1724
0.15992
0.1559
0.16804
0.17098
0.16326
0.1683
0.182
0.17404
0.16866
0.17508
0.17082
0.18656
0.17112
0.1766
0.16912
0.16444
0.174
0.16756
0.16932
0.16834
0.16564
0.1679
0.15946
0.17164
0.16542
0.16478
0.17384
0.17252
0.1691
0.17878
0.17512
0.1696
0.17362
0.17654
0.17038
0.17256
0.1681
0.15728
0.15758
0.17552
0.16486
0.15758
0.17616
0.16676
0.16154
0.14408
0.17642
0.17362
0.18344
0.18398
0.18248
0.18598
0.1844
0.1752
0.1696
0.1687
0.17882
0.18362
0.1818
0.16542
0.1706
0.17378
0.1739
0.1836
0.18658
0.1647
0.17492
0.16914
0.17086
0.16298
0.17734
0.17746
0.16436
0.17218
0.17568
0.17136
0.17846
0.17724
0.15922
0.16506
0.16904
0.16586
0.17138
0.1605
0.1716
0.18006
0.18204
0.17604
0.17356
0.16998
0.16786
0.1805
0.175
0.17982
0.17746
0.18136
0.17646
0.16728
0.16032
0.18034
0.18752
0.18126
0.18414
0.17638
0.16764
0.16868
0.18094
0.16556
0.15446
0.17232
0.17046
0.17202
0.17266
0.17752
0.17964
0.17706
0.16672
0.16898
0.1673
0.17644
0.17586
0.1773
0.17776
0.17224
0.17068
0.15828
0.1537
0.1599
0.16282
0.15478
0.1843
0.15106
0.17486
0.16072
0.157
0.17192
0.17408
0.15824
0.1692
0.16752
0.15864
0.16706
0.15462
0.16994
0.18
0.1681
0.16994
0.16936
0.17054
0.17342
0.15564
0.18154
0.18474
0.1771
0.1643
0.17164
0.17982
0.16852
0.1662
0.16806
0.16878
0.17062
0.17462
0.17656
0.17104
0.1706
0.17318
0.17268
0.18216
0.1717
0.15702
0.16614
0.16688
0.16588
0.17362
0.17372
0.16432
0.1673
0.1803
0.1851
0.18082
0.16692
0.16278
0.17004
0.17924
0.18008
0.1899
0.17438
0.18486
0.17
0.15802
0.16126
0.16498
0.17858
0.17714
0.15712
0.16728
0.1813
0.1649
0.16322
0.15818
0.16828
0.17016
0.1847
0.1887
0.17926
0.16596
0.16972
0.1607
0.16878
0.1703
0.16776
0.1765
0.16412
0.16608
0.1738
0.16528
0.163
0.17314
0.16258
0.17112
0.16632
0.16762
0.1707
0.16896
0.17774
0.17324
0.17178
0.16148
0.16954
0.17498
0.17574
0.17946
0.16508
0.1721
0.16448
0.16444
0.16696
0.16724
0.16238
0.16786
0.17516
0.16394
0.16984
0.17694
0.1798
0.17844
0.17184
0.1744
0.16652
0.1693
0.17486
0.17236
0.16334
0.16364
0.1534
0.167
0.1674
0.17662
0.17344
0.18018
0.15208
0.16844
0.16464
0.1662
0.1675
0.1775
0.1648
0.18332
0.17424
0.16324
0.17968
0.1721
0.16704
0.17036
0.17308
0.17538
0.1741
0.18256
0.16972
0.17786
0.17514
0.18334
0.17384
0.17564
0.17888
0.17098
0.17902
0.17496
0.16518
0.17474
0.17208
0.18682
0.17088
0.1713
0.16964
0.18518
0.1897
0.17174
0.16002
0.16962
0.16568
0.169
0.16956
0.1827
0.16558
0.16192
0.17622
0.1681
0.1528
0.1716
0.1784
0.17642
0.17256
0.16302
0.17818
0.17256
0.15958
0.16288
0.16838
0.17716
0.17584
0.18696
0.16894
0.16236
0.16178
0.1625
0.16744
0.1726
0.17462
0.17944
0.17536
0.1691
0.17652
0.17664
0.1724
0.18052
0.1701
0.16562
0.16196
0.1649
0.16258
0.16504
0.16412
0.17566
0.17762
0.16868
0.16848
0.17106
0.16054
0.16018
0.16242
0.16834
0.16516
0.16786
0.16748
0.16808
0.16854
0.16826
0.16314
0.17732
0.18266
0.17612
0.1781
0.16968
0.16406
0.17484
0.17792
0.16646
0.16484
0.16826
0.1747
0.17174
0.18526
0.16606
0.16272
0.16618
0.17004
0.17124
0.17988
0.16652
0.16308
0.17006
0.16508
0.17342
0.16596
0.16572
0.15842
0.1523
0.17456
0.17498
0.18494
0.1647
0.16462
0.16136
0.16838
0.18184
0.1741
0.16222
0.16448
0.17038
0.1649
0.16066
0.16674
0.18308
0.18512
0.17688
0.18072
0.1622
0.17374
0.17168
0.17158
0.1558
0.16818
0.1784
0.17724
0.17278
0.16292
0.17662
0.17048
0.17346
0.16426
0.16938
0.16572
0.1753
0.16798
0.17464
0.17902
0.16606
0.16888
0.1759
0.17418
0.16934
0.16808
0.17542
0.16576
0.16356
0.15624
0.17968
0.18246
0.15902
0.16948
0.1807
0.16918
0.16896
0.16648
0.1669
0.18526
0.1802
0.1753
0.16468
0.15028
0.15604
0.17842
0.16934
0.1707
0.17204
0.16454
0.1555
0.1765
0.17492
0.16392
0.16742
0.1664
0.17532
0.1781
0.1824
0.17952
0.1716
0.15844
0.15706
0.16196
0.1714
0.1716
0.1661
0.1761
0.17818
0.1875
0.182
0.17538
0.1707
0.1696
0.1724
0.18266
0.1741
0.17802
0.17508
0.17272
0.1673
0.16488
0.16588
0.16234
0.16284
0.17538
0.18046
0.16268
0.16976
0.16058
0.16904
0.17514
0.169
0.1904
0.17956
0.17424
0.161
0.15732
0.17212
0.16772
0.16632
0.14928
0.15546
0.16378
0.17438
0.17522
0.18066
0.17728
0.1709
0.16566
0.17714
0.18422
0.1821
0.1801
0.167
0.16878
0.17842
0.16084
0.1689
0.17592
0.17088
0.17892
0.16392
0.1622
0.17176
0.15804
0.16004
0.17464
0.17968
0.16554
0.17836
0.17452
0.17628
0.16444
0.16466
0.1661
0.16868
0.16242
0.15484
0.16652
0.16548
0.16366
0.16518
0.17294
0.1716
0.15396
0.17614
0.17072
0.16994
0.16524
0.18092
0.1766
0.16798
0.17826
0.17672
0.16034
0.1847
0.15614
0.16928
0.16436
0.16904
0.17666
0.1789
0.1815
0.17348
0.16872
0.16758
0.17234
0.1614
0.16408
0.1575
0.15988
0.16002
0.16822
0.1707
0.16698
0.16272
0.1705
0.17654
0.17456
0.16766
0.15668
0.16604
0.16208
0.15694
0.16524
0.17124
0.17054
0.16252
0.17126
0.16562
0.1727
0.17856
0.17094
0.16714
0.17542
0.17404
0.18598
0.16478
0.17104
0.1665
0.1621
0.17806
0.17836
0.17354
0.17634
0.17948
0.17932
0.16672
0.1678
0.18764
0.18358
0.17382
0.17056
0.1657
0.16606
0.17426
0.18404
0.18894
0.18314
0.1832
0.18258
0.1879
0.18002
0.16558
0.16816
0.1684
0.16792
0.17442
0.16234
0.16022
0.16696
0.17596
0.17976
0.18048
0.16448
0.1803
0.1728
0.16832
0.17666
0.1668
0.1675
0.17254
0.16774
0.17614
0.17292
0.17218
0.17398
0.16656
0.1777
0.17226
0.18514
0.16668
0.1656
0.17136
0.16546
0.17364
0.17844
0.17362
0.16486
0.15768
0.16834
0.17344
0.1821
0.17924
0.1779
0.17078
0.17356
0.16714
0.17122
0.16862
0.17222
0.16688
0.1807
0.1691
0.17746
0.16374
0.16948
0.16742
0.1675
0.17
0.15984
0.16844
0.1619
0.17
0.16224
0.17348
0.17968
0.16826
0.17326
0.16044
0.16442
0.16408
0.17802
0.1782
0.16874
0.17676
0.17012
0.1675
0.17012
0.17348
0.17884
0.17692
0.17286
0.16618
0.14938
0.16542
0.16924
0.16574
0.1634
0.1666
0.1707
0.17076
0.17518
0.17084
0.171
0.1735
0.16612
0.1736
0.17668
0.17886
0.17914
0.17012
0.16396
0.18072
0.18952
0.17214
0.17314
0.17366
0.17706
0.1753
0.16592
0.1702
0.1661
0.17624
0.16874
0.16778
0.1762
0.16956
0.1703
0.15926
0.16904
0.17456
0.18648
0.1798
0.16838
0.16124
0.17776
0.18122
0.19164
0.17668
0.16792
0.17838
0.17094
0.18342
0.18386
0.17588
0.1699
0.1725
0.18936
0.17392
0.18526
0.16976
0.15858
0.17662
0.17894
0.1752
0.17204
0.16786
0.17502
0.16648
0.185
0.19444
0.18732
0.16906
0.16128
0.16182
0.16242
0.17068
0.18516
0.1856
0.17484
0.1842
0.16012
0.16034
0.17298
0.17646
0.1698
0.17482
0.17
0.17522
0.16374
0.17676
0.17116
0.17314
0.1556
0.16062
0.15514
0.16396
0.17706
0.17254
0.15786
0.1649
0.16296
0.16858
0.16798
0.17278
0.17934
0.17634
0.17426
0.15926
0.16862
0.1578
0.15656
0.1637
0.16142
0.17082
0.16432
0.16612
0.17218
0.16804
0.16914
0.15946
0.1652
0.16862
0.16494
0.16272
0.16792
0.17878
0.1805
0.17744
0.17142
0.17846
0.16568
0.1843
0.17812
0.17378
0.17226
0.17348
0.16874
0.17336
0.17628
0.17884
0.1733
0.1759
0.1732
0.1756
0.17372
0.1666
0.16838
0.1736
0.16742
0.17354
0.16988
0.17242
0.16702
0.1527
0.1548
0.16396
0.179
0.16226
0.16934
0.16696
0.15428
0.16556
0.15586
0.1584
0.1637
0.16238
0.1573
0.15854
0.16724
0.17576
0.17064
0.17004
0.16988
0.16228
0.17658
0.18774
0.18066
0.17086
0.17272
0.1719
0.1887
0.18918
0.1733
0.17298
0.17542
0.17118
0.17114
0.1704
0.18126
0.1749
0.17312
0.17752
0.17774
0.16536
0.18168
0.1753
0.16856
0.1653
0.1648
0.17676
0.16642
0.17294
0.18482
0.17292
0.18268
0.1753
0.17122
0.16688
0.17468
0.15352
0.16148
0.16586
0.1718
0.17826
0.17666
0.18024
0.18218
0.1874
0.1824
0.17
0.169
0.16604
0.16548
0.16056
0.16398
0.1775
0.17048
0.16148
0.18292
0.17316
0.17554
0.1665
0.16528
0.15922
0.16594
0.16322
0.18496
0.1696
0.16694
0.15558
0.15804
0.166
0.17242
0.1626
0.16392
0.17596
0.18226
0.17778
0.16878
0.17316
0.1812
0.17784
0.17664
0.15532
0.15872
0.17514
0.16932
0.1788
0.16646
0.17358
0.16292
0.17626
0.17434
0.18236
0.16872
0.16808
0.16916
0.1655
0.17854
0.17986
0.18762
0.17676
0.1693
0.17518
0.17644
0.16564
0.16724
0.16464
0.17226
0.1795
0.17476
0.1651
0.16258
0.16144
0.16522
0.17058
0.17358
0.17052
0.16052
0.15428
0.17632
0.15182
0.16048
0.1731
0.16332
0.16694
0.17508
0.1704
0.17922
0.17506
0.17192
0.18104
0.17272
0.17778
0.17316
0.15752
0.1615
0.17408
0.15706
0.16914
0.1831
0.17312
0.15828
0.16066
0.17846
0.1748
0.1783
0.1657
0.1706
0.162
0.16876
0.17564
0.17546
0.1726
0.17322
0.16348
0.16754
0.17632
0.16962
0.16904
0.17942
0.16926
0.1638
0.16406
0.17196
0.16968
0.1681
0.16374
0.17642
0.15776
0.16358
0.17188
0.16022
0.16054
0.16962
0.17784
0.18888
0.17876
0.1849
0.17128
0.17608
0.1591
0.1703
0.17734
0.17096
0.1598
0.17194
0.17194
0.16046
0.17
0.16388
0.16294
0.17246
0.17826
0.17226
0.1698
0.1686
0.17932
0.17376
0.17616
0.16256
0.17066
0.16786
0.16946
0.16092
0.16316
0.17024
0.17092
0.17164
0.16562
0.16596
0.1667
0.15128
0.15912
0.16278
0.1774
0.17498
0.1777
0.1904
0.17638
0.1894
0.16982
0.17026
0.17536
0.18184
0.18338
0.16112
0.16924
0.17014
0.17228
0.15866
0.1646
0.16698
0.16424
0.171
0.17256
0.17562
0.16368
0.17286
0.18
0.16796
0.17984
0.16698
0.16784
0.16412
0.17364
0.16058
0.15948
0.16548
0.16672
0.16674
0.16962
0.17456
0.16358
0.17258
0.16402
0.17248
0.16596
0.1678
0.1533
0.17296
0.18362
0.1732
0.16508
0.16032
0.1813
0.16962
0.16536
0.18724
0.17688
0.1664
0.1658
0.17764
0.17136
0.17138
0.16596
0.17196
0.16928
0.17286
0.17498
0.17238
0.18068
0.17848
0.19004
0.17308
0.1833
0.16882
0.17086
0.17746
0.17058
0.18276
0.16432
0.17702
0.17284
0.16762
0.16762
0.18166
0.16354
0.17184
0.16792
0.16024
0.16312
0.16918
0.16578
0.18218
0.17554
0.16464
0.17654
0.17218
0.17384
0.1602
0.17426
0.1823
0.17222
0.16414
0.16564
0.1706
0.16392
0.17518
0.16644
0.1657
0.15904
0.16342
0.16358
0.16768
0.17528
0.17108
0.16878
0.16774
0.15298
0.1591
0.16606
0.16938
0.1696
0.16758
0.1712
0.16932
0.16288
0.16608
0.18354
0.17786
0.16456
0.17138
0.17594
0.1715
0.17492
0.17874
0.1811
0.17518
0.18002
0.17622
0.17462
0.17648
0.17336
0.16174
0.16502
0.19162
0.18158
0.1628
0.17024
0.16892
0.1676
0.16168
0.1695
0.16628
0.1721
0.16976
0.1775
0.18178
0.17676
0.16204
0.17236
0.17482
0.17814
0.16906
0.1706
0.17424
0.17024
0.17164
0.17212
0.17616
0.17544
0.16462
0.17034
0.17486
0.17322
0.16218
0.18068
0.1755
0.17332
0.1691
0.17356
0.17262
0.16856
0.15602
0.15924
0.17354
0.16826
0.17266
0.1694
0.17528
0.16476
0.1695
0.17684
0.15552
0.16198
0.17034
0.17294
0.18502
0.16998
0.17612
0.1767
0.17666
0.18172
0.16534
0.16506
0.17458
0.16634
0.1619
0.15914
0.17352
0.16202
0.1719
0.16922
0.15866
0.16594
0.18176
0.16952
0.16786
0.17412
0.17588
0.17728
0.17474
0.17194
0.16922
0.16948
0.18196
0.1845
0.18032
0.1737
0.17294
0.16414
0.17722
0.17502
0.1762
0.16724
0.17966
0.18472
0.1667
0.15944
0.16124
0.17084
0.17296
0.16906
0.16524
0.1699
0.17022
0.17556
0.17292
0.16908
0.16202
0.17588
0.17132
0.17136
0.16212
0.16374
0.18264
0.17302
0.16672
0.16842
0.16434
0.16578
0.15968
0.1677
0.1697
0.17174
0.18028
0.16834
0.17894
0.16596
0.17278
0.1844
0.17542
0.17478
0.16952
0.1558
0.16748
0.17946
0.17338
0.16618
0.16702
0.16908
0.17342
0.16492
0.16398
0.17746
0.16988
0.16462
0.1638
0.1671
0.1782
0.184
0.16202
0.168
0.16482
0.16514
0.16468
0.1552
0.15898
0.16838
0.17652
0.17268
0.17252
0.17758
0.17898
0.17286
0.17414
0.17278
0.16324
0.17342
0.16538
0.17628
0.17444
0.1804
0.17166
0.18222
0.1704
0.17032
0.16962
0.17054
0.16808
0.17838
0.17006
0.15718
0.16706
0.1712
0.16516
0.16728
0.17296
0.17852
0.1762
0.17318
0.17662
0.1754
0.1833
0.17478
0.18566
0.17606
0.17374
0.16696
0.17578
0.16494
0.17756
0.17114
0.17938
0.17592
0.19062
0.17334
0.17392
0.18416
0.18888
0.16688
0.1701
0.15876
0.15538
0.19416
0.17676
0.17186
0.16686
0.17334
0.17492
0.17232
0.17168
0.17742
0.17486
0.17732
0.17806
0.18154
0.16468
0.17182
0.17524
0.16884
0.17464
0.16188
0.16974
0.18282
0.17744
0.17366
0.16554
0.16856
0.1656
0.16782
0.18242
0.1777
0.17748
0.16736
0.16986
0.16642
0.17168
0.18118
0.18104
0.17492
0.16922
0.16816
0.17036
0.17412
0.18296
0.1778
0.17858
0.18868
0.1694
0.17834
0.18628
0.15988
0.16616
0.17524
0.16808
0.16798
0.17728
0.17154
0.17126
0.16396
0.1763
0.1672
0.1725
0.16176
0.16512
0.15804
0.16406
0.166
0.1685
0.16976
0.1599
0.17806
0.18008
0.16312
0.1617
0.17222
0.17096
0.17856
0.18368
0.17588
0.16228
0.16718
0.16292
0.15892
0.15456
0.16484
0.16614
0.18814
0.17944
0.16358
0.15572
0.15914
0.16232
0.15794
0.1562
0.17692
0.1655
0.16244
0.1773
0.17812
0.16664
0.17678
0.17094
0.1699
0.1723
0.17606
0.1778
0.1733
0.17306
0.1886
0.17414
0.1757
0.16614
0.16584
0.1803
0.17808
0.16864
0.16894
0.15946
0.17116
0.16322
0.17298
0.17204
0.16392
0.1589
0.16588
0.15886
0.16836
0.17386
0.16124
0.16096
0.1732
0.17458
0.15918
0.1663
0.17556
0.1656
0.17596
0.17652
0.17188
0.18478
0.17892
0.16262
0.16096
0.16662
0.17314
0.16504
0.17966
0.16874
0.17034
0.17712
0.1727
0.19188
0.18196
0.19436
0.17748
0.17776
0.17316
0.16556
0.16744
0.17442
0.16962
0.15648
0.153
0.15962
0.16784
0.17058
0.18616
0.17626
0.17018
0.1728
0.172
0.18054
0.17158
0.18136
0.16832
0.17622
0.16116
0.1803
0.17392
0.18688
0.1762
0.17508
0.1772
0.18206
0.18376
0.174
0.1549
0.17588
0.17012
0.16802
0.17044
0.17256
0.18128
0.17454
0.17168
0.16646
0.17984
0.16176
0.1657
0.17722
0.18318
0.17664
0.16514
0.18474
0.17874
0.17248
0.18546
0.16182
0.17514
0.17288
0.17824
0.1754
0.1736
0.16118
0.16126
0.1726
0.17836
0.16348
0.16846
0.15714
0.16516
0.16928
0.17412
0.17352
0.16946
0.18324
0.18508
0.16848
0.15852
0.18286
0.1763
0.17516
0.16426
0.1787
0.17728
0.16876
0.16256
0.16734
0.17016
0.16788
0.17002
0.16378
0.16978
0.17864
0.17004
0.1698
0.16974
0.18364
0.17142
0.1678
0.1643
0.15014
0.15978
0.16622
0.1682
0.16282
0.1802
0.17766
0.17542
0.16626
0.1795
0.17956
0.1858
0.17362
0.1712
0.16756
0.17806
0.17116
0.16856
0.17484
0.1863
0.17788
0.17586
0.18194
0.1652
0.16724
0.16702
0.18082
0.17462
0.17184
0.16718
0.17658
0.16602
0.17528
0.16946
0.17458
0.16034
0.15712
0.16962
0.1691
0.18072
0.15852
0.16134
0.15546
0.1676
0.1734
0.17066
0.16784
0.16628
0.15576
0.1591
0.18354
0.18798
0.18044
0.1765
0.17292
0.1715
0.17438
0.16934
0.16402
0.16574
0.16408
0.1709
0.16534
0.16852
0.16384
0.17524
0.16638
0.16552
0.16256
0.16112
0.1815
0.17378
0.15084
0.16584
0.16794
0.16836
0.17156
0.17788
0.18518
0.17876
0.18128
0.17436
0.17388
0.17558
0.1723
0.1779
0.16362
0.16658
0.16612
0.16754
0.16628
0.17014
0.1776
0.18412
0.17648
0.16262
0.16158
0.16818
0.1562
0.15722
0.17352
0.17122
0.17188
0.16692
0.1762
0.16604
0.15694
0.1773
0.17136
0.17432
0.17176
0.164
0.1646
0.17254
0.17432
0.1678
0.17032
0.16822
0.16876
0.1647
0.1678
0.17408
0.16888
0.17666
0.1703
0.17176
0.168
0.17428
0.16294
0.17298
0.17786
0.1864
0.15908
0.16244
0.17676
0.17894
0.18878
0.1745
0.17524
0.18192
0.17558
0.18294
0.17134
0.17578
0.17274
0.1699
0.17708
0.17398
0.16838
0.18442
0.17484
0.19712
0.18616
0.17408
0.16642
0.16602
0.17032
0.17028
0.16066
0.1704
0.16842
0.17066
0.165
0.1589
0.18198
0.1727
0.16644
0.15866
0.1701
0.17976
0.17942
0.17112
0.17684
0.15652
0.15784
0.1701
0.17328
0.168
0.17148
0.1685
0.16146
0.17944
0.17484
0.16826
0.172
0.18478
0.16434
0.16504
0.1649
0.15732
0.17642
0.17378
0.16858
0.17364
0.17236
0.17172
0.18696
0.16762
0.1712
0.16664
0.16842
0.17268
0.1774
0.1663
0.16596
0.17444
0.18702
0.18286
0.1645
0.16314
0.1627
0.17458
0.1546
0.16994
0.17012
0.16628
0.16718
0.17572
0.16204
0.17642
0.1636
0.1598
0.16776
0.17994
0.17088
0.17148
0.16564
0.17072
0.16674
0.1649
0.16226
0.16676
0.17246
0.16998
0.19094
0.17216
0.17706
0.17402
0.1653
0.18118
0.16852
0.16704
0.1763
0.16384
0.17694
0.18138
0.17094
0.1754
0.16318
0.1759
0.15984
0.18066
0.17014
0.16682
0.17348
0.18274
0.1733
0.16232
0.1693
0.16162
0.17
0.16236
0.17618
0.16918
0.16868
0.1642
0.1725
0.17964
0.16426
0.16728
0.18616
0.17356
0.16658
0.15844
0.16646
0.18092
0.17394
0.16548
0.18092
0.1709
0.18168
0.17244
0.1729
0.17554
0.17986
0.1834
0.1787
0.1792
0.16406
0.16214
0.17448
0.18038
0.17864
0.17452
0.16998
0.16156
0.16528
0.17308
0.16058
0.17392
0.1765
0.16848
0.18606
0.17522
0.1729
0.16808
0.1764
0.15386
0.16258
0.16888
0.1796
0.17802
0.16816
0.1698
0.16848
0.1647
0.1697
0.17108
0.15282
0.16888
0.1669
0.17566
0.17516
0.16258
0.17834
0.17726
0.1596
0.16606
0.15322
0.15366
0.16588
0.16606
0.16458
0.15002
0.155
0.15166
0.15844
0.1614
0.17084
0.16756
0.16932
0.17076
0.17536
0.17304
0.1711
0.17804
0.17652
0.17388
0.1686
0.16046
0.17258
0.18412
0.17204
0.17684
0.19056
0.17966
0.17998
0.17588
0.16436
0.17028
0.1668
0.17988
0.17448
0.15952
0.16314
0.16154
0.15832
0.16506
0.16626
0.17038
0.16882
0.16456
0.17262
0.17208
0.17012
0.1481
0.1682
0.17068
0.17338
0.15702
0.18052
0.15996
0.17864
0.17992
0.15332
0.16704
0.18304
0.172
0.1694
0.17558
0.17494
0.1682
0.17686
0.16344
0.17454
0.17132
0.18208
0.17976
0.16556
0.18054
0.15242
0.17394
0.17698
0.17558
0.18158
0.17808
0.1757
0.16602
0.15422
0.1684
0.1776
0.17042
0.16948
0.17312
0.16636
0.1712
0.16594
0.1789
0.18006
0.17616
0.16322
0.1713
0.17178
0.17432
0.17046
0.18164
0.1742
0.16766
0.1757
0.18268
0.17246
0.18078
0.175
0.17666
0.19198
0.16764
0.17736
0.16472
0.17042
0.17958
0.17078
0.18736
0.16108
0.1827
0.17778
0.1781
0.17172
0.15898
0.17584
0.1529
0.1635
0.17256
0.18314
0.16242
0.15592
0.16648
0.16858
0.16376
0.17652
0.18554
0.18196
0.169
0.17184
0.18242
0.17016
0.16974
0.17248
0.17178
0.15976
0.17826
0.1633
0.16778
0.1716
0.16568
0.1605
0.1602
0.16032
0.16938
0.16944
0.16924
0.1713
0.17418
0.16622
0.1612
0.1672
0.17028
0.16542
0.16014
0.15812
0.17378
0.17306
0.17192
0.15618
0.16278
0.17318
0.16762
0.16832
0.16696
0.16762
0.1636
0.17648
0.18138
0.17484
0.17388
0.18322
0.17562
0.17476
0.17552
0.17878
0.17196
0.17274
0.17696
0.18092
0.17522
0.1705
0.17518
0.17462
0.1679
0.171
0.172
0.17024
0.17832
0.17646
0.16446
0.16624
0.17628
0.16802
0.17366
0.15494
0.15376
0.17066
0.17496
0.18086
0.1681
0.16324
0.17312
0.16954
0.17956
0.17038
0.16784
0.16116
0.16226
0.1595
0.15594
0.1682
0.16958
0.17484
0.1702
0.1691
0.17636
0.1781
0.18344
0.16752
0.1871
0.17696
0.1705
0.17976
0.17544
0.16834
0.17526
0.16462
0.16282
0.16322
0.1582
0.15986
0.16522
0.15304
0.16542
0.16642
0.1669
0.17134
0.16764
0.1688
0.16294
0.16214
0.16824
0.1699
0.16664
0.16036
0.17478
0.17158
0.17474
0.17642
0.1677
0.16736
0.15994
0.18228
0.15994
0.1721
0.175
0.1679
0.17572
0.17234
0.16578
0.18174
0.17794
0.16924
0.15714
0.17744
0.17726
0.16512
0.18008
0.17776
0.17554
0.176
0.18106
0.18264
0.16548
0.16274
0.16156
0.1709
0.17202
0.16036
0.17058
0.1797
0.17164
0.1636
0.17444
0.17872
0.17796
0.17268
0.17646
0.16996
0.16836
0.1642
0.16066
0.1584
0.16782
0.15682
0.15196
0.17412
0.16888
0.18072
0.17264
0.16324
0.1693
0.1784
0.17234
0.17498
0.175
0.17326
0.1609
0.17058
0.15706
0.17984
0.17272
0.17136
0.18412
0.1588
0.1707
0.17666
0.18086
0.18728
0.1635
0.16238
0.17424
0.1711
0.16316
0.16798
0.1646
0.17128
0.16934
0.16702
0.17274
0.17542
0.16516
0.17004
0.19244
0.17634
0.18134
0.16414
0.17328
0.1794
0.16634
0.16662
0.16512
0.17758
0.1785
0.17186
0.16222
0.16638
0.17862
0.17296
0.17366
0.16632
0.15894
0.15732
0.16646
0.1686
0.1647
0.17152
0.16984
0.17646
0.15784
0.18408
0.1744
0.1682
0.17556
0.17812
0.17384
0.15254
0.17406
0.17918
0.16252
0.1513
0.1692
0.16356
0.17154
0.16878
0.16408
0.17866
0.17526
0.17292
0.17746
0.16306
0.15934
0.1695
0.1617
0.16724
0.17414
0.1615
0.17444
0.17094
0.17176
0.15874
0.1682
0.15934
0.17574
0.1728
0.16912
0.17516
0.16562
0.16724
0.17266
0.16746
0.1604
0.15674
0.16722
0.16638
0.16312
0.16798
0.1841
0.17252
0.16532
0.17056
0.17022
0.17496
0.15954
0.17214
0.17132
0.16374
0.16734
0.15314
0.16688
0.16792
0.16202
0.16976
0.17138
0.16844
0.176
0.17804
0.17716
0.1678
0.1768
0.18996
0.1827
0.1856
0.18618
0.18054
0.16808
0.16074
0.173
0.18176
0.17028
0.16728
0.16014
0.1696
0.16122
0.1715
0.1774
0.18076
0.1841
0.1569
0.15472
0.16898
0.16346
0.16606
0.16816
0.16648
0.16578
0.17502
0.16692
0.17144
0.17808
0.16738
0.17496
0.18146
0.17074
0.17414
0.17076
0.1789
0.16936
0.17572
0.1563
0.17598
0.16648
0.16682
0.16884
0.17514
0.17868
0.17006
0.1751
0.16708
0.15676
0.16094
0.16848
0.17894
0.16882
0.15696
0.16142
0.17462
0.17364
0.1708
0.17876
0.1744
0.17
0.1684
0.16968
0.17516
0.16184
0.17252
0.1699
0.17076
0.17518
0.17276
0.16968
0.17142
0.17218
0.1615
0.16996
0.1711
0.17734
0.17182
0.16756
0.1618
0.17732
0.17292
0.1775
0.17286
0.17536
0.15542
0.16492
0.17206
0.163
0.17374
0.1703
0.17124
0.17148
0.1656
0.16682
0.16972
0.17154
0.17986
0.17616
0.1854
0.16036
0.15568
0.17992
0.16832
0.15
0.1704
0.16664
0.16372
0.17316
0.16426
0.17666
0.17612
0.16928
0.16728
0.16876
0.1554
0.16638
0.17808
0.19212
0.18954
0.1734
0.16212
0.1595
0.164
0.1828
0.16824
0.17058
0.17652
0.18742
0.17182
0.16966
0.17538
0.16758
0.16466
0.17856
0.1804
0.17422
0.18406
0.17868
0.17628
0.16994
0.17362
0.1763
0.16422
0.17006
0.1847
0.18606
0.17078
0.16586
0.17294
0.17462
0.16046
0.16732
0.17342
0.17884
0.17656
0.1798
0.16416
0.1671
0.16536
0.17896
0.16928
0.16468
0.16764
0.16824
0.16554
0.16678
0.1656
0.17278
0.16138
0.17532
0.17314
0.16688
0.17316
0.18834
0.1718
0.1686
0.16868
0.1685
0.17668
0.181
0.18952
0.1734
0.17644
0.16964
0.16128
0.16712
0.17408
0.1615
0.16204
0.17748
0.17834
0.17252
0.16848
0.17024
0.1763
0.16594
0.16866
0.1757
0.16896
0.1623
0.16726
0.16866
0.17462
0.18462
0.1808
0.16566
0.16412
0.17662
0.1791
0.18734
0.18036
0.16652
0.1797
0.17442
0.17764
0.1659
0.16942
0.17082
0.167
0.16612
0.1555
0.1723
0.18256
0.17266
0.15818
0.16978
0.17284
0.1765
0.17438
0.1792
0.18576
0.1808
0.16958
0.16112
0.15426
0.16536
0.15748
0.15714
0.15494
0.15876
0.16634
0.17208
0.18428
0.17638
0.1645
0.16558
0.16664
0.1673
0.16888
0.17042
0.1691
0.16382
0.17226
0.16922
0.17474
0.16854
0.17098
0.16366
0.18266
0.17934
0.17718
0.1757
0.17132
0.16706
0.14286
0.14536
0.16196
0.15812
0.17728
0.17376
0.16724
0.17374
0.17392
0.17474
0.17392
0.16776
0.17248
0.17824
0.16304
0.15782
0.16306
0.16776
0.16976
0.17516
0.16032
0.16594
0.1613
0.17066
0.16632
0.17946
0.16734
0.17512
0.1722
0.1795
0.17304
0.17294
0.17022
0.16544
0.16142
0.1664
0.15606
0.15576
0.1574
0.17278
0.17222
0.18796
0.18418
0.17556
0.16994
0.18244
0.18768
0.18274
0.17758
0.17786
0.18804
0.17774
0.17636
0.16594
0.16898
0.17932
0.17502
0.1721
0.1611
0.1668
0.18032
0.17516
0.1753
0.16948
0.15816
0.17668
0.1854
0.16932
0.17926
0.16646
0.15658
0.1882
0.1738
0.16654
0.17836
0.1803
0.1672
0.175
0.16844
0.18032
0.17418
0.18184
0.16826
0.16004
0.16996
0.16806
0.15488
0.16436
0.17
0.17266
0.17434
0.16192
0.16326
0.17376
0.18548
0.17508
0.173
0.17336
0.16536
0.16364
0.17202
0.1729
0.16362
0.1748
0.16178
0.17262
0.16526
0.17354
0.1608
0.15498
0.16682
0.17018
0.17314
0.1738
0.17092
0.17266
0.18772
0.1725
0.1807
0.17472
0.17622
0.17186
0.17614
0.18206
0.1772
0.16994
0.1719
0.16432
0.16136
0.16378
0.17086
0.18742
0.16872
0.15994
0.16526
0.16724
0.17212
0.1848
0.17976
0.16652
0.17362
0.16814
0.1643
0.1631
0.17724
0.17202
0.16828
0.17184
0.1638
0.17848
0.16438
0.1726
0.17574
0.17822
0.17294
0.17818
0.1741
0.1742
0.17236
0.18256
0.17114
0.17144
0.1688
0.16728
0.16066
0.1715
0.1712
0.16544
0.17188
0.17214
0.1859
0.17428
0.1717
0.1704
0.16678
0.16798
0.1704
0.16156
0.16428
0.15902
0.16944
0.185
0.17346
0.17568
0.16474
0.16602
0.1769
0.1681
0.16816
0.17586
0.16152
0.17438
0.17974
0.17876
0.16098
0.1726
0.17828
0.16856
0.1734
0.17082
0.15938
0.17208
0.168
0.17636
0.16502
0.17344
0.1667
0.17458
0.17398
0.16326
0.16286
0.17706
0.18124
0.18076
0.17214
0.17252
0.18192
0.16406
0.18254
0.17146
0.16156
0.1724
0.16924
0.16412
0.17692
0.17034
0.163
