0.73222
0.72132
0.72066
0.7278
0.72592
0.71458
0.71676
0.72414
0.72798
0.72006
0.73108
0.73416
0.73176
0.72432
0.71652
0.7234
0.72552
0.72838
0.73562
0.72622
0.71692
0.71836
0.722
0.72292
0.72334
0.72032
0.72268
0.72812
0.72066
0.72488
0.72326
0.72864
0.72718
0.7308
0.72766
0.72496
0.719
0.72496
0.72196
0.7254
0.723
0.7292
0.73344
0.7235
0.73034
0.73534
0.73942
0.72434
0.72206
0.73236
0.73406
0.725
0.72756
0.72794
0.7231
0.7338
0.72816
0.73052
0.72352
0.71836
0.72364
0.72432
0.73232
0.73172
0.72706
0.72442
0.72486
0.72512
0.73558
0.73616
0.72068
0.73018
0.723
0.7184
0.7222
0.724
0.72418
0.73426
0.7305
0.7271
0.7182
0.72156
0.72732
0.72356
0.71654
0.70892
0.7093
0.71644
0.723
0.72478
0.71014
0.71112
0.7178
0.73134
0.73044
0.72932
0.7247
0.72196
0.7232
0.72276
0.71658
0.73374
0.7346
0.72804
0.72884
0.73522
0.7283
0.73276
0.73018
0.7215
0.72134
0.71448
0.7223
0.72482
0.72736
0.7317
0.72692
0.72834
0.72602
0.71752
0.72904
0.73288
0.72346
0.72602
0.72578
0.72206
0.71538
0.72228
0.71694
0.71844
0.71774
0.71764
0.72226
0.72502
0.72074
0.7213
0.72388
0.72074
0.72398
0.72418
0.722
0.71846
0.7191
0.71554
0.71972
0.71868
0.72118
0.71994
0.71748
0.72604
0.7174
0.71674
0.72354
0.71594
0.71896
0.71886
0.72154
0.71716
0.7105
0.72212
0.71708
0.71324
0.71406
0.7132
0.71844
0.72906
0.71914
0.7187
0.72066
0.72618
0.72346
0.71676
0.7173
0.70514
0.7203
0.72338
0.7247
0.71542
0.71756
0.71406
0.72544
0.72334
0.72332
0.72102
0.7256
0.72052
0.72294
0.716
0.7144
0.71418
0.72124
0.71662
0.71512
0.72218
0.73032
0.7264
0.7188
0.71214
0.7176
0.71748
0.7159
0.72034
0.72218
0.7264
0.73028
0.73714
0.73174
0.7255
0.72276
0.72428
0.72324
0.71458
0.72314
0.7141
0.71702
0.72202
0.72648
0.72408
0.72636
0.72522
0.72432
0.7201
0.71894
0.7111
0.72362
0.7211
0.72328
0.72246
0.72116
0.72578
0.72352
0.72744
0.72494
0.73246
0.73186
0.71878
0.7264
0.7317
0.7222
0.71748
0.71158
0.71306
0.73176
0.73198
0.72586
0.72808
0.72454
0.71804
0.72114
0.72154
0.72954
0.7316
0.72874
0.72886
0.72526
0.72332
0.7202
0.72694
0.71684
0.71396
0.71748
0.7239
0.72312
0.7222
0.72638
0.71742
0.71658
0.72088
0.72528
0.72626
0.72656
0.72854
0.7304
0.72576
0.7291
0.72884
0.72708
0.72164
0.73494
0.74808
0.73322
0.7224
0.72438
0.72334
0.72362
0.72092
0.72
0.71902
0.71554
0.7109
0.7203
0.73354
0.72714
0.72028
0.7194
0.72218
0.72564
0.72852
0.72972
0.71856
0.73054
0.72374
0.7155
0.71842
0.72122
0.72456
0.7222
0.7307
0.734
0.7254
0.73786
0.71446
0.72552
0.70774
0.7109
0.71724
0.7219
0.72056
0.71508
0.71758
0.72292
0.72508
0.72544
0.72554
0.72734
0.72876
0.72954
0.73862
0.72816
0.73016
0.73488
0.72822
0.72814
0.72402
0.72
0.71826
0.72954
0.73846
0.73704
0.73098
0.73308
0.7265
0.73314
0.735
0.7331
0.72204
0.72336
0.72218
0.7251
0.72602
0.72528
0.72562
0.72502
0.72212
0.72382
0.7212
0.72484
0.7238
0.72566
0.7179
0.71716
0.72456
0.7309
0.72818
0.72422
0.72288
0.71982
0.721
0.72326
0.72868
0.72378
0.72424
0.73278
0.7304
0.72978
0.73124
0.72794
0.71998
0.72622
0.72424
0.7276
0.71788
0.72476
0.72432
0.72504
0.7335
0.7168
0.72466
0.72858
0.71938
0.71326
0.72284
0.71776
0.7274
0.71332
0.72284
0.7271
0.72876
0.71842
0.72318
0.73024
0.7226
0.72768
0.71946
0.71532
0.7232
0.72608
0.72474
0.72966
0.72058
0.71984
0.7192
0.72122
0.71858
0.72754
0.72674
0.72218
0.72814
0.72792
0.73432
0.72428
0.71926
0.72056
0.7234
0.72474
0.72362
0.72896
0.7246
0.72494
0.72066
0.72702
0.71822
0.7159
0.71828
0.73008
0.72384
0.7281
0.72184
0.72528
0.7301
0.7253
0.71708
0.7157
0.71646
0.71552
0.72624
0.72758
0.72764
0.73278
0.7349
0.73666
0.7322
0.7271
0.72336
0.72702
0.72616
0.72264
0.72134
0.7248
0.71912
0.72172
0.71946
0.7184
0.723
0.72274
0.7252
0.72388
0.73484
0.72934
0.72768
0.72244
0.72534
0.72794
0.72936
0.7312
0.7235
0.71838
0.72228
0.72196
0.72462
0.72066
0.72634
0.72842
0.7228
0.7276
0.7249
0.72886
0.71986
0.71794
0.72566
0.72292
0.72902
0.72442
0.72844
0.7228
0.72268
0.72468
0.73172
0.7205
0.72076
0.72118
0.71924
0.72428
0.72784
0.72614
0.71518
0.72458
0.71882
0.72848
0.73764
0.73778
0.73338
0.72988
0.71826
0.72836
0.71664
0.71328
0.72348
0.72598
0.72882
0.73504
0.72414
0.71844
0.72272
0.7256
0.72444
0.72
0.71132
0.70332
0.70822
0.71246
0.71482
0.71096
0.71814
0.72844
0.7233
0.72008
0.71708
0.71962
0.73312
0.73264
0.73024
0.72458
0.72976
0.72348
0.71564
0.72254
0.72006
0.72784
0.73316
0.73294
0.73132
0.73338
0.73022
0.72886
0.72368
0.7294
0.73524
0.7395
0.73722
0.73416
0.72882
0.7283
0.73352
0.72144
0.7187
0.7199
0.71834
0.71794
0.72878
0.7335
0.7226
0.71924
0.72858
0.7219
0.72498
0.72208
0.71476
0.71404
0.72404
0.71982
0.7164
0.7124
0.71618
0.72168
0.7138
0.7225
0.71958
0.71876
0.71788
0.7179
0.72082
0.73186
0.72294
0.72374
0.71976
0.7275
0.72426
0.73078
0.73072
0.7245
0.71818
0.73744
0.72758
0.7212
0.72
0.72922
0.7279
0.72276
0.72154
0.7227
0.72106
0.71322
0.71952
0.71548
0.71406
0.72366
0.7245
0.72064
0.72364
0.72134
0.72904
0.7256
0.72728
0.72722
0.7241
0.73444
0.73552
0.72528
0.72262
0.72914
0.73132
0.724
0.7265
0.72836
0.71658
0.72154
0.72194
0.7295
0.73006
0.72436
0.715
0.70992
0.70896
0.70904
0.72344
0.7277
0.72762
0.71608
0.7194
0.72098
0.72538
0.72312
0.72374
0.72592
0.7231
0.722
0.72378
0.71912
0.7255
0.72024
0.72904
0.7355
0.72574
0.72014
0.72862
0.72434
0.72658
0.72438
0.71952
0.72564
0.72684
0.72544
0.72342
0.72158
0.73344
0.73364
0.73452
0.72206
0.7347
0.73682
0.73004
0.73078
0.7261
0.73188
0.72992
0.73364
0.73598
0.73044
0.73278
0.72232
0.71546
0.73076
0.73304
0.7265
0.72268
0.73378
0.72998
0.72696
0.73166
0.73352
0.73064
0.72182
0.7293
0.72466
0.72486
0.72578
0.73292
0.73102
0.72844
0.71986
0.72266
0.7233
0.71964
0.72774
0.72896
0.72494
0.7219
0.7172
0.72374
0.7185
0.72242
0.71944
0.7304
0.73008
0.7308
0.72798
0.72778
0.72738
0.72178
0.71754
0.71632
0.7231
0.72078
0.71768
0.72506
0.72784
0.7264
0.72888
0.72692
0.72424
0.72822
0.72972
0.72904
0.7288
0.72614
0.72088
0.72902
0.72584
0.71976
0.71984
0.72786
0.72042
0.71856
0.71816
0.7272
0.73514
0.73276
0.71848
0.73544
0.73176
0.72194
0.72202
0.7139
0.71972
0.717
0.7186
0.71962
0.71734
0.71702
0.72652
0.71714
0.71912
0.7172
0.72616
0.72366
0.72514
0.72678
0.71426
0.72128
0.71652
0.71316
0.72416
0.71958
0.72086
0.72438
0.71352
0.72118
0.7279
0.72804
0.7238
0.718
0.7274
0.73698
0.7289
0.72794
0.72212
0.72246
0.71946
0.7291
0.72388
0.7303
0.72738
0.7256
0.71434
0.71576
0.71118
0.71088
0.727
0.7294
0.72554
0.72872
0.72412
0.73514
0.73384
0.725
0.72518
0.72036
0.71932
0.71866
0.72076
0.72426
0.72596
0.72088
0.7187
0.71792
0.72462
0.72364
0.72288
0.72636
0.72728
0.72952
0.73232
0.72906
0.73366
0.73514
0.73082
0.71778
0.72682
0.72654
0.71726
0.7217
0.7222
0.72194
0.72416
0.72746
0.71982
0.7239
0.71894
0.72294
0.71998
0.72404
0.72522
0.7266
0.72632
0.73502
0.72734
0.72976
0.71818
0.7218
0.72306
0.7278
0.73312
0.72894
0.72708
0.7268
0.72146
0.7258
0.72466
0.72536
0.72474
0.71658
0.72388
0.72576
0.73742
0.72312
0.7258
0.7264
0.72706
0.72482
0.73368
0.72838
0.73342
0.73612
0.73164
0.73262
0.73188
0.73074
0.73244
0.72948
0.72096
0.7254
0.7375
0.73754
0.7287
0.72936
0.72592
0.72554
0.72204
0.73064
0.72722
0.72768
0.71268
0.72552
0.72614
0.7188
0.71966
0.71
0.71736
0.72092
0.71902
0.7284
0.72588
0.7296
0.71798
0.71946
0.72246
0.72824
0.73378
0.7333
0.7277
0.72984
0.72994
0.7268
0.72718
0.7196
0.72732
0.72948
0.73194
0.72534
0.72632
0.7289
0.72626
0.72694
0.72744
0.71938
0.72202
0.71536
0.71488
0.72502
0.72742
0.72982
0.7264
0.72902
0.73054
0.72646
0.725
0.71296
0.71928
0.73124
0.73158
0.74186
0.72706
0.72546
0.72364
0.72702
0.72574
0.72786
0.71954
0.72372
0.71904
0.72218
0.72166
0.71988
0.72268
0.72108
0.72202
0.72974
0.7262
0.7238
0.71946
0.72076
0.71898
0.71646
0.71674
0.71862
0.72198
0.72448
0.72268
0.72134
0.72848
0.72352
0.72894
0.72464
0.72002
0.71748
0.71428
0.71802
0.72954
0.72698
0.73234
0.72124
0.72134
0.72618
0.73062
0.72984
0.72126
0.72152
0.7199
0.72422
0.72328
0.7286
0.7302
0.72612
0.72444
0.73618
0.73028
0.72964
0.72622
0.7192
0.72294
0.71128
0.71856
0.7186
0.72254
0.73226
0.73312
0.72254
0.72922
0.73226
0.73394
0.73188
0.72474
0.72882
0.7329
0.74042
0.73084
0.73328
0.72614
0.72652
0.7325
0.73206
0.72706
0.72006
0.71874
0.72308
0.72816
0.732
0.73204
0.72308
0.72022
0.7156
0.72488
0.71754
0.71964
0.72706
0.72264
0.72848
0.72182
0.73252
0.72474
0.722
0.7262
0.73224
0.71996
0.7263
0.7225
0.7329
0.72634
0.72068
0.72146
0.72362
0.72652
0.72286
0.71826
0.71806
0.7265
0.72018
0.71876
0.72034
0.7185
0.72746
0.72114
0.7193
0.72746
0.7334
0.71988
0.72746
0.7198
0.71998
0.72036
0.7183
0.7262
0.72484
0.7252
0.7202
0.72456
0.72146
0.72406
0.73654
0.73586
0.72896
0.72458
0.7272
0.73004
0.73266
0.7312
0.7233
0.726
0.72666
0.72516
0.72624
0.72444
0.7205
0.72458
0.72524
0.72008
0.72194
0.71642
0.7238
0.72412
0.7237
0.71762
0.72152
0.72076
0.72128
0.73172
0.73448
0.73638
0.73202
0.73316
0.71822
0.72108
0.72726
0.73
0.7338
0.7389
0.7309
0.72812
0.7298
0.73008
0.72496
0.72862
0.7271
0.7287
0.72856
0.72244
0.72878
0.73294
0.72858
0.7216
0.71912
0.732
0.7312
0.73368
0.74092
0.7288
0.72378
0.72578
0.71954
0.71942
0.72348
0.7296
0.73816
0.7297
0.73296
0.72788
0.7324
0.72064
0.72426
0.72788
0.72292
0.72438
0.7207
0.7211
0.72134
0.72778
0.72738
0.72794
0.72926
0.7333
0.7248
0.72536
0.72188
0.72798
0.72386
0.73234
0.73206
0.72378
0.72172
0.72426
0.72622
0.71974
0.71388
0.72054
0.71914
0.7227
0.72076
0.73322
0.72684
0.72744
0.72358
0.71404
0.72188
0.70842
0.7161
0.71714
0.72646
0.72374
0.71194
0.72384
0.72292
0.72408
0.72398
0.724
0.72816
0.72626
0.72392
0.72048
0.72114
0.72184
0.72366
0.72818
0.7289
0.73304
0.72456
0.72082
0.72276
0.72034
0.72006
0.71342
0.7119
0.71988
0.72386
0.72506
0.7173
0.72456
0.72358
0.72646
0.72616
0.73042
0.72666
0.73014
0.72246
0.71434
0.708
0.71326
0.72142
0.72578
0.72866
0.73218
0.72848
0.72708
0.72078
0.7179
0.72274
0.7238
0.73626
0.7206
0.72716
0.72822
0.72982
0.73
0.73496
0.73432
0.72786
0.72346
0.72804
0.72786
0.73148
0.72702
0.72268
0.7251
0.72666
0.72464
0.7199
0.72898
0.72632
0.73258
0.72836
0.72738
0.73108
0.73304
0.72768
0.73282
0.73242
0.72908
0.72728
0.7275
0.72386
0.72468
0.72336
0.71464
0.71736
0.71446
0.71616
0.72568
0.7281
0.73464
0.7341
0.73264
0.73124
0.73212
0.7274
0.73466
0.72182
0.71644
0.72436
0.72904
0.7269
0.73422
0.71966
0.7234
0.70798
0.70808
0.72124
0.72664
0.73004
0.72918
0.73096
0.73256
0.7315
0.7227
0.7158
0.72046
0.72194
0.72416
0.72988
0.72268
0.7133
0.719
0.71544
0.72574
0.7311
0.72674
0.72686
0.73222
0.72258
0.72594
0.7262
0.7343
0.72642
0.72326
0.71374
0.72098
0.72684
0.73596
0.72338
0.72178
0.71736
0.71856
0.72332
0.72758
0.72704
0.7254
0.73166
0.72066
0.71482
0.72158
0.72796
0.72218
0.71244
0.72788
0.72584
0.72586
0.71872
0.71818
0.7269
0.73268
0.729
0.73446
0.72244
0.73264
0.72364
0.724
0.71972
0.71846
0.73104
0.73266
0.72946
0.72614
0.72632
0.72762
0.7287
0.72494
0.73262
0.72956
0.72978
0.73164
0.7248
0.7198
0.72486
0.72342
0.73084
0.72554
0.72434
0.72578
0.71136
0.7149
0.72078
0.7241
0.71384
0.73212
0.7276
0.7275
0.72172
0.72332
0.71984
0.72692
0.7361
0.73836
0.73564
0.72966
0.71804
0.72328
0.72108
0.7181
0.7134
0.72586
0.7275
0.71736
0.71854
0.7213
0.71702
0.71996
0.72376
0.72248
0.72272
0.72664
0.72724
0.70696
0.72782
0.72842
0.72932
0.72818
0.73196
0.7257
0.72126
0.71362
0.72112
0.72672
0.72618
0.73482
0.727
0.72214
0.7189
0.72252
0.72582
0.73096
0.72996
0.7218
0.72442
0.72372
0.72232
0.72626
0.73202
0.72564
0.7272
0.71726
0.72256
0.73006
0.72412
0.72312
0.71848
0.72462
0.72238
0.73272
0.72866
0.73138
0.72878
0.71682
0.72374
0.72256
0.72552
0.71706
0.71784
0.71512
0.71712
0.72102
0.71922
0.7264
0.7255
0.72772
0.7166
0.72602
0.72064
0.71964
0.72248
0.7215
0.70846
0.71122
0.72252
0.72168
0.72148
0.71764
0.72492
0.7265
0.71756
0.71534
0.7237
0.72272
0.72546
0.7221
0.71924
0.73006
0.72968
0.72362
0.72876
0.72612
0.73504
0.73024
0.73504
0.72786
0.72582
0.72218
0.72798
0.72054
0.71712
0.72396
0.72872
0.72534
0.72666
0.71942
0.72204
0.71812
0.72644
0.7276
0.7383
0.72026
0.72184
0.71664
0.7289
0.72148
0.72454
0.7128
0.71116
0.71484
0.7192
0.71386
0.727
0.72378
0.72554
0.7243
0.72332
0.72276
0.72478
0.73394
0.72374
0.72302
0.72314
0.7241
0.72612
0.7206
0.7231
0.72052
0.71498
0.70906
0.71378
0.7144
0.70862
0.71682
0.7124
0.72176
0.72576
0.72912
0.71014
0.71512
0.72142
0.72112
0.7171
0.72582
0.72476
0.72316
0.72848
0.728
0.7256
0.72584
0.73254
0.7259
0.72478
0.72178
0.72818
0.72922
0.727
0.7175
0.7286
0.7259
0.7137
0.72188
0.71864
0.72312
0.72264
0.7263
0.71958
0.71838
0.71894
0.72704
0.73226
0.73758
0.74252
0.72882
0.72506
0.72618
0.7337
0.73184
0.72086
0.73592
0.72546
0.73078
0.72592
0.72438
0.73252
0.73098
0.72322
0.72704
0.7279
0.72122
0.72464
0.72254
0.73024
0.71284
0.7246
0.71216
0.71634
0.72438
0.72004
0.72862
0.7146
0.7162
0.72846
0.73508
0.73372
0.73446
0.72304
0.735
0.7331
0.72306
0.72852
0.73712
0.73774
0.73678
0.73486
0.72842
0.73364
0.7348
0.7294
0.72724
0.72008
0.7294
0.7314
0.73036
0.72132
0.72076
0.72744
0.72476
0.71988
0.71884
0.72262
0.72532
0.7279
0.72474
0.7272
0.72474
0.73132
0.73674
0.7241
0.72436
0.73022
0.73094
0.71918
0.72206
0.72824
0.72904
0.72732
0.71192
0.7256
0.7253
0.7136
0.72204
0.73094
0.72632
0.7245
0.73062
0.7322
0.73298
0.72908
0.72814
0.72682
0.72342
0.72746
0.72456
0.73182
0.72352
0.72378
0.71336
0.71688
0.71558
0.7201
0.72686
0.7296
0.71898
0.72128
0.72024
0.7212
0.71918
0.71978
0.73196
0.71986
0.71926
0.71638
0.71756
0.72178
0.72196
0.71812
0.7248
0.7196
0.71804
0.72062
0.72278
0.72304
0.72758
0.73418
0.7297
0.7183
0.7293
0.73038
0.72646
0.72444
0.72748
0.72378
0.73134
0.72604
0.7227
0.72228
0.71508
0.71772
0.72758
0.72458
0.73474
0.73082
0.73738
0.72194
0.71598
0.726
0.72636
0.72144
0.71572
0.71952
0.7171
0.71168
0.7125
0.72156
0.73162
0.73254
0.72578
0.72728
0.73048
0.72888
0.71916
0.72174
0.72702
0.72346
0.70786
0.7262
0.72684
0.72162
0.72358
0.72266
0.73508
0.73032
0.72044
0.72746
0.73106
0.72502
0.7305
0.7304
0.72904
0.73254
0.72656
0.7296
0.72696
0.72866
0.7318
0.732
0.73234
0.72992
0.73286
0.7284
0.72412
0.73018
0.72902
0.72034
0.72626
0.71844
0.71818
0.71804
0.72386
0.713
0.71628
0.7174
0.73102
0.72782
0.72318
0.73278
0.7296
0.73366
0.73552
0.73516
0.7281
0.72708
0.7295
0.72682
0.7231
0.72544
0.7258
0.71582
0.7226
0.72832
0.72854
0.72728
0.72142
0.7209
0.71442
0.72274
0.72006
0.72144
0.72732
0.72614
0.72732
0.72116
0.7186
0.71678
0.7221
0.72448
0.72152
0.72106
0.7232
0.72508
0.72352
0.72086
0.72718
0.73018
0.7212
0.73122
0.73096
0.73212
0.72128
0.71074
0.72082
0.72108
0.7228
0.7185
0.72444
0.72382
0.72892
0.72988
0.7225
0.72678
0.73102
0.71948
0.72238
0.72228
0.72384
0.72462
0.7222
0.71378
0.72846
0.72132
0.72776
0.72106
0.72306
0.72266
0.7247
0.72818
0.71742
0.72234
0.7237
0.7336
0.7284
0.7251
0.73306
0.72666
0.72508
0.7314
0.73396
0.73122
0.72448
0.72478
0.73194
0.73272
0.73072
0.7288
0.72234
0.72192
0.71988
0.72262
0.72724
0.72206
0.7192
0.72342
0.72774
0.7237
0.72762
0.72218
0.73316
0.7253
0.72474
0.72088
0.71732
0.7209
0.72878
0.73754
0.7363
0.7397
0.73504
0.72558
0.72492
0.72732
0.72896
0.73472
0.71854
0.73022
0.72556
0.72212
0.72806
0.7249
0.7174
0.7224
0.71478
0.71594
0.71704
0.72458
0.71964
0.72118
0.7206
0.7278
0.7287
0.72826
0.73088
0.71698
0.72588
0.71534
0.72526
0.72596
0.7142
0.71978
0.72682
0.72708
0.72076
0.7264
0.72804
0.71706
0.71614
0.73014
0.72362
0.72314
0.71962
0.7185
0.72376
0.72292
0.73174
0.72724
0.72402
0.7233
0.73168
0.72562
0.72752
0.71904
0.72064
0.73084
0.7324
0.73308
0.73028
0.72778
0.72238
0.72102
0.72294
0.71628
0.7048
0.72032
0.72394
0.73114
0.72484
0.72442
0.72316
0.73428
0.7238
0.734
0.72696
0.73196
0.72764
0.71838
0.71654
0.71662
0.71852
0.71454
0.7203
0.72292
0.72364
0.73044
0.72168
0.72094
0.7303
0.72316
0.7276
0.72446
0.73316
0.7263
0.72432
0.7142
0.72146
0.73314
0.7385
0.72854
0.72358
0.72372
0.72856
0.72928
0.72612
0.73322
0.7274
0.7196
0.73132
0.7247
0.7249
0.72462
0.7128
0.7154
0.73446
0.72964
0.72674
0.72332
0.72392
0.72974
0.73098
0.7183
0.72638
0.73154
0.73676
0.72494
0.72302
0.72506
0.71952
0.72414
0.721
0.72658
0.72136
0.72222
0.7264
0.72004
0.72102
0.72376
0.72324
0.71918
0.71576
0.72158
0.72328
0.72096
0.71558
0.7314
0.7296
0.73024
0.72498
0.73098
0.72114
0.72448
0.72398
0.72276
0.7423
0.73264
0.7414
0.73082
0.72824
0.70672
0.72458
0.72104
0.73002
0.72118
0.72582
0.7238
0.72102
0.72548
0.72582
0.72434
0.71574
0.71492
0.7155
0.72356
0.72056
0.72812
0.7339
0.73014
0.72582
0.72232
0.71858
0.7181
0.718
0.71496
0.7093
0.70084
0.70798
0.7183
0.72178
0.7218
0.73494
0.73154
0.7133
0.7171
0.71818
0.72204
0.7218
0.71528
0.71978
0.71756
0.72166
0.72552
0.71702
0.71546
0.71762
0.71954
0.72944
0.72086
0.73282
0.73182
0.72718
0.72244
0.72134
0.72046
0.72094
0.71544
0.70904
0.72154
0.72244
0.73104
0.72902
0.73326
0.72918
0.73058
0.73852
0.73232
0.72528
0.72394
0.72512
0.7163
0.71946
0.72328
0.7274
0.7262
0.72686
0.73068
0.72482
0.71626
0.72108
0.72468
0.7238
0.72774
0.72932
0.73268
0.7217
0.72914
0.72618
0.71876
0.71508
0.71888
0.72338
0.7281
0.71514
0.72426
0.7328
0.73198
0.72942
0.72216
0.71994
0.7227
0.72376
0.7132
0.72232
0.71792
0.71472
0.70858
0.72258
0.71582
0.71038
0.71152
0.72372
0.71808
0.72014
0.73006
0.72432
0.72888
0.7214
0.72176
0.72206
0.7166
0.714
0.72474
0.72916
0.7322
0.73914
0.73068
0.73252
0.73076
0.72926
0.7196
0.7337
0.72884
0.72618
0.72392
0.7215
0.72138
0.7145
0.71874
0.7207
0.71732
0.72656
0.71556
0.72504
0.73002
0.7257
0.7227
0.72194
0.71984
0.71302
0.71808
0.72094
0.7262
0.72756
0.71638
0.71468
0.72764
0.72006
0.72698
0.72922
0.72606
0.71686
0.7129
0.70994
0.71062
0.72702
0.7283
0.73114
0.7323
0.72226
0.72306
0.7246
0.7244
0.72128
0.71342
0.71332
0.73118
0.72494
0.72712
0.72656
0.72558
0.71914
0.73504
0.7243
0.72994
0.73728
0.73302
0.7286
0.72172
0.72636
0.7251
0.72964
0.72832
0.732
0.72482
0.72554
0.72012
0.7218
0.71012
0.71506
0.71806
0.71796
0.72278
0.73692
0.72832
0.72824
0.7227
0.72326
0.71648
0.72074
0.72414
0.70724
0.7125
0.72206
0.72152
0.71698
0.719
0.72016
0.71886
0.72502
0.70804
0.7194
0.7254
0.71806
0.72506
0.7204
0.71902
0.7223
0.72546
0.72286
0.72478
0.7287
0.7288
0.7268
0.7316
0.73138
0.71964
0.72258
0.72628
0.72644
0.72772
0.73082
0.73516
0.73002
0.72066
0.71796
0.72014
0.72294
0.71944
0.72434
0.7253
0.72778
0.73004
0.73524
0.73654
0.73332
0.72678
0.72624
0.72106
0.72194
0.7273
0.72214
0.725
0.72044
0.71402
0.70974
0.7168
0.72896
0.72604
0.72376
0.72352
0.7319
0.73008
0.7285
0.71896
0.72684
0.7257
0.72266
0.72062
0.7102
0.72168
0.72368
0.71816
0.73216
0.72672
0.7316
0.72828
0.72208
0.7194
0.72188
0.7309
0.72644
0.72138
0.71788
0.71842
0.7162
0.7187
0.71562
0.71588
0.72646
0.7257
0.7265
0.71904
0.72032
0.72578
0.73556
0.72134
0.71972
0.72418
0.71656
0.71474
0.7172
0.71048
0.70568
0.71716
0.72724
0.72752
0.7217
0.72098
0.72364
0.73148
0.73266
0.7259
0.73282
0.7225
0.7207
0.71604
0.72232
0.72466
0.72526
0.71734
0.72396
0.729
0.72446
0.72774
0.72736
0.71166
0.7215
0.7287
0.7297
0.72848
0.7254
0.71824
0.72436
0.72378
0.72924
0.72576
0.72182
0.73442
0.73002
0.72398
0.72968
0.72918
0.72376
0.71766
0.71826
0.72032
0.72198
0.72322
0.73322
0.72106
0.7276
0.72266
0.71536
0.72214
0.72056
0.73698
0.72616
0.72372
0.72932
0.7304
0.71798
0.72746
0.7313
0.73252
0.72616
0.72898
0.7237
0.71754
0.7236
0.72218
0.72722
0.73708
0.73622
0.73076
0.725
0.7206
0.72594
0.72418
0.71586
0.71862
0.71888
0.71878
0.71828
0.7152
0.70892
0.71126
0.71328
0.70522
0.7201
0.7224
0.72882
0.7282
0.72786
0.72562
0.71924
0.7239
0.72264
0.71798
0.725
0.72212
0.7336
0.72484
0.72116
0.73926
0.72884
0.73206
0.7236
0.73028
0.72634
0.72322
0.72432
0.73116
0.72326
0.7187
0.71894
0.7222
0.72456
0.7319
0.72594
0.72478
0.71814
0.72034
0.72192
0.72688
0.7272
0.7288
0.7311
0.73726
0.7241
0.72066
0.7233
0.73058
0.7286
0.73008
0.72168
0.721
0.73214
0.73374
0.73254
0.72794
0.73074
0.72976
0.7306
0.72298
0.71446
0.72258
0.7209
0.71578
0.71724
0.72182
0.72662
0.72194
0.7248
0.7286
0.72192
0.73082
0.7205
0.72042
0.71588
0.71492
0.71482
0.71402
0.7149
0.72606
0.72408
0.72642
0.72352
0.72548
0.72088
0.72012
0.72296
0.72186
0.71836
0.7198
0.72738
0.72984
0.7307
0.72494
0.72722
0.72
0.7229
0.7198
0.72608
0.72516
0.72554
0.71906
0.70972
0.70814
0.7152
0.7113
0.70978
0.71562
0.7265
0.72482
0.72374
0.71526
0.72118
0.72042
0.73386
0.7309
0.729
0.73084
0.73362
0.72732
0.7343
0.7256
0.71922
0.72276
0.7215
0.72512
0.728
0.72626
0.72818
0.71962
0.71892
0.7218
0.73088
0.73316
0.72618
0.72722
0.72468
0.72838
0.73126
0.73374
0.72094
0.72168
0.72994
0.73048
0.72674
0.72436
0.72432
0.73138
0.7351
0.73964
0.72842
0.73028
0.73258
0.72692
0.73176
0.72558
0.72496
0.72398
0.73346
0.73346
0.73112
0.73456
0.72178
0.72334
0.72522
0.7261
0.7227
0.73926
0.73652
0.73002
0.73506
0.7156
0.72562
0.72536
0.71974
0.72554
0.72812
0.72682
0.71252
0.71568
0.72896
0.72872
0.73748
0.7373
0.73068
0.72074
0.72432
0.72788
0.72592
0.732
0.72096
0.7188
0.7164
0.71812
0.71968
0.72718
0.73614
0.73506
0.73162
0.72792
0.722
0.73032
0.72616
0.72322
0.72078
0.72268
0.72346
0.73038
0.728
0.73212
0.72266
0.7216
0.72446
0.72814
0.72866
0.72788
0.71696
0.72774
0.71574
0.72128
0.72588
0.72004
0.7232
0.71568
0.72536
0.72474
0.7214
0.72712
0.72974
0.72424
0.72696
0.73018
0.7277
0.73192
0.72998
0.72192
0.72104
0.7296
0.72342
0.71534
0.72356
0.7269
0.73008
0.73048
0.7288
0.72588
0.72332
0.71326
0.73094
0.72314
0.71938
0.71428
0.71906
0.72708
0.72926
0.72672
0.7314
0.72332
0.7258
0.72888
0.7276
0.72696
0.72188
0.71642
0.7176
0.71996
0.72716
0.72024
0.72592
0.73018
0.72442
0.73394
0.73368
0.7304
0.71908
0.7178
0.71924
0.71614
0.72508
0.72988
0.74412
0.737
0.7289
0.72708
0.72394
0.72264
0.71322
0.72032
0.73022
0.73704
0.72818
0.73068
0.7218
0.72444
0.7253
0.7165
0.71154
0.70898
0.72032
0.72292
0.7259
0.72794
0.7164
0.71984
0.72486
0.73066
0.72134
0.72084
0.72238
0.71694
0.72028
0.71114
0.72114
0.7263
0.72032
0.72588
0.7221
0.72662
0.72304
0.7184
0.72272
0.71816
0.72368
0.72994
0.73854
0.72794
0.72858
0.72734
0.73082
0.72464
0.72298
0.73218
0.72542
0.72944
0.72384
0.72304
0.72904
0.72304
0.73172
0.72798
0.72144
0.72402
0.73016
0.72532
0.7364
0.73766
0.73422
0.7236
0.71168
0.71092
0.71582
0.71764
0.72996
0.73608
0.72614
0.7318
0.7255
0.72804
0.72828
0.73266
0.72138
0.72748
0.71642
0.72414
0.72508
0.73052
0.72112
0.72548
0.71732
0.72102
0.72632
0.72586
0.72402
0.72402
0.7304
0.71394
0.72118
0.72268
0.72586
0.72994
0.72476
0.7276
0.72964
0.72736
0.7218
0.72754
0.72782
0.73656
0.73266
0.72278
0.7223
0.71562
0.71344
0.71688
0.71406
0.72578
0.72554
0.72444
0.73174
0.7364
0.73008
0.73562
0.72042
0.72616
0.71854
0.7256
0.72292
0.71662
0.71672
0.72042
0.72616
0.71658
0.72258
0.71622
0.71526
0.7137
0.71782
0.72864
0.74038
0.72658
0.7187
0.72776
0.72648
0.72924
0.73068
0.72658
0.7327
0.72828
0.71914
0.71742
0.71054
0.71642
0.72122
0.72442
0.72142
0.7189
0.72564
0.72056
0.72546
0.72414
0.72458
0.72836
0.73166
0.72558
0.73268
0.72748
0.73106
0.7221
0.72762
0.72434
0.72688
0.72874
0.73068
0.72086
0.71384
0.71922
0.7284
0.74148
0.73462
0.73282
0.72732
0.72172
0.7241
0.72508
0.73218
0.7253
0.72374
0.72786
0.72624
0.72576
0.71846
0.72906
0.73324
0.72724
0.72206
0.7299
0.73318
0.72562
0.72734
0.72544
0.72314
0.73178
0.7189
0.717
0.72844
0.73386
0.73754
0.72832
0.73062
0.7262
0.72178
0.71966
0.72546
0.7265
0.72784
0.72778
0.72892
0.72534
0.7237
0.71686
0.72746
0.72368
0.72458
0.71976
0.72444
0.72548
0.72782
0.72466
0.72606
0.71346
0.70266
0.70474
0.72182
0.72476
0.72798
0.72676
0.73396
0.7302
0.72252
0.72352
0.71764
0.72562
0.73348
0.7286
0.7223
0.72514
0.73234
0.72324
0.7177
0.71812
0.72148
0.71686
0.7241
0.72756
0.71938
0.72216
0.71672
0.73494
0.72648
0.72522
0.71944
0.72502
0.72774
0.72458
0.73016
0.7305
0.72336
0.72818
0.72584
0.72742
0.7298
0.72886
0.72608
0.72448
0.72902
0.7327
0.72652
0.72524
0.72758
0.72422
0.72504
0.73758
0.72494
0.72734
0.73398
0.7268
0.7298
0.7288
0.73
0.72996
0.72248
0.7154
0.72038
0.72368
0.71994
0.72554
0.72796
0.72684
0.72184
0.7285
0.71632
0.7261
0.72578
0.72148
0.72524
0.71306
0.71762
0.72636
0.72104
0.72204
0.71838
0.71376
0.7193
0.714
0.71192
0.72686
0.72526
0.7259
0.71552
0.72734
0.72472
0.72722
0.7247
0.73204
0.72502
0.72232
0.7302
0.72418
0.71454
0.71512
0.72006
0.72806
0.73084
0.7343
0.72976
0.71946
0.70688
0.70838
0.71278
0.71922
0.72292
0.72864
0.72752
0.73384
0.72436
0.72716
0.72094
0.72198
0.72076
0.72968
0.73054
0.7297
0.73708
0.73706
0.73246
0.73178
0.72512
0.72544
0.72736
0.71936
0.71444
0.72046
0.71648
0.73524
0.72926
0.7178
0.72776
0.72862
0.71954
0.72084
0.71804
0.72686
0.7202
0.71848
0.7182
0.72184
0.72356
0.7243
0.72064
0.72982
0.72418
0.72706
0.73092
0.7294
0.71306
0.72006
0.7189
0.72762
0.72212
0.72818
0.7296
0.73534
0.72688
0.7294
0.7237
0.72262
0.72602
0.72058
0.72488
0.7219
0.72234
0.72038
0.71794
0.71698
0.72328
0.71612
0.7275
0.71718
0.72416
0.71852
0.71476
0.7273
0.7204
0.73222
0.72994
0.73926
0.72378
0.72696
0.7155
0.72252
0.72504
0.72742
0.7339
0.73106
0.72428
0.7172
0.71444
0.71692
0.71478
0.71196
0.71128
0.71906
0.72442
0.72306
0.71508
0.72146
0.70992
0.72068
0.73508
0.73206
0.7388
0.72664
0.72976
0.72566
0.72672
0.71762
0.72652
0.72838
0.73208
0.72064
0.72644
0.7233
0.72316
0.72146
0.72582
0.7266
0.72726
0.73222
0.7302
0.72332
0.71728
0.71758
0.72428
0.73016
0.73102
0.73362
0.72154
0.72718
0.7317
0.73962
0.7265
0.7284
0.72852
0.71726
0.71768
0.71822
0.722
0.72752
0.72638
0.72638
0.72156
0.72384
0.72504
0.71842
0.72276
0.7108
0.7188
0.71958
0.73414
0.73974
0.7396
0.73858
0.72286
0.72906
0.7231
0.72108
0.71622
0.72204
0.71576
0.7187
0.7227
0.72142
0.72636
0.73188
0.7301
0.72746
0.71798
0.71958
0.72542
0.73142
0.7238
0.71958
0.71794
0.72354
0.71712
0.7271
0.73298
0.7269
0.7178
0.7253
0.7304
0.73252
0.73924
0.72816
0.72998
0.73614
0.72728
0.72972
0.7254
0.71824
0.71964
0.72418
0.73074
0.73016
0.72688
0.7324
0.7294
0.72492
0.72976
0.72646
0.73152
0.72506
0.71928
0.71322
0.72618
0.72494
0.71868
0.7112
0.7193
0.7255
0.72496
0.73342
0.72988
0.7293
0.73154
0.74162
0.73312
0.74556
0.73158
0.73134
0.72892
0.72714
0.71578
0.7137
0.7177
0.71834
0.7215
0.7048
0.71888
0.7157
0.71762
0.73244
0.72574
0.7226
0.7262
0.72928
0.73428
0.73154
0.72858
0.71446
0.72452
0.72806
0.7319
0.73214
0.73112
0.72378
0.72802
0.72586
0.73136
0.73564
0.7285
0.72822
0.71956
0.72708
0.7308
0.7251
0.72394
0.72192
0.72318
0.73016
0.71726
0.7101
0.71802
0.72484
0.72206
0.72532
0.72464
0.72338
0.7167
0.71984
0.71494
0.7191
0.72136
0.71312
0.71598
0.72358
0.7134
0.72048
0.7277
0.72008
0.71676
0.72298
0.71996
0.7158
0.71752
0.72494
0.72358
0.72058
0.7186
0.71918
0.72164
0.73436
0.72172
0.72186
0.72092
0.7278
0.71908
0.71428
0.72028
0.73238
0.72346
0.73012
0.71852
0.7154
0.7243
0.71524
0.72428
0.7249
0.73796
0.73256
0.72336
0.7241
0.72564
0.72194
0.7284
0.72344
0.72552
0.73356
0.73022
0.73604
0.7403
0.728
0.73458
0.73262
0.73014
0.73268
0.72894
0.7254
0.71934
0.726
0.7304
0.72466
0.72344
0.7257
0.72908
0.72604
0.7315
0.72408
0.73386
0.7318
0.7144
0.70768
0.7206
0.73158
0.72026
0.71204
0.72096
0.7233
0.73044
0.72348
0.72224
0.71716
0.73106
0.7226
0.71702
0.72238
0.7276
0.71918
0.7212
0.72636
0.72118
0.73256
0.73586
0.72826
0.72536
0.72678
0.72912
0.71694
0.72104
0.72756
0.72484
0.72588
0.72494
0.72572
0.71786
0.72058
0.7244
0.71272
0.70744
0.71632
0.71576
0.72334
0.71906
0.71564
0.71876
0.71912
0.715
0.71404
0.72382
0.72154
0.7181
0.71844
0.72116
0.7269
0.71584
0.72428
0.72256
0.7333
0.73742
0.7299
0.73434
0.73342
0.73836
0.72442
0.72328
0.72962
0.71836
0.73486
0.7271
0.72954
0.72732
0.72174
0.72872
0.73404
0.73374
0.73502
0.72474
0.71176
0.71866
0.7231
0.723
0.7253
0.72694
0.72774
0.73196
0.7224
0.73064
0.73398
0.73406
0.72152
0.72136
0.72844
0.73104
0.7236
0.7215
0.72536
0.71924
0.72062
0.72166
0.7155
0.70912
0.72068
0.7239
0.7174
0.715
0.70884
0.7257
0.71714
0.71368
0.72002
0.72728
0.72104
0.72494
0.72708
0.73798
0.7291
0.73674
0.73642
0.72988
0.72026
0.7259
0.73032
0.73242
0.72996
0.72074
0.72228
0.71622
0.71546
0.72154
0.72486
0.72502
0.72114
0.72732
0.73364
0.72208
0.7183
0.72766
0.7273
0.71628
0.72702
0.72204
0.71944
0.73254
0.72838
0.7266
0.72484
0.73412
0.72514
0.71688
0.72524
0.7172
0.71704
0.71838
0.71822
0.71458
0.72812
0.71798
0.7294
0.72096
0.71932
0.7273
0.72664
0.7149
0.72248
0.72094
0.72504
0.71676
0.71588
0.72292
0.733
0.73206
0.72674
0.71984
0.71882
0.7167
0.716
0.72694
0.71836
0.73804
0.73222
0.7355
0.73944
0.73248
0.73348
0.73222
0.7336
0.73272
0.73476
0.73492
0.73242
0.73368
0.72252
0.70806
0.71798
0.7197
0.7201
0.71378
0.72134
0.72482
0.7391
0.73132
0.72886
0.73698
0.73214
0.73344
0.7398
0.73582
0.73538
0.72988
0.721
0.71488
0.71496
0.72186
0.73042
0.73136
0.73228
0.7331
0.72926
0.71886
0.72264
0.73666
0.73364
0.73094
0.72718
0.72564
0.71846
0.72668
0.71724
0.72414
0.72156
0.71096
0.72506
0.72174
0.7255
0.72374
0.72162
0.7292
0.72956
0.73204
0.7307
0.72364
0.72744
0.7323
0.72626
0.7269
0.7263
0.7295
0.72366
0.72428
0.72208
0.72752
0.72848
0.73354
0.74264
0.73484
0.74218
0.7409
0.7319
0.72324
0.72854
0.7266
0.72998
0.72608
0.72156
0.72362
0.71386
0.7155
0.71918
0.71672
0.72534
0.73284
0.7296
0.72232
0.72494
0.7282
0.72644
0.72546
0.7235
0.72434
0.73372
0.72516
0.72728
0.72268
0.72366
0.72268
0.72516
0.72206
0.72316
0.72506
0.72932
0.72956
0.72582
0.73386
0.7328
0.7294
0.7319
0.7366
0.73854
0.73154
0.73286
0.72694
0.73222
0.7247
0.71704
0.72616
0.72426
0.72328
0.72678
0.71704
0.72074
0.72604
0.72842
0.72106
0.72988
0.73948
0.73598
0.73546
0.73458
0.7262
0.72192
0.7358
0.73412
0.73824
0.72698
0.72514
0.7234
0.71268
0.71364
0.722
0.72
0.71834
0.72612
0.72972
0.7289
0.71938
0.71724
0.71558
0.71748
0.7192
0.71846
0.7232
0.71794
0.71744
0.71948
0.72142
0.7233
0.72068
0.7239
0.72652
0.72646
0.72746
0.72246
0.72006
0.71432
0.71956
0.72312
0.71608
0.71952
0.7247
0.7253
0.7264
0.71784
0.72034
0.71738
0.72348
0.73298
0.7207
0.7303
0.72476
0.72766
0.71928
0.72608
0.72498
0.72358
0.73014
0.72866
0.7265
0.71656
0.71036
0.72062
0.7107
0.71888
0.73248
0.72736
0.72322
0.72424
0.72362
0.72186
0.7261
0.73572
0.7338
0.7299
0.7216
0.7269
0.72896
0.72594
0.72344
0.72122
0.7222
0.72186
0.722
0.71856
0.73414
0.72062
0.73044
0.72914
0.73168
0.73644
0.72444
0.7261
0.73184
0.732
0.72986
0.72802
0.7264
0.72756
0.72964
0.72588
0.73036
0.7283
0.72564
0.72348
0.7256
0.72774
0.72026
0.71558
0.7134
0.72802
0.72002
0.7185
0.72554
0.72652
0.72868
0.71892
0.7221
0.72328
0.7205
0.72358
0.72356
0.71636
0.72176
0.72432
0.71982
0.72352
0.7234
0.71044
0.71628
0.73436
0.72928
0.73172
0.73752
0.73642
0.7271
0.73138
0.74046
0.73748
0.73152
0.72586
0.72188
0.73536
0.7297
0.7231
0.72454
0.72892
0.72288
0.7352
0.7346
0.73108
0.72932
0.7167
0.7324
0.73834
0.73118
0.7263
0.7338
0.73226
0.75042
0.73774
0.72866
0.72706
0.72778
0.72678
0.72596
0.7195
0.72402
0.71932
0.71936
0.71956
0.72646
0.7275
0.72506
0.72976
0.72372
0.73472
0.71838
0.72044
0.72876
0.72364
0.72042
0.72188
0.7199
0.72516
0.72436
0.72618
0.72222
0.71672
0.72074
0.71668
0.72924
0.73768
0.72264
0.72418
0.71388
0.73288
0.72844
0.72822
0.72198
0.71254
0.7155
0.72114
0.72578
0.72414
0.71584
0.70928
0.727
0.72396
0.7282
0.7264
0.7233
0.72172
0.72592
0.72286
0.72628
0.72644
0.73002
0.72732
0.73036
0.71946
0.71948
0.7155
0.72086
0.72918
0.725
0.715
0.71684
0.71718
0.71982
0.71966
0.71358
0.7265
0.72856
0.7275
0.71778
0.73118
0.72478
0.72292
0.71812
0.71846
0.7251
0.71572
0.7275
0.71346
0.71042
0.70872
0.71602
0.7241
0.72154
0.72444
0.72946
0.72696
0.71936
0.73054
0.7219
0.72768
0.7286
0.73324
0.72002
0.7275
0.73082
0.72918
0.7346
0.72712
