-0.06528
-0.0704
-0.06512
-0.0647
-0.0699
-0.07904
-0.07166
-0.06476
-0.06944
-0.06798
-0.07144
-0.06168
-0.05704
-0.07
-0.07928
-0.06476
-0.07168
-0.06678
-0.06124
-0.0639
-0.07078
-0.0668
-0.06286
-0.0696
-0.06154
-0.07608
-0.06552
-0.05652
-0.07538
-0.0889
-0.07528
-0.06722
-0.06312
-0.07598
-0.07564
-0.0709
-0.05726
-0.0594
-0.05626
-0.04844
-0.05878
-0.06502
-0.07794
-0.07422
-0.06566
-0.0689
-0.0693
-0.05542
-0.07948
-0.07176
-0.07162
-0.07922
-0.07048
-0.05232
-0.07838
-0.0682
-0.0814
-0.0595
-0.05762
-0.07356
-0.06428
-0.07744
-0.07354
-0.07
-0.06844
-0.07228
-0.07198
-0.0623
-0.0723
-0.07094
-0.06264
-0.0709
-0.07734
-0.08118
-0.06726
-0.06304
-0.07556
-0.07298
-0.07354
-0.0746
-0.07812
-0.07938
-0.07304
-0.0687
-0.08764
-0.07158
-0.07424
-0.07102
-0.0719
-0.0713
-0.06858
-0.06912
-0.06612
-0.0634
-0.08496
-0.07252
-0.06066
-0.0661
-0.06102
-0.05474
-0.07686
-0.082
-0.07386
-0.07194
-0.08012
-0.0694
-0.0786
-0.0704
-0.0701
-0.07134
-0.06936
-0.05558
-0.06822
-0.06818
-0.06648
-0.0599
-0.06526
-0.07464
-0.07816
-0.07126
-0.0713
-0.06276
-0.06754
-0.08052
-0.05906
-0.06022
-0.05674
-0.0581
-0.06396
-0.06462
-0.06514
-0.06362
-0.07508
-0.06016
-0.0726
-0.0746
-0.06618
-0.06142
-0.05912
-0.06776
-0.08216
-0.08502
-0.07368
-0.0737
-0.0778
-0.05904
-0.0628
-0.06814
-0.06944
-0.07924
-0.07886
-0.066
-0.07102
-0.08154
-0.07214
-0.07208
-0.07198
-0.05456
-0.06594
-0.06452
-0.05572
-0.06844
-0.05456
-0.08004
-0.06704
-0.06332
-0.0554
-0.0675
-0.06412
-0.06434
-0.05858
-0.06584
-0.07208
-0.07342
-0.07196
-0.08808
-0.08782
-0.0709
-0.0656
-0.06728
-0.0654
-0.0622
-0.06212
-0.07748
-0.06668
-0.07388
-0.07126
-0.07096
-0.06144
-0.05922
-0.07528
-0.06946
-0.07276
-0.0704
-0.06786
-0.08462
-0.07302
-0.06732
-0.0802
-0.0753
-0.0553
-0.06914
-0.06106
-0.06588
-0.07892
-0.07076
-0.09002
-0.08236
-0.07186
-0.06884
-0.07122
-0.06294
-0.0666
-0.0682
-0.08008
-0.07578
-0.07716
-0.0736
-0.06622
-0.07034
-0.0812
-0.0664
-0.07156
-0.06662
-0.07708
-0.06722
-0.08456
-0.0713
-0.06706
-0.06966
-0.06914
-0.0814
-0.07056
-0.0567
-0.05978
-0.0669
-0.06902
-0.07254
-0.07898
-0.07166
-0.07114
-0.07992
-0.07236
-0.07496
-0.05232
-0.06516
-0.05236
-0.07134
-0.06454
-0.0682
-0.06612
-0.05986
-0.0707
-0.05704
-0.06214
-0.06892
-0.06902
-0.07058
-0.06308
-0.07362
-0.07168
-0.0674
-0.06658
-0.0718
-0.07482
-0.06538
-0.07256
-0.06816
-0.06148
-0.07038
-0.07258
-0.0733
-0.06866
-0.06066
-0.0783
-0.08238
-0.08216
-0.06846
-0.07426
-0.06768
-0.0656
-0.05992
-0.07446
-0.0691
-0.06156
-0.06934
-0.05752
-0.07094
-0.07974
-0.06236
-0.06826
-0.07244
-0.06682
-0.05994
-0.0748
-0.07178
-0.06528
-0.07328
-0.0682
-0.07438
-0.07058
-0.07062
-0.06756
-0.064
-0.08072
-0.0743
-0.0781
-0.06838
-0.07514
-0.07586
-0.057
-0.07436
-0.06078
-0.06172
-0.07028
-0.07318
-0.06676
-0.07548
-0.0653
-0.05724
-0.06852
-0.05968
-0.07056
-0.06558
-0.0786
-0.0701
-0.06504
-0.07348
-0.07028
-0.05822
-0.07896
-0.07594
-0.07864
-0.0745
-0.0885
-0.07502
-0.07114
-0.06966
-0.069
-0.06174
-0.06928
-0.0669
-0.0721
-0.06642
-0.06942
-0.0596
-0.06914
-0.07852
-0.06758
-0.08368
-0.07922
-0.07188
-0.06554
-0.07814
-0.06306
-0.07204
-0.05436
-0.0739
-0.06304
-0.06658
-0.0773
-0.08152
-0.07354
-0.0692
-0.0704
-0.07048
-0.0778
-0.06412
-0.06416
-0.0634
-0.07218
-0.06938
-0.08112
-0.07116
-0.07786
-0.06448
-0.05518
-0.06372
-0.07438
-0.08162
-0.09086
-0.06702
-0.07344
-0.08608
-0.07874
-0.06592
-0.06686
-0.05218
-0.05642
-0.06484
-0.0743
-0.05844
-0.05068
-0.06296
-0.07786
-0.07974
-0.06754
-0.08104
-0.0635
-0.06426
-0.0665
-0.05796
-0.06646
-0.0694
-0.0768
-0.07774
-0.06492
-0.06984
-0.06994
-0.06596
-0.07476
-0.05582
-0.06564
-0.07074
-0.07946
-0.0621
-0.06904
-0.07308
-0.0707
-0.06958
-0.06378
-0.07054
-0.08114
-0.07746
-0.06584
-0.06564
-0.0624
-0.06766
-0.07178
-0.07462
-0.07912
-0.0766
-0.06542
-0.06438
-0.06658
-0.07146
-0.07596
-0.0711
-0.07822
-0.07212
-0.07236
-0.0682
-0.065
-0.07034
-0.07364
-0.07234
-0.07292
-0.0721
-0.07262
-0.07114
-0.07364
-0.0713
-0.06754
-0.07238
-0.07686
-0.06908
-0.07644
-0.07674
-0.07506
-0.08202
-0.06236
-0.0679
-0.05578
-0.05802
-0.071
-0.06202
-0.06498
-0.05994
-0.06976
-0.08502
-0.09054
-0.07276
-0.06114
-0.0731
-0.07674
-0.05826
-0.06798
-0.07486
-0.06646
-0.08292
-0.07784
-0.07116
-0.05788
-0.07618
-0.07888
-0.07766
-0.0763
-0.07628
-0.06294
-0.06744
-0.08214
-0.08008
-0.09208
-0.07154
-0.07452
-0.06782
-0.06176
-0.0731
-0.0703
-0.08166
-0.06142
-0.07228
-0.07402
-0.069
-0.06886
-0.07336
-0.06298
-0.06356
-0.06512
-0.0565
-0.0651
-0.0603
-0.06658
-0.06806
-0.0711
-0.06714
-0.06414
-0.07708
-0.06796
-0.07758
-0.07192
-0.06064
-0.06736
-0.06592
-0.06568
-0.07356
-0.0792
-0.06532
-0.07814
-0.07048
-0.07682
-0.07164
-0.064
-0.06508
-0.07428
-0.08128
-0.06726
-0.05964
-0.05614
-0.07574
-0.06948
-0.06988
-0.06686
-0.05944
-0.0517
-0.06678
-0.0697
-0.0693
-0.07058
-0.0686
-0.07316
-0.08716
-0.07012
-0.05752
-0.06876
-0.07596
-0.0708
-0.06998
-0.06478
-0.07572
-0.07132
-0.08092
-0.07774
-0.07112
-0.07078
-0.0764
-0.07038
-0.06282
-0.07876
-0.06888
-0.0711
-0.06584
-0.0721
-0.0653
-0.0752
-0.0656
-0.06734
-0.0801
-0.07614
-0.07468
-0.08266
-0.07638
-0.07744
-0.07822
-0.06836
-0.06258
-0.06784
-0.08232
-0.07628
-0.0565
-0.06726
-0.06646
-0.06496
-0.07266
-0.07384
-0.07648
-0.06354
-0.0637
-0.07202
-0.06874
-0.0607
-0.06586
-0.07732
-0.081
-0.05798
-0.06578
-0.06346
-0.07062
-0.06614
-0.07064
-0.06272
-0.04834
-0.04596
-0.05706
-0.06488
-0.05664
-0.0654
-0.06448
-0.07892
-0.06856
-0.07756
-0.07338
-0.06314
-0.07038
-0.08618
-0.08032
-0.0744
-0.07528
-0.0806
-0.06218
-0.06964
-0.07132
-0.0681
-0.07912
-0.0911
-0.0753
-0.07304
-0.06736
-0.05726
-0.06384
-0.0701
-0.0708
-0.07934
-0.06716
-0.06696
-0.0739
-0.0818
-0.0812
-0.08144
-0.07878
-0.07536
-0.07414
-0.07338
-0.07146
-0.07688
-0.07366
-0.0567
-0.06826
-0.07666
-0.0786
-0.07504
-0.07684
-0.07024
-0.06942
-0.07684
-0.0671
-0.07494
-0.0652
-0.07642
-0.0695
-0.07274
-0.0672
-0.07826
-0.07212
-0.0687
-0.06372
-0.07046
-0.06842
-0.06274
-0.0655
-0.08042
-0.06898
-0.05634
-0.07738
-0.07442
-0.0701
-0.07168
-0.06284
-0.05464
-0.07168
-0.05988
-0.07304
-0.06932
-0.05666
-0.07286
-0.08322
-0.07488
-0.07104
-0.0711
-0.06746
-0.07114
-0.06182
-0.07442
-0.07922
-0.06246
-0.06782
-0.06064
-0.06212
-0.0641
-0.06782
-0.06914
-0.0721
-0.08114
-0.07136
-0.07064
-0.06926
-0.07412
-0.0665
-0.0689
-0.06848
-0.0697
-0.06048
-0.06576
-0.07164
-0.06214
-0.06898
-0.07306
-0.07364
-0.0596
-0.0535
-0.06976
-0.06326
-0.06134
-0.0693
-0.07838
-0.06268
-0.0604
-0.0707
-0.07022
-0.0687
-0.07
-0.06502
-0.0559
-0.05754
-0.06224
-0.07124
-0.06368
-0.07078
-0.08204
-0.07474
-0.07934
-0.07886
-0.0715
-0.07368
-0.07014
-0.07062
-0.07282
-0.07262
-0.0827
-0.08284
-0.07784
-0.08204
-0.07886
-0.05876
-0.0711
-0.06768
-0.06928
-0.06112
-0.07814
-0.06808
-0.07654
-0.06774
-0.07956
-0.0883
-0.08182
-0.07534
-0.06802
-0.07862
-0.08482
-0.07656
-0.07632
-0.06424
-0.06764
-0.07348
-0.0672
-0.0785
-0.06742
-0.07018
-0.06198
-0.0642
-0.06828
-0.06974
-0.07256
-0.0616
-0.08034
-0.0839
-0.07912
-0.0779
-0.07658
-0.06856
-0.06358
-0.07204
-0.06614
-0.07464
-0.07904
-0.06842
-0.05262
-0.064
-0.06962
-0.06022
-0.0735
-0.07148
-0.06558
-0.07036
-0.0709
-0.0713
-0.0729
-0.07798
-0.07022
-0.0737
-0.06858
-0.07826
-0.0754
-0.06878
-0.07452
-0.05694
-0.0555
-0.08358
-0.0734
-0.07146
-0.06734
-0.06484
-0.06936
-0.07156
-0.06664
-0.06566
-0.0662
-0.07772
-0.08298
-0.082
-0.07446
-0.07032
-0.06584
-0.07028
-0.07952
-0.07516
-0.07738
-0.06242
-0.05462
-0.0641
-0.05818
-0.07146
-0.0756
-0.0841
-0.07128
-0.07954
-0.0811
-0.08168
-0.0745
-0.0591
-0.06796
-0.07696
-0.0749
-0.07582
-0.08228
-0.08486
-0.09
-0.07182
-0.056
-0.06264
-0.07748
-0.06482
-0.06078
-0.0702
-0.07506
-0.08278
-0.08272
-0.0798
-0.06808
-0.05882
-0.0822
-0.06772
-0.0599
-0.08936
-0.0826
-0.0677
-0.08174
-0.07052
-0.06802
-0.06724
-0.05836
-0.06794
-0.05912
-0.07276
-0.07476
-0.07332
-0.06616
-0.06106
-0.07998
-0.06906
-0.0662
-0.07002
-0.06054
-0.06772
-0.0655
-0.0706
-0.08332
-0.08054
-0.07416
-0.07384
-0.07498
-0.07328
-0.06896
-0.06394
-0.06996
-0.0625
-0.06272
-0.0644
-0.05874
-0.0754
-0.06836
-0.06076
-0.06504
-0.06384
-0.06468
-0.07246
-0.08218
-0.06828
-0.06454
-0.0725
-0.06866
-0.07018
-0.07726
-0.07786
-0.07384
-0.07286
-0.07038
-0.07348
-0.07656
-0.0688
-0.0561
-0.07748
-0.06752
-0.05916
-0.06712
-0.07084
-0.06978
-0.07824
-0.06462
-0.06672
-0.07658
-0.07188
-0.06346
-0.05758
-0.0714
-0.07842
-0.07078
-0.06122
-0.07066
-0.0708
-0.07206
-0.06186
-0.06144
-0.05806
-0.05724
-0.06328
-0.0667
-0.06372
-0.0688
-0.08146
-0.07692
-0.06238
-0.06262
-0.06106
-0.07124
-0.0807
-0.07036
-0.07148
-0.05924
-0.0809
-0.07752
-0.07694
-0.06784
-0.0671
-0.07014
-0.069
-0.07372
-0.07412
-0.05944
-0.05306
-0.06984
-0.06806
-0.06766
-0.08016
-0.07468
-0.06452
-0.0739
-0.08266
-0.07082
-0.07628
-0.06556
-0.07238
-0.06796
-0.06972
-0.06268
-0.07844
-0.07346
-0.07514
-0.06932
-0.06782
-0.07008
-0.07538
-0.0635
-0.0663
-0.08004
-0.08042
-0.07206
-0.0879
-0.05834
-0.06716
-0.07528
-0.07506
-0.07608
-0.06946
-0.06762
-0.07464
-0.06428
-0.06248
-0.06408
-0.06288
-0.06482
-0.06746
-0.07214
-0.06938
-0.08002
-0.06
-0.06712
-0.06264
-0.05594
-0.07388
-0.07562
-0.07786
-0.0717
-0.0705
-0.06292
-0.06686
-0.07968
-0.07686
-0.0725
-0.06866
-0.07176
-0.0676
-0.06322
-0.06186
-0.0726
-0.06608
-0.08012
-0.07408
-0.06562
-0.07434
-0.06114
-0.0783
-0.06522
-0.07232
-0.05654
-0.06472
-0.07368
-0.07572
-0.07202
-0.06544
-0.0708
-0.072
-0.07162
-0.06124
-0.06484
-0.07066
-0.0758
-0.07974
-0.06324
-0.07134
-0.06556
-0.06762
-0.07386
-0.07498
-0.06912
-0.08296
-0.06298
-0.0764
-0.0759
-0.0688
-0.06118
-0.06142
-0.05708
-0.07384
-0.07316
-0.07524
-0.08076
-0.06216
-0.06906
-0.07494
-0.07542
-0.0854
-0.07258
-0.0636
-0.06954
-0.07744
-0.07446
-0.07142
-0.06696
-0.06988
-0.06702
-0.06376
-0.0778
-0.06484
-0.06302
-0.0766
-0.07446
-0.08486
-0.0808
-0.0768
-0.07604
-0.0769
-0.07796
-0.06214
-0.06312
-0.07534
-0.05484
-0.07602
-0.06752
-0.07252
-0.07548
-0.05716
-0.06774
-0.08162
-0.07966
-0.0815
-0.06794
-0.08374
-0.06414
-0.07146
-0.07378
-0.07048
-0.06602
-0.07986
-0.07516
-0.0732
-0.05856
-0.06702
-0.0751
-0.0573
-0.07542
-0.06012
-0.07342
-0.07014
-0.06632
-0.07576
-0.06832
-0.06698
-0.07408
-0.06988
-0.07724
-0.07544
-0.08138
-0.07062
-0.06006
-0.07114
-0.06902
-0.0699
-0.06522
-0.0682
-0.07134
-0.0618
-0.07006
-0.06608
-0.08106
-0.081
-0.08024
-0.07102
-0.07036
-0.06788
-0.0685
-0.0732
-0.06658
-0.05898
-0.0718
-0.06446
-0.07544
-0.05832
-0.06184
-0.06634
-0.07302
-0.06702
-0.06304
-0.0774
-0.0632
-0.07048
-0.076
-0.08256
-0.08822
-0.07572
-0.0662
-0.07036
-0.0765
-0.07176
-0.07054
-0.0668
-0.06864
-0.07152
-0.06986
-0.07816
-0.07056
-0.06168
-0.06642
-0.06366
-0.06766
-0.09422
-0.08594
-0.0734
-0.05318
-0.06474
-0.0699
-0.06906
-0.07794
-0.08078
-0.07458
-0.05978
-0.06512
-0.06864
-0.06816
-0.07428
-0.05792
-0.06782
-0.06814
-0.06366
-0.0579
-0.07516
-0.07688
-0.0687
-0.06556
-0.06686
-0.0589
-0.06354
-0.07408
-0.068
-0.08336
-0.06788
-0.08204
-0.07712
-0.066
-0.05722
-0.06498
-0.0728
-0.06404
-0.07006
-0.078
-0.0682
-0.0657
-0.07482
-0.0656
-0.05786
-0.0841
-0.06904
-0.07686
-0.06876
-0.077
-0.0588
-0.06556
-0.06762
-0.07556
-0.06812
-0.05834
-0.06962
-0.0648
-0.06452
-0.06602
-0.06374
-0.07102
-0.07602
-0.06154
-0.05946
-0.0642
-0.08808
-0.07526
-0.0726
-0.07972
-0.0731
-0.06816
-0.08116
-0.07316
-0.0549
-0.07738
-0.05872
-0.06728
-0.072
-0.06414
-0.06876
-0.07706
-0.0583
-0.05822
-0.07822
-0.06282
-0.07938
-0.07472
-0.06444
-0.06678
-0.06914
-0.07298
-0.07348
-0.06484
-0.0765
-0.0728
-0.05888
-0.06698
-0.07756
-0.06678
-0.0829
-0.08966
-0.07486
-0.0854
-0.07426
-0.07814
-0.075
-0.07718
-0.07628
-0.0743
-0.07354
-0.06952
-0.0686
-0.05584
-0.07296
-0.08288
-0.08224
-0.08464
-0.06922
-0.07902
-0.06956
-0.05842
-0.06596
-0.05158
-0.07576
-0.07968
-0.0656
-0.06878
-0.06884
-0.06208
-0.0667
-0.06294
-0.06526
-0.06848
-0.06382
-0.06844
-0.08484
-0.0777
-0.07122
-0.06338
-0.07352
-0.0602
-0.06682
-0.07164
-0.05282
-0.0664
-0.07804
-0.06886
-0.06512
-0.07442
-0.07194
-0.06494
-0.07236
-0.06404
-0.07788
-0.07366
-0.0717
-0.06432
-0.05878
-0.072
-0.0668
-0.05888
-0.069
-0.07504
-0.07276
-0.08324
-0.0749
-0.0733
-0.0681
-0.0576
-0.07026
-0.07354
-0.06682
-0.06516
-0.05656
-0.07122
-0.0688
-0.06774
-0.0692
-0.07496
-0.0779
-0.08582
-0.07056
-0.06056
-0.05842
-0.06714
-0.07086
-0.07162
-0.06748
-0.07364
-0.0655
-0.07024
-0.06614
-0.06814
-0.07588
-0.07514
-0.07324
-0.0627
-0.06132
-0.0728
-0.08222
-0.07202
-0.0641
-0.0756
-0.08134
-0.07522
-0.07584
-0.06604
-0.0819
-0.0649
-0.08788
-0.0705
-0.06766
-0.07384
-0.06778
-0.05806
-0.06972
-0.0742
-0.0718
-0.07094
-0.0702
-0.04844
-0.06672
-0.0725
-0.0719
-0.07366
-0.0592
-0.07466
-0.06908
-0.06416
-0.0683
-0.07562
-0.06932
-0.05578
-0.05536
-0.06736
-0.08498
-0.0789
-0.06672
-0.0685
-0.06054
-0.05946
-0.0644
-0.06648
-0.06386
-0.06276
-0.07448
-0.074
-0.07092
-0.0677
-0.06654
-0.05754
-0.07258
-0.0639
-0.07112
-0.06202
-0.06666
-0.07164
-0.0601
-0.07238
-0.07056
-0.07648
-0.06046
-0.06784
-0.06582
-0.07086
-0.0825
-0.05276
-0.06844
-0.06918
-0.05552
-0.06816
-0.07556
-0.07242
-0.0838
-0.0638
-0.06296
-0.06516
-0.0728
-0.0726
-0.07224
-0.07798
-0.06932
-0.07538
-0.0737
-0.06114
-0.08364
-0.07054
-0.06832
-0.06834
-0.07808
-0.07146
-0.07204
-0.07258
-0.06782
-0.0693
-0.06712
-0.07174
-0.07356
-0.06108
-0.07494
-0.07478
-0.07654
-0.07712
-0.06514
-0.06028
-0.07114
-0.06096
-0.06336
-0.06006
-0.0701
-0.0659
-0.06324
-0.0635
-0.07994
-0.06486
-0.06776
-0.06826
-0.07318
-0.06132
-0.07476
-0.07134
-0.06366
-0.06656
-0.0789
-0.0625
-0.06774
-0.05984
-0.06764
-0.07102
-0.06818
-0.0608
-0.07106
-0.0708
-0.06994
-0.06922
-0.06382
-0.063
-0.06866
-0.07568
-0.0817
-0.06972
-0.07264
-0.0662
-0.07962
-0.07822
-0.0663
-0.06894
-0.0732
-0.06926
-0.06546
-0.06272
-0.07908
-0.0615
-0.06632
-0.06414
-0.07336
-0.06458
-0.07
-0.06436
-0.07396
-0.06754
-0.09072
-0.07876
-0.08302
-0.0801
-0.0737
-0.07434
-0.0697
-0.08114
-0.06494
-0.06494
-0.07716
-0.0735
-0.07858
-0.07014
-0.07306
-0.0751
-0.06776
-0.06504
-0.06686
-0.0687
-0.06692
-0.0618
-0.07546
-0.07314
-0.07628
-0.07722
-0.08574
-0.07406
-0.06444
-0.07022
-0.07248
-0.06864
-0.06084
-0.07486
-0.07572
-0.07296
-0.067
-0.067
-0.07058
-0.0705
-0.07564
-0.0639
-0.07672
-0.08186
-0.07268
-0.07352
-0.06674
-0.06322
-0.07442
-0.06454
-0.07372
-0.06736
-0.06846
-0.0722
-0.0564
-0.06584
-0.07364
-0.07586
-0.06374
-0.07726
-0.05642
-0.05514
-0.07628
-0.06062
-0.06858
-0.07742
-0.07776
-0.07512
-0.07312
-0.07522
-0.06662
-0.05928
-0.07228
-0.06894
-0.0736
-0.0746
-0.0798
-0.0684
-0.07544
-0.06622
-0.06944
-0.06868
-0.06356
-0.07064
-0.05934
-0.0661
-0.0727
-0.08244
-0.06526
-0.05862
-0.0625
-0.07422
-0.08194
-0.07516
-0.07166
-0.07454
-0.07528
-0.08152
-0.06896
-0.06324
-0.06408
-0.07286
-0.05206
-0.07162
-0.07086
-0.06014
-0.07228
-0.0597
-0.06378
-0.07734
-0.07232
-0.06648
-0.06752
-0.064
-0.06444
-0.05666
-0.06792
-0.06394
-0.0672
-0.07142
-0.07948
-0.07024
-0.0624
-0.07084
-0.0727
-0.0611
-0.06146
-0.07624
-0.0679
-0.08536
-0.08638
-0.07576
-0.07364
-0.07464
-0.06976
-0.06078
-0.06526
-0.05424
-0.05934
-0.06166
-0.07058
-0.06446
-0.06646
-0.07048
-0.06242
-0.06386
-0.05954
-0.0744
-0.0698
-0.06966
-0.06236
-0.08138
-0.08424
-0.07056
-0.06532
-0.06862
-0.07308
-0.06146
-0.06848
-0.0741
-0.073
-0.0741
-0.07966
-0.05614
-0.05626
-0.06932
-0.07454
-0.06406
-0.07238
-0.0769
-0.06952
-0.0606
-0.05588
-0.06938
-0.08858
-0.06652
-0.06696
-0.06904
-0.07334
-0.07252
-0.07056
-0.0821
-0.06918
-0.06504
-0.07996
-0.06536
-0.06618
-0.07698
-0.0782
-0.076
-0.06964
-0.08292
-0.06718
-0.0723
-0.0679
-0.06142
-0.06944
-0.07548
-0.06722
-0.07374
-0.0734
-0.06832
-0.07552
-0.07616
-0.07868
-0.08018
-0.06388
-0.06856
-0.07068
-0.0718
-0.0688
-0.06978
-0.06552
-0.08312
-0.07174
-0.07196
-0.05764
-0.05656
-0.06922
-0.05406
-0.06198
-0.05972
-0.07252
-0.07192
-0.06898
-0.08134
-0.06892
-0.08442
-0.07584
-0.06794
-0.06968
-0.07744
-0.07736
-0.0732
-0.05598
-0.06922
-0.0668
-0.06314
-0.08662
-0.07706
-0.07328
-0.06408
-0.06248
-0.07152
-0.06216
-0.07414
-0.06668
-0.06902
-0.06848
-0.07168
-0.06472
-0.06136
-0.0581
-0.07126
-0.07322
-0.06916
-0.07262
-0.07416
-0.06892
-0.0718
-0.0638
-0.06874
-0.0702
-0.06036
-0.06236
-0.05664
-0.0592
-0.06898
-0.06016
-0.07996
-0.08046
-0.072
-0.07666
-0.06122
-0.07276
-0.082
-0.06922
-0.06176
-0.05548
-0.06548
-0.06868
-0.0723
-0.06146
-0.0817
-0.07884
-0.07218
-0.07302
-0.06006
-0.0696
-0.06616
-0.06836
-0.06824
-0.07036
-0.08278
-0.06592
-0.07722
-0.06436
-0.07142
-0.06398
-0.06812
-0.07228
-0.07332
-0.07452
-0.06172
-0.06966
-0.07692
-0.06824
-0.07044
-0.0633
-0.06914
-0.0703
-0.07778
-0.08382
-0.07082
-0.0674
-0.06808
-0.05552
-0.07182
-0.06782
-0.06846
-0.071
-0.0575
-0.06012
-0.06908
-0.06434
-0.06264
-0.06888
-0.0767
-0.07686
-0.08144
-0.06234
-0.06612
-0.05432
-0.06614
-0.07324
-0.07642
-0.06812
-0.07078
-0.07012
-0.07074
-0.06434
-0.0913
-0.07614
-0.07246
-0.0634
-0.06612
-0.07226
-0.07112
-0.08238
-0.08728
-0.06788
-0.06876
-0.07278
-0.0716
-0.06834
-0.08352
-0.07132
-0.07094
-0.06868
-0.06754
-0.07152
-0.08106
-0.0785
-0.07236
-0.07662
-0.05988
-0.06246
-0.06834
-0.0653
-0.06262
-0.06828
-0.07388
-0.06854
-0.07232
-0.0721
-0.06482
-0.07118
-0.0693
-0.07612
-0.0686
-0.06656
-0.05732
-0.06548
-0.0659
-0.07096
-0.07196
-0.05388
-0.07154
-0.06948
-0.07304
-0.06336
-0.0736
-0.0654
-0.06584
-0.06988
-0.06864
-0.06316
-0.05998
-0.0603
-0.07878
-0.08222
-0.07878
-0.06922
-0.06794
-0.06322
-0.06698
-0.07098
-0.06184
-0.0761
-0.07616
-0.0814
-0.07224
-0.07648
-0.0637
-0.06102
-0.06798
-0.07108
-0.08938
-0.06484
-0.0613
-0.07064
-0.07828
-0.0681
-0.07618
-0.07526
-0.06938
-0.05564
-0.06682
-0.064
-0.0716
-0.07204
-0.06784
-0.06582
-0.05708
-0.07558
-0.07606
-0.06898
-0.071
-0.05948
-0.05192
-0.06232
-0.0496
-0.07432
-0.06806
-0.07314
-0.074
-0.0639
-0.0619
-0.0634
-0.0687
-0.06248
-0.07026
-0.06648
-0.06984
-0.0702
-0.0651
-0.07492
-0.0712
-0.0826
-0.06832
-0.08404
-0.08002
-0.0869
-0.08222
-0.0762
-0.0694
-0.0744
-0.06302
-0.06184
-0.07864
-0.07236
-0.07686
-0.0919
-0.08152
-0.07816
-0.07502
-0.06684
-0.07474
-0.06994
-0.06302
-0.0791
-0.07234
-0.07562
-0.06894
-0.07546
-0.06532
-0.08338
-0.07806
-0.07028
-0.08166
-0.08064
-0.07742
-0.06022
-0.06872
-0.0732
-0.07394
-0.07136
-0.07368
-0.06466
-0.06682
-0.06986
-0.06966
-0.07184
-0.07756
-0.0745
-0.0771
-0.07866
-0.0748
-0.06486
-0.08048
-0.07526
-0.05866
-0.0726
-0.07472
-0.06218
-0.06576
-0.06774
-0.07618
-0.07262
-0.0644
-0.07598
-0.06888
-0.06556
-0.0735
-0.07542
-0.07584
-0.06794
-0.0676
-0.07314
-0.06338
-0.06652
-0.06626
-0.0804
-0.06654
-0.06292
-0.05438
-0.066
-0.0729
-0.07306
-0.068
-0.06144
-0.06798
-0.07142
-0.0683
-0.06994
-0.08658
-0.06176
-0.07502
-0.0631
-0.07066
-0.07456
-0.06528
-0.07584
-0.07564
-0.06714
-0.07046
-0.06074
-0.0476
-0.06688
-0.0737
-0.07998
-0.06788
-0.05292
-0.0504
-0.0729
-0.05816
-0.06714
-0.07052
-0.06942
-0.06086
-0.07546
-0.06458
-0.07268
-0.0753
-0.07602
-0.07812
-0.07922
-0.06502
-0.0647
-0.05598
-0.06638
-0.0717
-0.07664
-0.0649
-0.06654
-0.0725
-0.0845
-0.07278
-0.07782
-0.0775
-0.07218
-0.0658
-0.06668
-0.08048
-0.07914
-0.07778
-0.08086
-0.07108
-0.0707
-0.07256
-0.0702
-0.07322
-0.0607
-0.07188
-0.06398
-0.0793
-0.08354
-0.06936
-0.07416
-0.07162
-0.07444
-0.06396
-0.08114
-0.07458
-0.0759
-0.06656
-0.06166
-0.07974
-0.07922
-0.07068
-0.07314
-0.06902
-0.07352
-0.07996
-0.07526
-0.0721
-0.06024
-0.07444
-0.06704
-0.0746
-0.06738
-0.08076
-0.07632
-0.08006
-0.07006
-0.07186
-0.07718
-0.07696
-0.08292
-0.0802
-0.0806
-0.0685
-0.07006
-0.0734
-0.0676
-0.0666
-0.06326
-0.07138
-0.07076
-0.0723
-0.08854
-0.06854
-0.06296
-0.06198
-0.05636
-0.06606
-0.06062
-0.06652
-0.0708
-0.07602
-0.06904
-0.07176
-0.08304
-0.0706
-0.06584
-0.07038
-0.07328
-0.07714
-0.07506
-0.06138
-0.06594
-0.06194
-0.0855
-0.06596
-0.0698
-0.06596
-0.05714
-0.06442
-0.0554
-0.0727
-0.07208
-0.06414
-0.07412
-0.0773
-0.07214
-0.06258
-0.07678
-0.0808
-0.06564
-0.0714
-0.06468
-0.0754
-0.06428
-0.06864
-0.06058
-0.06528
-0.0666
-0.07018
-0.07428
-0.06626
-0.0672
-0.06876
-0.0571
-0.0605
-0.07342
-0.07034
-0.07448
-0.06428
-0.07336
-0.06922
-0.0709
-0.06464
-0.08234
-0.07174
-0.05806
-0.06456
-0.06448
-0.07692
-0.06614
-0.07272
-0.07666
-0.0781
-0.07572
-0.06162
-0.08422
-0.06926
-0.06694
-0.07898
-0.0717
-0.07644
-0.07764
-0.07438
-0.06508
-0.05834
-0.07768
-0.08428
-0.07004
-0.05672
-0.07212
-0.075
-0.06914
-0.08452
-0.07298
-0.07642
-0.07572
-0.0703
-0.07014
-0.06904
-0.05634
-0.07154
-0.0829
-0.07704
-0.07844
-0.05676
-0.05972
-0.05908
-0.06808
-0.06134
-0.06664
-0.07308
-0.06604
-0.06802
-0.0755
-0.06966
-0.07124
-0.06068
-0.06756
-0.05474
-0.07402
-0.07456
-0.07448
-0.06642
-0.07338
-0.0732
-0.0749
-0.06866
-0.0603
-0.07788
-0.06376
-0.05986
-0.08472
-0.07656
-0.06824
-0.06772
-0.0586
-0.07968
-0.0911
-0.07566
-0.07158
-0.07966
-0.07862
-0.06482
-0.0567
-0.06274
-0.06852
-0.05382
-0.05798
-0.05234
-0.07072
-0.07232
-0.07296
-0.07286
-0.06216
-0.0603
-0.06192
-0.05948
-0.06758
-0.07586
-0.08648
-0.07082
-0.0818
-0.06698
-0.06896
-0.06606
-0.06788
-0.06012
-0.06926
-0.07378
-0.07728
-0.07064
-0.05208
-0.05376
-0.07444
-0.0695
-0.06868
-0.0727
-0.07034
-0.07212
-0.05868
-0.0689
-0.07762
-0.08516
-0.0795
-0.06952
-0.06944
-0.0765
-0.07226
-0.072
-0.05754
-0.07104
-0.0751
-0.06692
-0.06288
-0.05534
-0.07196
-0.07576
-0.06938
-0.0787
-0.0722
-0.0804
-0.06672
-0.07444
-0.0762
-0.07368
-0.07474
-0.06836
-0.07458
-0.0661
-0.06976
-0.0629
-0.06462
-0.0761
-0.08644
-0.0681
-0.07366
-0.0575
-0.06742
-0.06766
-0.07142
-0.06748
-0.06994
-0.07912
-0.07026
-0.0664
-0.0595
-0.08604
-0.08572
-0.0677
-0.05826
-0.07558
-0.05822
-0.07526
-0.06614
-0.0708
-0.05908
-0.07632
-0.06622
-0.06552
-0.0683
-0.05246
-0.06528
-0.06074
-0.0693
-0.0688
-0.07354
-0.06592
-0.07564
-0.06772
-0.06626
-0.06474
-0.0603
-0.06872
-0.06144
-0.06022
-0.07194
-0.06414
-0.07086
-0.07356
-0.06384
-0.06076
-0.06956
-0.07096
-0.08028
-0.0824
-0.07064
-0.06242
-0.07174
-0.074
-0.06334
-0.06198
-0.07128
-0.0664
-0.07338
-0.06954
-0.0743
-0.07134
-0.07392
-0.07378
-0.08796
-0.07258
-0.06456
-0.06354
-0.08134
-0.06838
-0.05494
-0.06754
-0.06668
-0.0705
-0.0705
-0.08476
-0.07628
-0.07938
-0.07264
-0.07952
-0.07608
-0.07358
-0.06342
-0.06812
-0.06436
-0.07436
-0.07352
-0.0755
-0.06842
-0.0735
-0.0713
-0.0758
-0.07568
-0.07334
-0.07696
-0.05786
-0.06696
-0.07106
-0.07486
-0.05782
-0.07332
-0.07498
-0.06504
-0.06382
-0.0561
-0.07408
-0.07484
-0.06856
-0.07146
-0.07316
-0.07514
-0.07884
-0.0783
-0.0761
-0.07726
-0.06118
-0.0697
-0.06424
-0.08358
-0.08516
-0.08128
-0.06282
-0.05868
-0.0587
-0.06802
-0.0715
-0.06906
-0.07254
-0.0688
-0.06312
-0.06032
-0.07392
-0.07056
-0.07486
-0.07268
-0.06276
-0.07158
-0.06194
-0.05872
-0.0605
-0.06254
-0.0691
-0.0775
-0.07344
-0.07442
-0.07112
-0.07184
-0.06198
-0.05796
-0.07052
-0.07246
-0.07734
-0.07174
-0.06908
-0.06848
-0.06496
-0.06736
-0.0544
-0.0747
-0.06742
-0.0794
-0.06512
-0.07844
-0.06928
-0.06464
-0.06948
-0.073
-0.07024
-0.07666
-0.09814
-0.0804
-0.07144
-0.0688
-0.06146
-0.07492
-0.05928
-0.06632
-0.0847
-0.07714
-0.06286
-0.068
-0.06436
-0.07098
-0.06618
-0.0564
-0.07072
-0.07722
-0.0763
-0.07608
-0.0731
-0.06834
-0.07008
-0.05944
-0.06868
-0.08038
-0.06746
-0.06976
-0.07994
-0.07112
-0.07328
-0.0673
-0.07154
-0.07108
-0.06062
-0.06516
-0.06852
-0.07998
-0.07752
-0.07288
-0.0703
-0.0658
-0.06976
-0.06458
-0.0742
-0.07504
-0.07292
-0.06398
-0.07328
-0.06472
-0.06566
-0.07582
-0.07928
-0.07272
-0.06114
-0.06328
-0.06832
-0.0781
-0.07538
-0.06712
-0.06928
-0.06914
-0.07886
-0.07616
-0.06746
-0.06374
-0.06724
-0.08288
-0.07192
-0.07288
-0.07782
-0.08174
-0.09238
-0.07824
-0.07892
-0.06708
-0.05308
-0.07314
-0.06748
-0.0637
-0.08546
-0.0703
-0.07034
-0.06524
-0.08094
-0.06842
-0.07
-0.06454
-0.05974
-0.06864
-0.0697
-0.07652
-0.07678
-0.0721
-0.0655
-0.0562
-0.07356
-0.07418
-0.06802
-0.07806
-0.07338
-0.08398
-0.08416
-0.08302
-0.08776
-0.06908
-0.06608
-0.07496
-0.07038
-0.06874
-0.0643
-0.06432
-0.05068
-0.06508
-0.07138
-0.0808
-0.07226
-0.0726
-0.07398
-0.06678
-0.06502
-0.08022
-0.0702
-0.06828
-0.06714
-0.05534
-0.0634
-0.05666
-0.07266
-0.07314
-0.07412
-0.0714
-0.06538
-0.06076
-0.06754
-0.06528
-0.07036
-0.06736
-0.07064
-0.06778
-0.06972
-0.05358
-0.07368
-0.06652
-0.05578
-0.0748
-0.07808
-0.07228
-0.06014
-0.0679
-0.07474
-0.07368
-0.07598
-0.0603
-0.06354
-0.06532
-0.06294
-0.06654
-0.05988
-0.06204
-0.05148
-0.06894
-0.06378
-0.06548
-0.0706
-0.0708
-0.05554
-0.0687
-0.07702
-0.08162
-0.07396
-0.07006
-0.06822
-0.07104
-0.06796
-0.08144
-0.084
-0.06318
-0.06592
-0.0627
-0.07012
-0.06922
-0.07114
-0.06974
-0.07734
-0.07048
-0.0682
-0.0526
-0.07104
-0.06976
-0.06982
-0.06278
-0.0717
-0.06734
-0.0829
-0.07086
-0.06894
-0.06488
-0.07078
-0.06164
-0.06264
-0.07034
-0.0586
-0.06306
-0.07212
-0.06648
-0.0616
-0.06812
-0.08628
-0.0815
-0.07352
-0.08336
-0.0667
-0.07064
-0.07792
-0.07476
-0.06684
-0.0655
-0.07138
-0.07532
-0.07428
-0.06674
-0.08094
-0.06032
-0.05396
-0.05722
-0.06902
-0.05842
-0.06836
-0.06774
-0.05272
-0.0566
-0.08224
-0.07924
-0.07676
-0.0658
-0.06412
-0.06574
-0.0735
-0.06388
-0.06796
-0.079
-0.0792
-0.07938
-0.07498
-0.07774
-0.064
-0.0685
-0.06892
-0.07036
-0.0684
-0.0638
-0.0699
-0.0808
-0.08466
-0.06956
-0.06494
-0.07356
-0.06768
-0.07536
-0.08234
-0.07366
-0.07376
-0.07814
-0.07996
-0.06572
-0.06008
-0.06164
-0.06316
-0.07216
-0.06466
-0.07226
-0.06756
-0.06478
-0.0689
-0.05478
-0.05776
-0.07272
-0.0609
-0.07096
-0.06038
-0.06038
-0.06568
-0.07794
-0.06266
-0.06286
-0.0688
-0.07558
-0.06662
-0.0573
-0.07736
-0.0682
-0.0832
-0.07306
-0.07138
-0.06928
-0.07842
-0.07752
-0.05522
-0.0668
-0.0781
-0.07056
-0.07026
-0.06986
-0.06298
-0.06638
-0.0679
-0.06994
-0.07514
-0.07446
-0.06628
-0.07068
-0.06772
-0.06634
-0.04768
-0.0618
-0.06542
-0.07296
-0.06682
-0.07706
-0.0603
-0.06424
-0.07012
-0.06748
-0.0834
-0.08098
-0.0779
-0.06448
-0.06766
-0.07998
-0.0738
-0.07882
-0.06708
-0.05912
-0.06256
-0.0716
-0.06804
-0.07004
-0.06608
-0.0716
-0.0704
-0.07356
-0.07238
-0.07452
-0.06432
-0.0641
-0.05784
-0.06812
-0.07846
-0.07778
-0.07584
-0.07074
-0.0715
-0.07748
-0.07072
-0.08246
-0.0633
-0.05716
-0.0534
-0.06754
-0.0723
-0.06016
-0.06428
-0.05096
-0.06052
-0.06512
-0.06008
-0.05514
-0.07024
-0.06388
-0.06132
-0.06994
-0.06838
-0.07092
-0.06514
-0.073
-0.07786
-0.06792
-0.07128
-0.07374
-0.06166
-0.07612
-0.07946
-0.06796
-0.06646
-0.06212
-0.06848
-0.06494
-0.06506
-0.0642
-0.08398
-0.07312
-0.07384
-0.08116
-0.07586
-0.06792
-0.0874
-0.07938
-0.07612
-0.0716
-0.06502
-0.06908
-0.06906
-0.06956
-0.06246
-0.07424
-0.06688
-0.0652
-0.06744
-0.06842
-0.08722
-0.07472
-0.0687
-0.07184
-0.07302
-0.06656
-0.07252
-0.07892
-0.07266
-0.06276
-0.0722
-0.06868
-0.0551
-0.06304
-0.07742
-0.07708
-0.07626
-0.06392
-0.05792
-0.06242
-0.06274
-0.05656
-0.06976
-0.07858
-0.07672
-0.08266
-0.07744
-0.08166
-0.08
-0.0711
-0.07572
-0.07886
-0.06462
-0.0772
-0.06992
-0.07464
-0.07378
-0.0798
-0.0885
-0.07242
-0.0801
-0.0689
-0.06462
-0.06414
-0.07164
-0.0626
-0.06918
-0.06826
-0.07762
-0.07774
-0.07212
-0.06006
-0.06398
-0.071
-0.0733
-0.07508
-0.06972
-0.0779
-0.07368
-0.0636
-0.07012
-0.07142
-0.08096
-0.06492
-0.05692
-0.07868
-0.0816
-0.0809
-0.06304
-0.06816
-0.07224
-0.08084
-0.08138
-0.07146
-0.06972
-0.07056
-0.07044
-0.05698
-0.06924
-0.07496
-0.07982
-0.07188
-0.0659
-0.06954
-0.08304
-0.06088
-0.06046
-0.06948
-0.064
-0.06048
-0.07246
-0.07076
-0.08452
-0.06512
-0.0647
-0.06334
-0.0779
-0.0744
-0.07204
-0.06398
-0.06646
-0.06656
-0.06602
-0.07112
-0.07724
-0.06468
-0.0665
-0.06916
-0.06052
-0.05688
-0.07054
-0.06738
-0.07064
-0.07772
-0.06894
-0.06624
-0.06192
-0.05538
-0.08142
-0.07712
-0.06594
-0.08006
-0.07316
-0.0756
-0.06406
-0.07412
-0.06278
-0.04436
-0.05362
-0.07074
-0.0656
-0.0559
-0.06004
-0.06622
-0.06754
-0.0689
-0.0713
-0.0781
-0.07162
-0.08766
-0.07332
-0.0667
-0.07898
-0.0734
-0.0673
-0.07448
-0.0773
-0.0765
-0.07486
-0.07024
-0.07824
-0.06866
-0.06656
-0.06402
-0.0638
-0.06328
-0.07104
-0.0701
-0.07718
-0.0874
-0.08504
-0.0759
-0.06632
-0.07454
-0.05734
-0.07792
-0.0863
-0.07608
-0.0854
-0.06654
-0.06442
-0.06822
-0.07326
-0.07374
-0.07784
-0.06016
-0.06188
-0.0597
-0.0701
-0.07452
-0.06908
-0.08094
-0.07794
-0.08006
-0.07918
-0.06846
-0.07414
-0.07062
-0.07772
-0.0664
-0.07298
-0.0634
-0.07516
-0.06552
-0.0653
-0.0636
-0.06986
-0.071
-0.0605
-0.07236
-0.08338
-0.08098
-0.0694
-0.06434
-0.0624
-0.07114
-0.06922
-0.08076
-0.05244
-0.0684
-0.06698
-0.07304
-0.07602
-0.07814
-0.08296
-0.0764
-0.07838
-0.0719
-0.07504
-0.0797
-0.07116
-0.07446
-0.0697
-0.06718
-0.06846
-0.06952
-0.06198
-0.05682
-0.06728
-0.07138
-0.06496
-0.06554
-0.0783
-0.07032
-0.07236
-0.0516
-0.066
-0.07956
-0.07028
-0.0822
-0.07568
-0.06454
-0.06524
-0.0733
-0.07214
-0.06666
-0.07636
-0.07076
-0.07422
-0.0699
-0.0704
-0.07524
-0.0686
-0.06316
-0.07348
-0.06012
-0.08044
-0.07438
-0.078
-0.08126
-0.08054
-0.06426
-0.0701
-0.07404
-0.0666
-0.06526
-0.07438
-0.07806
-0.08274
-0.07122
-0.06188
-0.06776
-0.071
-0.06602
-0.06738
-0.06632
-0.0698
-0.06264
-0.07362
-0.0641
-0.07672
-0.07198
-0.06924
-0.07008
-0.0679
-0.05466
-0.07872
-0.07394
-0.08128
-0.07334
-0.0694
-0.07144
-0.08058
-0.07368
-0.07374
-0.06744
-0.0629
-0.0614
-0.06492
-0.07548
-0.06414
-0.05712
-0.06668
-0.07154
-0.05604
-0.06822
-0.06476
-0.07014
-0.07292
-0.0775
-0.06728
-0.06272
-0.05844
-0.0607
-0.07584
-0.07448
-0.06596
-0.06748
-0.06906
-0.06406
-0.05808
-0.0719
-0.0712
-0.0641
-0.06904
-0.06192
-0.06098
-0.05658
-0.06444
-0.06272
-0.05852
-0.0704
-0.08484
-0.06708
-0.07424
-0.07028
-0.06928
-0.07028
-0.07972
-0.08198
-0.07206
-0.06946
-0.057
-0.08828
-0.07026
-0.07738
-0.0739
-0.06838
-0.07242
-0.06564
-0.07254
-0.06804
-0.0647
-0.06946
-0.06462
-0.06418
-0.07564
-0.06304
-0.05494
-0.07244
-0.07228
-0.07744
-0.06892
-0.06172
-0.04824
-0.07102
-0.06522
-0.06272
-0.08278
-0.06002
-0.06466
-0.06036
-0.07112
-0.07974
-0.07542
-0.07472
-0.06626
-0.05866
-0.07518
-0.07376
-0.06444
-0.06784
-0.07408
-0.06742
-0.06742
-0.06624
-0.06428
-0.08544
-0.06512
-0.07072
-0.07688
-0.06386
-0.0587
-0.0571
-0.04726
-0.0647
-0.06664
-0.0706
-0.06964
-0.07922
-0.08052
-0.07226
-0.0732
-0.05764
-0.06326
-0.06538
-0.06964
-0.08688
-0.07686
-0.06982
-0.07576
-0.06198
-0.0602
-0.06684
-0.07078
-0.07758
-0.08762
-0.07668
-0.0671
-0.06566
-0.07716
-0.07972
-0.08346
-0.06514
-0.08022
-0.06996
-0.07538
-0.0594
-0.05984
-0.06634
-0.0772
-0.06558
-0.08162
-0.07338
-0.07484
-0.0701
-0.0698
-0.06098
-0.06492
-0.07604
-0.07798
-0.07388
-0.05698
-0.06944
-0.06738
-0.06766
-0.0755
-0.07558
-0.0654
-0.07056
-0.0744
-0.07142
-0.07036
-0.06772
-0.06684
-0.06128
-0.06408
-0.06322
-0.06832
-0.07084
-0.08282
-0.07268
-0.07038
-0.06668
-0.0729
-0.07106
-0.08942
-0.0574
-0.06488
-0.07584
-0.07786
-0.07146
-0.07736
-0.06736
-0.06936
-0.06624
-0.06358
-0.071
-0.07548
-0.06734
-0.06276
-0.07274
-0.0782
-0.07204
-0.07234
-0.07882
-0.07548
-0.07202
-0.06518
-0.0698
-0.07086
-0.06406
-0.07366
-0.06492
-0.0586
-0.06854
-0.0754
-0.06982
-0.071
-0.06582
-0.07764
-0.07134
-0.06546
-0.06798
-0.07976
-0.08192
-0.0694
-0.0697
-0.08132
-0.05944
-0.06934
-0.06708
-0.059
-0.07298
-0.06824
-0.07726
-0.07466
-0.0659
-0.06002
-0.07422
-0.07378
-0.07068
-0.07396
-0.0676
-0.06334
-0.07082
-0.07766
-0.0785
-0.08754
-0.08052
-0.06846
-0.06242
-0.06418
-0.07408
-0.06242
-0.06474
-0.07188
-0.0659
-0.05976
-0.07584
-0.06664
-0.0581
-0.06762
-0.0638
-0.06672
-0.07658
-0.08882
-0.07662
-0.07792
-0.0834
-0.06868
-0.05634
-0.06038
-0.05688
-0.0669
-0.07592
-0.07428
-0.07956
-0.072
-0.06762
-0.0665
-0.05374
-0.07622
-0.06098
-0.07736
-0.0723
-0.06538
-0.07316
-0.06414
-0.0626
-0.06192
-0.05592
-0.06372
-0.0738
-0.06764
-0.07666
-0.07498
-0.07214
-0.08944
-0.06668
-0.07124
-0.06542
-0.08146
-0.06634
-0.07422
-0.0648
-0.07018
-0.06866
-0.06768
-0.08746
-0.07602
-0.07784
-0.07858
-0.07332
-0.06528
-0.07716
-0.07428
-0.05796
-0.06366
-0.06158
-0.05862
-0.0625
-0.06522
-0.05854
-0.06016
-0.07172
-0.06356
-0.07464
-0.07534
-0.07428
-0.07382
-0.07518
-0.08276
-0.07692
-0.07872
-0.0742
-0.0738
-0.0692
-0.07288
-0.07596
-0.06844
-0.07546
-0.08254
-0.09118
-0.07086
-0.07068
-0.06652
-0.05942
-0.07208
-0.071
-0.07526
-0.0719
-0.07126
-0.0702
-0.06414
-0.07476
-0.06838
-0.07234
-0.08176
-0.07446
-0.07726
-0.07748
-0.07654
-0.06982
-0.06852
-0.0759
-0.05394
-0.06838
-0.0722
-0.06676
-0.0687
-0.05922
-0.06582
-0.06524
-0.07092
-0.06098
-0.06538
-0.06366
-0.06772
-0.0747
-0.06748
-0.07046
-0.05886
-0.07776
-0.0776
-0.05742
-0.06644
-0.06794
-0.07426
-0.07562
-0.07702
-0.05714
-0.06862
-0.0662
-0.0731
-0.07208
-0.0739
-0.07478
-0.07714
-0.06666
-0.07064
-0.06732
-0.06652
-0.0773
-0.07014
-0.06482
-0.08046
-0.07976
-0.07618
-0.08136
-0.06938
-0.06516
-0.06078
-0.06448
-0.0667
-0.06812
-0.07698
-0.07964
-0.06416
-0.0591
-0.07152
-0.06912
-0.07754
-0.0689
-0.06832
-0.07512
-0.0663
-0.06636
-0.068
-0.07424
-0.07582
-0.0873
-0.06742
-0.06614
-0.06882
-0.068
-0.07126
-0.06872
-0.06092
-0.0661
-0.06176
-0.06822
-0.07026
-0.07308
-0.06484
-0.06612
-0.07086
-0.0723
-0.08106
-0.08198
-0.07756
-0.06854
-0.06548
-0.06398
-0.06562
-0.0755
-0.0659
-0.06718
-0.06956
-0.06454
-0.07466
-0.06272
-0.06048
-0.0532
-0.06646
-0.06432
-0.06848
-0.06102
-0.0628
-0.07178
-0.07028
-0.06644
-0.0749
-0.07296
-0.07886
-0.07434
-0.0526
-0.06856
-0.07334
-0.08082
-0.06012
-0.08326
-0.07684
-0.06074
-0.08148
-0.07826
-0.0851
-0.07422
-0.0692
-0.06318
-0.06674
-0.08564
-0.066
-0.06994
-0.07628
-0.07328
-0.07158
-0.07134
-0.06858
-0.0782
-0.0789
-0.06326
-0.06626
-0.07604
-0.07818
-0.08418
-0.06378
-0.06072
-0.0815
-0.08336
-0.06964
-0.08088
-0.06774
-0.08302
-0.07984
-0.07326
-0.0781
-0.06974
-0.06892
-0.06374
-0.06636
-0.07032
-0.07428
-0.07756
-0.07002
-0.06574
-0.06802
-0.08
-0.08258
-0.08446
-0.07436
-0.06622
-0.07254
-0.07952
-0.07508
-0.06164
-0.06642
-0.0763
-0.06692
-0.0686
-0.07006
-0.05324
-0.06878
-0.0682
-0.0713
-0.06054
-0.06764
-0.07116
-0.06136
-0.06292
-0.06692
-0.06692
-0.0797
-0.0731
-0.06896
-0.06404
-0.08462
-0.07388
-0.06814
-0.07212
-0.0807
-0.0761
-0.07112
-0.08048
-0.06566
-0.0665
-0.06222
-0.0745
-0.07314
-0.0702
-0.06354
-0.0733
-0.06318
-0.0707
-0.0767
-0.08498
-0.06158
-0.06806
-0.0805
-0.07506
-0.07502
-0.07634
-0.06416
-0.05884
-0.07056
-0.07642
-0.0871
-0.07502
-0.07158
-0.07966
-0.06422
-0.06246
-0.06106
-0.078
-0.0709
-0.07034
-0.06858
-0.08318
-0.07542
-0.07272
-0.07116
-0.07402
-0.07672
-0.07462
-0.07304
-0.08274
-0.0775
-0.06968
-0.07016
-0.0723
-0.06974
-0.06418
-0.06522
-0.07458
-0.07162
-0.07614
-0.06904
-0.06788
-0.07186
-0.06266
-0.07092
-0.07036
-0.06136
-0.07678
-0.07296
-0.06258
-0.07578
-0.06924
-0.06722
-0.0611
-0.07458
-0.06464
-0.06938
-0.06912
-0.07028
-0.06936
-0.06536
-0.06716
-0.06378
-0.0592
-0.0606
-0.06626
-0.05982
-0.05642
-0.06038
-0.07208
-0.06788
-0.07148
-0.07408
-0.07462
-0.06494
-0.07728
-0.06988
-0.06438
-0.06986
-0.0753
-0.07156
-0.07216
-0.07324
-0.06714
-0.06328
-0.06786
-0.07136
-0.08178
-0.07552
-0.08176
-0.07378
-0.08204
-0.06944
-0.0747
-0.08574
-0.07542
-0.06996
-0.05848
-0.08076
-0.08254
-0.07278
-0.06208
-0.06234
-0.06818
-0.0744
-0.08048
-0.07954
-0.08562
-0.08274
-0.05906
-0.07366
-0.07424
-0.07634
-0.07348
-0.07538
-0.07012
-0.06004
-0.0664
-0.05664
-0.05316
-0.05586
-0.05388
-0.07796
-0.07578
