-0.98676
-0.98706
-0.98494
-0.98668
-0.98658
-0.98794
-0.98616
-0.98732
-0.9886
-0.98572
-0.98508
-0.98774
-0.98696
-0.98704
-0.9868
-0.9854
-0.98658
-0.98684
-0.98754
-0.98724
-0.98776
-0.98632
-0.98634
-0.9865
-0.98662
-0.98554
-0.98674
-0.98636
-0.98612
-0.98618
-0.98616
-0.98716
-0.98634
-0.98666
-0.9862
-0.98608
-0.9878
-0.98702
-0.98664
-0.98608
-0.98696
-0.98762
-0.98636
-0.98506
-0.98676
-0.9859
-0.98666
-0.9866
-0.98748
-0.98732
-0.98586
-0.9878
-0.98754
-0.98852
-0.98674
-0.98698
-0.98666
-0.98614
-0.98694
-0.98708
-0.98648
-0.9863
-0.9866
-0.98648
-0.98732
-0.98606
-0.98688
-0.98802
-0.98726
-0.98616
-0.98772
-0.98648
-0.98644
-0.98742
-0.98658
-0.98648
-0.98804
-0.98694
-0.98732
-0.98744
-0.98778
-0.98544
-0.986
-0.98634
-0.98686
-0.9872
-0.9867
-0.98794
-0.98768
-0.9862
-0.98646
-0.9862
-0.98718
-0.98628
-0.987
-0.98686
-0.98634
-0.98702
-0.98748
-0.98694
-0.98696
-0.98634
-0.9881
-0.9869
-0.98786
-0.98728
-0.9869
-0.98724
-0.9867
-0.98676
-0.98774
-0.98786
-0.98662
-0.98702
-0.98726
-0.98756
-0.98652
-0.98696
-0.9866
-0.98778
-0.98614
-0.98746
-0.98586
-0.9863
-0.98776
-0.98658
-0.987
-0.9866
-0.98664
-0.9861
-0.98734
-0.98596
-0.98654
-0.98798
-0.98602
-0.9856
-0.98606
-0.98624
-0.98618
-0.9864
-0.98678
-0.98706
-0.98762
-0.98762
-0.98614
-0.98584
-0.98648
-0.98644
-0.98614
-0.9875
-0.98724
-0.98696
-0.98666
-0.98698
-0.98708
-0.98722
-0.98646
-0.98664
-0.98612
-0.98734
-0.98614
-0.9868
-0.98738
-0.98622
-0.98568
-0.98654
-0.98704
-0.986
-0.9879
-0.9875
-0.98712
-0.98624
-0.98766
-0.98652
-0.98668
-0.9878
-0.98694
-0.9862
-0.98732
-0.98694
-0.98592
-0.98694
-0.98664
-0.98712
-0.98684
-0.98622
-0.98632
-0.9869
-0.98732
-0.98648
-0.98536
-0.98748
-0.98634
-0.98716
-0.98648
-0.98676
-0.9872
-0.9865
-0.98636
-0.98594
-0.9874
-0.98532
-0.98592
-0.9871
-0.98606
-0.9864
-0.9873
-0.98712
-0.98694
-0.98666
-0.98578
-0.98694
-0.98682
-0.98638
-0.98646
-0.98642
-0.98556
-0.98774
-0.9866
-0.98604
-0.9858
-0.98708
-0.98724
-0.9876
-0.98704
-0.98626
-0.98766
-0.9859
-0.98674
-0.98808
-0.98782
-0.98646
-0.9873
-0.98622
-0.98654
-0.9871
-0.98716
-0.9868
-0.987
-0.98676
-0.98696
-0.98664
-0.98626
-0.98712
-0.98588
-0.98692
-0.98572
-0.98736
-0.98636
-0.98604
-0.98806
-0.98576
-0.98776
-0.98652
-0.98746
-0.98678
-0.98706
-0.98688
-0.98778
-0.98792
-0.98666
-0.98718
-0.98628
-0.98726
-0.98694
-0.98726
-0.98692
-0.98708
-0.98604
-0.98736
-0.98578
-0.98664
-0.9874
-0.9869
-0.98678
-0.98606
-0.98562
-0.9862
-0.98612
-0.98692
-0.9866
-0.98722
-0.98602
-0.98628
-0.98692
-0.98702
-0.9863
-0.98564
-0.98712
-0.98556
-0.98654
-0.98734
-0.9876
-0.98668
-0.98716
-0.98664
-0.98578
-0.98692
-0.98598
-0.98756
-0.98684
-0.98588
-0.98746
-0.98706
-0.98716
-0.98478
-0.98702
-0.98752
-0.98526
-0.98634
-0.98684
-0.9861
-0.98604
-0.98598
-0.98728
-0.98632
-0.98638
-0.98664
-0.98752
-0.98754
-0.98676
-0.98698
-0.9862
-0.98722
-0.98626
-0.98752
-0.98768
-0.9868
-0.98746
-0.98728
-0.98572
-0.98814
-0.9863
-0.98666
-0.98658
-0.9873
-0.9876
-0.98608
-0.98572
-0.9873
-0.98682
-0.98664
-0.98712
-0.9869
-0.9878
-0.9866
-0.9879
-0.98728
-0.98774
-0.98762
-0.98714
-0.98772
-0.98632
-0.98654
-0.9879
-0.98588
-0.98756
-0.98726
-0.98702
-0.98556
-0.98698
-0.98714
-0.98608
-0.98588
-0.9874
-0.98828
-0.98604
-0.98734
-0.98648
-0.98646
-0.98804
-0.98736
-0.98708
-0.98634
-0.98704
-0.98674
-0.9867
-0.9863
-0.98706
-0.98632
-0.98756
-0.98672
-0.98652
-0.98786
-0.98856
-0.98612
-0.98678
-0.98724
-0.98622
-0.98724
-0.98664
-0.98738
-0.98504
-0.98646
-0.986
-0.98722
-0.98772
-0.98616
-0.98626
-0.986
-0.98632
-0.9876
-0.98758
-0.98818
-0.9868
-0.9863
-0.98754
-0.98628
-0.98678
-0.98678
-0.98596
-0.98756
-0.98736
-0.98672
-0.98772
-0.9873
-0.98668
-0.98708
-0.9867
-0.98712
-0.98796
-0.9876
-0.98646
-0.98704
-0.98588
-0.9866
-0.98656
-0.98508
-0.98686
-0.98708
-0.98642
-0.98622
-0.98724
-0.98708
-0.98674
-0.9852
-0.98562
-0.98698
-0.98682
-0.98626
-0.98624
-0.98734
-0.9868
-0.98638
-0.98604
-0.98706
-0.9863
-0.98638
-0.9872
-0.98746
-0.98636
-0.98746
-0.98728
-0.98732
-0.98742
-0.98618
-0.98692
-0.98742
-0.98712
-0.98672
-0.98728
-0.98582
-0.98564
-0.98664
-0.98632
-0.98684
-0.98746
-0.9884
-0.98596
-0.98696
-0.98716
-0.9854
-0.98646
-0.98726
-0.9871
-0.98654
-0.98642
-0.98708
-0.9867
-0.9874
-0.9878
-0.98674
-0.98578
-0.98706
-0.98594
-0.98664
-0.9885
-0.98706
-0.98652
-0.9871
-0.98616
-0.98694
-0.98726
-0.98528
-0.98654
-0.98624
-0.98506
-0.98614
-0.98594
-0.98628
-0.9862
-0.98684
-0.98694
-0.98616
-0.9877
-0.98706
-0.98784
-0.98694
-0.98762
-0.9871
-0.98702
-0.98558
-0.98794
-0.98678
-0.98642
-0.98624
-0.98686
-0.98766
-0.98616
-0.98596
-0.98666
-0.98608
-0.98648
-0.98518
-0.98684
-0.98726
-0.98812
-0.987
-0.98766
-0.98616
-0.98738
-0.98726
-0.98696
-0.98658
-0.9857
-0.98546
-0.98586
-0.98708
-0.98676
-0.98682
-0.9861
-0.98694
-0.98656
-0.98768
-0.98664
-0.98656
-0.9866
-0.98734
-0.98644
-0.98702
-0.98612
-0.9861
-0.98732
-0.9867
-0.98556
-0.98586
-0.98614
-0.98628
-0.98674
-0.98606
-0.9864
-0.98646
-0.98702
-0.98662
-0.98646
-0.98668
-0.98686
-0.98604
-0.98706
-0.9867
-0.98634
-0.9867
-0.98704
-0.98712
-0.98724
-0.98722
-0.98666
-0.98594
-0.98648
-0.9867
-0.98554
-0.9868
-0.98634
-0.98692
-0.98708
-0.98736
-0.987
-0.98578
-0.9866
-0.98718
-0.98706
-0.98808
-0.98562
-0.98626
-0.9852
-0.9872
-0.987
-0.98608
-0.98682
-0.98668
-0.98662
-0.98694
-0.98732
-0.9886
-0.98772
-0.9864
-0.98688
-0.9866
-0.98568
-0.98684
-0.98842
-0.98672
-0.98708
-0.9884
-0.98744
-0.98642
-0.98728
-0.98592
-0.9855
-0.98636
-0.9858
-0.98708
-0.98664
-0.9871
-0.98654
-0.9877
-0.98616
-0.98768
-0.98644
-0.98604
-0.9855
-0.9865
-0.98664
-0.98632
-0.98824
-0.98616
-0.98686
-0.9867
-0.98702
-0.9876
-0.98736
-0.98738
-0.98636
-0.98716
-0.98686
-0.98672
-0.98582
-0.98666
-0.9864
-0.98768
-0.98734
-0.98596
-0.98714
-0.98696
-0.98744
-0.98708
-0.98684
-0.9865
-0.98642
-0.98656
-0.98656
-0.9866
-0.98766
-0.9869
-0.98722
-0.9865
-0.98652
-0.98704
-0.98754
-0.98664
-0.98608
-0.98738
-0.9871
-0.9867
-0.98672
-0.9866
-0.98648
-0.98706
-0.98702
-0.98654
-0.98698
-0.98582
-0.98732
-0.98566
-0.98758
-0.98744
-0.98804
-0.98534
-0.98644
-0.98692
-0.98706
-0.98722
-0.98484
-0.98678
-0.98606
-0.98628
-0.98656
-0.98668
-0.98692
-0.98718
-0.98586
-0.98674
-0.98742
-0.98784
-0.98698
-0.9863
-0.98682
-0.98624
-0.98712
-0.98708
-0.98622
-0.98674
-0.98696
-0.9865
-0.98614
-0.98668
-0.98668
-0.9862
-0.98658
-0.9869
-0.98676
-0.98696
-0.98722
-0.98726
-0.98772
-0.9865
-0.98712
-0.98756
-0.98702
-0.98658
-0.9868
-0.9871
-0.98722
-0.98676
-0.98704
-0.98772
-0.98644
-0.98756
-0.98688
-0.98662
-0.98738
-0.98666
-0.9874
-0.98698
-0.98658
-0.98764
-0.98582
-0.9875
-0.98744
-0.98756
-0.98526
-0.98666
-0.9864
-0.98616
-0.98588
-0.98734
-0.98708
-0.98732
-0.98694
-0.98636
-0.98742
-0.98662
-0.98666
-0.98702
-0.98674
-0.9868
-0.98616
-0.98762
-0.98634
-0.98666
-0.9862
-0.98674
-0.98562
-0.98728
-0.98884
-0.9874
-0.98702
-0.98694
-0.9859
-0.98832
-0.98648
-0.987
-0.9853
-0.98658
-0.98652
-0.98766
-0.9872
-0.98782
-0.98692
-0.98618
-0.98622
-0.98716
-0.98714
-0.9863
-0.98682
-0.98656
-0.98708
-0.98672
-0.98682
-0.9869
-0.9874
-0.98684
-0.98614
-0.98694
-0.9875
-0.98668
-0.98626
-0.98624
-0.98632
-0.98766
-0.98588
-0.98704
-0.98592
-0.98632
-0.98678
-0.9873
-0.98766
-0.98768
-0.98588
-0.98656
-0.98722
-0.98676
-0.98772
-0.98614
-0.98646
-0.98648
-0.98734
-0.98774
-0.98754
-0.98514
-0.9859
-0.98722
-0.98608
-0.98576
-0.98626
-0.98666
-0.98656
-0.98614
-0.98692
-0.98704
-0.98584
-0.98752
-0.98558
-0.98636
-0.98686
-0.98616
-0.98624
-0.98678
-0.98734
-0.98678
-0.98774
-0.98678
-0.9872
-0.98642
-0.98626
-0.98642
-0.98738
-0.98668
-0.98558
-0.98558
-0.987
-0.98744
-0.98664
-0.98888
-0.98646
-0.98588
-0.98646
-0.98764
-0.98814
-0.98678
-0.98668
-0.98696
-0.98676
-0.98708
-0.98704
-0.9864
-0.98734
-0.98746
-0.98682
-0.98616
-0.9871
-0.98676
-0.9859
-0.98632
-0.98666
-0.98674
-0.98666
-0.98698
-0.98694
-0.98628
-0.98608
-0.98772
-0.98626
-0.98654
-0.98644
-0.98672
-0.98662
-0.9866
-0.98662
-0.9869
-0.98626
-0.98632
-0.98606
-0.9864
-0.98656
-0.98502
-0.98666
-0.98658
-0.98636
-0.9878
-0.98642
-0.98614
-0.98734
-0.9872
-0.98642
-0.98698
-0.98678
-0.98656
-0.98628
-0.98728
-0.98684
-0.98674
-0.98542
-0.98538
-0.98714
-0.98716
-0.98608
-0.9861
-0.98658
-0.98612
-0.9865
-0.9869
-0.98578
-0.987
-0.9872
-0.98564
-0.98762
-0.98594
-0.9868
-0.98666
-0.98638
-0.98682
-0.98792
-0.9874
-0.9861
-0.98746
-0.98614
-0.98752
-0.9871
-0.988
-0.98618
-0.98732
-0.98698
-0.98682
-0.98678
-0.98678
-0.9871
-0.98658
-0.98674
-0.98646
-0.9873
-0.98714
-0.98584
-0.98612
-0.98676
-0.98654
-0.98638
-0.98604
-0.98584
-0.98672
-0.98686
-0.98644
-0.987
-0.98752
-0.987
-0.98492
-0.98598
-0.9873
-0.98738
-0.98636
-0.98654
-0.9859
-0.98608
-0.98716
-0.9858
-0.987
-0.9862
-0.98698
-0.98618
-0.98632
-0.98748
-0.98764
-0.98688
-0.98662
-0.9871
-0.98678
-0.9863
-0.98686
-0.98686
-0.98642
-0.9871
-0.98586
-0.98572
-0.98688
-0.98702
-0.98676
-0.9884
-0.98654
-0.98704
-0.98754
-0.98598
-0.98788
-0.987
-0.98626
-0.98756
-0.9873
-0.98614
-0.98738
-0.9865
-0.9869
-0.9863
-0.98608
-0.9867
-0.98668
-0.98698
-0.98688
-0.98676
-0.98766
-0.98664
-0.98624
-0.98672
-0.98704
-0.9865
-0.98698
-0.98536
-0.98542
-0.9869
-0.9855
-0.98744
-0.98728
-0.9875
-0.98704
-0.9875
-0.98592
-0.9878
-0.98604
-0.98686
-0.98774
-0.98648
-0.98582
-0.98716
-0.98626
-0.98702
-0.98724
-0.98626
-0.98684
-0.98698
-0.98754
-0.98728
-0.9862
-0.98738
-0.98674
-0.98652
-0.98694
-0.98704
-0.98658
-0.98628
-0.9851
-0.98664
-0.98678
-0.9882
-0.9852
-0.98664
-0.9857
-0.9871
-0.98708
-0.98708
-0.98778
-0.98554
-0.98666
-0.987
-0.98654
-0.98654
-0.98622
-0.98616
-0.9866
-0.98626
-0.98616
-0.98716
-0.98498
-0.98646
-0.98626
-0.98736
-0.98688
-0.98624
-0.9859
-0.98702
-0.98704
-0.98662
-0.98646
-0.98724
-0.98724
-0.98608
-0.98694
-0.9874
-0.98632
-0.98636
-0.9868
-0.98688
-0.98598
-0.98666
-0.9865
-0.98688
-0.98732
-0.98666
-0.9885
-0.98706
-0.98598
-0.98666
-0.98746
-0.98632
-0.98714
-0.98766
-0.98724
-0.98612
-0.987
-0.98728
-0.98782
-0.98812
-0.98722
-0.98568
-0.98702
-0.98602
-0.98644
-0.98668
-0.98742
-0.98698
-0.9859
-0.98592
-0.98694
-0.98668
-0.9857
-0.98658
-0.9862
-0.98686
-0.98566
-0.9869
-0.987
-0.98674
-0.98586
-0.98586
-0.98644
-0.98612
-0.9862
-0.98782
-0.98686
-0.98764
-0.98706
-0.9868
-0.98668
-0.9861
-0.98494
-0.98706
-0.98772
-0.98684
-0.9869
-0.98644
-0.98608
-0.98646
-0.9873
-0.98742
-0.98634
-0.98726
-0.9873
-0.98676
-0.98652
-0.98658
-0.98618
-0.98676
-0.98582
-0.98726
-0.98804
-0.98666
-0.98598
-0.98686
-0.9868
-0.987
-0.98686
-0.98704
-0.9862
-0.98686
-0.98736
-0.9876
-0.9862
-0.9867
-0.9852
-0.98738
-0.98804
-0.98686
-0.98738
-0.98676
-0.9868
-0.98684
-0.9872
-0.98592
-0.98676
-0.98646
-0.98622
-0.98526
-0.98704
-0.98704
-0.9877
-0.98672
-0.98654
-0.98672
-0.98716
-0.98642
-0.98776
-0.98712
-0.98622
-0.98618
-0.98644
-0.98708
-0.98726
-0.98676
-0.9869
-0.9874
-0.9873
-0.9862
-0.98582
-0.9861
-0.98554
-0.98566
-0.9873
-0.9866
-0.98692
-0.98638
-0.98646
-0.98672
-0.98724
-0.98664
-0.98802
-0.98678
-0.98558
-0.98642
-0.98704
-0.9868
-0.98678
-0.98582
-0.98604
-0.9869
-0.98568
-0.98708
-0.98538
-0.98622
-0.9863
-0.98736
-0.98808
-0.98644
-0.98694
-0.98726
-0.98654
-0.98744
-0.98672
-0.98612
-0.98592
-0.98758
-0.98614
-0.9861
-0.9864
-0.98712
-0.98696
-0.98658
-0.98766
-0.98556
-0.98726
-0.98766
-0.98672
-0.98728
-0.9881
-0.98566
-0.9871
-0.98698
-0.98618
-0.98676
-0.9861
-0.98666
-0.98744
-0.9866
-0.98764
-0.98728
-0.98778
-0.9879
-0.987
-0.98718
-0.9867
-0.98686
-0.9866
-0.98546
-0.98618
-0.98642
-0.98666
-0.98704
-0.98634
-0.9866
-0.9879
-0.987
-0.98678
-0.98674
-0.98636
-0.98688
-0.9866
-0.9872
-0.98674
-0.98664
-0.98728
-0.98788
-0.987
-0.98642
-0.98616
-0.98636
-0.98742
-0.98682
-0.98666
-0.9872
-0.98852
-0.98712
-0.98642
-0.98692
-0.98746
-0.98768
-0.98778
-0.98632
-0.98706
-0.98704
-0.98706
-0.98552
-0.98686
-0.98664
-0.9879
-0.98696
-0.98734
-0.9859
-0.98742
-0.98474
-0.98706
-0.9866
-0.98666
-0.98612
-0.98624
-0.98584
-0.98632
-0.9865
-0.9872
-0.9869
-0.98618
-0.98662
-0.98542
-0.98674
-0.98798
-0.98716
-0.98676
-0.98598
-0.98728
-0.9866
-0.98776
-0.9869
-0.98662
-0.98614
-0.98744
-0.98626
-0.98716
-0.98622
-0.98644
-0.98728
-0.9865
-0.98696
-0.98732
-0.98576
-0.98642
-0.98758
-0.98658
-0.98648
-0.98714
-0.98628
-0.98708
-0.98634
-0.98692
-0.98526
-0.98808
-0.9863
-0.9871
-0.988
-0.98756
-0.9869
-0.98662
-0.98726
-0.98604
-0.98584
-0.98768
-0.9875
-0.9866
-0.98606
-0.98638
-0.98656
-0.98698
-0.986
-0.98582
-0.9874
-0.9873
-0.98672
-0.98666
-0.98708
-0.98672
-0.98594
-0.98592
-0.98706
-0.98584
-0.98608
-0.9871
-0.98638
-0.98668
-0.98616
-0.9865
-0.98688
-0.98614
-0.98738
-0.98674
-0.98618
-0.98766
-0.9867
-0.9866
-0.98636
-0.98638
-0.98686
-0.98688
-0.98886
-0.98638
-0.98718
-0.98638
-0.9879
-0.98674
-0.9868
-0.98666
-0.98646
-0.98756
-0.98834
-0.98582
-0.98552
-0.98606
-0.98602
-0.9853
-0.98716
-0.98734
-0.9879
-0.98642
-0.98606
-0.98704
-0.98608
-0.9869
-0.9874
-0.98696
-0.98564
-0.98628
-0.98652
-0.9867
-0.98634
-0.98676
-0.98688
-0.98732
-0.98694
-0.98648
-0.9876
-0.9846
-0.98672
-0.98744
-0.9862
-0.98768
-0.98666
-0.98724
-0.98798
-0.98606
-0.98706
-0.9871
-0.98716
-0.98774
-0.98642
-0.98588
-0.98618
-0.98728
-0.98602
-0.98632
-0.9865
-0.98668
-0.98626
-0.98646
-0.98668
-0.986
-0.98696
-0.9868
-0.98728
-0.98624
-0.98672
-0.98668
-0.98682
-0.98816
-0.9879
-0.98668
-0.98584
-0.98578
-0.98612
-0.98672
-0.9861
-0.98662
-0.98826
-0.986
-0.98642
-0.9879
-0.98662
-0.98682
-0.98702
-0.9877
-0.98644
-0.98652
-0.98652
-0.98654
-0.98672
-0.98724
-0.98652
-0.98658
-0.9877
-0.9851
-0.98764
-0.98726
-0.98714
-0.98628
-0.98522
-0.9864
-0.98582
-0.98634
-0.98642
-0.98588
-0.98654
-0.98624
-0.98658
-0.9871
-0.98708
-0.9867
-0.98662
-0.9867
-0.98698
-0.98538
-0.98712
-0.9862
-0.98708
-0.98716
-0.9871
-0.98752
-0.98752
-0.98704
-0.98578
-0.98738
-0.98628
-0.9868
-0.98646
-0.98632
-0.98716
-0.98634
-0.98676
-0.98606
-0.98732
-0.98592
-0.9879
-0.98618
-0.98798
-0.98572
-0.98726
-0.98614
-0.98826
-0.98678
-0.98728
-0.98638
-0.98614
-0.98604
-0.9863
-0.98608
-0.98716
-0.98714
-0.98666
-0.98674
-0.98684
-0.98714
-0.98742
-0.98734
-0.98612
-0.98648
-0.98658
-0.9856
-0.98622
-0.987
-0.98604
-0.98652
-0.98742
-0.9874
-0.9865
-0.98646
-0.98716
-0.98578
-0.98592
-0.9874
-0.98624
-0.98688
-0.98754
-0.98658
-0.98526
-0.98708
-0.98684
-0.98532
-0.98694
-0.98792
-0.98704
-0.9855
-0.9859
-0.98614
-0.98784
-0.98776
-0.98634
-0.98676
-0.98732
-0.98844
-0.98782
-0.98598
-0.98642
-0.98612
-0.9864
-0.98666
-0.9861
-0.98718
-0.9861
-0.98506
-0.98628
-0.98738
-0.98864
-0.9867
-0.98636
-0.98644
-0.98842
-0.98672
-0.98694
-0.98764
-0.98622
-0.98668
-0.98638
-0.98608
-0.98646
-0.9871
-0.98836
-0.98728
-0.98626
-0.98626
-0.98676
-0.98708
-0.9868
-0.98652
-0.98692
-0.98726
-0.98672
-0.98704
-0.9863
-0.98696
-0.98734
-0.98724
-0.9871
-0.98664
-0.98554
-0.98642
-0.98752
-0.98668
-0.98606
-0.98658
-0.98612
-0.98624
-0.98704
-0.98668
-0.986
-0.98586
-0.98616
-0.9866
-0.98754
-0.98648
-0.9873
-0.98682
-0.98632
-0.987
-0.98702
-0.98648
-0.98616
-0.98688
-0.98536
-0.98864
-0.98694
-0.98662
-0.98578
-0.9874
-0.98724
-0.98738
-0.98664
-0.98632
-0.98654
-0.9866
-0.98768
-0.98712
-0.98606
-0.98754
-0.98706
-0.98762
-0.98704
-0.98546
-0.98532
-0.98628
-0.98732
-0.98708
-0.9872
-0.98652
-0.98686
-0.9876
-0.98592
-0.98638
-0.98686
-0.98732
-0.9852
-0.98596
-0.98732
-0.98794
-0.98668
-0.9869
-0.98632
-0.98748
-0.98644
-0.98694
-0.98624
-0.98586
-0.98646
-0.98586
-0.98666
-0.98672
-0.98694
-0.98798
-0.9856
-0.98624
-0.98758
-0.98634
-0.98596
-0.98808
-0.98626
-0.98708
-0.9865
-0.9866
-0.98624
-0.98668
-0.98732
-0.98658
-0.98666
-0.9861
-0.98738
-0.98744
-0.98684
-0.98652
-0.98674
-0.98802
-0.98656
-0.98608
-0.98524
-0.98704
-0.98734
-0.98736
-0.98686
-0.98622
-0.987
-0.98696
-0.9866
-0.98696
-0.98728
-0.98586
-0.98656
-0.98644
-0.9865
-0.98698
-0.98652
-0.98662
-0.9868
-0.98558
-0.988
-0.9863
-0.9859
-0.98628
-0.9876
-0.98528
-0.98684
-0.98686
-0.98648
-0.98662
-0.98764
-0.9862
-0.98626
-0.98628
-0.9867
-0.98776
-0.98604
-0.98596
-0.98716
-0.98686
-0.98584
-0.98694
-0.98644
-0.98684
-0.98646
-0.98726
-0.98598
-0.98692
-0.98724
-0.98688
-0.98736
-0.98634
-0.9873
-0.98724
-0.98724
-0.98732
-0.98676
-0.98638
-0.9859
-0.98646
-0.98658
-0.98702
-0.98644
-0.9868
-0.98774
-0.98622
-0.98714
-0.98586
-0.9855
-0.98646
-0.98694
-0.98628
-0.98726
-0.987
-0.98718
-0.98638
-0.98658
-0.98694
-0.98668
-0.9861
-0.98686
-0.98772
-0.98766
-0.9868
-0.98736
-0.98654
-0.9873
-0.98718
-0.9862
-0.98734
-0.98632
-0.9873
-0.98746
-0.98712
-0.98692
-0.9866
-0.98736
-0.98796
-0.98648
-0.98656
-0.9869
-0.98622
-0.9863
-0.98664
-0.98622
-0.9862
-0.98738
-0.98766
-0.9865
-0.98652
-0.98728
-0.98722
-0.98662
-0.9847
-0.98798
-0.98596
-0.98712
-0.98736
-0.98648
-0.98634
-0.98764
-0.98678
-0.98626
-0.98684
-0.9861
-0.98676
-0.98632
-0.9871
-0.98546
-0.98688
-0.98758
-0.98564
-0.98586
-0.98576
-0.98708
-0.98692
-0.98636
-0.98752
-0.9865
-0.98726
-0.98696
-0.98714
-0.98746
-0.98732
-0.98692
-0.98624
-0.98656
-0.98624
-0.98582
-0.98658
-0.98638
-0.9867
-0.98644
-0.9874
-0.98742
-0.9865
-0.98752
-0.98758
-0.9867
-0.98562
-0.9868
-0.98734
-0.98734
-0.98638
-0.98718
-0.98736
-0.98612
-0.98584
-0.98606
-0.98706
-0.98678
-0.9877
-0.98608
-0.98754
-0.986
-0.98786
-0.98766
-0.98614
-0.98582
-0.98654
-0.98652
-0.98746
-0.9864
-0.98554
-0.98654
-0.98624
-0.98672
-0.98754
-0.9874
-0.9866
-0.9872
-0.98644
-0.98652
-0.98684
-0.98656
-0.98676
-0.98636
-0.9856
-0.98758
-0.98744
-0.98736
-0.98692
-0.98576
-0.9862
-0.98624
-0.98728
-0.98726
-0.98706
-0.98602
-0.98702
-0.98674
-0.98716
-0.98526
-0.98672
-0.98592
-0.98632
-0.98674
-0.9869
-0.98638
-0.9869
-0.98556
-0.98698
-0.98752
-0.98682
-0.98654
-0.9868
-0.9866
-0.98672
-0.98666
-0.98556
-0.98728
-0.98618
-0.98688
-0.9875
-0.98634
-0.9864
-0.98728
-0.9875
-0.98698
-0.9856
-0.98642
-0.98648
-0.9865
-0.98696
-0.9872
-0.98566
-0.98688
-0.98686
-0.98692
-0.98622
-0.98698
-0.9862
-0.98632
-0.98598
-0.9868
-0.9875
-0.9878
-0.98714
-0.98692
-0.9868
-0.98608
-0.9864
-0.9869
-0.98676
-0.98672
-0.98636
-0.9861
-0.98594
-0.98676
-0.98722
-0.9858
-0.987
-0.98806
-0.98686
-0.98688
-0.9874
-0.98558
-0.98712
-0.98698
-0.98688
-0.98752
-0.98704
-0.98576
-0.98606
-0.98722
-0.98648
-0.98602
-0.98716
-0.98732
-0.98712
-0.98596
-0.98582
-0.98718
-0.98716
-0.98712
-0.987
-0.9869
-0.98712
-0.9874
-0.98606
-0.98602
-0.98756
-0.98732
-0.98782
-0.9864
-0.98736
-0.98702
-0.98642
-0.98634
-0.9873
-0.9866
-0.98694
-0.9874
-0.9859
-0.98762
-0.98668
-0.98666
-0.98738
-0.98724
-0.98652
-0.98596
-0.9867
-0.98642
-0.98708
-0.98614
-0.9866
-0.9882
-0.986
-0.98612
-0.9866
-0.9864
-0.98654
-0.9874
-0.98788
-0.98732
-0.98702
-0.98638
-0.98648
-0.9864
-0.98732
-0.98638
-0.98798
-0.98702
-0.98744
-0.98774
-0.9869
-0.98698
-0.9876
-0.98762
-0.98638
-0.98668
-0.98666
-0.98616
-0.98814
-0.98568
-0.98692
-0.98724
-0.98652
-0.98622
-0.98718
-0.98818
-0.98834
-0.9867
-0.98642
-0.98706
-0.9865
-0.98768
-0.98672
-0.98774
-0.98676
-0.98728
-0.98734
-0.98754
-0.98664
-0.98654
-0.98702
-0.98614
-0.98682
-0.98582
-0.9858
-0.98646
-0.9869
-0.98646
-0.98738
-0.98728
-0.98704
-0.98546
-0.98676
-0.98612
-0.98706
-0.98648
-0.9863
-0.98652
-0.98636
-0.9869
-0.9871
-0.9867
-0.98558
-0.9864
-0.988
-0.98544
-0.98796
-0.98626
-0.98522
-0.9867
-0.98664
-0.98684
-0.98626
-0.98634
-0.98646
-0.98674
-0.98582
-0.98748
-0.98706
-0.98718
-0.98764
-0.98776
-0.98716
-0.9872
-0.98618
-0.98758
-0.98632
-0.98606
-0.9863
-0.98764
-0.98688
-0.98612
-0.98766
-0.98704
-0.98754
-0.98696
-0.98684
-0.98556
-0.98634
-0.98702
-0.98722
-0.98674
-0.98574
-0.98596
-0.98706
-0.98712
-0.98694
-0.98718
-0.98614
-0.9865
-0.98728
-0.98644
-0.98596
-0.9875
-0.98658
-0.98704
-0.9858
-0.98744
-0.98666
-0.98688
-0.9862
-0.98592
-0.98674
-0.98674
-0.98692
-0.98638
-0.98644
-0.98624
-0.9864
-0.9865
-0.98732
-0.9875
-0.98664
-0.9867
-0.98682
-0.98602
-0.98514
-0.9867
-0.9862
-0.98618
-0.98692
-0.987
-0.98628
-0.98684
-0.9878
-0.98752
-0.98792
-0.98666
-0.98658
-0.98594
-0.98756
-0.98604
-0.98724
-0.98566
-0.9871
-0.9877
-0.98674
-0.98722
-0.98602
-0.9855
-0.98632
-0.9871
-0.98676
-0.98628
-0.9869
-0.98724
-0.98654
-0.98684
-0.98702
-0.98726
-0.98656
-0.987
-0.9873
-0.98622
-0.98692
-0.98556
-0.9859
-0.98768
-0.98664
-0.98706
-0.98756
-0.98614
-0.98726
-0.98702
-0.98622
-0.98654
-0.98756
-0.9869
-0.98668
-0.98634
-0.98588
-0.98552
-0.98574
-0.98624
-0.98654
-0.98708
-0.98526
-0.98532
-0.98662
-0.98702
-0.98696
-0.9873
-0.9862
-0.9861
-0.9865
-0.98766
-0.98698
-0.98736
-0.98648
-0.98702
-0.98806
-0.98618
-0.98772
-0.9864
-0.98684
-0.98746
-0.98578
-0.98648
-0.98782
-0.98698
-0.98726
-0.98634
-0.9878
-0.98736
-0.98612
-0.98768
-0.98714
-0.98636
-0.98638
-0.98682
-0.98734
-0.9849
-0.98744
-0.9856
-0.98682
-0.98676
-0.98618
-0.98686
-0.98622
-0.98582
-0.98684
-0.98748
-0.98638
-0.98632
-0.98652
-0.98672
-0.98652
-0.98736
-0.98746
-0.98688
-0.9857
-0.98696
-0.98646
-0.98744
-0.9866
-0.9876
-0.98706
-0.98634
-0.98578
-0.9869
-0.98682
-0.98674
-0.98742
-0.98684
-0.98592
-0.98734
-0.98764
-0.98722
-0.98634
-0.98744
-0.98704
-0.98676
-0.98674
-0.98696
-0.98664
-0.9865
-0.98722
-0.9855
-0.98616
-0.98764
-0.98662
-0.9869
-0.98542
-0.98636
-0.9864
-0.98608
-0.98662
-0.98636
-0.988
-0.9863
-0.98732
-0.98626
-0.98696
-0.9866
-0.9877
-0.98678
-0.9878
-0.98642
-0.98802
-0.98764
-0.98566
-0.98784
-0.9866
-0.98746
-0.98766
-0.98688
-0.98632
-0.98628
-0.98612
-0.98538
-0.98672
-0.98652
-0.98714
-0.98716
-0.98706
-0.98658
-0.98564
-0.98584
-0.98612
-0.98654
-0.98688
-0.98584
-0.98756
-0.98668
-0.98712
-0.98684
-0.98558
-0.98562
-0.9865
-0.98692
-0.98702
-0.98746
-0.98634
-0.9854
-0.98586
-0.98722
-0.98716
-0.98602
-0.98724
-0.98646
-0.98638
-0.9863
-0.98726
-0.98598
-0.98694
-0.98618
-0.988
-0.98614
-0.98642
-0.98772
-0.98648
-0.98626
-0.98732
-0.98708
-0.98732
-0.98654
-0.98742
-0.9872
-0.98688
-0.98656
-0.98646
-0.98626
-0.98568
-0.98764
-0.9878
-0.98644
-0.98718
-0.98636
-0.98722
-0.98678
-0.98586
-0.98702
-0.98626
-0.98814
-0.98708
-0.98736
-0.98718
-0.9875
-0.98738
-0.98764
-0.98648
-0.98602
-0.98694
-0.9867
-0.9862
-0.98708
-0.98702
-0.98674
-0.98524
-0.98734
-0.98758
-0.98682
-0.9866
-0.98602
-0.98658
-0.98624
-0.98752
-0.98714
-0.9877
-0.98608
-0.98634
-0.98702
-0.98604
-0.98832
-0.98648
-0.98696
-0.98758
-0.98664
-0.98732
-0.98644
-0.9864
-0.98632
-0.98708
-0.9866
-0.98638
-0.9861
-0.98668
-0.98596
-0.98686
-0.98712
-0.98704
-0.987
-0.98686
-0.98728
-0.9869
-0.98736
-0.98798
-0.98738
-0.9871
-0.98672
-0.98854
-0.98722
-0.98624
-0.9862
-0.98694
-0.98634
-0.98638
-0.98672
-0.98712
-0.9874
-0.98708
-0.98846
-0.98664
-0.986
-0.98568
-0.98682
-0.98732
-0.98716
-0.98582
-0.98736
-0.98684
-0.98672
-0.9868
-0.98752
-0.98694
-0.98744
-0.98698
-0.98712
-0.98644
-0.98732
-0.98596
-0.98688
-0.9871
-0.98688
-0.9857
-0.98734
-0.98624
-0.98648
-0.98504
-0.9864
-0.98586
-0.9871
-0.98698
-0.98676
-0.98728
-0.9874
-0.98672
-0.98832
-0.98662
-0.9865
-0.98708
-0.98642
-0.9864
-0.98782
-0.98688
-0.98606
-0.98702
-0.9864
-0.98626
-0.98686
-0.98744
-0.9865
-0.98614
-0.9861
-0.9869
-0.98602
-0.98736
-0.98766
-0.98664
-0.98642
-0.98734
-0.98728
-0.98646
-0.98614
-0.98658
-0.9881
-0.9863
-0.98624
-0.9872
-0.98596
-0.98706
-0.98668
-0.98682
-0.98574
-0.98638
-0.98642
-0.98672
-0.98712
-0.98748
-0.98716
-0.98558
-0.98594
-0.9865
-0.9864
-0.98702
-0.9863
-0.98622
-0.98712
-0.98696
-0.9849
-0.98698
-0.98634
-0.98652
-0.98656
-0.98752
-0.98612
-0.98616
-0.98758
-0.98636
-0.98748
-0.98676
-0.9867
-0.987
-0.98678
-0.98678
-0.98768
-0.98782
-0.98718
-0.98724
-0.98654
-0.9859
-0.9869
-0.9872
-0.98802
-0.98726
-0.98666
-0.98664
-0.98752
-0.98618
-0.98726
-0.98758
-0.98652
-0.98648
-0.98722
-0.98782
-0.98712
-0.98612
-0.98674
-0.9873
-0.98742
-0.9881
-0.98624
-0.98676
-0.98672
-0.98612
-0.98708
-0.98734
-0.9863
-0.98624
-0.98716
-0.98722
-0.98572
-0.98702
-0.98484
-0.98746
-0.98582
-0.987
-0.98634
-0.98744
-0.98654
-0.98554
-0.98694
-0.9851
-0.98662
-0.98686
-0.98734
-0.98612
-0.98788
-0.98656
-0.98724
-0.98636
-0.98688
-0.98722
-0.98632
-0.98774
-0.98724
-0.98564
-0.9872
-0.98686
-0.98676
-0.98644
-0.98742
-0.98658
-0.98646
-0.98626
-0.98728
-0.98632
-0.98724
-0.98712
-0.98712
-0.98692
-0.98696
-0.986
-0.98776
-0.98762
-0.9872
-0.98626
-0.98608
-0.98648
-0.98644
-0.98762
-0.98812
-0.98722
-0.98698
-0.98718
-0.98758
-0.98638
-0.98644
-0.9874
-0.98672
-0.98656
-0.9865
-0.98704
-0.98638
-0.98626
-0.98718
-0.98548
-0.98624
-0.98656
-0.98658
-0.9866
-0.98602
-0.98608
-0.98644
-0.98602
-0.98748
-0.98622
-0.9872
-0.98802
-0.98682
-0.98656
-0.98686
-0.98522
-0.98626
-0.9866
-0.98556
-0.9876
-0.98688
-0.98718
-0.9868
-0.98786
-0.98654
-0.98658
-0.98768
-0.98696
-0.9867
-0.98608
-0.98674
-0.98722
-0.98508
-0.98586
-0.9858
-0.98532
-0.98654
-0.98624
-0.98616
-0.98718
-0.98676
-0.98728
-0.98736
-0.98608
-0.98706
-0.9868
-0.98656
-0.98762
-0.9885
-0.98696
-0.98568
-0.98742
-0.9874
-0.98604
-0.98626
-0.98652
-0.98696
-0.9871
-0.98632
-0.98684
-0.98734
-0.98726
-0.98594
-0.98598
-0.98668
-0.98806
-0.98676
-0.98658
-0.98642
-0.98608
-0.98584
-0.98724
-0.9873
-0.98762
-0.98728
-0.98714
-0.98558
-0.98674
-0.98702
-0.98716
-0.98628
-0.98706
-0.98688
-0.98678
-0.98654
-0.9864
-0.98794
-0.98712
-0.98742
-0.98686
-0.9852
-0.98664
-0.98718
-0.98656
-0.98618
-0.98714
-0.9868
-0.98604
-0.98654
-0.9874
-0.98708
-0.98624
-0.98682
-0.98808
-0.98606
-0.98642
-0.98692
-0.9876
-0.98558
-0.98704
-0.98624
-0.98772
-0.9874
-0.9859
-0.98724
-0.98672
-0.98652
-0.98696
-0.98662
-0.9865
-0.9869
-0.98642
-0.9862
-0.98716
-0.9858
-0.98812
-0.98682
-0.9874
-0.98732
-0.98664
-0.98704
-0.98702
-0.9867
-0.98598
-0.98716
-0.98658
-0.98616
-0.98658
-0.98722
-0.9868
-0.98686
-0.98696
-0.98646
-0.98662
-0.98648
-0.98642
-0.98682
-0.98696
-0.9866
-0.98696
-0.98654
-0.98716
-0.98612
-0.98712
-0.98768
-0.98714
-0.9869
-0.98666
-0.98546
-0.98796
-0.98698
-0.98692
-0.98686
-0.98756
-0.98686
-0.98688
-0.98558
-0.98614
-0.98646
-0.98734
-0.98664
-0.98642
-0.98712
-0.98706
-0.98584
-0.98716
-0.98724
-0.987
-0.98734
-0.98756
-0.98646
-0.98774
-0.9877
-0.98636
-0.9878
-0.98644
-0.98638
-0.98656
-0.98642
-0.98696
-0.98664
-0.98674
-0.9865
-0.98608
-0.98606
-0.98658
-0.98632
-0.98674
-0.98634
-0.98678
-0.98726
-0.98678
-0.9862
-0.98622
-0.9871
-0.98724
-0.98704
-0.987
-0.98622
-0.98628
-0.98652
-0.98712
-0.98658
-0.98718
-0.9861
-0.98748
-0.9866
-0.98648
-0.98782
-0.9861
-0.98732
-0.98688
-0.9864
-0.98612
-0.9862
-0.98666
-0.98652
-0.98596
-0.98662
-0.9868
-0.98662
-0.98682
-0.98582
-0.9873
-0.9874
-0.98526
-0.9874
-0.98658
-0.98674
-0.98692
-0.98726
-0.9862
-0.98638
-0.9863
-0.98648
-0.9868
-0.98742
-0.98734
-0.9881
-0.98574
-0.98602
-0.98706
-0.9869
-0.9865
-0.9874
-0.98696
-0.98708
-0.98586
-0.98656
-0.98648
-0.98598
-0.987
-0.98702
-0.98564
-0.9849
-0.98672
-0.98686
-0.98656
-0.98704
-0.98702
-0.98722
-0.98738
-0.98562
-0.98588
-0.98692
-0.98528
-0.985
-0.98744
-0.98658
-0.98578
-0.98724
-0.98664
-0.98664
-0.98734
-0.986
-0.98716
-0.9869
-0.98618
-0.98586
-0.98674
-0.9872
-0.98682
-0.98764
-0.98684
-0.98814
-0.98536
-0.98674
-0.98762
-0.9862
-0.9872
-0.98648
-0.98766
-0.9864
-0.98666
-0.98738
-0.98758
-0.98576
-0.98534
-0.98664
-0.98662
-0.98608
-0.98674
-0.98706
-0.98618
-0.98614
-0.986
-0.9869
-0.98676
-0.98698
-0.98682
-0.98688
-0.9865
-0.98636
-0.98712
-0.98822
-0.98752
-0.98532
-0.98738
-0.98704
-0.98664
-0.98716
-0.98578
-0.98708
-0.98784
-0.98646
-0.98744
-0.98672
-0.98688
-0.98756
-0.98686
-0.98664
-0.9871
-0.98592
-0.98622
-0.986
-0.98684
-0.98646
-0.9862
-0.98612
-0.98734
-0.98706
-0.98636
-0.98794
-0.98524
-0.98522
-0.98552
-0.98684
-0.98554
-0.98642
-0.9868
-0.98584
-0.98512
-0.98638
-0.9864
-0.98778
-0.9874
-0.98664
-0.98846
-0.9859
-0.9862
-0.98742
-0.98696
-0.98586
-0.98616
-0.9865
-0.98692
-0.98558
-0.98602
-0.98678
-0.9864
-0.98802
-0.98764
-0.9884
-0.98666
-0.98686
-0.9872
-0.98626
-0.98658
-0.98642
-0.98712
-0.98678
-0.9868
-0.98524
-0.98678
-0.98712
-0.98556
-0.9865
-0.98698
-0.98778
-0.98698
-0.9868
-0.98736
-0.98644
-0.98796
-0.98674
-0.98676
-0.98734
-0.98772
-0.98656
-0.98704
-0.98736
-0.9869
-0.98798
-0.98706
-0.98598
-0.98602
-0.98798
-0.98588
-0.98706
-0.9871
-0.98636
-0.98708
-0.9872
-0.9865
-0.98686
-0.98654
-0.988
-0.9863
-0.98518
-0.98734
-0.98594
-0.98632
-0.98668
-0.98704
-0.98646
-0.98744
-0.98692
-0.98668
-0.98668
-0.98742
-0.9868
-0.9865
-0.98696
-0.98606
-0.98612
-0.9878
-0.98636
-0.98742
-0.98498
-0.98726
-0.98688
-0.98572
-0.98732
-0.98664
-0.98752
-0.98658
-0.98598
-0.9867
-0.98592
-0.98628
-0.98604
-0.98588
-0.986
-0.98716
-0.98752
-0.98676
-0.98684
-0.9863
-0.9862
-0.98694
-0.98688
-0.98696
-0.9866
-0.98654
-0.98716
-0.98606
-0.98548
-0.98618
-0.98624
-0.98616
-0.98698
-0.98722
-0.9863
-0.98686
-0.98676
-0.98732
-0.98614
-0.98602
-0.98682
-0.98702
-0.9877
-0.98688
-0.987
-0.98716
-0.98806
-0.98572
-0.98678
-0.98528
-0.98626
-0.9871
-0.98602
-0.98692
-0.98744
-0.987
-0.987
-0.98674
-0.98766
-0.98778
-0.98638
-0.9875
-0.98624
-0.98578
-0.98608
-0.98698
-0.98744
-0.98812
-0.98804
-0.98668
-0.98706
-0.98668
-0.9874
-0.9866
-0.9874
-0.9867
-0.9861
-0.98622
-0.98654
-0.98668
-0.9869
-0.98658
-0.98672
-0.9862
-0.98632
-0.98608
-0.98722
-0.98568
-0.98584
-0.98682
-0.98518
-0.9875
-0.9871
-0.98734
-0.98592
-0.98638
-0.9865
-0.9873
-0.9872
-0.98786
-0.98824
-0.98658
-0.9864
-0.98612
-0.98726
-0.9871
-0.98662
-0.98574
-0.9881
-0.98632
-0.9866
-0.98692
-0.9871
-0.98634
-0.98708
-0.98708
-0.98652
-0.98584
-0.98638
-0.98574
-0.98702
-0.98566
-0.98712
-0.98736
-0.98716
-0.9879
-0.98682
-0.98642
-0.9867
-0.98654
-0.98632
-0.9867
-0.98694
-0.98642
-0.9878
-0.98722
-0.9862
-0.98672
-0.9865
-0.9865
-0.98712
-0.98604
-0.98616
-0.98778
-0.98682
-0.987
-0.9867
-0.98576
-0.9874
-0.98714
-0.9867
-0.98674
-0.98684
-0.98594
-0.98654
-0.98608
-0.9864
-0.98642
-0.98632
-0.9873
-0.9864
-0.98718
-0.98694
-0.98774
-0.98754
-0.98748
-0.98662
-0.98652
-0.9862
-0.98734
-0.98658
-0.98816
-0.98684
-0.9867
-0.98814
-0.98746
-0.98614
-0.98676
-0.98704
-0.98732
-0.98732
-0.98692
-0.98602
-0.9868
-0.987
-0.98698
-0.98704
-0.9864
-0.98758
-0.98732
-0.98726
-0.98662
-0.98672
-0.98702
-0.98734
-0.98688
-0.9869
-0.98738
-0.98622
-0.98784
-0.98666
-0.98648
-0.98602
-0.98758
-0.98746
-0.98668
-0.98624
-0.98678
-0.98772
-0.98706
-0.9869
-0.98714
-0.98758
-0.98642
-0.9874
-0.98578
-0.98708
-0.98698
-0.9862
-0.98778
-0.98538
-0.98702
-0.98624
-0.9857
-0.98716
-0.98724
-0.98748
-0.98734
-0.9867
-0.98536
-0.98838
-0.987
-0.9875
-0.98616
-0.98786
-0.98748
-0.9865
-0.98756
-0.98656
-0.98712
-0.9869
-0.98588
-0.98586
-0.98644
-0.98722
-0.98646
-0.9864
-0.98762
-0.98618
-0.98644
-0.98742
-0.98634
-0.98622
-0.98774
-0.98696
-0.98514
-0.98704
-0.9858
-0.98756
-0.98684
-0.9871
-0.98748
-0.9869
-0.98692
-0.98626
-0.98662
-0.98704
-0.98628
-0.987
-0.98634
-0.98672
-0.98614
-0.9865
-0.98668
-0.98696
-0.98732
-0.9874
-0.98684
-0.98696
-0.98708
-0.98552
-0.98562
-0.9876
-0.98654
-0.98624
-0.98666
-0.98672
-0.98748
-0.9871
-0.98748
-0.98638
-0.988
-0.98666
-0.98724
-0.98774
-0.98604
-0.98686
-0.98624
-0.9867
-0.98706
-0.98654
-0.9855
-0.98672
-0.98698
-0.9874
-0.98734
-0.98728
-0.98654
-0.98662
-0.98824
-0.98642
-0.98732
-0.9872
-0.98702
-0.98568
-0.98702
-0.98794
-0.98678
-0.98618
-0.9877
-0.9873
-0.9869
-0.98654
-0.9863
-0.98532
-0.98582
-0.98698
-0.98656
-0.98672
-0.98614
-0.98676
-0.98698
-0.98692
-0.9871
-0.98754
-0.98692
-0.98806
-0.98728
-0.9853
-0.98554
-0.98602
-0.98702
-0.98726
-0.98728
-0.9867
-0.98736
-0.98588
-0.98694
-0.98598
-0.98658
-0.98748
-0.98736
-0.98716
-0.98738
-0.98806
-0.98724
-0.98638
-0.98696
-0.98742
-0.98744
-0.98632
-0.98694
-0.98752
-0.98648
-0.9859
-0.9855
-0.98664
-0.98692
-0.98676
-0.98716
-0.98696
-0.98688
-0.98694
-0.9863
-0.9869
-0.98634
-0.98656
-0.98666
-0.98656
-0.9869
-0.98552
-0.9871
-0.98672
-0.98692
-0.98598
-0.98754
-0.98738
-0.98614
-0.98562
-0.9877
-0.98642
-0.9878
-0.98658
-0.98692
-0.98758
-0.9859
-0.98782
-0.98694
-0.987
-0.98696
-0.98668
-0.98578
-0.9872
-0.98756
-0.98742
-0.98738
-0.98766
-0.98692
-0.98628
-0.9864
-0.98748
-0.98602
-0.98702
-0.98674
-0.98514
-0.98734
-0.98652
-0.98596
-0.98612
-0.98666
-0.98688
-0.98624
-0.98638
-0.98666
-0.98778
-0.98792
-0.9869
-0.98652
-0.98718
-0.98638
-0.98588
-0.9857
-0.987
-0.98702
-0.98586
-0.98708
-0.9872
-0.98712
-0.98596
-0.98656
-0.98592
-0.98676
-0.98754
-0.98794
-0.98644
-0.9863
-0.98776
-0.98662
-0.98632
-0.98716
-0.98644
-0.9867
-0.98706
-0.98672
-0.98598
-0.98636
-0.98656
-0.98782
-0.98746
-0.98732
-0.98692
-0.98702
-0.98636
-0.98578
-0.9872
-0.98688
-0.9868
-0.9868
-0.98732
-0.98566
-0.9877
-0.98756
-0.98624
-0.9871
-0.98676
-0.98584
-0.98646
-0.98624
-0.98682
-0.98644
-0.9852
-0.98758
-0.98756
-0.98652
-0.98722
-0.9863
-0.98634
-0.9863
-0.98614
-0.98732
-0.98672
-0.9865
-0.9861
-0.98704
-0.98772
-0.98694
-0.98762
-0.98702
-0.9873
-0.98654
-0.9869
-0.98596
-0.9869
-0.98724
-0.98758
-0.98664
-0.98702
-0.9863
-0.98766
-0.98708
-0.98682
-0.98732
-0.98852
-0.98668
-0.98732
-0.98636
-0.98626
-0.9877
-0.98696
-0.9863
-0.98682
-0.98658
-0.98658
-0.98638
-0.98732
-0.98638
-0.98686
-0.98706
-0.98616
-0.98684
-0.9865
-0.98718
-0.9866
-0.98666
-0.98598
-0.98664
-0.98698
-0.98744
-0.9877
-0.9869
-0.988
-0.9866
-0.9876
-0.98752
-0.98752
-0.98622
-0.987
-0.98746
-0.9862
-0.9864
-0.98662
-0.9869
-0.98666
-0.98764
-0.98696
-0.98728
-0.987
-0.98768
-0.988
-0.98662
-0.98648
-0.98588
-0.98676
-0.98698
-0.98698
-0.98622
-0.98756
-0.98792
-0.98758
-0.98718
-0.98614
-0.98688
-0.98668
-0.98646
-0.98608
-0.98712
-0.98716
-0.98566
-0.98652
-0.98768
-0.98716
-0.98648
-0.98766
-0.98766
-0.98744
-0.9875
-0.98648
-0.9869
-0.98684
-0.9871
-0.98558
-0.98704
-0.9869
-0.98738
-0.9864
-0.9872
-0.98626
-0.98594
-0.98642
-0.98664
-0.98642
-0.98704
-0.98658
-0.98678
-0.98744
-0.98748
-0.98606
-0.98746
-0.98714
-0.98592
-0.98672
-0.98658
-0.9872
-0.98734
-0.98694
-0.98642
-0.9869
-0.98664
-0.98556
-0.98672
-0.98796
-0.9866
-0.98588
-0.98568
-0.98574
-0.9872
-0.98694
-0.98788
-0.98678
-0.98656
-0.98724
-0.9867
-0.98634
-0.98702
-0.987
-0.9858
-0.988
-0.98742
-0.98584
-0.98676
-0.98684
-0.9872
-0.986
-0.98644
-0.9864
-0.9864
-0.98654
-0.98648
-0.98512
-0.98618
-0.98762
-0.98726
-0.98746
-0.98718
-0.98732
-0.98634
-0.98694
-0.98748
-0.9868
-0.98558
-0.98652
-0.98704
-0.98732
-0.98616
-0.9871
-0.9866
-0.98786
-0.98568
-0.98646
-0.98678
-0.98668
-0.98596
-0.98712
-0.9867
-0.98756
-0.98638
-0.98556
-0.98706
-0.98678
-0.98742
-0.98724
-0.98648
-0.98572
-0.9869
-0.98642
-0.98736
-0.9872
-0.98662
-0.98694
-0.98646
-0.98632
-0.98784
-0.98534
-0.98562
-0.98646
-0.98714
-0.98612
-0.98578
-0.98584
-0.986
-0.98762
-0.9868
-0.98744
-0.98642
-0.98752
-0.9866
-0.98592
-0.98722
-0.9859
-0.9852
-0.98726
-0.98692
-0.98714
-0.98672
-0.9867
-0.98642
-0.98604
-0.98738
-0.98754
-0.98658
-0.98776
-0.9868
-0.9882
-0.98748
-0.98634
-0.987
-0.98706
-0.98702
-0.98588
-0.98628
-0.9865
-0.98656
-0.98678
-0.9868
-0.9879
-0.98716
-0.98704
-0.98622
-0.98712
-0.98688
-0.98646
-0.98666
-0.98634
-0.98602
-0.98692
-0.98768
-0.98722
-0.98822
-0.9863
-0.98794
-0.98608
-0.98662
-0.98696
-0.98698
-0.98616
-0.98736
-0.98654
-0.98638
-0.98712
-0.98688
-0.9873
-0.987
-0.98626
-0.98644
-0.98712
-0.98712
-0.98542
-0.98556
-0.98714
-0.98638
-0.98608
-0.98776
-0.98718
-0.9853
-0.98524
-0.9855
-0.98612
-0.98696
-0.98696
-0.98618
-0.98754
-0.9869
-0.98622
-0.98544
-0.98682
-0.98612
-0.98638
-0.98728
-0.98664
-0.9868
-0.98748
-0.9859
-0.98682
-0.9877
-0.98692
-0.98826
-0.98694
-0.9867
