-0.16138
-0.14956
-0.13212
-0.1284
-0.13342
-0.11638
-0.12364
-0.12572
-0.13496
-0.1387
-0.13372
-0.13598
-0.1278
-0.1337
-0.1255
-0.11512
-0.12396
-0.1386
-0.14198
-0.13132
-0.13964
-0.13602
-0.15172
-0.1472
-0.13906
-0.1315
-0.1351
-0.13288
-0.13712
-0.13118
-0.1312
-0.13274
-0.1367
-0.13226
-0.12424
-0.12614
-0.14062
-0.1365
-0.13094
-0.1212
-0.1082
-0.10096
-0.12136
-0.11636
-0.12238
-0.13174
-0.13238
-0.1276
-0.12618
-0.11928
-0.1118
-0.10856
-0.10908
-0.10922
-0.10462
-0.11624
-0.11692
-0.1189
-0.12376
-0.13384
-0.13426
-0.12988
-0.13568
-0.12726
-0.12968
-0.11924
-0.12336
-0.10888
-0.11252
-0.12312
-0.1282
-0.13534
-0.1465
-0.14352
-0.14946
-0.14784
-0.1547
-0.147
-0.14822
-0.1462
-0.1342
-0.12604
-0.10994
-0.10054
-0.08992
-0.11218
-0.09304
-0.09448
-0.08296
-0.08714
-0.08686
-0.10752
-0.09138
-0.10734
-0.11244
-0.13304
-0.12102
-0.10566
-0.12816
-0.1361
-0.12328
-0.10584
-0.11452
-0.12388
-0.1299
-0.13746
-0.12596
-0.10654
-0.10856
-0.1114
-0.12718
-0.13438
-0.1386
-0.16174
-0.1533
-0.15484
-0.15644
-0.15136
-0.14924
-0.15854
-0.15016
-0.14566
-0.14602
-0.14336
-0.15968
-0.16414
-0.16882
-0.17276
-0.17082
-0.15736
-0.14942
-0.15072
-0.14828
-0.13984
-0.1338
-0.14458
-0.14326
-0.14902
-0.14474
-0.13472
-0.16554
-0.183
-0.1915
-0.18442
-0.18074
-0.18444
-0.18908
-0.19262
-0.19824
-0.19566
-0.19086
-0.19504
-0.1911
-0.19224
-0.18674
-0.17554
-0.17302
-0.17202
-0.1751
-0.17652
-0.18502
-0.18022
-0.16782
-0.16678
-0.1661
-0.14444
-0.14388
-0.13316
-0.1188
-0.12334
-0.1186
-0.11586
-0.13224
-0.1296
-0.13256
-0.1258
-0.12546
-0.1226
-0.11796
-0.10452
-0.10468
-0.10716
-0.1092
-0.09546
-0.10862
-0.11558
-0.11756
-0.11044
-0.11052
-0.1012
-0.11044
-0.119
-0.11404
-0.1121
-0.08616
-0.0887
-0.09866
-0.10336
-0.10552
-0.11246
-0.11576
-0.11142
-0.11916
-0.12996
-0.1388
-0.13438
-0.1222
-0.12592
-0.12018
-0.13086
-0.11876
-0.12014
-0.12516
-0.11504
-0.10872
-0.10154
-0.10076
-0.0951
-0.0931
-0.08724
-0.09396
-0.09812
-0.1041
-0.09974
-0.09276
-0.09174
-0.11152
-0.11128
-0.1179
-0.14006
-0.12884
-0.13202
-0.12458
-0.128
-0.1267
-0.13104
-0.13864
-0.14746
-0.1553
-0.15072
-0.13842
-0.13018
-0.135
-0.13248
-0.13836
-0.13194
-0.13096
-0.13302
-0.13718
-0.1406
-0.1549
-0.1421
-0.135
-0.1255
-0.1303
-0.12166
-0.12754
-0.12832
-0.1302
-0.12962
-0.12498
-0.12416
-0.13422
-0.13798
-0.1391
-0.12696
-0.12818
-0.11826
-0.11808
-0.13054
-0.13522
-0.13444
-0.12614
-0.1206
-0.12056
-0.10656
-0.1172
-0.11028
-0.11948
-0.10046
-0.11038
-0.1117
-0.107
-0.1138
-0.11264
-0.12466
-0.11332
-0.1094
-0.1117
-0.1044
-0.111
-0.1012
-0.09088
-0.09714
-0.10248
-0.10112
-0.09866
-0.09272
-0.0964
-0.10546
-0.09976
-0.10408
-0.1121
-0.11558
-0.12206
-0.11304
-0.098
-0.10202
-0.09862
-0.10692
-0.11164
-0.11058
-0.1072
-0.10026
-0.08836
-0.0938
-0.08414
-0.08256
-0.09488
-0.09368
-0.092
-0.10134
-0.09658
-0.1109
-0.10464
-0.10464
-0.11092
-0.1182
-0.10982
-0.10402
-0.1084
-0.12108
-0.12192
-0.11924
-0.11646
-0.12328
-0.11718
-0.12246
-0.13796
-0.13524
-0.131
-0.12342
-0.1089
-0.11534
-0.12822
-0.11146
-0.10936
-0.1057
-0.11516
-0.13256
-0.13582
-0.14238
-0.14376
-0.1453
-0.14652
-0.15988
-0.14356
-0.14876
-0.14088
-0.14116
-0.14616
-0.14452
-0.15492
-0.16082
-0.1506
-0.14354
-0.13206
-0.14228
-0.13348
-0.13544
-0.1325
-0.13192
-0.13876
-0.1303
-0.1279
-0.12966
-0.1511
-0.14458
-0.13478
-0.1404
-0.14662
-0.13564
-0.12634
-0.1359
-0.13156
-0.13408
-0.12544
-0.13154
-0.12314
-0.125
-0.12434
-0.12868
-0.13502
-0.14218
-0.1332
-0.1364
-0.14404
-0.15714
-0.16814
-0.1618
-0.14776
-0.15204
-0.14288
-0.1279
-0.12386
-0.13148
-0.13082
-0.13532
-0.14836
-0.15542
-0.15924
-0.15752
-0.15354
-0.15292
-0.15246
-0.14732
-0.1472
-0.15472
-0.15316
-0.14446
-0.13904
-0.14332
-0.13796
-0.14064
-0.152
-0.14938
-0.1388
-0.13512
-0.12198
-0.12812
-0.12358
-0.1333
-0.1312
-0.1239
-0.11886
-0.12842
-0.11452
-0.11232
-0.10942
-0.11228
-0.12388
-0.13042
-0.14294
-0.14232
-0.1306
-0.12334
-0.12372
-0.1367
-0.12554
-0.13754
-0.13534
-0.1433
-0.14108
-0.1437
-0.14854
-0.14826
-0.14916
-0.1393
-0.1312
-0.14968
-0.15964
-0.15902
-0.15924
-0.14686
-0.14346
-0.14662
-0.13448
-0.13666
-0.14018
-0.12958
-0.1249
-0.1183
-0.12232
-0.12128
-0.13274
-0.12904
-0.13228
-0.12864
-0.13634
-0.14458
-0.14102
-0.12894
-0.12386
-0.12258
-0.1245
-0.1126
-0.12154
-0.11406
-0.13196
-0.1454
-0.15174
-0.14014
-0.1364
-0.12542
-0.12154
-0.12122
-0.13046
-0.12766
-0.12816
-0.1176
-0.1253
-0.1248
-0.13762
-0.14342
-0.14678
-0.13
-0.12314
-0.13802
-0.1383
-0.13672
-0.1286
-0.1141
-0.11628
-0.12
-0.12874
-0.12808
-0.11892
-0.122
-0.13896
-0.13468
-0.1335
-0.13814
-0.1278
-0.13332
-0.1343
-0.13548
-0.13726
-0.15628
-0.16644
-0.17158
-0.16452
-0.16978
-0.15526
-0.14738
-0.1462
-0.14398
-0.1616
-0.16028
-0.16566
-0.14852
-0.14458
-0.14468
-0.1384
-0.12126
-0.11916
-0.11854
-0.1162
-0.11508
-0.11836
-0.11982
-0.1293
-0.12518
-0.11778
-0.127
-0.12434
-0.13824
-0.13962
-0.12776
-0.13366
-0.1334
-0.14562
-0.1535
-0.15532
-0.13626
-0.13172
-0.11226
-0.10964
-0.12124
-0.1382
-0.14414
-0.14872
-0.13286
-0.12998
-0.1329
-0.13248
-0.1439
-0.14414
-0.1409
-0.13868
-0.12922
-0.1407
-0.13208
-0.12638
-0.1247
-0.12142
-0.1258
-0.12942
-0.1401
-0.13768
-0.13618
-0.1242
-0.13812
-0.14466
-0.15112
-0.16494
-0.15174
-0.14304
-0.13182
-0.1415
-0.13548
-0.14256
-0.1345
-0.13832
-0.13884
-0.12088
-0.1208
-0.10964
-0.10748
-0.09078
-0.09402
-0.10028
-0.12438
-0.13494
-0.14106
-0.1443
-0.15796
-0.1646
-0.15542
-0.16574
-0.16502
-0.1846
-0.17344
-0.1639
-0.17976
-0.17706
-0.1779
-0.16888
-0.1552
-0.16004
-0.16582
-0.15752
-0.14614
-0.1502
-0.1547
-0.15346
-0.15488
-0.15352
-0.14736
-0.1521
-0.14028
-0.14574
-0.14646
-0.14846
-0.1521
-0.15116
-0.13904
-0.14006
-0.1464
-0.12938
-0.10892
-0.1258
-0.12432
-0.13798
-0.11336
-0.11062
-0.10572
-0.10606
-0.10132
-0.10086
-0.10438
-0.09256
-0.09622
-0.09726
-0.09462
-0.09858
-0.09148
-0.1018
-0.10158
-0.08412
-0.09304
-0.09358
-0.10732
-0.10168
-0.10354
-0.1004
-0.09816
-0.09444
-0.10302
-0.12324
-0.11592
-0.13448
-0.13652
-0.12818
-0.13724
-0.14314
-0.14894
-0.16832
-0.16624
-0.16114
-0.16584
-0.1637
-0.16472
-0.15894
-0.15022
-0.1389
-0.1371
-0.12702
-0.13362
-0.12136
-0.12756
-0.1223
-0.10486
-0.10712
-0.10544
-0.11624
-0.11114
-0.12264
-0.12376
-0.13436
-0.1201
-0.13324
-0.12078
-0.12568
-0.13216
-0.11998
-0.10656
-0.10126
-0.08246
-0.09936
-0.10772
-0.1095
-0.1123
-0.1034
-0.10434
-0.09762
-0.09102
-0.07708
-0.09648
-0.10292
-0.10962
-0.11352
-0.1188
-0.1161
-0.11768
-0.105
-0.10822
-0.11124
-0.11576
-0.10112
-0.10346
-0.09786
-0.10282
-0.12246
-0.121
-0.12046
-0.12284
-0.122
-0.11424
-0.10764
-0.10538
-0.10902
-0.11862
-0.13066
-0.1269
-0.12116
-0.13158
-0.1276
-0.11626
-0.11738
-0.12574
-0.12922
-0.13294
-0.14848
-0.14908
-0.1532
-0.14628
-0.1336
-0.13538
-0.1359
-0.1205
-0.11824
-0.12974
-0.13616
-0.14382
-0.14676
-0.16702
-0.16332
-0.15916
-0.16548
-0.16442
-0.15668
-0.15224
-0.1587
-0.16388
-0.1618
-0.16576
-0.15738
-0.1684
-0.15602
-0.16606
-0.17574
-0.17478
-0.15826
-0.14668
-0.1605
-0.16414
-0.14876
-0.15032
-0.14842
-0.1334
-0.13072
-0.13838
-0.15952
-0.1439
-0.1388
-0.14442
-0.13694
-0.12006
-0.13054
-0.1311
-0.14936
-0.13846
-0.14258
-0.15766
-0.15228
-0.15576
-0.1492
-0.15288
-0.15868
-0.16168
-0.16516
-0.16252
-0.16366
-0.13884
-0.12936
-0.13588
-0.14388
-0.13374
-0.14048
-0.13822
-0.13906
-0.12552
-0.11986
-0.12716
-0.1338
-0.1202
-0.12248
-0.1161
-0.1034
-0.10552
-0.09552
-0.09726
-0.088
-0.08582
-0.08738
-0.07854
-0.0854
-0.09578
-0.08586
-0.0828
-0.09094
-0.09716
-0.09436
-0.10112
-0.12254
-0.12498
-0.11754
-0.11542
-0.11862
-0.11566
-0.12778
-0.12588
-0.1379
-0.13346
-0.14514
-0.1375
-0.14552
-0.13914
-0.14258
-0.15472
-0.1544
-0.16016
-0.15774
-0.16128
-0.1428
-0.1395
-0.12752
-0.13164
-0.1291
-0.123
-0.12696
-0.11994
-0.12004
-0.12718
-0.12022
-0.103
-0.09666
-0.10808
-0.10954
-0.12122
-0.10462
-0.1111
-0.10754
-0.10074
-0.10512
-0.10932
-0.10144
-0.1027
-0.10378
-0.08922
-0.0678
-0.07228
-0.07118
-0.0776
-0.08076
-0.09456
-0.08704
-0.08296
-0.08308
-0.1063
-0.10242
-0.10342
-0.11802
-0.13316
-0.12496
-0.10688
-0.0989
-0.08104
-0.09142
-0.09448
-0.10614
-0.114
-0.10336
-0.10074
-0.10838
-0.11264
-0.11618
-0.12472
-0.12284
-0.12444
-0.11988
-0.115
-0.12924
-0.11102
-0.11406
-0.1123
-0.10818
-0.12538
-0.1224
-0.10984
-0.10856
-0.1108
-0.10758
-0.11488
-0.09978
-0.0866
-0.08514
-0.10644
-0.09442
-0.09096
-0.10038
-0.09316
-0.09272
-0.09512
-0.08712
-0.0853
-0.0876
-0.11098
-0.10534
-0.1026
-0.10736
-0.10404
-0.1096
-0.11542
-0.1096
-0.12388
-0.11578
-0.11434
-0.11394
-0.11542
-0.09856
-0.0914
-0.08746
-0.08974
-0.09584
-0.09336
-0.10696
-0.10768
-0.0999
-0.10772
-0.09618
-0.09002
-0.09824
-0.10014
-0.09878
-0.09616
-0.10686
-0.09464
-0.09482
-0.09844
-0.08762
-0.10564
-0.1094
-0.11518
-0.11818
-0.13172
-0.12402
-0.12186
-0.12376
-0.11236
-0.12418
-0.12842
-0.12232
-0.13396
-0.1348
-0.13998
-0.1437
-0.1414
-0.1434
-0.14804
-0.1538
-0.13166
-0.12184
-0.13452
-0.13072
-0.12978
-0.1312
-0.12168
-0.10932
-0.1095
-0.12128
-0.12496
-0.12374
-0.11434
-0.1082
-0.11094
-0.1162
-0.12006
-0.11168
-0.10572
-0.09904
-0.10164
-0.10324
-0.11192
-0.09878
-0.10278
-0.1171
-0.11108
-0.12554
-0.13604
-0.13314
-0.12696
-0.1269
-0.12596
-0.12244
-0.1126
-0.1042
-0.09258
-0.09484
-0.11018
-0.10344
-0.11226
-0.10036
-0.1008
-0.09954
-0.10076
-0.11192
-0.09044
-0.08664
-0.0817
-0.08472
-0.07674
-0.07912
-0.09606
-0.0957
-0.09444
-0.09836
-0.10682
-0.10654
-0.11726
-0.11122
-0.11136
-0.1076
-0.11646
-0.10466
-0.09486
-0.08186
-0.08012
-0.06342
-0.06826
-0.08678
-0.10306
-0.09812
-0.10748
-0.11406
-0.12784
-0.12218
-0.12204
-0.12208
-0.12656
-0.12294
-0.12682
-0.11838
-0.1172
-0.11814
-0.13148
-0.11828
-0.11804
-0.11356
-0.12096
-0.12154
-0.1183
-0.1128
-0.1175
-0.12442
-0.11838
-0.12266
-0.11148
-0.11192
-0.12018
-0.13342
-0.13332
-0.1283
-0.12342
-0.11988
-0.11238
-0.11854
-0.11908
-0.12608
-0.12794
-0.11994
-0.12402
-0.1273
-0.13284
-0.1505
-0.14344
-0.14862
-0.15578
-0.15558
-0.14832
-0.12926
-0.13376
-0.12582
-0.11912
-0.10834
-0.107
-0.10816
-0.10252
-0.10022
-0.0944
-0.10026
-0.11668
-0.12258
-0.1147
-0.12824
-0.117
-0.11986
-0.11086
-0.10828
-0.1187
-0.12442
-0.13156
-0.13332
-0.13162
-0.13026
-0.1231
-0.1145
-0.13112
-0.13364
-0.13868
-0.13708
-0.13344
-0.13042
-0.13202
-0.12794
-0.14322
-0.1426
-0.13446
-0.12838
-0.10932
-0.1033
-0.10396
-0.09474
-0.1084
-0.11374
-0.11478
-0.11194
-0.10502
-0.10364
-0.1027
-0.09762
-0.11894
-0.11132
-0.11244
-0.10652
-0.10228
-0.09902
-0.11356
-0.10978
-0.11924
-0.11728
-0.11902
-0.1266
-0.13174
-0.1328
-0.13338
-0.12858
-0.1319
-0.13346
-0.14442
-0.15054
-0.1417
-0.14438
-0.14464
-0.12546
-0.13206
-0.13938
-0.13034
-0.12426
-0.12346
-0.12366
-0.1224
-0.12238
-0.11996
-0.11436
-0.11092
-0.11496
-0.12898
-0.13682
-0.1303
-0.1228
-0.12436
-0.13182
-0.11822
-0.12646
-0.13108
-0.13768
-0.13508
-0.13342
-0.13986
-0.13216
-0.12088
-0.12986
-0.12444
-0.10952
-0.0962
-0.07686
-0.06588
-0.06778
-0.06142
-0.0671
-0.06598
-0.07998
-0.08316
-0.0842
-0.07834
-0.0649
-0.0562
-0.07574
-0.08226
-0.10458
-0.09166
-0.08856
-0.08798
-0.09546
-0.09246
-0.0868
-0.08478
-0.0779
-0.07996
-0.09722
-0.09164
-0.09388
-0.09578
-0.09456
-0.09282
-0.09712
-0.08584
-0.08878
-0.0933
-0.09662
-0.11032
-0.10858
-0.1094
-0.11808
-0.10992
-0.13202
-0.1197
-0.1252
-0.12668
-0.13286
-0.13176
-0.12098
-0.11946
-0.10922
-0.115
-0.11336
-0.12748
-0.1144
-0.1113
-0.09632
-0.09618
-0.09552
-0.10554
-0.11158
-0.1213
-0.13244
-0.12564
-0.11332
-0.11976
-0.1277
-0.13216
-0.10722
-0.1064
-0.1043
-0.1051
-0.1024
-0.09516
-0.1069
-0.10538
-0.12046
-0.11314
-0.1255
-0.12798
-0.12234
-0.13142
-0.12912
-0.11258
-0.10318
-0.09898
-0.10522
-0.1077
-0.11408
-0.11462
-0.11726
-0.12654
-0.1243
-0.13214
-0.14134
-0.15112
-0.14816
-0.1316
-0.13386
-0.12608
-0.13976
-0.15212
-0.14724
-0.13062
-0.13952
-0.15932
-0.15354
-0.15636
-0.15804
-0.14652
-0.15896
-0.16172
-0.1653
-0.15668
-0.15848
-0.1566
-0.15364
-0.14556
-0.15776
-0.15858
-0.14648
-0.14896
-0.14354
-0.14132
-0.13218
-0.12092
-0.12052
-0.1137
-0.12242
-0.12144
-0.11302
-0.12448
-0.13478
-0.12824
-0.12044
-0.12128
-0.1105
-0.11834
-0.11486
-0.11958
-0.14156
-0.1492
-0.14058
-0.1454
-0.13886
-0.13738
-0.13368
-0.12958
-0.11808
-0.1266
-0.13064
-0.12892
-0.14002
-0.13894
-0.12598
-0.14044
-0.1384
-0.13562
-0.1435
-0.14846
-0.15604
-0.154
-0.15532
-0.14948
-0.15532
-0.14858
-0.15376
-0.13656
-0.14124
-0.13606
-0.13916
-0.1448
-0.14856
-0.15352
-0.16154
-0.15268
-0.15308
-0.15784
-0.14562
-0.14102
-0.15752
-0.16966
-0.18264
-0.16774
-0.17376
-0.1634
-0.15552
-0.15082
-0.14286
-0.13982
-0.14438
-0.12644
-0.13202
-0.12258
-0.12318
-0.12892
-0.12552
-0.1248
-0.12118
-0.11906
-0.12132
-0.11084
-0.11566
-0.11928
-0.10498
-0.10374
-0.11508
-0.1167
-0.11462
-0.10674
-0.12058
-0.10588
-0.0964
-0.09034
-0.09554
-0.09984
-0.10428
-0.10056
-0.09328
-0.10444
-0.12198
-0.12758
-0.12436
-0.12332
-0.12926
-0.12678
-0.11886
-0.12994
-0.12452
-0.13282
-0.13332
-0.13134
-0.14322
-0.14492
-0.14718
-0.14308
-0.14106
-0.14166
-0.10784
-0.10424
-0.10288
-0.09686
-0.0924
-0.09292
-0.10406
-0.10852
-0.10762
-0.11094
-0.11076
-0.11852
-0.12392
-0.12076
-0.1278
-0.12482
-0.13346
-0.13028
-0.11624
-0.11922
-0.12876
-0.12902
-0.12558
-0.13126
-0.11954
-0.12684
-0.1219
-0.11696
-0.10076
-0.1093
-0.11904
-0.10924
-0.1074
-0.10194
-0.09918
-0.08538
-0.08798
-0.08818
-0.0943
-0.09382
-0.09638
-0.0823
-0.06968
-0.06132
-0.06236
-0.07692
-0.07476
-0.06314
-0.07152
-0.08094
-0.09042
-0.09796
-0.09078
-0.09546
-0.11212
-0.11138
-0.11422
-0.11334
-0.10158
-0.11614
-0.11912
-0.12286
-0.12244
-0.11436
-0.10968
-0.08252
-0.07378
-0.05076
-0.05168
-0.05802
-0.0616
-0.05976
-0.0582
-0.07168
-0.06598
-0.07036
-0.07224
-0.07286
-0.07366
-0.06106
-0.06048
-0.06934
-0.07348
-0.08
-0.08814
-0.08848
-0.08662
-0.09684
-0.10614
-0.10018
-0.11358
-0.10514
-0.11672
-0.10886
-0.12222
-0.12596
-0.1295
-0.13208
-0.1148
-0.1152
-0.12386
-0.12808
-0.12536
-0.12434
-0.11758
-0.118
-0.1298
-0.12958
-0.141
-0.14908
-0.1535
-0.1471
-0.14354
-0.13528
-0.15332
-0.14946
-0.13318
-0.13808
-0.13424
-0.13036
-0.13452
-0.1331
-0.12452
-0.12916
-0.13808
-0.1471
-0.1409
-0.1258
-0.11512
-0.11928
-0.10576
-0.10006
-0.11544
-0.10868
-0.10788
-0.11302
-0.10186
-0.10434
-0.09926
-0.11124
-0.11522
-0.1153
-0.12108
-0.13626
-0.1255
-0.11952
-0.12794
-0.10904
-0.10606
-0.1075
-0.10006
-0.12208
-0.12226
-0.13056
-0.12242
-0.12898
-0.12066
-0.10484
-0.11028
-0.09822
-0.09496
-0.07432
-0.07898
-0.07218
-0.0841
-0.09902
-0.09526
-0.09624
-0.09588
-0.10646
-0.1153
-0.11204
-0.11544
-0.1103
-0.10802
-0.11346
-0.11864
-0.13048
-0.1433
-0.15292
-0.15434
-0.14884
-0.15256
-0.14718
-0.1359
-0.13044
-0.13394
-0.11534
-0.1115
-0.1253
-0.10676
-0.1025
-0.09972
-0.0984
-0.10648
-0.1039
-0.11164
-0.1019
-0.10864
-0.1172
-0.13382
-0.134
-0.1249
-0.11582
-0.11458
-0.10852
-0.11084
-0.1178
-0.11576
-0.10954
-0.11304
-0.11298
-0.11408
-0.0973
-0.10562
-0.11458
-0.11578
-0.11542
-0.11528
-0.11802
-0.12358
-0.12066
-0.1146
-0.08752
-0.07928
-0.0719
-0.07178
-0.07694
-0.07636
-0.09678
-0.09056
-0.08226
-0.0856
-0.10192
-0.10816
-0.1154
-0.11476
-0.11556
-0.10906
-0.1075
-0.1128
-0.11454
-0.1088
-0.10412
-0.10166
-0.11062
-0.1168
-0.1101
-0.1221
-0.12488
-0.12344
-0.11714
-0.10956
-0.11336
-0.12172
-0.1064
-0.0997
-0.10416
-0.09896
-0.10394
-0.09914
-0.0983
-0.11332
-0.11328
-0.10046
-0.08726
-0.08652
-0.0945
-0.10434
-0.1123
-0.09856
-0.10808
-0.11214
-0.11524
-0.1327
-0.12232
-0.1108
-0.11514
-0.10214
-0.10012
-0.1008
-0.11572
-0.1169
-0.11054
-0.11532
-0.10326
-0.1073
-0.10888
-0.12088
-0.1157
-0.11676
-0.12584
-0.11018
-0.09484
-0.0974
-0.10226
-0.10296
-0.1033
-0.07544
-0.07478
-0.08014
-0.07458
-0.0698
-0.08048
-0.0839
-0.0751
-0.08294
-0.0888
-0.08416
-0.09764
-0.10856
-0.10792
-0.09686
-0.10594
-0.11506
-0.10984
-0.09862
-0.10926
-0.11172
-0.11026
-0.09752
-0.11212
-0.11636
-0.12428
-0.12054
-0.10618
-0.10958
-0.10486
-0.10548
-0.11152
-0.11146
-0.11342
-0.11092
-0.10724
-0.11006
-0.1098
-0.10894
-0.11636
-0.09798
-0.08572
-0.08674
-0.0834
-0.09682
-0.09694
-0.09706
-0.11824
-0.12966
-0.1305
-0.1195
-0.10188
-0.10028
-0.10156
-0.10622
-0.10388
-0.08662
-0.06658
-0.06108
-0.06086
-0.05826
-0.07594
-0.0835
-0.07802
-0.0648
-0.06042
-0.07246
-0.08654
-0.08382
-0.0928
-0.08066
-0.07556
-0.07828
-0.08642
-0.08934
-0.08956
-0.08334
-0.07984
-0.08924
-0.08574
-0.08266
-0.0704
-0.07562
-0.08446
-0.082
-0.08558
-0.08296
-0.07098
-0.08968
-0.0923
-0.09556
-0.11424
-0.1246
-0.1283
-0.14152
-0.14504
-0.15368
-0.15968
-0.17454
-0.1694
-0.1713
-0.1786
-0.17288
-0.15562
-0.14728
-0.15958
-0.15546
-0.1514
-0.14996
-0.14744
-0.14762
-0.14252
-0.13416
-0.14528
-0.15016
-0.15148
-0.14806
-0.14844
-0.135
-0.13218
-0.12658
-0.11094
-0.10006
-0.09872
-0.09332
-0.1067
-0.10722
-0.1152
-0.11678
-0.10498
-0.10122
-0.0993
-0.09524
-0.08946
-0.092
-0.10486
-0.12842
-0.13218
-0.1351
-0.12966
-0.13486
-0.13356
-0.13182
-0.1293
-0.12984
-0.12444
-0.12072
-0.13796
-0.13354
-0.13288
-0.12038
-0.11848
-0.12542
-0.12382
-0.1218
-0.11326
-0.10336
-0.10228
-0.10284
-0.09218
-0.09156
-0.08212
-0.09246
-0.08918
-0.0783
-0.07776
-0.08336
-0.09036
-0.08942
-0.08194
-0.09372
-0.0928
-0.0842
-0.09938
-0.10828
-0.10496
-0.09788
-0.09064
-0.0913
-0.112
-0.11274
-0.11908
-0.12128
-0.11978
-0.1107
-0.10694
-0.12486
-0.13486
-0.12388
-0.13196
-0.12606
-0.1259
-0.12656
-0.13414
-0.14638
-0.15228
-0.13538
-0.14114
-0.14816
-0.15532
-0.16026
-0.1502
-0.13548
-0.13362
-0.13582
-0.13592
-0.1425
-0.13798
-0.15104
-0.13556
-0.13912
-0.12408
-0.1247
-0.122
-0.12036
-0.15224
-0.13994
-0.1429
-0.14288
-0.13016
-0.13028
-0.13334
-0.13388
-0.14672
-0.13834
-0.15118
-0.15282
-0.14568
-0.15072
-0.1539
-0.1593
-0.15254
-0.15462
-0.16254
-0.16314
-0.15078
-0.1583
-0.16622
-0.17244
-0.16076
-0.14758
-0.13768
-0.14222
-0.13862
-0.12426
-0.10874
-0.11538
-0.11664
-0.10256
-0.10904
-0.10656
-0.10814
-0.11134
-0.10826
-0.11246
-0.10892
-0.1176
-0.1226
-0.12454
-0.12948
-0.13018
-0.12102
-0.11774
-0.09922
-0.0947
-0.10262
-0.11726
-0.11566
-0.12344
-0.13312
-0.12332
-0.12114
-0.12698
-0.12972
-0.15012
-0.14382
-0.15568
-0.16246
-0.15698
-0.14908
-0.14446
-0.14486
-0.14286
-0.14858
-0.15578
-0.1501
-0.15676
-0.1612
-0.1462
-0.14468
-0.16122
-0.1505
-0.15136
-0.13354
-0.13558
-0.13562
-0.13412
-0.13764
-0.14008
-0.14624
-0.15362
-0.14326
-0.15854
-0.15662
-0.13624
-0.14024
-0.13212
-0.12642
-0.13722
-0.12672
-0.1455
-0.14732
-0.15134
-0.1564
-0.16428
-0.16784
-0.16306
-0.14524
-0.14636
-0.14526
-0.145
-0.14204
-0.14458
-0.15248
-0.12808
-0.14088
-0.12924
-0.11804
-0.12404
-0.10694
-0.12004
-0.12438
-0.12712
-0.14054
-0.14088
-0.12638
-0.12208
-0.12558
-0.13288
-0.13796
-0.1407
-0.12712
-0.1413
-0.14262
-0.13872
-0.1514
-0.15806
-0.17466
-0.15888
-0.1583
-0.1443
-0.1449
-0.13096
-0.13348
-0.13722
-0.14532
-0.14594
-0.15032
-0.1372
-0.13354
-0.14234
-0.1418
-0.12702
-0.13914
-0.138
-0.13116
-0.1287
-0.11758
-0.11722
-0.12448
-0.13032
-0.12744
-0.12078
-0.14034
-0.1375
-0.1186
-0.12028
-0.11642
-0.10624
-0.11488
-0.13008
-0.13988
-0.14212
-0.1446
-0.15072
-0.14174
-0.1321
-0.1247
-0.11238
-0.12554
-0.12356
-0.13658
-0.14138
-0.1451
-0.1581
-0.15518
-0.16202
-0.16198
-0.15948
-0.15962
-0.1518
-0.15122
-0.14292
-0.13798
-0.13868
-0.13128
-0.14024
-0.14086
-0.12112
-0.10472
-0.09494
-0.10406
-0.10862
-0.13274
-0.12746
-0.11894
-0.12062
-0.12614
-0.13
-0.11696
-0.11954
-0.11356
-0.1243
-0.1221
-0.12088
-0.11118
-0.1012
-0.10642
-0.1123
-0.12284
-0.13278
-0.12144
-0.1179
-0.1035
-0.09958
-0.07836
-0.09804
-0.10414
-0.1153
-0.1202
-0.12384
-0.11988
-0.12958
-0.1187
-0.12066
-0.11838
-0.10688
-0.1014
-0.09024
-0.11148
-0.10784
-0.11812
-0.12184
-0.11236
-0.11306
-0.10536
-0.09848
-0.09686
-0.08436
-0.0982
-0.09394
-0.0867
-0.09386
-0.09704
-0.11264
-0.11368
-0.12544
-0.12402
-0.13704
-0.14292
-0.15246
-0.13606
-0.1327
-0.13588
-0.133
-0.11078
-0.11864
-0.10296
-0.11124
-0.11074
-0.11402
-0.09184
-0.09562
-0.10188
-0.11658
-0.11574
-0.11422
-0.1011
-0.11718
-0.11376
-0.11368
-0.11548
-0.12374
-0.11688
-0.10064
-0.10658
-0.10732
-0.1041
-0.13158
-0.1242
-0.12514
-0.14342
-0.13388
-0.1229
-0.11442
-0.1139
-0.11144
-0.1291
-0.11648
-0.13018
-0.1178
-0.13266
-0.1389
-0.13948
-0.14156
-0.143
-0.12494
-0.1131
-0.1207
-0.1186
-0.11394
-0.10712
-0.12128
-0.13008
-0.12896
-0.13918
-0.1309
-0.13078
-0.14036
-0.14688
-0.1407
-0.15202
-0.1458
-0.14912
-0.13158
-0.11964
-0.12444
-0.11978
-0.12718
-0.11984
-0.11186
-0.10848
-0.09978
-0.10826
-0.10804
-0.10224
-0.10774
-0.11652
-0.1262
-0.12992
-0.12418
-0.14448
-0.1305
-0.13974
-0.13502
-0.14098
-0.14136
-0.12642
-0.1282
-0.12594
-0.12238
-0.1286
-0.12662
-0.11568
-0.11874
-0.12158
-0.12716
-0.12916
-0.12766
-0.11534
-0.11972
-0.12004
-0.12724
-0.11626
-0.1188
-0.121
-0.11616
-0.10812
-0.12744
-0.14174
-0.15322
-0.15446
-0.14542
-0.13706
-0.13072
-0.14178
-0.13224
-0.1249
-0.12578
-0.13976
-0.12878
-0.13218
-0.13118
-0.1377
-0.1423
-0.13962
-0.14828
-0.13254
-0.14174
-0.14736
-0.13264
-0.1322
-0.13426
-0.13354
-0.1397
-0.12798
-0.11988
-0.11554
-0.10574
-0.11478
-0.10494
-0.10464
-0.0918
-0.08642
-0.09066
-0.09874
-0.0958
-0.08996
-0.0999
-0.10854
-0.11596
-0.12562
-0.13072
-0.13012
-0.12778
-0.1378
-0.13658
-0.12468
-0.10764
-0.11174
-0.12432
-0.11496
-0.12664
-0.12772
-0.11768
-0.1188
-0.11176
-0.11756
-0.12176
-0.12054
-0.12978
-0.11452
-0.1045
-0.1048
-0.09636
-0.1002
-0.09762
-0.08256
-0.09754
-0.09426
-0.0739
-0.08036
-0.08824
-0.09676
-0.10098
-0.10458
-0.11058
-0.11446
-0.10892
-0.10754
-0.11002
-0.11692
-0.12114
-0.1273
-0.12232
-0.12052
-0.11404
-0.11804
-0.12344
-0.13666
-0.12776
-0.12364
-0.1092
-0.10674
-0.11516
-0.11606
-0.1168
-0.1209
-0.12288
-0.12814
-0.1243
-0.11542
-0.1076
-0.10296
-0.10046
-0.09016
-0.08416
-0.08736
-0.07922
-0.08014
-0.07724
-0.0709
-0.0757
-0.07486
-0.0821
-0.07702
-0.08566
-0.10116
-0.1051
-0.10926
-0.1213
-0.11126
-0.10978
-0.11748
-0.1191
-0.11764
-0.113
-0.12194
-0.12796
-0.13412
-0.13326
-0.13318
-0.13216
-0.13158
-0.12944
-0.13304
-0.13114
-0.13654
-0.14734
-0.154
-0.1582
-0.1439
-0.13654
-0.13052
-0.12546
-0.11974
-0.12278
-0.1161
-0.1182
-0.10524
-0.08734
-0.08704
-0.0868
-0.09958
-0.10718
-0.102
-0.09534
-0.09688
-0.09668
-0.10592
-0.11004
-0.11724
-0.12206
-0.1276
-0.11744
-0.11504
-0.09456
-0.08386
-0.09232
-0.09302
-0.09306
-0.07614
-0.0848
-0.08914
-0.09988
-0.10002
-0.09918
-0.11064
-0.0979
-0.1098
-0.10514
-0.10982
-0.11262
-0.13826
-0.13398
-0.13582
-0.13152
-0.14108
-0.13514
-0.12528
-0.11714
-0.11286
-0.12234
-0.12866
-0.12352
-0.13182
-0.12872
-0.12084
-0.12644
-0.11874
-0.1272
-0.13206
-0.141
-0.15646
-0.14992
-0.15872
-0.1475
-0.14372
-0.12634
-0.11862
-0.12446
-0.13122
-0.13154
-0.13868
-0.126
-0.12416
-0.11886
-0.1112
-0.1026
-0.09976
-0.09502
-0.09366
-0.09094
-0.0871
-0.08576
-0.07906
-0.0808
-0.07258
-0.0786
-0.08152
-0.09924
-0.09106
-0.0858
-0.0968
-0.1045
-0.12054
-0.11722
-0.11602
-0.10818
-0.1004
-0.10236
-0.10558
-0.1119
-0.10438
-0.111
-0.1176
-0.12048
-0.11798
-0.10824
-0.11558
-0.1102
-0.11954
-0.10268
-0.09822
-0.11136
-0.10748
-0.10896
-0.102
-0.11128
-0.11606
-0.1066
-0.1137
-0.10578
-0.10268
-0.10844
-0.09512
-0.10138
-0.1158
-0.10674
-0.13008
-0.16306
-0.1487
-0.1335
-0.13076
-0.11706
-0.1105
-0.11256
-0.1188
-0.12706
-0.13016
-0.1257
-0.13136
-0.1214
-0.12692
-0.12576
-0.12036
-0.12062
-0.12488
-0.11762
-0.114
-0.11928
-0.12064
-0.11804
-0.1309
-0.1293
-0.1313
-0.14022
-0.14982
-0.15144
-0.16418
-0.1745
-0.18072
-0.17504
-0.16656
-0.15118
-0.15302
-0.16232
-0.14998
-0.15202
-0.15786
-0.13952
-0.1512
-0.14412
-0.13904
-0.16314
-0.16448
-0.15724
-0.14854
-0.14352
-0.12794
-0.1114
-0.10818
-0.10632
-0.1077
-0.12416
-0.12814
-0.13468
-0.13884
-0.13274
-0.12954
-0.12996
-0.13794
-0.13242
-0.11694
-0.12794
-0.1314
-0.14794
-0.14908
-0.15152
-0.14604
-0.13538
-0.13964
-0.14026
-0.14886
-0.14202
-0.14398
-0.1444
-0.14092
-0.13784
-0.12418
-0.13516
-0.11922
-0.10974
-0.11232
-0.11706
-0.1173
-0.13114
-0.12562
-0.11694
-0.11622
-0.12328
-0.12224
-0.11598
-0.13134
-0.14548
-0.16304
-0.15926
-0.16438
-0.17422
-0.17346
-0.17196
-0.17414
-0.16272
-0.156
-0.14392
-0.14652
-0.15634
-0.1527
-0.15578
-0.1441
-0.14528
-0.13586
-0.13856
-0.14326
-0.16876
-0.1631
-0.16662
-0.16996
-0.16942
-0.15976
-0.15676
-0.15806
-0.15024
-0.14794
-0.14974
-0.1546
-0.151
-0.15378
-0.15698
-0.15894
-0.15126
-0.15166
-0.16026
-0.15266
-0.14734
-0.14574
-0.14002
-0.1534
-0.15204
-0.15526
-0.15266
-0.1422
-0.13316
-0.13954
-0.12036
-0.12432
-0.13936
-0.14838
-0.14526
-0.13996
-0.15732
-0.15014
-0.14716
-0.14318
-0.12286
-0.12542
-0.13536
-0.1313
-0.10778
-0.10608
-0.10956
-0.12004
-0.12238
-0.12802
-0.13666
-0.13664
-0.13108
-0.12602
-0.1178
-0.12734
-0.12418
-0.12154
-0.10602
-0.09578
-0.09726
-0.09026
-0.08452
-0.08206
-0.0871
-0.09414
-0.09896
-0.09742
-0.10114
-0.09468
-0.0976
-0.09392
-0.0952
-0.10258
-0.10102
-0.11044
-0.1169
-0.11282
-0.12258
-0.12106
-0.1338
-0.14448
-0.1399
-0.13162
-0.14214
-0.13602
-0.12872
-0.12414
-0.1192
-0.12134
-0.11432
-0.11126
-0.11778
-0.11982
-0.12122
-0.12636
-0.11418
-0.11742
-0.10746
-0.10388
-0.094
-0.10352
-0.09844
-0.09808
-0.08254
-0.09352
-0.08222
-0.06558
-0.0687
-0.07774
-0.0835
-0.07798
-0.07594
-0.0681
-0.07828
-0.06462
-0.08836
-0.09448
-0.1021
-0.10002
-0.1095
-0.115
-0.09724
-0.11166
-0.10056
-0.10298
-0.09638
-0.10914
-0.10138
-0.10228
-0.10978
-0.10164
-0.11534
-0.11052
-0.12256
-0.1143
-0.10858
-0.1024
-0.11026
-0.10376
-0.10658
-0.1077
-0.0999
-0.09342
-0.10344
-0.10094
-0.0981
-0.0955
-0.0999
-0.10668
-0.10138
-0.10204
-0.1107
-0.11074
-0.10432
-0.09468
-0.09938
-0.10946
-0.1158
-0.1174
-0.13478
-0.14014
-0.12918
-0.13802
-0.14464
-0.15016
-0.15144
-0.15988
-0.15492
-0.14682
-0.14984
-0.15934
-0.1624
-0.14396
-0.12512
-0.11516
-0.1217
-0.11254
-0.11624
-0.1014
-0.1098
-0.1236
-0.1183
-0.1184
-0.12196
-0.1298
-0.13038
-0.13296
-0.12492
-0.14082
-0.13882
-0.12694
-0.12026
-0.12444
-0.10896
-0.1084
-0.1062
-0.10696
-0.09566
-0.10342
-0.09398
-0.08256
-0.07888
-0.08154
-0.09362
-0.09424
-0.11156
-0.10534
-0.11692
-0.1052
-0.09672
-0.11668
-0.11072
-0.11912
-0.13368
-0.13832
-0.12722
-0.12608
-0.12322
-0.1246
-0.13374
-0.139
-0.1452
-0.14208
-0.13508
-0.1419
-0.14804
-0.15306
-0.14856
-0.14718
-0.16198
-0.15878
-0.14168
-0.14626
-0.14464
-0.15266
-0.1487
-0.14646
-0.14802
-0.14514
-0.1396
-0.13042
-0.12948
-0.14398
-0.13652
-0.14026
-0.135
-0.1218
-0.12418
-0.1179
-0.13198
-0.13218
-0.1403
-0.13664
-0.13004
-0.12786
-0.12382
-0.12318
-0.12386
-0.12312
-0.12642
-0.13798
-0.15354
-0.15086
-0.1475
-0.15322
-0.14624
-0.13658
-0.12906
-0.15112
-0.14402
-0.11934
-0.11544
-0.12964
-0.11582
-0.12796
-0.14578
-0.14028
-0.13912
-0.12924
-0.13868
-0.14166
-0.14658
-0.14976
-0.15652
-0.17078
-0.17124
-0.15734
-0.16
-0.15214
-0.1521
-0.15662
-0.15682
-0.15844
-0.14296
-0.1344
-0.14464
-0.1553
-0.1449
-0.1521
-0.13736
-0.13788
-0.15226
-0.14642
-0.14646
-0.13586
-0.12724
-0.12276
-0.12544
-0.10722
-0.11594
-0.10532
-0.09466
-0.09556
-0.09686
-0.09542
-0.10214
-0.09888
-0.11382
-0.11658
-0.12248
-0.12966
-0.132
-0.12188
-0.115
-0.11052
-0.11196
-0.12354
-0.13416
-0.13356
-0.14924
-0.13764
-0.12526
-0.11202
-0.1167
-0.12142
-0.10174
-0.09584
-0.09862
-0.09358
-0.09068
-0.10166
-0.10558
-0.10036
-0.09432
-0.09758
-0.1012
-0.09518
-0.10458
-0.11558
-0.11548
-0.12024
-0.12824
-0.11346
-0.11956
-0.13102
-0.1335
-0.12826
-0.13436
-0.13474
-0.13316
-0.12284
-0.12224
-0.13318
-0.13526
-0.14048
-0.12906
-0.10076
-0.10464
-0.10006
-0.0895
-0.08186
-0.08166
-0.08728
-0.08162
-0.08028
-0.07536
-0.07194
-0.0782
-0.06718
-0.07268
-0.08068
-0.0831
-0.08226
-0.08624
-0.08354
-0.08614
-0.08798
-0.0863
-0.08536
-0.08012
-0.08948
-0.09306
-0.08564
-0.10008
-0.09174
-0.09384
-0.0962
-0.09368
-0.0894
-0.08686
-0.0869
-0.0838
-0.0877
-0.09092
-0.08454
-0.06658
-0.07306
-0.09452
-0.08932
-0.09056
-0.10042
-0.0974
-0.10044
-0.1128
-0.12544
-0.13076
-0.11742
-0.0934
-0.1211
-0.12296
-0.11646
-0.11582
-0.13196
-0.13872
-0.14008
-0.1307
-0.1298
-0.11792
-0.10264
-0.11748
-0.12392
-0.1367
-0.13458
-0.12156
-0.11286
-0.08322
-0.08624
-0.08794
-0.0959
-0.08384
-0.09252
-0.10176
-0.08688
-0.07552
-0.09274
-0.1007
-0.10358
-0.11538
-0.11794
-0.12744
-0.12466
-0.1341
-0.13292
-0.13124
-0.14032
-0.14322
-0.1421
-0.13576
-0.1368
-0.15258
-0.1532
-0.14896
-0.15122
-0.15022
-0.1345
-0.12786
-0.13102
-0.13264
-0.13522
-0.1363
-0.132
-0.1288
-0.12254
-0.1271
-0.11714
-0.11146
-0.10366
-0.09884
-0.1008
-0.10144
-0.1
-0.10858
-0.10036
-0.09588
-0.0897
-0.10568
-0.11596
-0.1093
-0.11504
-0.12086
-0.12056
-0.12272
-0.11684
-0.12258
-0.11738
-0.1272
-0.11148
-0.11302
-0.12
-0.12808
-0.12712
-0.12788
-0.13608
-0.121
-0.11978
-0.11828
-0.11886
-0.11678
-0.11212
-0.12528
-0.11978
-0.12918
-0.12842
-0.1248
-0.14034
-0.14328
-0.14602
-0.14614
-0.15904
-0.14852
-0.15008
-0.1545
-0.14494
-0.14176
-0.14116
-0.1458
-0.1535
-0.16804
-0.16868
-0.16604
-0.14896
-0.14658
-0.14494
-0.15456
-0.15094
-0.14158
-0.13864
-0.14412
-0.13986
-0.12978
-0.12932
-0.15562
-0.15342
-0.1633
-0.17116
-0.16664
-0.15246
-0.15536
-0.16326
-0.16862
-0.19384
-0.19278
-0.17854
-0.1796
-0.1669
-0.15536
-0.14938
-0.16284
-0.16548
-0.1757
-0.1528
-0.14874
-0.14722
-0.1531
-0.15582
-0.1528
-0.14882
-0.12658
-0.13828
-0.14742
-0.14146
-0.13376
-0.13034
-0.12952
-0.1426
-0.14298
-0.15562
-0.14804
-0.1347
-0.13358
-0.13602
-0.1303
-0.13214
-0.14358
-0.13926
-0.14668
-0.14702
-0.13894
-0.14674
-0.15042
-0.15044
-0.1364
-0.13218
-0.14624
-0.14678
-0.13482
-0.14104
-0.13768
-0.1363
-0.1373
-0.11254
-0.12142
-0.12938
-0.14712
-0.13526
-0.1355
-0.13492
-0.14284
-0.13848
-0.14686
-0.14852
-0.14822
-0.1594
-0.14728
-0.13628
-0.13554
-0.13618
-0.13316
-0.13718
-0.15056
-0.15558
-0.14986
-0.13166
-0.13192
-0.12752
-0.12336
-0.12868
-0.13218
-0.12314
-0.13376
-0.14396
-0.14352
-0.14554
-0.15454
-0.1543
-0.16008
-0.145
-0.14726
-0.14582
-0.13196
-0.1374
-0.13688
-0.14774
-0.14638
-0.1309
-0.12088
-0.12332
-0.10714
-0.10764
-0.10678
-0.0993
-0.10782
-0.10852
-0.10422
-0.09426
-0.09258
-0.09986
-0.10582
-0.12012
-0.12136
-0.12172
-0.1351
-0.12606
-0.12952
-0.11772
-0.12866
-0.1259
-0.12432
-0.12884
-0.13232
-0.12808
-0.13586
-0.13778
-0.1227
-0.10822
-0.11962
-0.10934
-0.11058
-0.1046
-0.0933
-0.08254
-0.08446
-0.08276
-0.07848
-0.07434
-0.09044
-0.09214
-0.09116
-0.09826
-0.1018
-0.10898
-0.11776
-0.1006
-0.0957
-0.0909
-0.10198
-0.11436
-0.10846
-0.1057
-0.0957
-0.08002
-0.06882
-0.05576
-0.04432
-0.04018
-0.04272
-0.0391
-0.0346
-0.05802
-0.06462
-0.07622
-0.07716
-0.08642
-0.10002
-0.0792
-0.08644
-0.0925
-0.097
-0.11206
-0.1225
-0.11134
-0.11762
-0.112
-0.10606
-0.10094
-0.10428
-0.09964
-0.10792
-0.10232
-0.10694
-0.1066
-0.10362
-0.08164
-0.07562
-0.07634
-0.08618
-0.09496
-0.0921
-0.08198
-0.0851
-0.10038
-0.103
-0.09818
-0.10074
-0.0969
-0.1134
-0.11062
-0.11502
-0.09854
-0.09408
-0.0963
-0.09224
-0.108
-0.10938
-0.10474
-0.09608
-0.10572
-0.10356
-0.10192
-0.10848
-0.10364
-0.07992
-0.08488
-0.08874
-0.08814
-0.08324
-0.09942
-0.08994
-0.09756
-0.09462
-0.09634
-0.10062
-0.094
-0.07472
-0.06566
-0.05358
-0.05676
-0.06164
-0.06716
-0.07614
-0.09354
-0.08804
-0.0962
-0.09646
-0.09862
-0.1086
-0.11928
-0.12852
-0.13342
-0.15344
-0.15744
-0.16628
-0.15618
-0.1454
-0.13516
-0.12576
-0.12978
-0.12014
-0.11508
-0.12846
-0.13332
-0.11768
-0.12
-0.11594
-0.11622
-0.11062
-0.10462
-0.1071
-0.10232
-0.10728
-0.10444
-0.10264
-0.08552
-0.08412
-0.09148
-0.09994
-0.10506
-0.1007
-0.09684
-0.08582
-0.08288
-0.07994
-0.08818
-0.07414
-0.07368
-0.08802
-0.1105
-0.11448
-0.1268
-0.11614
-0.11906
-0.13366
-0.11674
-0.10818
-0.10828
-0.10152
-0.10388
-0.1176
-0.10854
-0.10428
-0.10126
-0.10662
-0.11692
-0.10814
-0.1001
-0.08758
-0.093
-0.1067
-0.1152
-0.11528
-0.1205
-0.13548
-0.13556
-0.12748
-0.13916
-0.1266
-0.1324
-0.13812
-0.13336
-0.13592
-0.13754
-0.12228
-0.12204
-0.11098
-0.09472
-0.0789
-0.07006
-0.07574
-0.08252
-0.09032
-0.09664
-0.09722
-0.10378
-0.10982
-0.1167
-0.12024
-0.12458
-0.1164
-0.1128
-0.10024
-0.11194
-0.11308
-0.12242
-0.10628
-0.0953
-0.0922
-0.09708
-0.10466
-0.12676
-0.12396
-0.13544
-0.1306
-0.11984
-0.11084
-0.11362
-0.12262
-0.11512
-0.10144
-0.10178
-0.11996
-0.10536
-0.1032
-0.10652
-0.1064
-0.10224
-0.09974
-0.09738
-0.1033
-0.10072
-0.10802
-0.10674
-0.0967
-0.11384
-0.1018
-0.11872
-0.11528
-0.12758
-0.13048
-0.12248
-0.12072
-0.11484
-0.11798
-0.11426
-0.10994
-0.10098
-0.11672
-0.10762
-0.10598
-0.10648
-0.10544
-0.1085
-0.1093
-0.10754
-0.11674
-0.12836
-0.11588
-0.1202
-0.13386
-0.12684
-0.14042
-0.15414
-0.14782
-0.15794
-0.14968
-0.14256
-0.146
-0.13304
-0.12186
-0.11606
-0.1189
-0.12156
-0.12626
-0.12252
-0.1271
-0.12372
-0.11336
-0.13412
-0.13698
-0.14252
-0.14754
-0.1534
-0.15014
-0.15142
-0.1286
-0.1314
-0.13654
-0.1316
-0.1381
-0.14012
-0.12626
-0.13592
-0.14924
-0.14612
-0.14168
-0.13564
-0.14698
-0.1434
-0.1401
-0.137
-0.15382
-0.14864
-0.16724
-0.1632
-0.15872
-0.135
-0.11006
-0.11378
-0.11886
-0.10084
-0.11364
-0.12098
-0.12156
-0.11688
-0.11168
-0.13012
-0.14132
-0.14116
-0.1436
-0.14542
-0.16296
-0.15424
-0.15192
-0.15878
-0.16086
-0.17284
-0.16536
-0.161
-0.1786
-0.16356
-0.16768
-0.16204
-0.1629
-0.15102
-0.1445
-0.13626
-0.11282
-0.12548
-0.11594
-0.10142
-0.09
-0.09408
-0.0976
-0.0972
-0.09342
-0.0913
-0.09932
-0.0933
-0.0952
-0.09438
-0.08832
-0.0923
-0.10004
-0.10528
-0.10554
-0.09878
-0.10306
-0.10608
-0.09266
-0.09086
-0.09076
-0.09042
-0.09372
-0.08616
-0.08298
-0.07958
-0.0963
-0.09158
-0.08074
-0.07244
-0.0741
-0.08092
-0.08478
-0.07922
-0.08414
-0.09058
-0.0891
-0.08754
-0.10624
-0.10894
-0.12104
-0.11094
-0.11538
-0.1183
-0.12134
-0.10684
-0.11778
-0.11942
-0.11322
-0.1059
-0.1224
-0.12454
-0.13978
-0.13344
-0.14494
-0.14082
-0.14306
-0.14886
-0.12854
-0.12802
-0.1125
-0.09776
-0.11838
-0.12202
-0.11358
-0.11346
-0.09414
-0.09238
-0.0994
-0.0955
-0.09122
-0.10218
-0.0994
-0.09102
-0.10276
-0.10584
-0.11022
-0.1128
-0.10156
-0.09092
-0.10448
-0.10336
-0.09854
-0.10064
-0.1026
-0.10386
-0.11432
-0.1226
-0.10698
-0.10504
-0.109
-0.1031
-0.10784
-0.13136
-0.13076
-0.13126
-0.13268
-0.12148
-0.13014
-0.13398
-0.13352
-0.14732
-0.14468
-0.13596
-0.13178
-0.13438
-0.13654
-0.13652
-0.13346
-0.11416
-0.1168
-0.11082
-0.10666
-0.10252
-0.10116
-0.09214
-0.09168
-0.08506
-0.09354
-0.09834
-0.11078
-0.11478
-0.11976
-0.12434
-0.12588
-0.11812
-0.12586
-0.1348
-0.12694
-0.1298
-0.1293
-0.1282
-0.12818
-0.12978
-0.13114
-0.1273
-0.1315
-0.11902
-0.11244
-0.10856
-0.11798
-0.12888
-0.13266
-0.12002
-0.11402
-0.11762
-0.11814
-0.13024
-0.12544
-0.12406
-0.12066
-0.11888
-0.12248
-0.11706
-0.12716
-0.13264
-0.13334
-0.12986
-0.1221
-0.12284
-0.12294
-0.12958
-0.12292
-0.13528
-0.11836
-0.12698
-0.1239
-0.11356
-0.11
-0.1044
-0.1018
-0.10384
-0.09556
-0.0825
-0.0829
-0.08718
-0.08056
-0.0795
-0.07362
-0.06652
-0.06406
-0.06082
-0.06712
-0.07096
-0.07908
-0.08896
-0.09172
-0.08388
-0.0834
-0.08342
-0.08024
-0.07886
-0.08472
-0.07018
-0.06898
-0.0624
-0.05964
-0.06736
-0.0666
-0.06996
-0.08536
-0.09664
-0.08302
-0.08788
-0.08358
-0.07022
-0.06346
-0.06388
-0.07226
-0.07694
-0.08424
-0.08886
-0.0897
-0.09862
-0.08924
-0.07352
-0.07112
-0.07146
-0.07942
-0.08776
-0.09588
-0.1086
-0.10848
-0.0983
-0.10134
-0.1162
-0.11122
-0.12118
-0.1096
-0.11116
-0.11792
-0.13116
-0.1359
-0.13498
-0.11684
-0.12288
-0.12558
-0.1265
-0.12428
-0.1243
-0.10778
-0.09998
-0.1021
-0.11044
-0.11134
-0.10224
