-0.85138
-0.85406
-0.85584
-0.86412
-0.8556
-0.85372
-0.85806
-0.85938
-0.857
-0.86008
-0.854
-0.8567
-0.852
-0.85388
-0.85464
-0.8562
-0.85454
-0.85446
-0.8577
-0.85512
-0.85428
-0.8607
-0.85742
-0.86
-0.85262
-0.85644
-0.85336
-0.85882
-0.8564
-0.85672
-0.85578
-0.8556
-0.8536
-0.85922
-0.85996
-0.8581
-0.85538
-0.85632
-0.85336
-0.8599
-0.85154
-0.85784
-0.85132
-0.8525
-0.8573
-0.85196
-0.85822
-0.85366
-0.85482
-0.8568
-0.86074
-0.8567
-0.85392
-0.85486
-0.86034
-0.85434
-0.85526
-0.86016
-0.8542
-0.85618
-0.85948
-0.86082
-0.85306
-0.85846
-0.85378
-0.85542
-0.8558
-0.8601
-0.86152
-0.85508
-0.85606
-0.85416
-0.85812
-0.8568
-0.85522
-0.85662
-0.85404
-0.85908
-0.86116
-0.8569
-0.85812
-0.85364
-0.8586
-0.8534
-0.857
-0.8581
-0.85652
-0.86014
-0.86264
-0.8549
-0.85456
-0.85378
-0.85644
-0.85856
-0.8546
-0.8541
-0.85394
-0.85516
-0.85726
-0.85696
-0.8569
-0.85448
-0.85428
-0.85692
-0.85994
-0.85868
-0.85478
-0.85518
-0.85664
-0.85928
-0.85594
-0.85384
-0.85476
-0.85652
-0.85562
-0.85676
-0.85698
-0.85078
-0.85724
-0.85568
-0.85384
-0.85704
-0.86042
-0.85704
-0.8523
-0.85862
-0.85602
-0.85656
-0.8569
-0.85852
-0.85596
-0.8595
-0.8538
-0.85476
-0.85386
-0.85684
-0.85614
-0.85778
-0.85618
-0.85598
-0.85698
-0.85592
-0.85288
-0.85588
-0.85632
-0.85382
-0.85506
-0.85556
-0.85504
-0.85854
-0.85992
-0.8581
-0.86468
-0.8535
-0.85406
-0.85646
-0.8518
-0.85934
-0.85232
-0.85496
-0.85796
-0.854
-0.85774
-0.8619
-0.85604
-0.85672
-0.858
-0.85678
-0.85412
-0.85834
-0.8536
-0.85954
-0.85584
-0.85808
-0.85252
-0.85742
-0.85728
-0.85394
-0.85278
-0.85346
-0.85736
-0.85298
-0.85946
-0.8527
-0.85538
-0.85576
-0.85562
-0.85676
-0.85692
-0.85734
-0.86108
-0.85134
-0.85566
-0.85794
-0.8539
-0.85458
-0.85456
-0.85932
-0.85816
-0.85364
-0.84972
-0.85808
-0.85464
-0.85652
-0.85418
-0.85404
-0.85438
-0.85602
-0.85616
-0.85226
-0.85316
-0.85364
-0.86112
-0.8554
-0.856
-0.85778
-0.85436
-0.85796
-0.85574
-0.85906
-0.85704
-0.85466
-0.85588
-0.85668
-0.85794
-0.85806
-0.84794
-0.8545
-0.85638
-0.85482
-0.85404
-0.85186
-0.8591
-0.85558
-0.86016
-0.85886
-0.85338
-0.85672
-0.85746
-0.85442
-0.85428
-0.85414
-0.8589
-0.86028
-0.8583
-0.8591
-0.85504
-0.85296
-0.85132
-0.85278
-0.85648
-0.85894
-0.85816
-0.8537
-0.85756
-0.8604
-0.85486
-0.85656
-0.85782
-0.85918
-0.8612
-0.85782
-0.85968
-0.85364
-0.85854
-0.85766
-0.8515
-0.859
-0.8631
-0.8558
-0.85606
-0.85368
-0.85412
-0.85532
-0.84974
-0.85268
-0.85498
-0.8509
-0.85532
-0.8539
-0.8568
-0.85464
-0.85096
-0.85666
-0.8547
-0.85252
-0.85502
-0.85622
-0.85996
-0.85764
-0.8556
-0.85064
-0.8568
-0.85722
-0.85684
-0.85924
-0.85634
-0.8556
-0.85548
-0.85456
-0.85964
-0.85598
-0.858
-0.8595
-0.85488
-0.85424
-0.8565
-0.8527
-0.85816
-0.85936
-0.85352
-0.85486
-0.85872
-0.85324
-0.85686
-0.85818
-0.8537
-0.852
-0.85462
-0.8585
-0.85712
-0.85496
-0.85378
-0.85832
-0.85808
-0.8566
-0.85172
-0.85334
-0.85662
-0.85656
-0.86034
-0.8622
-0.86224
-0.8573
-0.85584
-0.85226
-0.8544
-0.85952
-0.85924
-0.85746
-0.85666
-0.85448
-0.85678
-0.8512
-0.85662
-0.8513
-0.85788
-0.8594
-0.85862
-0.85844
-0.85076
-0.8594
-0.8584
-0.85592
-0.85378
-0.85552
-0.85758
-0.85778
-0.85936
-0.85538
-0.85958
-0.85524
-0.85488
-0.85126
-0.85394
-0.84862
-0.85382
-0.85748
-0.85734
-0.85522
-0.85398
-0.85736
-0.8552
-0.85644
-0.8595
-0.85916
-0.85004
-0.86014
-0.85786
-0.858
-0.85682
-0.85386
-0.85222
-0.85972
-0.85814
-0.85378
-0.85218
-0.85392
-0.8532
-0.85962
-0.8576
-0.8642
-0.8574
-0.85736
-0.85328
-0.85862
-0.85568
-0.85292
-0.85272
-0.85754
-0.858
-0.84722
-0.85666
-0.85704
-0.85878
-0.85364
-0.8555
-0.85776
-0.85214
-0.85556
-0.85654
-0.85252
-0.8566
-0.85576
-0.85378
-0.8548
-0.85432
-0.85452
-0.8578
-0.85856
-0.85498
-0.8578
-0.85512
-0.85786
-0.85614
-0.85786
-0.8533
-0.85654
-0.85404
-0.85856
-0.85752
-0.8566
-0.85592
-0.86038
-0.85618
-0.85534
-0.85542
-0.85854
-0.85322
-0.85446
-0.85656
-0.85474
-0.85266
-0.857
-0.8562
-0.85832
-0.8574
-0.86174
-0.85652
-0.85546
-0.85678
-0.85884
-0.85616
-0.85444
-0.86194
-0.85288
-0.85234
-0.85794
-0.85592
-0.85742
-0.85584
-0.85512
-0.85578
-0.85074
-0.85736
-0.85666
-0.85092
-0.85634
-0.8562
-0.85816
-0.8577
-0.8556
-0.85168
-0.85886
-0.8594
-0.85752
-0.85564
-0.8541
-0.85596
-0.85598
-0.85998
-0.85682
-0.85734
-0.8514
-0.85416
-0.8561
-0.86022
-0.8619
-0.85508
-0.85508
-0.8609
-0.85802
-0.85688
-0.85492
-0.857
-0.85766
-0.85606
-0.85034
-0.85396
-0.85708
-0.85504
-0.85454
-0.8542
-0.8535
-0.85758
-0.85898
-0.85618
-0.85504
-0.85418
-0.85826
-0.85666
-0.85442
-0.85772
-0.8545
-0.85532
-0.8573
-0.8543
-0.85684
-0.85532
-0.8579
-0.86018
-0.85706
-0.85546
-0.85464
-0.86036
-0.85772
-0.85314
-0.85796
-0.85594
-0.86128
-0.8577
-0.85772
-0.85372
-0.85536
-0.85618
-0.85094
-0.85396
-0.85672
-0.85492
-0.85552
-0.8545
-0.85438
-0.85622
-0.85886
-0.8545
-0.85564
-0.85126
-0.85218
-0.85466
-0.85506
-0.85716
-0.85422
-0.85714
-0.8559
-0.85714
-0.85074
-0.85742
-0.85968
-0.85104
-0.85846
-0.85526
-0.86008
-0.85344
-0.8582
-0.85592
-0.85654
-0.85464
-0.8563
-0.85826
-0.85478
-0.85684
-0.85514
-0.85948
-0.8536
-0.85798
-0.85726
-0.8545
-0.8553
-0.85738
-0.85586
-0.8556
-0.85604
-0.85338
-0.85334
-0.85572
-0.85668
-0.85608
-0.85918
-0.8543
-0.85544
-0.85546
-0.85736
-0.8503
-0.85596
-0.85618
-0.85588
-0.85712
-0.85674
-0.85348
-0.85606
-0.85432
-0.85672
-0.85494
-0.85828
-0.8534
-0.85578
-0.85806
-0.85984
-0.85656
-0.8541
-0.85416
-0.85594
-0.8551
-0.85246
-0.85764
-0.85804
-0.85776
-0.85584
-0.85558
-0.85496
-0.85426
-0.8599
-0.85672
-0.85554
-0.85444
-0.85544
-0.85766
-0.85682
-0.85624
-0.8534
-0.85814
-0.85786
-0.85144
-0.85828
-0.85856
-0.8567
-0.85748
-0.85614
-0.85776
-0.85512
-0.85678
-0.85526
-0.85742
-0.85272
-0.8505
-0.85274
-0.85688
-0.8535
-0.8483
-0.8555
-0.8573
-0.8587
-0.8596
-0.85748
-0.85766
-0.85882
-0.8579
-0.85766
-0.8551
-0.8573
-0.8541
-0.85916
-0.85512
-0.85866
-0.85622
-0.8589
-0.855
-0.85816
-0.85576
-0.85694
-0.86096
-0.85632
-0.85822
-0.8571
-0.85922
-0.85448
-0.85502
-0.8561
-0.86244
-0.8585
-0.8551
-0.8549
-0.85768
-0.8588
-0.85578
-0.85776
-0.85486
-0.856
-0.85588
-0.85594
-0.85528
-0.85828
-0.85524
-0.85098
-0.85282
-0.85396
-0.85326
-0.85748
-0.85166
-0.86008
-0.85868
-0.85894
-0.8598
-0.85466
-0.85784
-0.8545
-0.86046
-0.85704
-0.85646
-0.8548
-0.8585
-0.8561
-0.85476
-0.85412
-0.85408
-0.85592
-0.85996
-0.85448
-0.8554
-0.85564
-0.85402
-0.85666
-0.85344
-0.85754
-0.85684
-0.8591
-0.85614
-0.8591
-0.85638
-0.85458
-0.85238
-0.85358
-0.85278
-0.8597
-0.85758
-0.85432
-0.85948
-0.8542
-0.85366
-0.85502
-0.85778
-0.8564
-0.85326
-0.85558
-0.85504
-0.8532
-0.85508
-0.85544
-0.85902
-0.85768
-0.85484
-0.86014
-0.85468
-0.85538
-0.85844
-0.85942
-0.8582
-0.86154
-0.85858
-0.8578
-0.85542
-0.85824
-0.8581
-0.8596
-0.8506
-0.85754
-0.8569
-0.85574
-0.85606
-0.8563
-0.85542
-0.85536
-0.85366
-0.85542
-0.85538
-0.85754
-0.86012
-0.85772
-0.85394
-0.85582
-0.8593
-0.85752
-0.84986
-0.8528
-0.85956
-0.85774
-0.85528
-0.86008
-0.85456
-0.85536
-0.8567
-0.85608
-0.85434
-0.85662
-0.85792
-0.8586
-0.85814
-0.85658
-0.85506
-0.8565
-0.85194
-0.8539
-0.85898
-0.85638
-0.85752
-0.85586
-0.85802
-0.85502
-0.85764
-0.8568
-0.85552
-0.85366
-0.85646
-0.85804
-0.8594
-0.85806
-0.85804
-0.85592
-0.85474
-0.85926
-0.857
-0.85828
-0.85518
-0.85722
-0.8551
-0.8583
-0.8532
-0.85424
-0.85576
-0.85808
-0.85806
-0.8575
-0.85856
-0.8585
-0.8499
-0.85188
-0.8528
-0.85054
-0.85438
-0.85404
-0.86052
-0.85714
-0.85718
-0.85454
-0.85248
-0.85394
-0.85656
-0.8579
-0.8562
-0.85774
-0.85536
-0.85748
-0.85846
-0.85968
-0.85698
-0.85578
-0.85432
-0.8587
-0.85182
-0.85642
-0.8574
-0.85862
-0.85768
-0.85658
-0.85526
-0.856
-0.85684
-0.85396
-0.8558
-0.85788
-0.8556
-0.86114
-0.85418
-0.85604
-0.85268
-0.8561
-0.8563
-0.85552
-0.85342
-0.85136
-0.8534
-0.85338
-0.85946
-0.8538
-0.85536
-0.85074
-0.85042
-0.85564
-0.85212
-0.85852
-0.85816
-0.8544
-0.8555
-0.8581
-0.85314
-0.85394
-0.8529
-0.85558
-0.8592
-0.85284
-0.85366
-0.85342
-0.8522
-0.85246
-0.85942
-0.86228
-0.8632
-0.8537
-0.85466
-0.85118
-0.85774
-0.85376
-0.85446
-0.85142
-0.85166
-0.85522
-0.85668
-0.8593
-0.86146
-0.8558
-0.85628
-0.85762
-0.85768
-0.85714
-0.85474
-0.8544
-0.8587
-0.85786
-0.85914
-0.85638
-0.8542
-0.85582
-0.86022
-0.8553
-0.85776
-0.85272
-0.8546
-0.8563
-0.85838
-0.8549
-0.85656
-0.85554
-0.85414
-0.85576
-0.85812
-0.85452
-0.85492
-0.85838
-0.85204
-0.85328
-0.85816
-0.8622
-0.85926
-0.85544
-0.85774
-0.85364
-0.85568
-0.85248
-0.85634
-0.8558
-0.85274
-0.85592
-0.85582
-0.8544
-0.85666
-0.85734
-0.85158
-0.85876
-0.8601
-0.84968
-0.85664
-0.86054
-0.861
-0.85442
-0.85636
-0.85216
-0.85572
-0.85846
-0.85486
-0.8599
-0.8555
-0.85456
-0.85306
-0.85656
-0.85488
-0.85164
-0.85892
-0.86012
-0.8599
-0.85394
-0.85548
-0.85418
-0.85356
-0.8598
-0.85392
-0.86018
-0.8615
-0.85648
-0.85404
-0.8574
-0.85588
-0.85652
-0.85324
-0.8611
-0.85732
-0.85736
-0.85696
-0.8573
-0.85542
-0.85694
-0.8526
-0.85928
-0.85246
-0.85954
-0.85256
-0.85824
-0.85728
-0.85994
-0.85692
-0.856
-0.85418
-0.85276
-0.85578
-0.85176
-0.85906
-0.8581
-0.85624
-0.8582
-0.85568
-0.86054
-0.85746
-0.85536
-0.86086
-0.85824
-0.85952
-0.85438
-0.85644
-0.86004
-0.8589
-0.85378
-0.85718
-0.85536
-0.8592
-0.85688
-0.85768
-0.85786
-0.85594
-0.86276
-0.85466
-0.85352
-0.85562
-0.85746
-0.85776
-0.85542
-0.8525
-0.85148
-0.85726
-0.85654
-0.85702
-0.85776
-0.85972
-0.8547
-0.8539
-0.85788
-0.85764
-0.8561
-0.86056
-0.85784
-0.86266
-0.85446
-0.85618
-0.85446
-0.8547
-0.85846
-0.8574
-0.85802
-0.85816
-0.85928
-0.85084
-0.85666
-0.8562
-0.85682
-0.85486
-0.85706
-0.85358
-0.85968
-0.85766
-0.85566
-0.85158
-0.8539
-0.8593
-0.8608
-0.85358
-0.85734
-0.85452
-0.85668
-0.85576
-0.8541
-0.85512
-0.85592
-0.85622
-0.85456
-0.8542
-0.85678
-0.85226
-0.8556
-0.85616
-0.85252
-0.85264
-0.8566
-0.85512
-0.85428
-0.86312
-0.85186
-0.85438
-0.85876
-0.85876
-0.86256
-0.85908
-0.85434
-0.8617
-0.85404
-0.86028
-0.8586
-0.85836
-0.85492
-0.85296
-0.86016
-0.85434
-0.85922
-0.86146
-0.85798
-0.85512
-0.85474
-0.85104
-0.85864
-0.85524
-0.85998
-0.85598
-0.85902
-0.85302
-0.85508
-0.85382
-0.85906
-0.855
-0.8592
-0.85582
-0.85534
-0.85448
-0.85394
-0.8538
-0.85444
-0.85464
-0.85538
-0.85514
-0.8537
-0.85462
-0.8547
-0.85778
-0.8566
-0.86218
-0.85342
-0.84814
-0.85694
-0.8562
-0.86076
-0.86076
-0.85828
-0.85824
-0.8594
-0.86182
-0.8579
-0.85368
-0.85832
-0.85366
-0.8555
-0.85322
-0.8592
-0.8564
-0.85858
-0.85354
-0.8597
-0.85886
-0.85582
-0.85724
-0.85476
-0.8537
-0.85508
-0.85708
-0.86058
-0.85724
-0.85934
-0.8521
-0.85354
-0.85692
-0.85504
-0.8572
-0.8559
-0.8585
-0.85232
-0.85406
-0.8597
-0.85864
-0.8562
-0.85958
-0.8563
-0.85858
-0.85508
-0.85836
-0.85686
-0.857
-0.85344
-0.8578
-0.8546
-0.8611
-0.8567
-0.86346
-0.85556
-0.854
-0.85712
-0.86116
-0.85714
-0.8629
-0.85432
-0.85372
-0.8539
-0.8576
-0.85904
-0.8585
-0.85522
-0.8588
-0.85438
-0.85454
-0.85464
-0.85502
-0.85458
-0.85864
-0.8561
-0.8569
-0.8578
-0.85708
-0.8594
-0.85728
-0.85204
-0.8574
-0.85528
-0.85742
-0.85344
-0.85388
-0.85228
-0.86008
-0.85902
-0.85836
-0.85566
-0.85468
-0.85956
-0.85594
-0.85326
-0.86128
-0.86012
-0.8547
-0.8582
-0.85246
-0.85648
-0.85636
-0.85444
-0.85632
-0.85846
-0.85208
-0.85398
-0.85424
-0.85616
-0.85838
-0.85538
-0.85348
-0.85892
-0.8578
-0.858
-0.85736
-0.85454
-0.86004
-0.85982
-0.85832
-0.85226
-0.85558
-0.85886
-0.85992
-0.85594
-0.8551
-0.85522
-0.85694
-0.85672
-0.85154
-0.85576
-0.8528
-0.8565
-0.85636
-0.8584
-0.85404
-0.85724
-0.85064
-0.85714
-0.85614
-0.85662
-0.85658
-0.85542
-0.85816
-0.85546
-0.86196
-0.85914
-0.85822
-0.85296
-0.85666
-0.85674
-0.85526
-0.85498
-0.85236
-0.85176
-0.85706
-0.85306
-0.85734
-0.85284
-0.85512
-0.85996
-0.8542
-0.86166
-0.85592
-0.86302
-0.85772
-0.85712
-0.85252
-0.8532
-0.85776
-0.85614
-0.86146
-0.85902
-0.8559
-0.85832
-0.857
-0.85206
-0.85588
-0.8591
-0.85456
-0.8549
-0.85432
-0.84974
-0.85628
-0.86042
-0.86032
-0.85648
-0.85468
-0.86162
-0.85988
-0.85652
-0.85814
-0.85358
-0.86
-0.8517
-0.85672
-0.8571
-0.85784
-0.8554
-0.85656
-0.85628
-0.85784
-0.85736
-0.85876
-0.85908
-0.85562
-0.85478
-0.85608
-0.85316
-0.85378
-0.85702
-0.85736
-0.85784
-0.85704
-0.85656
-0.8581
-0.85456
-0.8544
-0.8581
-0.86136
-0.85662
-0.85858
-0.85888
-0.8537
-0.85726
-0.85856
-0.85866
-0.85712
-0.85918
-0.85944
-0.85372
-0.85212
-0.85714
-0.85242
-0.86034
-0.85258
-0.86064
-0.85992
-0.85248
-0.85468
-0.8587
-0.8609
-0.85752
-0.85724
-0.8585
-0.85884
-0.8568
-0.85696
-0.85816
-0.86036
-0.86084
-0.8552
-0.85788
-0.85802
-0.85422
-0.86
-0.8554
-0.8588
-0.8567
-0.85812
-0.85648
-0.85666
-0.85814
-0.86086
-0.85696
-0.85774
-0.8586
-0.85796
-0.8551
-0.85916
-0.85528
-0.85928
-0.85672
-0.85378
-0.85652
-0.85776
-0.8568
-0.85296
-0.8609
-0.85434
-0.85786
-0.85536
-0.85542
-0.8574
-0.8538
-0.85382
-0.86026
-0.85748
-0.85154
-0.85522
-0.85756
-0.85558
-0.85998
-0.85514
-0.85652
-0.85324
-0.85966
-0.85356
-0.86042
-0.85418
-0.8555
-0.8561
-0.8606
-0.85504
-0.85324
-0.85268
-0.8597
-0.85624
-0.85724
-0.855
-0.85388
-0.85142
-0.859
-0.85274
-0.85362
-0.85692
-0.85434
-0.85114
-0.85846
-0.85726
-0.85942
-0.85584
-0.85638
-0.85692
-0.85678
-0.85582
-0.8565
-0.858
-0.85704
-0.85394
-0.85698
-0.85648
-0.8595
-0.86046
-0.86022
-0.8532
-0.85672
-0.85532
-0.85388
-0.85734
-0.85722
-0.85726
-0.85264
-0.85846
-0.85482
-0.85562
-0.85978
-0.8584
-0.85836
-0.85928
-0.85722
-0.85666
-0.85622
-0.85694
-0.85196
-0.85578
-0.85284
-0.85578
-0.85642
-0.85854
-0.85522
-0.8579
-0.85764
-0.85794
-0.85676
-0.85522
-0.85586
-0.85396
-0.85548
-0.8577
-0.85872
-0.855
-0.86036
-0.8574
-0.85518
-0.85388
-0.85668
-0.85496
-0.85598
-0.85926
-0.8558
-0.85862
-0.85496
-0.85268
-0.85412
-0.8524
-0.85604
-0.85548
-0.85252
-0.862
-0.85516
-0.85892
-0.8589
-0.858
-0.85752
-0.85562
-0.8583
-0.85492
-0.85706
-0.8568
-0.85728
-0.85622
-0.85306
-0.85448
-0.8579
-0.86004
-0.86016
-0.85868
-0.85156
-0.85484
-0.85414
-0.8543
-0.85554
-0.86026
-0.85704
-0.8587
-0.85412
-0.85358
-0.85624
-0.85352
-0.8549
-0.85578
-0.8603
-0.85504
-0.85642
-0.8553
-0.86174
-0.85342
-0.85538
-0.84764
-0.85806
-0.85742
-0.8554
-0.85674
-0.85818
-0.85394
-0.85702
-0.85532
-0.85536
-0.86044
-0.8583
-0.85492
-0.8534
-0.85436
-0.8592
-0.85918
-0.85222
-0.86166
-0.86332
-0.85896
-0.86206
-0.8572
-0.85406
-0.85402
-0.85168
-0.85574
-0.85296
-0.85452
-0.85568
-0.85724
-0.85764
-0.85544
-0.85512
-0.85336
-0.8574
-0.85738
-0.85734
-0.85452
-0.85874
-0.85718
-0.86032
-0.85506
-0.85936
-0.86224
-0.85674
-0.85282
-0.85788
-0.85828
-0.86244
-0.85406
-0.85994
-0.8603
-0.85782
-0.85748
-0.8519
-0.85402
-0.8552
-0.85516
-0.86118
-0.85378
-0.86066
-0.85594
-0.85444
-0.85332
-0.85154
-0.85604
-0.85628
-0.85468
-0.85258
-0.85714
-0.8545
-0.86052
-0.85334
-0.85888
-0.85888
-0.85578
-0.85766
-0.85606
-0.85356
-0.8585
-0.85584
-0.859
-0.85638
-0.85252
-0.85878
-0.85694
-0.85446
-0.84916
-0.8563
-0.85992
-0.85456
-0.85268
-0.85502
-0.85736
-0.85676
-0.86206
-0.85426
-0.85354
-0.85568
-0.85082
-0.8585
-0.85588
-0.85988
-0.85456
-0.85186
-0.85704
-0.8557
-0.8573
-0.86
-0.85632
-0.85436
-0.8532
-0.85736
-0.85414
-0.85578
-0.85882
-0.85608
-0.85508
-0.85696
-0.8588
-0.85812
-0.85788
-0.86212
-0.8614
-0.8575
-0.85932
-0.85556
-0.8527
-0.86038
-0.85402
-0.85398
-0.85434
-0.85542
-0.8542
-0.8549
-0.8576
-0.85194
-0.85628
-0.85256
-0.85292
-0.85518
-0.85826
-0.85886
-0.85202
-0.85788
-0.85566
-0.85506
-0.85692
-0.85864
-0.85394
-0.85756
-0.86012
-0.85612
-0.85032
-0.85866
-0.86048
-0.85562
-0.85528
-0.86088
-0.8586
-0.8608
-0.85608
-0.85846
-0.85594
-0.86004
-0.85932
-0.85628
-0.85722
-0.85604
-0.8579
-0.85586
-0.85774
-0.86098
-0.86192
-0.85344
-0.86032
-0.85664
-0.85736
-0.8573
-0.85732
-0.85574
-0.85486
-0.8549
-0.85824
-0.85638
-0.85978
-0.85256
-0.85328
-0.85178
-0.8566
-0.8539
-0.85926
-0.85618
-0.85432
-0.85674
-0.85702
-0.8588
-0.85876
-0.8568
-0.85392
-0.85648
-0.85256
-0.8543
-0.85382
-0.85692
-0.85528
-0.85932
-0.86016
-0.85424
-0.85546
-0.85656
-0.85734
-0.858
-0.85544
-0.85606
-0.85406
-0.85594
-0.8551
-0.85666
-0.85398
-0.85766
-0.8555
-0.8563
-0.85564
-0.85562
-0.85754
-0.86056
-0.85256
-0.85672
-0.85768
-0.8561
-0.85456
-0.85792
-0.85256
-0.85422
-0.85386
-0.85778
-0.85132
-0.85442
-0.8522
-0.85756
-0.8567
-0.85446
-0.85628
-0.85528
-0.85486
-0.85142
-0.85832
-0.85606
-0.85728
-0.8567
-0.861
-0.85634
-0.857
-0.85942
-0.8549
-0.85732
-0.85696
-0.8538
-0.85996
-0.85522
-0.8554
-0.85836
-0.8594
-0.85788
-0.85724
-0.85426
-0.85538
-0.85716
-0.85124
-0.84876
-0.85618
-0.85888
-0.85398
-0.85348
-0.85456
-0.85478
-0.85518
-0.8533
-0.85262
-0.86088
-0.85982
-0.8603
-0.85636
-0.85044
-0.85312
-0.85616
-0.85828
-0.85656
-0.85932
-0.85694
-0.85344
-0.8512
-0.85898
-0.85862
-0.85844
-0.854
-0.8569
-0.86026
-0.86008
-0.85302
-0.85062
-0.85676
-0.86172
-0.85372
-0.8552
-0.85572
-0.85706
-0.8547
-0.85838
-0.85644
-0.85798
-0.85176
-0.86092
-0.85596
-0.85208
-0.85406
-0.861
-0.85462
-0.8568
-0.85342
-0.85774
-0.85742
-0.85298
-0.86108
-0.85576
-0.85606
-0.85784
-0.85428
-0.8533
-0.85466
-0.85484
-0.85696
-0.85714
-0.8562
-0.85626
-0.8481
-0.85468
-0.85938
-0.85444
-0.85508
-0.85362
-0.85186
-0.8584
-0.85596
-0.85642
-0.85742
-0.85736
-0.86218
-0.86004
-0.85702
-0.85456
-0.86006
-0.8553
-0.8603
-0.85986
-0.86422
-0.86024
-0.85596
-0.85404
-0.85916
-0.8546
-0.85728
-0.85268
-0.85992
-0.8584
-0.85384
-0.85476
-0.8563
-0.8536
-0.85556
-0.85664
-0.85902
-0.8599
-0.85732
-0.85514
-0.85628
-0.85438
-0.8553
-0.8599
-0.85574
-0.85504
-0.85558
-0.85524
-0.85594
-0.85718
-0.85706
-0.85608
-0.85746
-0.8492
-0.854
-0.85386
-0.85952
-0.8581
-0.85726
-0.85178
-0.85838
-0.8574
-0.85444
-0.85296
-0.85726
-0.8574
-0.8555
-0.85814
-0.85486
-0.85794
-0.85682
-0.85724
-0.8566
-0.85284
-0.85492
-0.8548
-0.85478
-0.85716
-0.85568
-0.85596
-0.85458
-0.85436
-0.85732
-0.8568
-0.85368
-0.85642
-0.85508
-0.85148
-0.85614
-0.8575
-0.85396
-0.85192
-0.85594
-0.85866
-0.8535
-0.85984
-0.85642
-0.85686
-0.85624
-0.85746
-0.85334
-0.85266
-0.85994
-0.85948
-0.85558
-0.85556
-0.85264
-0.85222
-0.85478
-0.85966
-0.85648
-0.8574
-0.85636
-0.85966
-0.85462
-0.85568
-0.8545
-0.85972
-0.855
-0.8582
-0.85156
-0.85368
-0.85478
-0.86124
-0.85874
-0.85578
-0.86164
-0.85974
-0.85892
-0.85822
-0.8602
-0.85138
-0.85448
-0.85574
-0.85418
-0.85718
-0.85312
-0.86058
-0.85698
-0.85426
-0.85392
-0.85228
-0.85634
-0.8522
-0.85566
-0.85498
-0.85234
-0.85966
-0.85562
-0.85976
-0.8574
-0.85436
-0.85258
-0.85732
-0.85534
-0.85434
-0.85692
-0.85338
-0.85422
-0.85402
-0.85698
-0.86132
-0.85452
-0.8503
-0.85708
-0.85804
-0.85754
-0.85602
-0.85546
-0.85604
-0.85726
-0.85654
-0.85866
-0.85894
-0.85276
-0.85368
-0.85708
-0.86128
-0.85626
-0.85184
-0.85402
-0.85262
-0.85254
-0.85976
-0.86008
-0.86018
-0.86
-0.85456
-0.85406
-0.86062
-0.85284
-0.85606
-0.85818
-0.85504
-0.85342
-0.8582
-0.85474
-0.84976
-0.85588
-0.85492
-0.85958
-0.85496
-0.85452
-0.8547
-0.85406
-0.85928
-0.86082
-0.8566
-0.85608
-0.85248
-0.85254
-0.8541
-0.85466
-0.85942
-0.85486
-0.85674
-0.85934
-0.85214
-0.85594
-0.85372
-0.85532
-0.85794
-0.85498
-0.85812
-0.85732
-0.85382
-0.8597
-0.859
-0.85604
-0.85494
-0.85552
-0.858
-0.85774
-0.86022
-0.8533
-0.85844
-0.85728
-0.85464
-0.85572
-0.85526
-0.85436
-0.85332
-0.8567
-0.8572
-0.85742
-0.85726
-0.85472
-0.85538
-0.85398
-0.85934
-0.85786
-0.85386
-0.85656
-0.85606
-0.85386
-0.85954
-0.85502
-0.85816
-0.85538
-0.85544
-0.8585
-0.85718
-0.85542
-0.8537
-0.85468
-0.85528
-0.86162
-0.85714
-0.85482
-0.8552
-0.85822
-0.855
-0.85542
-0.8583
-0.85582
-0.85742
-0.85268
-0.85614
-0.8595
-0.8556
-0.8569
-0.86208
-0.85342
-0.85708
-0.85064
-0.85584
-0.8552
-0.85604
-0.85428
-0.85208
-0.8556
-0.85672
-0.85948
-0.85602
-0.85434
-0.85628
-0.85744
-0.85442
-0.85588
-0.85256
-0.85294
-0.8614
-0.86058
-0.85382
-0.8503
-0.85394
-0.85526
-0.85632
-0.85658
-0.85498
-0.85194
-0.85512
-0.85494
-0.85408
-0.8549
-0.854
-0.8527
-0.85772
-0.85506
-0.85472
-0.8642
-0.85476
-0.85342
-0.86054
-0.85878
-0.85234
-0.85402
-0.85432
-0.85542
-0.8553
-0.85418
-0.85552
-0.8584
-0.8609
-0.85686
-0.86238
-0.8558
-0.86012
-0.85908
-0.85738
-0.85552
-0.8567
-0.85772
-0.85758
-0.85556
-0.86088
-0.85658
-0.85656
-0.8589
-0.85568
-0.85748
-0.84992
-0.85736
-0.85334
-0.8534
-0.85682
-0.8557
-0.86056
-0.8529
-0.85738
-0.85786
-0.8579
-0.8556
-0.85928
-0.86054
-0.85714
-0.85694
-0.85652
-0.8524
-0.85538
-0.85416
-0.86194
-0.8601
-0.8549
-0.85434
-0.85374
-0.8524
-0.85836
-0.85792
-0.85472
-0.85346
-0.85998
-0.85398
-0.8574
-0.85944
-0.8611
-0.85536
-0.8578
-0.85312
-0.85822
-0.85524
-0.85418
-0.85768
-0.85766
-0.85868
-0.86198
-0.85546
-0.86178
-0.85138
-0.85402
-0.85364
-0.85604
-0.85758
-0.85012
-0.85674
-0.8611
-0.85788
-0.85542
-0.85396
-0.85556
-0.85802
-0.8581
-0.85752
-0.85824
-0.8571
-0.85388
-0.84728
-0.8573
-0.85978
-0.85774
-0.8578
-0.85514
-0.8547
-0.85528
-0.8551
-0.85422
-0.8544
-0.85774
-0.85522
-0.85326
-0.85642
-0.8517
-0.8527
-0.8546
-0.85758
-0.85546
-0.85544
-0.86252
-0.85886
-0.85668
-0.85554
-0.85356
-0.85528
-0.85514
-0.85632
-0.85288
-0.85388
-0.85796
-0.85816
-0.85978
-0.8598
-0.85434
-0.85972
-0.85668
-0.85656
-0.85294
-0.85574
-0.8575
-0.8581
-0.86246
-0.85768
-0.85814
-0.85506
-0.8565
-0.86184
-0.85432
-0.85556
-0.857
-0.8576
-0.85638
-0.85792
-0.85292
-0.8501
-0.85628
-0.85866
-0.85328
-0.85164
-0.85576
-0.84946
-0.85624
-0.85456
-0.8546
-0.85866
-0.85358
-0.85302
-0.85576
-0.8494
-0.85932
-0.8533
-0.85716
-0.8588
-0.85154
-0.85728
-0.85906
-0.8561
-0.8591
-0.859
-0.85556
-0.85702
-0.8565
-0.85992
-0.85516
-0.85748
-0.8591
-0.85486
-0.84864
-0.85476
-0.86238
-0.85852
-0.8563
-0.86022
-0.85812
-0.85722
-0.85304
-0.85404
-0.85718
-0.85892
-0.85898
-0.85698
-0.85658
-0.86202
-0.85694
-0.85966
-0.85584
-0.85788
-0.85592
-0.85512
-0.85196
-0.85522
-0.8536
-0.85582
-0.85504
-0.8639
-0.85492
-0.85916
-0.8584
-0.85846
-0.85432
-0.8579
-0.85452
-0.85846
-0.85628
-0.85826
-0.85222
-0.85692
-0.85764
-0.85554
-0.85584
-0.85498
-0.85264
-0.8551
-0.85632
-0.85376
-0.85412
-0.85828
-0.8555
-0.8538
-0.85736
-0.85542
-0.85384
-0.8536
-0.85838
-0.85404
-0.86184
-0.8591
-0.85022
-0.85398
-0.85352
-0.85216
-0.85646
-0.8577
-0.85824
-0.8552
-0.8546
-0.85214
-0.855
-0.8576
-0.8574
-0.85712
-0.8555
-0.85334
-0.85714
-0.85478
-0.8559
-0.8543
-0.85702
-0.8575
-0.8602
-0.85802
-0.85334
-0.85636
-0.86196
-0.855
-0.85288
-0.85322
-0.85802
-0.85384
-0.85926
-0.85804
-0.85968
-0.85696
-0.86124
-0.85618
-0.85298
-0.85348
-0.85634
-0.85376
-0.85536
-0.85176
-0.8584
-0.85368
-0.85332
-0.85546
-0.85034
-0.85586
-0.856
-0.85706
-0.84946
-0.85608
-0.85956
-0.85706
-0.85732
-0.85594
-0.85396
-0.8531
-0.85926
-0.85264
-0.86022
-0.86276
-0.85536
-0.85732
-0.85956
-0.8554
-0.85392
-0.85552
-0.85412
-0.85222
-0.86088
-0.853
-0.86128
-0.85688
-0.85482
-0.85652
-0.85084
-0.854
-0.85272
-0.85604
-0.85692
-0.85478
-0.8581
-0.85844
-0.85452
-0.85424
-0.8544
-0.8583
-0.8603
-0.85094
-0.85768
-0.85628
-0.85724
-0.85652
-0.85654
-0.85096
-0.85792
-0.86266
-0.85662
-0.85914
-0.8568
-0.85448
-0.858
-0.85656
-0.85804
-0.85316
-0.85396
-0.85532
-0.8567
-0.8563
-0.856
-0.85818
-0.85972
-0.85878
-0.85676
-0.85472
-0.85528
-0.85516
-0.8586
-0.85706
-0.85342
-0.86092
-0.85852
-0.85578
-0.86084
-0.85586
-0.85876
-0.85508
-0.85586
-0.86144
-0.85348
-0.85574
-0.8551
-0.85752
-0.85692
-0.85752
-0.85642
-0.85452
-0.85628
-0.85828
-0.86042
-0.85922
-0.85664
-0.85756
-0.8543
-0.85368
-0.86072
-0.8552
-0.8567
-0.85626
-0.8582
-0.85694
-0.85754
-0.85726
-0.85984
-0.85538
-0.85154
-0.85866
-0.85176
-0.8579
-0.85546
-0.85772
-0.85762
-0.86198
-0.86146
-0.85732
-0.85552
-0.85294
-0.8567
-0.8583
-0.8584
-0.85446
-0.8539
-0.85762
-0.86036
-0.85304
-0.8584
-0.85322
-0.8551
-0.85364
-0.85208
-0.85846
-0.85652
-0.85734
-0.85332
-0.85722
-0.85764
-0.85962
-0.86002
-0.85214
-0.85374
-0.85492
-0.8573
-0.85404
-0.8555
-0.85142
-0.8516
-0.8583
-0.848
-0.85128
-0.85394
-0.85426
-0.85394
-0.85728
-0.85922
-0.85284
-0.85468
-0.85508
-0.855
-0.85694
-0.8545
-0.85914
-0.85266
-0.8566
-0.85784
-0.85798
-0.85954
-0.85908
-0.85666
-0.85466
-0.86032
-0.85998
-0.85398
-0.86058
-0.85592
-0.8577
-0.85532
-0.85352
-0.85274
-0.85538
-0.85378
-0.8575
-0.85444
-0.85404
-0.85176
-0.86032
-0.8595
-0.85382
-0.8568
-0.85974
-0.8579
-0.85664
-0.85858
-0.85186
-0.85464
-0.86218
-0.85406
-0.85364
-0.8542
-0.8526
-0.85656
-0.85672
-0.85844
-0.85924
-0.85704
-0.85666
-0.85806
-0.85408
-0.85766
-0.86066
-0.857
-0.8554
-0.85192
-0.85246
-0.85594
-0.8552
-0.86288
-0.8568
-0.85448
-0.85534
-0.85382
-0.85268
-0.85796
-0.85428
-0.85572
-0.85406
-0.85548
-0.85798
-0.85428
-0.85412
-0.85512
-0.8579
-0.85712
-0.85792
-0.85574
-0.85778
-0.8573
-0.85256
-0.85682
-0.85562
-0.85812
-0.85884
-0.85366
-0.86084
-0.85376
-0.85794
-0.85988
-0.85814
-0.85122
-0.85684
-0.85404
-0.85462
-0.8539
-0.851
-0.85868
-0.85316
-0.8528
-0.8537
-0.85658
-0.854
-0.85354
-0.8566
-0.85752
-0.85352
-0.85756
-0.85782
-0.85578
-0.85496
-0.8564
-0.85952
-0.85242
-0.85658
-0.8567
-0.85676
-0.85136
-0.85642
-0.8588
-0.85616
-0.85928
-0.85354
-0.85876
-0.85956
-0.85518
-0.85784
-0.85608
-0.8554
-0.85604
-0.8602
-0.8619
-0.86256
-0.85768
-0.85412
-0.85374
-0.85738
-0.85192
-0.85618
-0.8564
-0.85886
-0.85554
-0.86002
-0.85378
-0.86056
-0.85172
-0.85644
-0.8532
-0.85386
-0.85432
-0.8592
-0.86062
-0.85576
-0.85754
-0.8557
-0.85648
-0.85674
-0.85322
-0.85714
-0.85688
-0.8579
-0.85818
-0.8578
-0.85384
-0.85672
-0.85558
-0.85508
-0.85934
-0.85958
-0.85716
-0.85514
-0.85264
-0.8587
-0.8539
-0.8561
-0.86022
-0.85298
-0.85742
-0.85742
-0.85524
-0.856
-0.85628
-0.86074
-0.85894
-0.85686
-0.8552
-0.85666
-0.85924
-0.85786
-0.85606
-0.8553
-0.85688
-0.85584
-0.85322
-0.8494
-0.86028
-0.85396
-0.85446
-0.85416
-0.856
-0.85328
-0.8581
-0.85556
-0.86004
-0.85608
-0.85608
-0.85432
-0.84732
-0.86014
-0.86036
-0.8553
-0.85986
-0.85596
-0.85638
-0.85656
-0.85896
-0.85376
-0.85782
-0.85492
-0.85604
-0.85324
-0.8571
-0.8563
-0.85598
-0.85706
-0.8574
-0.85544
-0.85648
-0.85822
-0.8548
-0.85654
-0.8634
-0.85442
-0.85918
-0.85128
-0.85664
-0.85972
-0.86026
-0.85746
-0.84896
-0.85898
-0.8584
-0.85672
-0.86114
-0.8557
-0.85278
-0.8548
-0.85736
-0.85664
-0.8535
-0.85718
-0.85644
-0.85624
-0.86004
-0.85742
-0.85432
-0.85368
-0.85244
-0.85466
-0.856
-0.85476
-0.85796
-0.85292
-0.85536
-0.8577
-0.85802
-0.85918
-0.85684
-0.8577
-0.85822
-0.86122
-0.85922
-0.85572
-0.85866
-0.85562
-0.85472
-0.85742
-0.85672
-0.85842
-0.85702
-0.86038
-0.85544
-0.85852
-0.8586
-0.8576
-0.8536
-0.85586
-0.85248
-0.85568
-0.8624
-0.85992
-0.84906
-0.86256
-0.85462
-0.8562
-0.85714
-0.85632
-0.85194
-0.85682
-0.8542
-0.85496
-0.85372
-0.85938
-0.85352
-0.86058
-0.8557
-0.8541
-0.85908
-0.85446
-0.85538
-0.86314
-0.85582
-0.85958
-0.85634
-0.8524
-0.85128
-0.85638
-0.85458
-0.85854
-0.85458
-0.85644
-0.85628
-0.85224
-0.86234
-0.85926
-0.8554
-0.85532
-0.85764
-0.85738
-0.8559
-0.86472
-0.85892
-0.85854
-0.85656
-0.85486
-0.8556
-0.8534
-0.86246
-0.85974
-0.85316
-0.8554
-0.85644
-0.85646
-0.85626
-0.85474
-0.85634
-0.86206
-0.8527
-0.85372
-0.84948
-0.8559
-0.8512
-0.85044
-0.85944
-0.8584
-0.85504
-0.85596
-0.85518
-0.85752
-0.85378
-0.85994
-0.85914
-0.86112
-0.8546
-0.85546
-0.8563
-0.85462
-0.85642
-0.85532
-0.8544
-0.85656
-0.85886
-0.85992
-0.85378
-0.85542
-0.85052
-0.85232
-0.85388
-0.85278
-0.85362
-0.85352
-0.85654
-0.85714
-0.856
-0.85536
-0.8575
-0.85756
-0.85224
-0.85486
-0.85844
-0.85692
-0.85906
-0.85748
-0.85672
-0.853
-0.85562
-0.85156
-0.85924
-0.85558
-0.86126
-0.85602
-0.85634
-0.85982
-0.8555
-0.8538
-0.85842
-0.85678
-0.85502
-0.85986
-0.85912
-0.8586
-0.85688
-0.85522
-0.8553
-0.85328
-0.85318
-0.85432
-0.85534
-0.85714
-0.86068
-0.85366
-0.85624
-0.85252
-0.86054
-0.8555
-0.85928
-0.85606
-0.85844
-0.85534
-0.85448
-0.857
-0.85404
-0.8561
-0.85582
-0.85534
-0.85356
-0.86038
-0.85762
-0.8604
-0.85358
-0.8551
-0.85376
-0.85774
-0.85232
-0.85748
-0.85806
-0.85038
-0.8579
-0.85712
-0.85818
-0.85734
-0.85512
-0.8578
-0.85768
-0.85752
-0.85618
-0.85618
-0.85258
-0.84888
-0.85416
-0.85562
-0.85836
-0.85044
-0.8567
-0.85216
-0.85898
-0.85664
-0.85254
-0.85474
-0.8609
-0.85608
-0.8596
-0.85466
-0.85764
-0.85852
-0.8525
-0.85592
-0.85552
-0.85694
-0.85968
-0.8559
-0.85592
-0.85424
-0.8564
-0.85838
-0.8555
-0.85502
-0.8566
-0.85862
-0.8512
-0.8554
-0.85432
-0.85514
-0.85166
-0.8555
-0.85368
-0.85804
-0.8583
-0.85468
-0.85382
-0.85844
-0.85942
-0.85574
-0.8536
-0.86108
-0.85654
-0.85616
-0.85282
-0.85608
-0.86388
-0.85946
-0.85536
-0.85302
-0.85628
-0.85804
-0.8595
-0.85632
-0.85408
-0.8585
-0.8585
-0.86034
-0.85544
-0.85702
-0.8544
-0.8569
-0.8517
-0.85932
-0.85698
-0.85652
-0.8576
-0.85398
-0.85946
-0.85516
-0.85542
-0.85816
-0.85752
-0.85698
-0.85562
-0.85776
-0.8585
-0.85722
-0.85826
-0.8572
-0.85976
-0.8563
-0.85776
-0.85392
-0.85832
-0.85312
-0.85516
-0.85464
-0.85648
-0.857
-0.85386
-0.8566
-0.85902
-0.85612
-0.85812
-0.85788
-0.8532
-0.85666
-0.85754
-0.85326
-0.85928
-0.85422
-0.8548
-0.85406
-0.85766
-0.8612
-0.85184
-0.85976
-0.85608
-0.85332
-0.85436
-0.85572
-0.85822
-0.85618
-0.85698
-0.85846
-0.85536
-0.8576
-0.85578
-0.85472
-0.85606
-0.85078
-0.85864
-0.85442
-0.85412
-0.85274
-0.85284
-0.8532
-0.85848
-0.8505
-0.84986
-0.85246
-0.85888
-0.85752
-0.85662
-0.85438
-0.85328
-0.85386
-0.8523
-0.85644
-0.85868
-0.85872
-0.8555
-0.85714
-0.857
-0.85664
-0.85232
-0.8576
-0.85086
-0.85512
-0.85276
-0.85832
-0.8576
-0.85552
-0.85726
-0.86032
-0.85656
-0.85674
-0.85722
-0.85988
-0.85674
-0.85852
-0.8545
-0.85506
-0.85458
-0.85498
-0.8571
-0.8589
-0.85704
-0.85696
-0.85896
-0.85768
-0.85584
-0.859
-0.86038
-0.85332
-0.8579
-0.85678
-0.85534
-0.85622
-0.8572
-0.8549
-0.85504
-0.85498
-0.85394
-0.8579
-0.85218
-0.8564
-0.859
-0.85712
-0.85518
-0.85228
-0.84956
-0.85698
-0.86016
-0.86134
-0.85834
-0.85376
-0.85854
-0.85314
-0.85366
-0.85488
-0.85822
-0.85886
-0.85704
-0.85422
-0.85952
-0.85684
-0.85782
-0.85386
-0.8549
-0.85594
-0.85456
-0.85532
-0.8536
-0.85244
-0.85792
-0.85676
-0.85658
-0.85814
-0.8554
-0.85132
-0.85594
-0.85752
-0.8537
-0.85602
-0.85556
-0.85332
-0.8581
-0.85566
-0.85478
-0.85238
-0.85528
-0.852
-0.85774
-0.86032
-0.85408
-0.8564
-0.8574
-0.85264
-0.85676
-0.8563
-0.85598
-0.8519
-0.85508
-0.8566
-0.85662
-0.85576
-0.8546
-0.85874
-0.85214
-0.85634
-0.85724
-0.85476
-0.85834
-0.85536
-0.8597
-0.86188
-0.85666
-0.85524
-0.85654
-0.85728
-0.85604
-0.85774
-0.85724
-0.8564
-0.85556
-0.85652
-0.85886
-0.8537
-0.85568
-0.85536
-0.8576
-0.86064
-0.85492
-0.85882
-0.85546
-0.86002
-0.85214
-0.86014
-0.85462
-0.85094
-0.85634
-0.85378
-0.8561
-0.85136
-0.8502
-0.85442
-0.85558
-0.86024
-0.8578
-0.85416
-0.85894
-0.85374
-0.85352
-0.8594
-0.86328
-0.8562
-0.8572
-0.8503
-0.85536
-0.8568
-0.85634
-0.8575
-0.8529
-0.85378
-0.85414
-0.85666
-0.85744
-0.85614
-0.85216
-0.85788
-0.85326
-0.8595
-0.85528
-0.85688
-0.85782
-0.85606
-0.85924
-0.8592
-0.8579
-0.85648
-0.85104
-0.84914
-0.85918
-0.85484
-0.85414
-0.85626
-0.85544
-0.8595
-0.85526
-0.85214
-0.8593
-0.85708
-0.85694
-0.85624
-0.85546
-0.85672
-0.8549
-0.85338
-0.8548
-0.85634
-0.8587
-0.85206
-0.85564
-0.85394
-0.85648
-0.8506
-0.85564
-0.85578
-0.85478
-0.85696
-0.85702
-0.85738
-0.85524
-0.85086
-0.854
-0.85278
-0.85602
-0.86002
-0.85596
-0.85252
-0.85278
-0.85524
-0.85748
-0.8593
-0.85904
-0.85848
-0.85786
-0.86016
-0.85096
-0.85802
-0.85442
-0.85782
-0.85766
-0.85568
-0.85944
-0.85418
-0.85834
-0.85398
-0.85666
-0.86054
-0.85912
-0.85866
-0.85344
-0.85478
-0.85568
-0.85734
-0.85792
-0.85186
-0.85472
-0.85686
-0.8555
-0.858
-0.85922
-0.85966
-0.8575
-0.85684
-0.85596
-0.85936
-0.85686
-0.8597
-0.85604
-0.8528
-0.85624
-0.85514
-0.8561
-0.85366
-0.8585
-0.85724
-0.85302
-0.8544
-0.86026
-0.85826
-0.85386
-0.85622
-0.8507
-0.8552
-0.85696
-0.85852
-0.85498
-0.8573
-0.85612
-0.85818
-0.8544
-0.8592
-0.85658
-0.85632
-0.84996
-0.85604
-0.85342
-0.84734
-0.85816
-0.85734
-0.85838
-0.85516
-0.85684
-0.85406
-0.85386
-0.85666
-0.86014
-0.85634
-0.85622
-0.85946
-0.85778
-0.85662
-0.85394
-0.85846
-0.85652
-0.85454
-0.85584
-0.85738
-0.85368
-0.8556
-0.85916
-0.85538
-0.85786
-0.85524
-0.84974
-0.8561
-0.85684
-0.8564
-0.85824
-0.85928
-0.85636
-0.8537
-0.85596
-0.8603
-0.855
-0.85606
-0.85696
-0.85866
-0.85626
-0.85892
-0.85774
-0.85652
-0.85234
-0.85794
-0.85612
-0.85646
-0.8576
-0.85522
-0.85344
-0.85918
-0.85356
-0.85618
-0.85532
-0.85976
-0.85558
-0.85144
-0.84866
-0.85042
-0.85542
-0.85622
-0.8536
-0.85736
-0.8539
-0.85724
-0.85604
-0.85956
-0.8594
-0.85978
-0.8558
-0.85638
-0.85468
-0.85566
-0.8556
-0.85472
-0.85758
-0.85778
-0.85364
-0.85474
-0.85448
-0.85058
-0.85444
-0.85664
-0.86064
-0.85648
-0.85468
-0.85814
-0.85636
-0.85794
-0.85594
-0.85634
-0.85362
-0.85336
-0.85382
-0.85932
-0.85496
-0.8575
-0.85798
-0.85856
-0.8571
-0.85842
-0.85614
-0.8522
-0.85374
-0.85406
-0.85382
-0.85418
-0.85724
-0.85744
-0.85496
-0.85764
-0.85272
-0.85404
-0.86246
-0.85492
-0.85448
-0.85838
-0.85558
-0.85706
-0.85548
-0.85434
-0.8532
-0.85166
-0.85514
-0.85812
-0.85926
-0.85486
-0.8521
-0.8539
-0.85606
-0.85456
-0.84966
-0.8577
-0.85308
-0.85784
-0.8545
-0.85784
-0.8559
-0.85258
-0.85218
-0.85472
-0.8592
-0.85798
-0.85466
-0.85702
-0.85928
-0.85226
-0.853
-0.8566
-0.85804
-0.85448
-0.85968
-0.85956
-0.8607
-0.85554
-0.8624
-0.85332
-0.85396
-0.85738
-0.85516
-0.85858
-0.85626
-0.8535
-0.85536
-0.85516
-0.85648
-0.85452
-0.85618
-0.85752
-0.85008
-0.85874
-0.85956
-0.85904
-0.85148
-0.85184
-0.85368
-0.85698
-0.85838
-0.85632
-0.85534
-0.8535
-0.85534
-0.8536
-0.85084
-0.85618
-0.85778
-0.8563
-0.8593
-0.86154
-0.85342
-0.85622
-0.8527
-0.8578
-0.85212
-0.85558
-0.85628
-0.85586
-0.85778
-0.85644
-0.85998
-0.85708
-0.8552
-0.85768
-0.85064
-0.86192
-0.85884
-0.85796
-0.85376
-0.85774
-0.85138
-0.85106
-0.85822
-0.86006
-0.85744
-0.85594
-0.85774
-0.85634
-0.85802
-0.85422
-0.85398
-0.85652
-0.85784
-0.8572
-0.85724
-0.85538
-0.85634
-0.85658
-0.85838
-0.85734
-0.85676
-0.85778
-0.85642
-0.8584
-0.85546
-0.85598
-0.85166
-0.85416
-0.85442
-0.85888
-0.85336
-0.85698
-0.85604
-0.85446
-0.85484
-0.85366
-0.8535
-0.85328
-0.85428
-0.85218
-0.85636
-0.85644
-0.85168
-0.85704
-0.85634
-0.8598
-0.85542
-0.86164
-0.85252
-0.8539
-0.85724
-0.85392
-0.85408
-0.85488
-0.85702
-0.85176
-0.85706
-0.85768
-0.85864
-0.85484
-0.85598
-0.8506
-0.85392
-0.85504
-0.8588
-0.85312
-0.85534
-0.85372
-0.8554
-0.85346
-0.85378
-0.85224
-0.8557
-0.85618
-0.85308
-0.85732
-0.85736
-0.85642
-0.85454
-0.85116
-0.85394
-0.85946
-0.8562
-0.85834
-0.85692
-0.85446
-0.85698
-0.85548
-0.8543
-0.85624
-0.85496
-0.86218
-0.85764
-0.85678
-0.85302
-0.85988
-0.8543
-0.85218
-0.85898
-0.85916
-0.8583
-0.8544
-0.85284
-0.85688
-0.85364
-0.85872
-0.85602
-0.85778
-0.85558
-0.8574
-0.85808
-0.85846
-0.8587
-0.86004
-0.85592
-0.8536
-0.85612
-0.8576
-0.85468
-0.85148
-0.85428
-0.8538
-0.85592
-0.8519
-0.853
-0.85824
-0.85468
-0.85622
-0.85626
-0.86246
-0.85594
-0.85728
-0.85618
-0.85428
-0.8592
-0.85894
-0.85268
-0.85682
-0.85796
-0.8585
-0.85508
-0.85328
-0.86054
-0.8548
-0.86032
-0.85608
-0.85698
-0.85482
-0.85592
-0.8549
-0.85714
-0.85938
-0.8546
-0.84992
-0.8534
-0.85604
-0.85766
-0.85088
-0.85588
-0.85278
-0.85348
-0.8548
-0.85906
-0.8572
-0.85864
-0.85222
-0.858
-0.85268
-0.85738
-0.858
-0.8543
-0.8576
-0.85474
-0.85766
-0.85456
-0.85642
-0.85488
-0.85882
-0.8539
-0.85414
-0.8547
-0.8489
-0.85158
-0.85986
-0.85692
-0.85834
-0.85704
-0.8581
-0.85238
-0.85676
-0.85758
-0.85758
