-0.60962
-0.60544
-0.59986
-0.59236
-0.60232
-0.6049
-0.59804
-0.5973
-0.59728
-0.59762
-0.60016
-0.59686
-0.59658
-0.60476
-0.60642
-0.61434
-0.62116
-0.60426
-0.59688
-0.6065
-0.60418
-0.59662
-0.59156
-0.59772
-0.5953
-0.59326
-0.6017
-0.60274
-0.59906
-0.6013
-0.60116
-0.59786
-0.59968
-0.60066
-0.6007
-0.59852
-0.58958
-0.59832
-0.5977
-0.60426
-0.59076
-0.60888
-0.61292
-0.60042
-0.6005
-0.60448
-0.60566
-0.60048
-0.60216
-0.58974
-0.60144
-0.607
-0.60176
-0.58972
-0.58756
-0.59288
-0.59628
-0.59638
-0.60156
-0.59216
-0.60216
-0.60558
-0.60092
-0.5881
-0.60026
-0.6025
-0.60012
-0.59342
-0.60376
-0.60856
-0.59342
-0.6018
-0.60226
-0.59604
-0.59644
-0.58998
-0.60028
-0.59616
-0.60454
-0.60766
-0.6045
-0.60342
-0.6104
-0.6049
-0.60496
-0.60632
-0.59796
-0.60396
-0.6001
-0.60562
-0.5965
-0.58834
-0.60118
-0.59792
-0.59872
-0.6025
-0.60448
-0.61464
-0.60444
-0.5978
-0.59234
-0.59114
-0.59662
-0.59578
-0.60298
-0.59714
-0.60156
-0.59684
-0.59882
-0.6
-0.59408
-0.59338
-0.58704
-0.59516
-0.60316
-0.59968
-0.60382
-0.59666
-0.60638
-0.61132
-0.60158
-0.60714
-0.60824
-0.60088
-0.60864
-0.60052
-0.60666
-0.6041
-0.60134
-0.60584
-0.59694
-0.599
-0.59726
-0.60314
-0.60198
-0.59896
-0.59416
-0.60044
-0.59984
-0.59186
-0.5945
-0.59698
-0.60276
-0.60302
-0.60212
-0.59306
-0.60746
-0.59814
-0.61108
-0.59924
-0.6007
-0.60384
-0.601
-0.6024
-0.59488
-0.6004
-0.60154
-0.59368
-0.59844
-0.61394
-0.60224
-0.59596
-0.59144
-0.59404
-0.60162
-0.59648
-0.59962
-0.6078
-0.59892
-0.59264
-0.58812
-0.58588
-0.59926
-0.6046
-0.60714
-0.59676
-0.59594
-0.5905
-0.6015
-0.5925
-0.6021
-0.60506
-0.60082
-0.59288
-0.5935
-0.59938
-0.5838
-0.59526
-0.60452
-0.59792
-0.60036
-0.59962
-0.59506
-0.59352
-0.60108
-0.60114
-0.59724
-0.59458
-0.6
-0.60658
-0.58708
-0.5867
-0.60234
-0.60664
-0.60574
-0.60318
-0.6018
-0.59446
-0.60718
-0.60726
-0.59352
-0.5937
-0.59398
-0.59718
-0.59598
-0.60628
-0.59978
-0.59448
-0.59066
-0.59188
-0.59904
-0.5986
-0.59722
-0.58808
-0.59526
-0.6008
-0.59796
-0.59726
-0.60124
-0.60142
-0.60446
-0.60676
-0.60264
-0.5951
-0.59436
-0.5943
-0.59368
-0.60446
-0.6026
-0.59494
-0.60394
-0.59906
-0.6025
-0.60122
-0.5986
-0.60326
-0.58722
-0.5957
-0.59502
-0.59462
-0.60002
-0.60924
-0.60162
-0.61996
-0.60344
-0.60602
-0.59812
-0.59912
-0.60586
-0.60122
-0.611
-0.60756
-0.60682
-0.61336
-0.6025
-0.6075
-0.61354
-0.60586
-0.60356
-0.59508
-0.59564
-0.60724
-0.60702
-0.59744
-0.6005
-0.59682
-0.59486
-0.6003
-0.60024
-0.6062
-0.60996
-0.59468
-0.59224
-0.59968
-0.6027
-0.60568
-0.60912
-0.59084
-0.59258
-0.58766
-0.60126
-0.5945
-0.59718
-0.59066
-0.59058
-0.5879
-0.6019
-0.59506
-0.58924
-0.60222
-0.59852
-0.58876
-0.6003
-0.59732
-0.60428
-0.60406
-0.60394
-0.60642
-0.60538
-0.61262
-0.59802
-0.59744
-0.5943
-0.5971
-0.60264
-0.60632
-0.59796
-0.59114
-0.59684
-0.60166
-0.60782
-0.5917
-0.60014
-0.60946
-0.61532
-0.60764
-0.6032
-0.59102
-0.59486
-0.60442
-0.59688
-0.60312
-0.60958
-0.5974
-0.59408
-0.59648
-0.59318
-0.5895
-0.6003
-0.5974
-0.60476
-0.59656
-0.5952
-0.58896
-0.5961
-0.59662
-0.59032
-0.58874
-0.5983
-0.613
-0.6029
-0.60214
-0.60474
-0.58898
-0.5907
-0.59354
-0.60172
-0.60048
-0.59634
-0.61146
-0.60794
-0.59476
-0.60014
-0.6006
-0.59776
-0.60082
-0.5951
-0.59766
-0.60488
-0.5992
-0.60746
-0.611
-0.60114
-0.60226
-0.60338
-0.60242
-0.59524
-0.60814
-0.61028
-0.61726
-0.61188
-0.60452
-0.60888
-0.59782
-0.6074
-0.60446
-0.60208
-0.60164
-0.60648
-0.60452
-0.61314
-0.60602
-0.59086
-0.5927
-0.60014
-0.59898
-0.59702
-0.60922
-0.60654
-0.59392
-0.60116
-0.60128
-0.59406
-0.60456
-0.61162
-0.5992
-0.59618
-0.59722
-0.59598
-0.58852
-0.59896
-0.6043
-0.6018
-0.60352
-0.60776
-0.59808
-0.59974
-0.60272
-0.60732
-0.599
-0.60746
-0.59994
-0.60032
-0.5935
-0.59904
-0.59248
-0.60534
-0.61146
-0.60894
-0.60708
-0.60446
-0.59888
-0.59232
-0.59856
-0.60172
-0.60466
-0.60956
-0.60926
-0.60514
-0.59702
-0.60284
-0.60458
-0.60252
-0.60412
-0.59446
-0.5961
-0.59586
-0.60084
-0.60678
-0.61068
-0.60484
-0.60006
-0.59548
-0.59306
-0.59576
-0.60424
-0.60244
-0.60116
-0.59622
-0.60366
-0.59648
-0.59612
-0.60128
-0.59354
-0.60078
-0.59628
-0.59254
-0.59966
-0.60998
-0.59276
-0.59376
-0.59992
-0.59824
-0.608
-0.59756
-0.58236
-0.58816
-0.59658
-0.6043
-0.60614
-0.608
-0.6005
-0.60436
-0.60316
-0.61258
-0.60408
-0.59844
-0.61244
-0.58968
-0.58964
-0.60078
-0.59746
-0.60524
-0.60052
-0.59884
-0.59216
-0.603
-0.59994
-0.6035
-0.60156
-0.5967
-0.59372
-0.6002
-0.60384
-0.60384
-0.60144
-0.59654
-0.59782
-0.59826
-0.59404
-0.60522
-0.60332
-0.60472
-0.59886
-0.6
-0.59854
-0.60646
-0.60696
-0.60768
-0.6058
-0.60264
-0.60828
-0.59124
-0.59408
-0.60026
-0.59446
-0.5958
-0.6064
-0.60758
-0.60286
-0.60088
-0.59992
-0.59782
-0.58908
-0.59894
-0.60754
-0.60316
-0.59444
-0.59256
-0.60102
-0.59902
-0.60098
-0.60238
-0.59658
-0.59544
-0.60074
-0.59758
-0.598
-0.60392
-0.60822
-0.59976
-0.6018
-0.59794
-0.60588
-0.60316
-0.59864
-0.59806
-0.6025
-0.59002
-0.6106
-0.59634
-0.60662
-0.60556
-0.5944
-0.59738
-0.60346
-0.59868
-0.6137
-0.60166
-0.60458
-0.59202
-0.58652
-0.59076
-0.59286
-0.59556
-0.58616
-0.60026
-0.60562
-0.60946
-0.599
-0.60752
-0.6053
-0.6133
-0.6086
-0.58592
-0.59696
-0.60776
-0.59862
-0.60416
-0.59794
-0.60572
-0.60574
-0.60402
-0.60688
-0.59626
-0.60628
-0.59782
-0.5919
-0.59754
-0.59934
-0.59582
-0.59276
-0.60322
-0.59872
-0.59338
-0.59176
-0.60348
-0.61846
-0.60902
-0.60772
-0.60994
-0.60304
-0.60092
-0.59986
-0.59786
-0.59424
-0.59162
-0.59448
-0.6001
-0.60012
-0.59788
-0.60456
-0.6056
-0.60506
-0.60806
-0.60688
-0.59212
-0.5883
-0.60006
-0.5947
-0.5876
-0.59612
-0.5959
-0.58962
-0.59224
-0.60336
-0.60292
-0.5987
-0.60258
-0.60644
-0.60442
-0.6046
-0.60272
-0.59562
-0.59764
-0.60244
-0.58814
-0.59956
-0.59616
-0.60168
-0.59674
-0.59714
-0.60786
-0.60332
-0.6066
-0.60394
-0.58818
-0.59832
-0.59748
-0.60054
-0.59206
-0.60352
-0.59678
-0.61312
-0.61112
-0.60826
-0.60108
-0.60212
-0.60406
-0.60028
-0.59832
-0.6038
-0.59694
-0.59506
-0.59432
-0.60228
-0.6009
-0.60866
-0.60772
-0.5995
-0.60216
-0.60462
-0.60032
-0.59532
-0.59242
-0.59956
-0.60984
-0.60722
-0.60514
-0.6054
-0.6109
-0.60128
-0.60834
-0.60358
-0.61296
-0.6051
-0.60786
-0.60184
-0.60332
-0.60234
-0.59204
-0.6015
-0.60568
-0.5932
-0.59194
-0.59914
-0.59748
-0.59122
-0.58556
-0.59894
-0.58994
-0.59324
-0.59798
-0.60546
-0.59802
-0.60352
-0.61012
-0.5991
-0.60114
-0.59622
-0.59804
-0.58696
-0.59378
-0.60054
-0.6138
-0.60566
-0.61282
-0.61196
-0.60372
-0.60368
-0.60112
-0.59364
-0.59572
-0.59626
-0.59678
-0.60342
-0.5983
-0.59834
-0.5989
-0.60078
-0.5985
-0.59298
-0.5981
-0.60642
-0.6097
-0.60308
-0.59688
-0.59782
-0.6022
-0.60978
-0.60396
-0.60018
-0.59558
-0.59514
-0.59624
-0.59982
-0.6025
-0.59476
-0.60258
-0.60024
-0.61092
-0.60244
-0.60068
-0.5919
-0.59506
-0.61044
-0.60266
-0.61034
-0.60246
-0.60282
-0.59926
-0.5918
-0.5931
-0.5835
-0.60292
-0.6049
-0.5992
-0.6021
-0.59366
-0.60526
-0.5894
-0.59464
-0.60644
-0.60246
-0.59866
-0.59632
-0.59454
-0.60208
-0.60362
-0.60758
-0.60992
-0.6013
-0.59692
-0.59038
-0.59738
-0.59296
-0.59244
-0.60194
-0.58872
-0.60392
-0.59924
-0.60226
-0.6036
-0.59602
-0.60312
-0.60652
-0.60112
-0.60296
-0.59204
-0.6033
-0.60544
-0.61022
-0.60528
-0.60142
-0.59318
-0.60852
-0.59806
-0.61228
-0.60638
-0.60474
-0.60386
-0.6066
-0.60142
-0.60396
-0.59958
-0.58962
-0.58608
-0.59138
-0.5987
-0.59366
-0.59266
-0.59038
-0.6004
-0.5924
-0.61208
-0.5992
-0.60258
-0.60494
-0.60322
-0.59972
-0.59642
-0.60528
-0.6026
-0.6039
-0.613
-0.6006
-0.60108
-0.5951
-0.60148
-0.60108
-0.59272
-0.59898
-0.5963
-0.59866
-0.6072
-0.59784
-0.5895
-0.59352
-0.60682
-0.60694
-0.61186
-0.58902
-0.58998
-0.59582
-0.59918
-0.59812
-0.60516
-0.60158
-0.59842
-0.60294
-0.60052
-0.59992
-0.60244
-0.59636
-0.58996
-0.6057
-0.60158
-0.60558
-0.59602
-0.59686
-0.59778
-0.58764
-0.59506
-0.59046
-0.59396
-0.59614
-0.5989
-0.59928
-0.59208
-0.60436
-0.59074
-0.5918
-0.59806
-0.60482
-0.59818
-0.59506
-0.6035
-0.59694
-0.60576
-0.61228
-0.60556
-0.60704
-0.59604
-0.6023
-0.60498
-0.59472
-0.58606
-0.59078
-0.59366
-0.59776
-0.59334
-0.60094
-0.59578
-0.60178
-0.59324
-0.59554
-0.59536
-0.58594
-0.59428
-0.60084
-0.60158
-0.59618
-0.59412
-0.58942
-0.59326
-0.6055
-0.60512
-0.60784
-0.60012
-0.60648
-0.6088
-0.60276
-0.60026
-0.60142
-0.602
-0.60234
-0.59854
-0.59392
-0.59052
-0.59322
-0.60002
-0.59838
-0.60376
-0.60702
-0.60422
-0.5844
-0.59348
-0.5949
-0.60898
-0.60208
-0.59544
-0.60272
-0.6098
-0.5938
-0.59862
-0.60386
-0.60226
-0.60224
-0.60922
-0.60306
-0.60188
-0.6053
-0.61184
-0.59844
-0.59496
-0.59346
-0.59044
-0.5969
-0.58894
-0.59424
-0.59388
-0.58884
-0.59588
-0.60032
-0.60096
-0.59658
-0.59424
-0.59094
-0.59528
-0.60228
-0.60794
-0.60908
-0.599
-0.6049
-0.5916
-0.58948
-0.59458
-0.59184
-0.60298
-0.59598
-0.60318
-0.5952
-0.5873
-0.59122
-0.59846
-0.59692
-0.60016
-0.59886
-0.60264
-0.59394
-0.60484
-0.59378
-0.61068
-0.60348
-0.61208
-0.60452
-0.59012
-0.60338
-0.60232
-0.5969
-0.59526
-0.59502
-0.59736
-0.61386
-0.60592
-0.60784
-0.60506
-0.5995
-0.60202
-0.60648
-0.60116
-0.59396
-0.5963
-0.59944
-0.60498
-0.60374
-0.60372
-0.60504
-0.60798
-0.60442
-0.60228
-0.60174
-0.59572
-0.60388
-0.59636
-0.58806
-0.5999
-0.59566
-0.59622
-0.59772
-0.58762
-0.6011
-0.6012
-0.60586
-0.60088
-0.60262
-0.59518
-0.60732
-0.61638
-0.61048
-0.6052
-0.60858
-0.60048
-0.5987
-0.59678
-0.5962
-0.59376
-0.5981
-0.60282
-0.59596
-0.5962
-0.60146
-0.60164
-0.6001
-0.593
-0.6012
-0.602
-0.6074
-0.60022
-0.6027
-0.60538
-0.61484
-0.60858
-0.60744
-0.59442
-0.58534
-0.59522
-0.59362
-0.58322
-0.59952
-0.59926
-0.60426
-0.60242
-0.60438
-0.58968
-0.59134
-0.60136
-0.60316
-0.61072
-0.60496
-0.59816
-0.58724
-0.5912
-0.59224
-0.6005
-0.59038
-0.60122
-0.59738
-0.61492
-0.60556
-0.61118
-0.60424
-0.59596
-0.59694
-0.59362
-0.60086
-0.59658
-0.59642
-0.60696
-0.59766
-0.60342
-0.595
-0.59684
-0.60078
-0.58962
-0.59022
-0.59536
-0.59686
-0.59686
-0.5987
-0.59582
-0.6042
-0.60052
-0.60518
-0.5942
-0.60528
-0.6053
-0.59692
-0.59814
-0.5997
-0.59506
-0.5972
-0.6
-0.6032
-0.59688
-0.59998
-0.59942
-0.5927
-0.60554
-0.60444
-0.60334
-0.60814
-0.60058
-0.6016
-0.6015
-0.60298
-0.59682
-0.59378
-0.59312
-0.59806
-0.59946
-0.59612
-0.59884
-0.61446
-0.60728
-0.60532
-0.60306
-0.60254
-0.59932
-0.59922
-0.60224
-0.5976
-0.59142
-0.60478
-0.60082
-0.60314
-0.60042
-0.59932
-0.59186
-0.5874
-0.59952
-0.59536
-0.59754
-0.59772
-0.59636
-0.59648
-0.5994
-0.5937
-0.5905
-0.59986
-0.60032
-0.60472
-0.60118
-0.60476
-0.61768
-0.5968
-0.60306
-0.5997
-0.61042
-0.60194
-0.59924
-0.59716
-0.58962
-0.5971
-0.59602
-0.58998
-0.58274
-0.60002
-0.60178
-0.59326
-0.59176
-0.59786
-0.59576
-0.59788
-0.59514
-0.59676
-0.59202
-0.605
-0.60148
-0.59684
-0.60574
-0.60534
-0.60822
-0.60162
-0.59388
-0.6053
-0.59744
-0.61052
-0.60172
-0.60432
-0.59858
-0.5979
-0.5984
-0.60044
-0.59822
-0.59998
-0.58764
-0.6043
-0.59064
-0.5972
-0.60052
-0.59462
-0.59348
-0.60302
-0.59788
-0.6002
-0.59912
-0.59672
-0.60566
-0.59804
-0.6067
-0.60252
-0.59032
-0.6005
-0.60182
-0.59794
-0.59942
-0.59606
-0.5923
-0.58688
-0.58816
-0.59562
-0.6073
-0.59202
-0.59988
-0.60166
-0.5998
-0.59518
-0.5954
-0.60598
-0.59776
-0.60222
-0.59508
-0.60264
-0.59926
-0.6026
-0.59962
-0.6084
-0.60684
-0.60492
-0.60012
-0.60576
-0.6029
-0.60406
-0.60494
-0.59642
-0.59992
-0.60422
-0.60248
-0.5966
-0.59344
-0.5971
-0.60984
-0.59944
-0.59704
-0.58636
-0.5993
-0.6055
-0.59876
-0.60196
-0.58892
-0.5976
-0.59754
-0.60162
-0.5979
-0.59684
-0.61218
-0.60174
-0.6022
-0.60638
-0.60178
-0.60252
-0.60256
-0.59462
-0.59406
-0.58776
-0.60116
-0.58934
-0.59966
-0.60054
-0.60138
-0.60524
-0.59986
-0.597
-0.59948
-0.59934
-0.59682
-0.60594
-0.60178
-0.59432
-0.60406
-0.60128
-0.5978
-0.5965
-0.5952
-0.6051
-0.59888
-0.59478
-0.59514
-0.59124
-0.6048
-0.60288
-0.61208
-0.60498
-0.6008
-0.60144
-0.59678
-0.601
-0.601
-0.60244
-0.59548
-0.59204
-0.58498
-0.59696
-0.59622
-0.5977
-0.59358
-0.58888
-0.60314
-0.60064
-0.59786
-0.59028
-0.6003
-0.61354
-0.60426
-0.6044
-0.60766
-0.5938
-0.60466
-0.6172
-0.60572
-0.60904
-0.5889
-0.59336
-0.60126
-0.59466
-0.60382
-0.59802
-0.60004
-0.59332
-0.59974
-0.5976
-0.59706
-0.59804
-0.60464
-0.61166
-0.61204
-0.61118
-0.59798
-0.59888
-0.60456
-0.61476
-0.61542
-0.60584
-0.59514
-0.58698
-0.60162
-0.59656
-0.59902
-0.5973
-0.61588
-0.61164
-0.6072
-0.6044
-0.59586
-0.5997
-0.60188
-0.61002
-0.6033
-0.6082
-0.59284
-0.59546
-0.59562
-0.6107
-0.59416
-0.59772
-0.6018
-0.59314
-0.59102
-0.601
-0.60524
-0.6073
-0.60096
-0.59908
-0.5986
-0.60338
-0.61256
-0.60122
-0.59296
-0.59366
-0.59316
-0.59384
-0.60498
-0.59146
-0.59152
-0.60104
-0.6014
-0.6069
-0.60522
-0.59948
-0.61522
-0.6108
-0.5992
-0.6044
-0.60902
-0.59928
-0.6027
-0.60444
-0.60284
-0.59426
-0.60094
-0.60192
-0.59708
-0.60344
-0.59792
-0.59398
-0.5949
-0.59824
-0.60068
-0.6013
-0.60622
-0.59632
-0.60532
-0.59888
-0.59868
-0.60012
-0.59856
-0.59264
-0.60558
-0.60866
-0.58894
-0.59574
-0.60024
-0.59034
-0.60474
-0.61038
-0.61262
-0.58932
-0.59574
-0.59748
-0.5946
-0.5912
-0.59012
-0.59896
-0.59368
-0.60504
-0.60534
-0.60442
-0.59558
-0.60782
-0.60196
-0.60488
-0.59842
-0.60124
-0.59772
-0.60596
-0.59654
-0.60164
-0.59502
-0.59554
-0.59498
-0.60434
-0.59982
-0.59656
-0.60804
-0.59468
-0.60164
-0.60922
-0.60554
-0.60076
-0.5983
-0.58944
-0.58978
-0.61014
-0.5968
-0.6083
-0.60794
-0.60078
-0.6064
-0.6073
-0.6002
-0.59802
-0.5973
-0.58934
-0.60226
-0.59742
-0.60052
-0.60172
-0.58934
-0.5878
-0.59588
-0.59196
-0.59892
-0.59296
-0.59306
-0.60044
-0.60722
-0.60734
-0.60548
-0.60454
-0.60686
-0.60414
-0.59582
-0.6011
-0.60292
-0.60168
-0.5934
-0.6057
-0.5986
-0.61706
-0.60656
-0.60626
-0.61168
-0.60242
-0.60662
-0.60402
-0.59752
-0.5926
-0.60476
-0.59958
-0.59816
-0.59924
-0.59268
-0.6042
-0.60746
-0.6108
-0.6038
-0.60476
-0.59872
-0.5997
-0.59742
-0.594
-0.60268
-0.60224
-0.60584
-0.59932
-0.60284
-0.60506
-0.59926
-0.59622
-0.59424
-0.6031
-0.60086
-0.6101
-0.60758
-0.61008
-0.60712
-0.6004
-0.60208
-0.60832
-0.6012
-0.60008
-0.5982
-0.59192
-0.59322
-0.5933
-0.6061
-0.60164
-0.60344
-0.59886
-0.5979
-0.60226
-0.60476
-0.601
-0.60246
-0.60064
-0.61022
-0.61314
-0.59836
-0.59764
-0.6035
-0.60522
-0.60088
-0.6031
-0.59548
-0.58488
-0.59808
-0.5998
-0.60836
-0.5949
-0.60162
-0.60008
-0.60354
-0.6023
-0.60074
-0.60978
-0.60804
-0.60428
-0.60464
-0.6004
-0.601
-0.60196
-0.59642
-0.58974
-0.5962
-0.60446
-0.60524
-0.60368
-0.59396
-0.59946
-0.59958
-0.59822
-0.59722
-0.6008
-0.58986
-0.59044
-0.59856
-0.59618
-0.60192
-0.59614
-0.59828
-0.59138
-0.58886
-0.59222
-0.58572
-0.59124
-0.59596
-0.60304
-0.58596
-0.59296
-0.59224
-0.60216
-0.6102
-0.60366
-0.60686
-0.61634
-0.5974
-0.59606
-0.60162
-0.60412
-0.59848
-0.61076
-0.59654
-0.6019
-0.5867
-0.6025
-0.60266
-0.61014
-0.60106
-0.5974
-0.60488
-0.59826
-0.60308
-0.58936
-0.59302
-0.60094
-0.59738
-0.59916
-0.60624
-0.61004
-0.5999
-0.60048
-0.60216
-0.60692
-0.60378
-0.589
-0.5981
-0.60394
-0.6031
-0.59662
-0.59924
-0.6031
-0.59968
-0.59744
-0.59644
-0.59812
-0.6073
-0.60878
-0.60304
-0.60206
-0.59466
-0.5928
-0.59456
-0.60404
-0.6001
-0.60834
-0.5975
-0.59436
-0.60786
-0.60978
-0.60062
-0.61546
-0.61028
-0.58682
-0.5974
-0.6169
-0.60422
-0.59602
-0.59688
-0.59568
-0.59634
-0.60302
-0.60508
-0.60408
-0.58906
-0.58846
-0.5963
-0.59884
-0.59804
-0.59532
-0.59716
-0.5966
-0.59086
-0.5945
-0.58508
-0.59232
-0.59464
-0.59714
-0.60242
-0.60382
-0.5963
-0.59124
-0.60054
-0.59466
-0.60074
-0.59872
-0.60314
-0.61266
-0.61454
-0.62014
-0.60364
-0.60354
-0.5965
-0.60222
-0.60024
-0.6002
-0.60284
-0.59922
-0.5968
-0.59894
-0.60992
-0.60222
-0.59558
-0.60256
-0.60782
-0.60098
-0.60312
-0.60196
-0.60318
-0.6073
-0.60398
-0.60136
-0.60784
-0.60524
-0.6078
-0.6044
-0.6062
-0.59332
-0.60242
-0.58988
-0.5873
-0.59482
-0.59382
-0.59346
-0.60396
-0.59792
-0.59626
-0.59874
-0.60248
-0.59526
-0.59686
-0.60062
-0.59996
-0.59648
-0.60584
-0.5967
-0.59238
-0.59962
-0.59462
-0.6044
-0.60682
-0.60618
-0.61122
-0.60336
-0.59982
-0.6028
-0.60536
-0.60612
-0.60074
-0.60568
-0.6038
-0.61364
-0.5952
-0.599
-0.59854
-0.59508
-0.5958
-0.59934
-0.6015
-0.59806
-0.5922
-0.59344
-0.60408
-0.60924
-0.60166
-0.59682
-0.5979
-0.59762
-0.59578
-0.60276
-0.59864
-0.5971
-0.59716
-0.60718
-0.60244
-0.60874
-0.60504
-0.60276
-0.6093
-0.60524
-0.60066
-0.60198
-0.60496
-0.60592
-0.60874
-0.60844
-0.60374
-0.60906
-0.60376
-0.60276
-0.59602
-0.59528
-0.59096
-0.60324
-0.61166
-0.60426
-0.6007
-0.59808
-0.58584
-0.59834
-0.60026
-0.59108
-0.58968
-0.5991
-0.59286
-0.59072
-0.60684
-0.60434
-0.60284
-0.60838
-0.60702
-0.59034
-0.58966
-0.60332
-0.5986
-0.59888
-0.60132
-0.60032
-0.5977
-0.59946
-0.60368
-0.59988
-0.59036
-0.59018
-0.5989
-0.60808
-0.60752
-0.60302
-0.60634
-0.59886
-0.59938
-0.60088
-0.60492
-0.60644
-0.59778
-0.6061
-0.59592
-0.5914
-0.5892
-0.60592
-0.60882
-0.60476
-0.59624
-0.59336
-0.60178
-0.60156
-0.602
-0.59776
-0.60556
-0.60064
-0.59872
-0.59672
-0.59732
-0.5938
-0.59606
-0.60452
-0.59994
-0.61356
-0.61188
-0.61244
-0.6069
-0.59884
-0.60442
-0.59866
-0.59438
-0.59016
-0.59292
-0.59994
-0.59426
-0.58704
-0.59728
-0.59194
-0.59324
-0.60132
-0.6045
-0.60258
-0.60994
-0.60298
-0.59816
-0.59594
-0.60668
-0.59086
-0.59202
-0.59114
-0.6018
-0.59908
-0.61006
-0.60874
-0.6051
-0.6072
-0.61394
-0.6021
-0.60306
-0.59594
-0.59428
-0.59182
-0.59728
-0.60408
-0.60082
-0.61456
-0.60686
-0.59312
-0.58322
-0.59808
-0.60542
-0.60074
-0.6028
-0.60242
-0.60486
-0.60944
-0.5958
-0.5994
-0.59628
-0.5943
-0.59388
-0.5885
-0.59544
-0.60456
-0.6013
-0.60854
-0.60272
-0.58852
-0.60382
-0.59166
-0.61076
-0.60532
-0.60162
-0.605
-0.60914
-0.59864
-0.59016
-0.60468
-0.60106
-0.5964
-0.60892
-0.59838
-0.60544
-0.5883
-0.60848
-0.60826
-0.60638
-0.60884
-0.60978
-0.6046
-0.60246
-0.60186
-0.59944
-0.60994
-0.60794
-0.60118
-0.60678
-0.60412
-0.6073
-0.602
-0.59926
-0.60294
-0.6117
-0.60284
-0.59758
-0.59648
-0.59322
-0.58764
-0.59604
-0.59294
-0.59708
-0.5949
-0.6036
-0.60406
-0.59382
-0.6103
-0.61024
-0.59538
-0.59414
-0.59426
-0.59154
-0.59864
-0.60308
-0.6015
-0.60834
-0.59682
-0.59942
-0.5987
-0.59622
-0.59542
-0.60576
-0.59954
-0.60222
-0.58486
-0.59102
-0.59206
-0.60312
-0.60972
-0.59656
-0.59048
-0.5843
-0.60042
-0.60412
-0.59606
-0.6011
-0.60092
-0.60418
-0.60224
-0.6044
-0.60204
-0.60198
-0.60466
-0.60106
-0.60138
-0.59208
-0.59524
-0.6016
-0.60288
-0.60064
-0.60078
-0.59784
-0.59198
-0.60752
-0.60002
-0.59184
-0.6108
-0.6044
-0.60026
-0.6066
-0.60218
-0.60522
-0.60466
-0.59946
-0.5979
-0.59794
-0.6032
-0.5905
-0.59606
-0.60344
-0.5973
-0.5942
-0.59732
-0.5964
-0.60774
-0.6025
-0.59716
-0.59652
-0.58918
-0.59442
-0.59246
-0.5977
-0.60584
-0.59858
-0.60026
-0.60186
-0.60738
-0.60646
-0.6001
-0.60028
-0.6153
-0.60474
-0.60176
-0.6061
-0.59574
-0.596
-0.60236
-0.59624
-0.58816
-0.59714
-0.59598
-0.58942
-0.59784
-0.60204
-0.59998
-0.59522
-0.59832
-0.60522
-0.6091
-0.60088
-0.60854
-0.60872
-0.60188
-0.60666
-0.60434
-0.60084
-0.59278
-0.58962
-0.60384
-0.6059
-0.61212
-0.59908
-0.59878
-0.6007
-0.59838
-0.5873
-0.60672
-0.58792
-0.5962
-0.59808
-0.60268
-0.5976
-0.59716
-0.60224
-0.60518
-0.58468
-0.59256
-0.59362
-0.59624
-0.60682
-0.5987
-0.61234
-0.60682
-0.6039
-0.60288
-0.59934
-0.60188
-0.59768
-0.58966
-0.59208
-0.60376
-0.60234
-0.60544
-0.6044
-0.61202
-0.61188
-0.58546
-0.59814
-0.59682
-0.59786
-0.59702
-0.6056
-0.60356
-0.60284
-0.59934
-0.5984
-0.61308
-0.59522
-0.6134
-0.60416
-0.59892
-0.60384
-0.60766
-0.60118
-0.60914
-0.6054
-0.6004
-0.60374
-0.59344
-0.60222
-0.60468
-0.59952
-0.60172
-0.59736
-0.59248
-0.61472
-0.60222
-0.59556
-0.5937
-0.61096
-0.60364
-0.60276
-0.5889
-0.59872
-0.60012
-0.60884
-0.60316
-0.5924
-0.60508
-0.60464
-0.59742
-0.59642
-0.6055
-0.6004
-0.60684
-0.6048
-0.60396
-0.59176
-0.59162
-0.59446
-0.59874
-0.59102
-0.5976
-0.59454
-0.59544
-0.60556
-0.59158
-0.58654
-0.60248
-0.60152
-0.59632
-0.60736
-0.60282
-0.59154
-0.60882
-0.60862
-0.5996
-0.59664
-0.60604
-0.6056
-0.59836
-0.60486
-0.59478
-0.6015
-0.60282
-0.60546
-0.59172
-0.58698
-0.59532
-0.59462
-0.59982
-0.60468
-0.59934
-0.58368
-0.59276
-0.61798
-0.59922
-0.60234
-0.60568
-0.6124
-0.60406
-0.6015
-0.60286
-0.60528
-0.5988
-0.59348
-0.60306
-0.60268
-0.593
-0.5972
-0.59132
-0.59158
-0.60704
-0.60298
-0.6031
-0.59694
-0.59728
-0.60184
-0.60132
-0.5961
-0.60328
-0.60574
-0.59874
-0.59078
-0.59294
-0.6039
-0.5972
-0.59526
-0.59554
-0.59454
-0.59534
-0.60252
-0.5991
-0.59586
-0.60378
-0.59586
-0.59064
-0.59782
-0.60762
-0.60632
-0.61192
-0.60448
-0.60552
-0.59448
-0.6012
-0.5971
-0.59888
-0.60464
-0.59986
-0.59466
-0.5968
-0.6059
-0.60982
-0.60292
-0.6024
-0.61066
-0.6116
-0.6058
-0.60602
-0.5985
-0.60254
-0.59914
-0.59722
-0.60042
-0.60728
-0.60436
-0.6009
-0.60274
-0.6043
-0.59758
-0.592
-0.58884
-0.5741
-0.59976
-0.5985
-0.59052
-0.59878
-0.58512
-0.5959
-0.60742
-0.59474
-0.59168
-0.59426
-0.58874
-0.59196
-0.58728
-0.58416
-0.59076
-0.5933
-0.59796
-0.6127
-0.60336
-0.60752
-0.59548
-0.61126
-0.6033
-0.6072
-0.59502
-0.60206
-0.60112
-0.60148
-0.6011
-0.6085
-0.60762
-0.596
-0.60308
-0.60152
-0.59802
-0.59848
-0.6189
-0.61004
-0.59594
-0.59542
-0.5995
-0.60628
-0.5999
-0.59834
-0.60232
-0.61466
-0.6003
-0.60314
-0.60514
-0.59914
-0.5994
-0.60252
-0.59414
-0.60066
-0.59754
-0.5975
-0.60746
-0.59422
-0.6014
-0.59098
-0.61588
-0.5989
-0.59864
-0.59254
-0.60928
-0.60752
-0.60562
-0.5952
-0.58848
-0.59742
-0.59104
-0.59776
-0.603
-0.6039
-0.60028
-0.60298
-0.61114
-0.61828
-0.59998
-0.59286
-0.59606
-0.60432
-0.6112
-0.60278
-0.59142
-0.59756
-0.60422
-0.60466
-0.60374
-0.59784
-0.5964
-0.60164
-0.60792
-0.6017
-0.6007
-0.59686
-0.59432
-0.59678
-0.59928
-0.5966
-0.6011
-0.5941
-0.59926
-0.6011
-0.60146
-0.60236
-0.6035
-0.581
-0.58724
-0.59232
-0.59496
-0.59668
-0.60238
-0.60574
-0.60534
-0.60216
-0.60286
-0.60374
-0.60594
-0.60604
-0.58908
-0.59526
-0.59562
-0.59714
-0.58548
-0.59208
-0.6002
-0.60106
-0.59612
-0.5985
-0.61666
-0.59684
-0.6071
-0.60086
-0.60842
-0.60884
-0.60372
-0.60086
-0.6058
-0.60622
-0.60184
-0.6029
-0.5942
-0.59048
-0.59688
-0.58756
-0.6031
-0.60286
-0.60524
-0.59658
-0.60436
-0.60142
-0.59618
-0.5967
-0.61076
-0.59838
-0.60532
-0.6081
-0.60102
-0.60242
-0.5983
-0.599
-0.60222
-0.60636
-0.5996
-0.60184
-0.59976
-0.59122
-0.60186
-0.6053
-0.60836
-0.60914
-0.59918
-0.59768
-0.59646
-0.59906
-0.58788
-0.60332
-0.6002
-0.6066
-0.5924
-0.60196
-0.60418
-0.59382
-0.5985
-0.59524
-0.60274
-0.60394
-0.60094
-0.60278
-0.5956
-0.5883
-0.60012
-0.60096
-0.60014
-0.6072
-0.60132
-0.6105
-0.60914
-0.5999
-0.60844
-0.59834
-0.60232
-0.60324
-0.6036
-0.60246
-0.58846
-0.5896
-0.5918
-0.60404
-0.59038
-0.59534
-0.59106
-0.59514
-0.60092
-0.58878
-0.59198
-0.60072
-0.5925
-0.59338
-0.6016
-0.59934
-0.60168
-0.6054
-0.61246
-0.60528
-0.598
-0.60644
-0.61306
-0.60006
-0.6099
-0.60318
-0.60202
-0.6015
-0.59322
-0.59612
-0.59168
-0.5948
-0.5932
-0.60212
-0.6048
-0.6018
-0.60018
-0.6068
-0.60748
-0.6109
-0.60654
-0.59968
-0.59986
-0.6022
-0.60538
-0.60054
-0.6031
-0.5988
-0.60066
-0.59956
-0.6073
-0.61034
-0.60644
-0.60448
-0.59942
-0.60348
-0.60018
-0.59598
-0.60282
-0.59976
-0.59296
-0.58852
-0.59676
-0.58472
-0.59822
-0.60132
-0.60212
-0.5902
-0.5868
-0.58948
-0.59352
-0.5913
-0.60322
-0.59454
-0.60288
-0.60016
-0.58852
-0.58838
-0.60734
-0.61502
-0.60584
-0.59756
-0.5906
-0.6026
-0.60314
-0.60408
-0.59972
-0.60242
-0.60212
-0.60394
-0.60992
-0.60696
-0.61076
-0.6029
-0.59244
-0.5924
-0.59684
-0.59666
-0.60306
-0.5977
-0.60196
-0.59548
-0.60218
-0.60042
-0.59546
-0.60304
-0.61338
-0.59704
-0.60302
-0.59656
-0.59974
-0.59966
-0.6077
-0.6071
-0.60772
-0.59818
-0.60054
-0.601
-0.60866
-0.61068
-0.60932
-0.60318
-0.60092
-0.60724
-0.60314
-0.60116
-0.60174
-0.60068
-0.59854
-0.59986
-0.60434
-0.59872
-0.5927
-0.60548
-0.59474
-0.6104
-0.60372
-0.59682
-0.60014
-0.60058
-0.59968
-0.60776
-0.60238
-0.59746
-0.60148
-0.6025
-0.59908
-0.59984
-0.6035
-0.60258
-0.60628
-0.60118
-0.6006
-0.60522
-0.60428
-0.60038
-0.59074
-0.5914
-0.59426
-0.60004
-0.60312
-0.59794
-0.60394
-0.6061
-0.6005
-0.60238
-0.60072
-0.5972
-0.5956
-0.59294
-0.60014
-0.60384
-0.59518
-0.6059
-0.60378
-0.61324
-0.6075
-0.60304
-0.59378
-0.59966
-0.6026
-0.5952
-0.59502
-0.59634
-0.59204
-0.59072
-0.58708
-0.58462
-0.5979
-0.59868
-0.6063
-0.60074
-0.60698
-0.61138
-0.59296
-0.59154
-0.60374
-0.59804
-0.6022
-0.59904
-0.60164
-0.59182
-0.6015
-0.60084
-0.5975
-0.59394
-0.60026
-0.60428
-0.60066
-0.5954
-0.59184
-0.59874
-0.60182
-0.6024
-0.6017
-0.60088
-0.60092
-0.59112
-0.58976
-0.58768
-0.58866
-0.59504
-0.5967
-0.60018
-0.59818
-0.59388
-0.58858
-0.60194
-0.60794
-0.60902
-0.60318
-0.60062
-0.60352
-0.59784
-0.60504
-0.59968
-0.59536
-0.60016
-0.60028
-0.60902
-0.60062
-0.59704
-0.60202
-0.60254
-0.59596
-0.60124
-0.59608
-0.58854
-0.60078
-0.59954
-0.60592
-0.59512
-0.59966
-0.60146
-0.60024
-0.5884
-0.59834
-0.61122
-0.60774
-0.59508
-0.60162
-0.60594
-0.60596
-0.6087
-0.60044
-0.59016
-0.59568
-0.59692
-0.6082
-0.6013
-0.59698
-0.60164
-0.5932
-0.5919
-0.60718
-0.6019
-0.61312
-0.6061
-0.59996
-0.60288
-0.60482
-0.61018
-0.60914
-0.61092
-0.60836
-0.5969
-0.59414
-0.59894
-0.6028
-0.59704
-0.6044
-0.59626
-0.59958
-0.5889
-0.60392
-0.60702
-0.60922
-0.59288
-0.59734
-0.60292
-0.5964
-0.59818
-0.59726
-0.60462
-0.60472
-0.59918
-0.5979
-0.6037
-0.611
-0.60058
-0.60514
-0.61628
-0.60368
-0.61268
-0.60172
-0.61016
-0.60258
-0.6071
-0.6028
-0.59692
-0.60522
-0.59498
-0.59862
-0.59996
-0.59842
-0.60582
-0.60714
-0.59974
-0.59876
-0.60482
-0.60834
-0.59712
-0.6008
-0.60314
-0.6074
-0.60384
-0.60114
-0.60576
-0.59
-0.5868
-0.58414
-0.59828
-0.59198
-0.59294
-0.5977
-0.59744
-0.59612
-0.59478
-0.59574
-0.60852
-0.60968
-0.6095
-0.60432
-0.59956
-0.6088
-0.59912
-0.6024
-0.6072
-0.60594
-0.6042
-0.59812
-0.5921
-0.59122
-0.59768
-0.59392
-0.58726
-0.58822
-0.59366
-0.60126
-0.60384
-0.59688
-0.59562
-0.60086
-0.60244
-0.59764
-0.59858
-0.5965
-0.60292
-0.59876
-0.58102
-0.59172
-0.60324
-0.60244
-0.59698
-0.60008
-0.59574
-0.59704
-0.60536
-0.59982
-0.60954
-0.60146
-0.59616
-0.60326
-0.59638
-0.60618
-0.60776
-0.60332
-0.59768
-0.5971
-0.5927
-0.59914
-0.60114
-0.59476
-0.59502
-0.59018
-0.5962
-0.59336
-0.60296
-0.60326
-0.60558
-0.60528
-0.60462
-0.6039
-0.60406
-0.6037
-0.59364
-0.59612
-0.60922
-0.60958
-0.60466
-0.5924
-0.60344
-0.59754
-0.59844
-0.59812
-0.60288
-0.59466
-0.59176
-0.5918
-0.59204
-0.59188
-0.59772
-0.60842
-0.59308
-0.60412
-0.59958
-0.60374
-0.60908
-0.60606
-0.60262
-0.60772
-0.60846
-0.6139
-0.60928
-0.59202
-0.59166
-0.59798
-0.60432
-0.59778
-0.593
-0.60008
-0.59506
-0.60884
-0.6046
-0.61324
-0.6065
-0.59712
-0.6125
-0.61422
-0.59912
-0.60328
-0.5954
-0.60058
-0.591
-0.59488
-0.6002
-0.5865
-0.59636
-0.59132
-0.60146
-0.60264
-0.59882
-0.60828
-0.61232
-0.60398
-0.60176
-0.5904
-0.59668
-0.592
-0.59676
-0.59844
-0.60376
-0.59474
-0.60466
-0.60258
-0.5998
-0.61022
-0.60492
-0.60492
-0.60372
-0.60876
-0.60704
-0.59934
-0.59852
-0.60504
-0.59486
-0.59564
-0.59272
-0.5977
-0.60366
-0.6008
-0.59476
-0.5862
-0.59
-0.58916
-0.5899
-0.60126
-0.6015
-0.59562
-0.59308
-0.59834
-0.58108
-0.59442
-0.60056
-0.60002
-0.60348
-0.60354
-0.59438
-0.59316
-0.59228
-0.59202
-0.60234
-0.60624
-0.60566
-0.60428
-0.59976
-0.59858
-0.5978
-0.59696
-0.59682
-0.59838
-0.59982
-0.60758
-0.60628
-0.60934
-0.61052
-0.59884
-0.59574
-0.59476
-0.59714
-0.59534
-0.60514
-0.59884
-0.6004
-0.60028
-0.60706
-0.60846
-0.5992
-0.59424
-0.59426
-0.58396
-0.5947
-0.60052
-0.5981
-0.61126
-0.60292
-0.60274
-0.6021
-0.59796
-0.59632
-0.60106
-0.59218
-0.59416
-0.58916
-0.60222
-0.59344
-0.59036
-0.58716
-0.59104
-0.60052
-0.6025
-0.59274
-0.59672
-0.5963
-0.5943
-0.60408
-0.59964
-0.593
-0.59746
-0.60134
-0.59718
-0.59542
-0.60382
-0.611
-0.5911
-0.59994
-0.603
-0.60128
-0.60134
-0.60462
-0.59896
-0.601
-0.60412
-0.60952
-0.61794
-0.60306
-0.59112
-0.60556
-0.5931
-0.59324
-0.60364
-0.59954
-0.59668
-0.59958
-0.5971
-0.60626
-0.60446
-0.6033
-0.6099
-0.59786
-0.59092
-0.60424
-0.5878
-0.5946
-0.59866
-0.5873
-0.59984
-0.6047
-0.6002
-0.60346
-0.60338
-0.60806
-0.60892
-0.60122
-0.60598
-0.60296
-0.60988
-0.60106
-0.60288
-0.59158
-0.59724
-0.59794
-0.59684
-0.59624
-0.60582
-0.61228
-0.59546
-0.59786
-0.58484
-0.59202
-0.5986
-0.5944
-0.61772
-0.60898
-0.60598
-0.6023
-0.60176
-0.6019
-0.6011
-0.59954
-0.594
-0.59292
-0.59256
-0.59378
-0.58534
-0.59628
-0.60198
-0.6024
-0.60306
-0.5994
-0.59848
-0.61114
-0.61018
-0.60442
-0.60738
-0.59902
-0.59644
-0.60246
-0.60206
-0.60532
-0.6071
-0.60778
-0.59866
-0.6119
-0.6007
-0.5974
-0.59006
-0.59856
-0.60282
-0.60172
-0.60308
-0.58732
-0.5943
-0.60388
-0.59822
-0.59506
-0.58458
-0.6014
-0.59686
-0.59786
-0.5953
-0.60964
-0.60542
-0.60706
-0.60244
-0.5903
-0.59756
-0.5997
-0.59306
-0.59566
-0.6016
-0.59528
-0.6074
-0.59578
-0.60576
-0.59866
-0.6068
-0.59516
-0.59732
-0.5976
-0.60348
-0.599
-0.60498
-0.59904
-0.6049
-0.60736
-0.59532
-0.60014
-0.59738
-0.59978
-0.61134
-0.60602
-0.60436
-0.60482
-0.59364
-0.58878
-0.59918
-0.61006
-0.59502
-0.5969
-0.59076
-0.59356
-0.59584
-0.59926
-0.59572
-0.60614
-0.59928
-0.60218
-0.60542
-0.60258
-0.60772
-0.6025
-0.59634
-0.6007
-0.59812
-0.59766
-0.59744
-0.5899
-0.5923
-0.59868
-0.5986
-0.59774
-0.59638
-0.59642
-0.59288
-0.59262
-0.60072
-0.61504
-0.6016
-0.60098
-0.59038
-0.59606
-0.60226
-0.60828
-0.59584
-0.60394
-0.60406
-0.60864
-0.60822
-0.5969
-0.59458
-0.60858
-0.60542
-0.60414
-0.60034
-0.60088
-0.59994
-0.59732
-0.59016
-0.58968
-0.58758
-0.59706
-0.5917
-0.59114
-0.60116
-0.60348
-0.61008
-0.60394
-0.61158
-0.60376
-0.60294
-0.59708
-0.60234
-0.60076
-0.59904
-0.59862
-0.60752
-0.59928
-0.59882
-0.61156
-0.60284
-0.60098
-0.59854
-0.5988
-0.60632
-0.59832
-0.60684
-0.5982
-0.58918
-0.59702
-0.59262
-0.60076
-0.59218
-0.59614
-0.59092
-0.59584
-0.61108
-0.60854
-0.61348
-0.5958
-0.59778
-0.58848
-0.60702
-0.61836
-0.60286
-0.59932
-0.5978
-0.60518
-0.60602
-0.60082
-0.58608
-0.60366
-0.59176
-0.59954
-0.5919
-0.60022
-0.60426
-0.59344
-0.60882
-0.60322
-0.60418
-0.59402
-0.59814
-0.5964
-0.60352
-0.59878
-0.59122
-0.59
-0.59554
-0.61094
-0.60684
-0.61932
-0.60458
-0.5996
-0.60414
-0.60506
-0.59824
-0.60752
-0.60648
-0.60046
-0.5953
-0.6011
-0.6024
-0.5932
-0.59944
-0.60512
-0.61954
-0.60954
-0.59656
-0.59886
-0.60402
-0.6066
-0.61456
-0.60908
-0.60712
-0.59926
-0.60062
-0.59638
-0.59306
-0.60002
-0.59894
-0.6005
-0.59226
-0.60128
-0.60116
-0.59312
-0.60002
-0.60234
-0.60448
-0.60502
-0.60516
-0.60462
-0.59668
-0.59418
-0.60464
-0.60266
-0.59604
-0.59716
-0.5927
-0.59626
-0.60382
-0.593
-0.59972
-0.604
-0.59934
-0.59408
-0.59494
-0.6088
-0.60104
-0.61246
-0.60056
-0.60104
-0.60436
-0.60324
-0.59772
-0.5953
-0.59286
-0.59432
-0.5952
-0.60578
-0.59726
-0.59864
-0.59442
-0.5943
-0.60322
-0.60472
-0.60628
-0.60424
-0.61274
-0.61094
-0.60352
-0.5928
-0.5923
-0.59662
-0.59458
-0.59804
-0.60326
-0.60694
-0.60378
-0.60428
-0.60324
-0.6086
-0.60452
-0.5915
-0.5984
-0.60866
-0.61132
-0.60938
-0.60162
-0.60672
-0.616
-0.60398
-0.6049
-0.59954
-0.60126
-0.59412
-0.57702
-0.5924
-0.5915
-0.60556
-0.59858
-0.60344
-0.59128
-0.59786
-0.60118
-0.60012
-0.59576
-0.6
-0.60414
-0.59536
-0.6002
-0.60528
-0.60364
-0.59698
-0.60064
-0.59834
-0.58848
-0.59958
-0.58808
-0.58898
-0.59842
-0.59598
-0.59234
-0.6034
-0.60004
-0.59586
-0.60344
-0.60332
-0.5947
-0.59202
-0.593
-0.60662
-0.59934
-0.59032
-0.59454
-0.5961
-0.60088
-0.59392
-0.5929
-0.59224
-0.60312
-0.60828
-0.60242
-0.59504
-0.6045
-0.59944
-0.60412
-0.61026
-0.61176
-0.6004
-0.6042
-0.58914
-0.58814
-0.59674
-0.5991
-0.60004
-0.59366
-0.59268
-0.59544
-0.60038
-0.59888
-0.59024
-0.60466
-0.6058
-0.60288
-0.59812
-0.592
-0.59508
-0.59798
-0.58252
-0.59324
-0.60436
-0.6118
-0.59654
-0.60228
-0.60746
-0.60588
-0.60158
-0.5981
-0.6053
-0.60006
-0.59804
-0.6066
-0.59528
-0.61526
-0.60648
-0.60174
-0.60706
-0.6071
-0.60316
-0.61628
-0.61082
-0.60742
-0.60544
-0.60034
-0.59218
-0.6041
-0.6055
-0.59568
-0.59784
-0.60352
-0.59954
-0.6015
-0.58176
-0.58946
-0.59466
-0.60016
-0.60482
-0.60008
-0.5993
-0.60064
-0.59502
-0.59916
-0.60312
-0.60498
-0.59922
-0.6032
-0.60334
-0.60884
-0.6044
-0.59458
-0.59896
-0.59666
-0.59108
-0.6029
-0.59992
-0.5894
-0.59144
-0.60844
-0.59724
-0.59718
-0.60292
-0.5988
-0.5984
-0.60056
-0.60546
-0.60232
-0.5871
-0.59696
-0.60138
-0.60746
-0.61164
-0.60194
-0.60188
-0.58764
-0.58692
-0.59914
-0.6049
-0.59956
-0.60066
-0.59428
-0.60338
-0.60508
-0.59652
-0.59914
-0.60116
-0.60498
-0.60022
-0.5961
-0.60092
-0.5985
-0.59974
-0.59518
-0.59616
-0.60148
-0.59832
-0.59672
-0.59524
-0.5918
-0.6038
-0.61036
-0.60684
-0.60128
-0.59862
-0.59686
-0.60116
-0.59414
-0.61044
-0.60222
-0.60426
-0.60474
-0.60598
-0.59222
-0.5923
-0.59984
-0.59442
-0.6023
-0.60128
-0.59784
-0.59922
-0.61004
-0.6122
-0.5964
-0.59922
-0.60852
-0.60582
-0.60166
-0.60148
-0.60974
-0.60572
-0.59578
-0.5949
-0.60054
-0.59834
-0.58822
-0.59906
-0.61
-0.60424
-0.6025
-0.60164
-0.59686
-0.59652
-0.60638
-0.60306
-0.5927
-0.58768
-0.6021
-0.60576
-0.60106
-0.60522
-0.60298
-0.60276
-0.60196
-0.6026
-0.60394
-0.598
-0.60876
-0.60788
-0.61092
-0.60386
-0.60398
-0.59834
-0.60968
-0.60256
-0.60568
-0.60464
-0.59834
-0.61458
-0.60052
-0.59966
-0.60248
-0.60806
-0.58914
-0.59592
-0.59938
-0.60498
-0.59618
-0.58956
-0.59998
-0.60704
-0.60166
-0.6017
-0.59292
-0.59622
-0.59506
-0.59578
-0.5926
-0.59126
-0.59192
-0.59026
-0.5954
-0.59204
-0.59842
-0.5924
-0.59158
-0.5936
-0.60284
-0.59944
-0.59624
-0.6036
-0.60132
-0.59976
-0.60148
-0.61622
-0.61494
-0.60938
-0.60376
-0.60226
-0.60646
-0.6048
-0.6034
-0.60772
-0.59572
-0.59008
-0.59728
-0.59976
-0.60146
-0.59834
-0.59938
-0.60612
-0.61318
-0.60608
-0.6037
-0.60634
-0.6068
-0.60998
-0.60176
-0.5864
-0.58514
-0.58654
-0.59546
-0.59054
-0.59872
-0.59564
-0.60512
-0.60216
-0.59938
-0.60308
-0.59882
-0.5954
-0.61052
-0.59876
-0.59164
-0.60854
-0.59796
-0.60288
-0.59494
-0.59928
-0.59894
-0.59618
-0.60446
-0.60126
-0.59666
-0.59788
-0.59658
-0.60436
-0.61038
-0.6032
-0.60854
-0.61242
-0.60514
-0.60192
-0.59792
-0.60212
-0.60372
-0.59118
-0.59736
-0.59074
-0.59566
-0.60936
-0.60044
-0.59918
-0.61468
-0.60742
-0.5989
-0.60916
-0.6032
-0.6072
-0.60794
-0.60168
-0.61086
-0.60032
-0.60102
-0.60714
-0.59446
-0.59618
-0.59352
-0.59456
-0.6009
-0.59978
-0.60994
-0.60098
-0.60296
-0.59414
-0.60418
-0.60042
-0.59276
-0.60048
-0.59372
-0.60282
-0.60466
-0.5929
-0.6024
-0.60382
-0.60562
-0.5973
-0.59206
-0.59762
-0.58856
-0.60052
-0.59356
-0.59804
-0.6
-0.60192
-0.60338
-0.60552
-0.60454
-0.6016
-0.6038
-0.5986
-0.60622
-0.60258
-0.59476
-0.60076
-0.60554
-0.5993
-0.60164
-0.60008
-0.59658
-0.5925
-0.60408
-0.60178
-0.60784
-0.59426
-0.60472
-0.60848
-0.60938
-0.60504
-0.61174
-0.61168
-0.60746
-0.60726
-0.60482
-0.6062
-0.6015
-0.58972
-0.59104
-0.59702
-0.6022
-0.60032
-0.60686
-0.60212
-0.60212
-0.6051
-0.59326
-0.58662
-0.59536
-0.60284
-0.59566
-0.5967
-0.59218
-0.58648
-0.58824
-0.59824
-0.59782
-0.59296
-0.59722
-0.5989
-0.5996
-0.6008
-0.595
-0.59448
-0.6054
-0.61008
-0.60594
-0.60316
-0.59716
-0.60042
-0.59362
-0.5971
-0.5948
-0.59362
-0.58796
-0.6032
-0.60232
-0.60072
-0.59604
-0.59906
-0.5978
-0.5978
-0.59748
-0.5922
-0.59248
-0.60854
-0.60734
-0.59894
-0.59296
-0.6008
-0.60428
-0.60828
-0.59856
-0.60106
-0.59904
-0.60288
-0.59954
-0.59974
-0.60484
-0.58954
-0.60122
-0.59858
-0.59566
-0.59618
-0.59882
-0.60376
-0.60402
-0.593
-0.59896
-0.59748
