-0.07268
-0.08856
-0.08204
-0.08042
-0.0914
-0.09034
-0.07264
-0.06682
-0.0689
-0.07862
-0.07776
-0.06016
-0.0604
-0.05218
-0.06422
-0.07498
-0.06356
-0.06956
-0.0807
-0.08066
-0.07666
-0.0873
-0.08586
-0.07578
-0.07114
-0.07548
-0.08154
-0.08066
-0.09842
-0.09556
-0.10532
-0.1044
-0.09736
-0.09242
-0.07914
-0.09624
-0.08954
-0.09514
-0.0793
-0.07384
-0.078
-0.08496
-0.08664
-0.09298
-0.0801
-0.06852
-0.06786
-0.05986
-0.08268
-0.0901
-0.08592
-0.09118
-0.08908
-0.08222
-0.0832
-0.10256
-0.1062
-0.10936
-0.10908
-0.10176
-0.08884
-0.0864
-0.08876
-0.0813
-0.07226
-0.0611
-0.06042
-0.06646
-0.07974
-0.08618
-0.09612
-0.09742
-0.09784
-0.10604
-0.11164
-0.09634
-0.08174
-0.08348
-0.0878
-0.09046
-0.08162
-0.08728
-0.07694
-0.08914
-0.0881
-0.08514
-0.09258
-0.092
-0.10722
-0.1143
-0.10932
-0.11212
-0.09236
-0.0979
-0.09334
-0.0866
-0.1048
-0.09586
-0.08628
-0.0704
-0.06652
-0.07748
-0.07894
-0.08616
-0.08592
-0.09744
-0.0956
-0.09458
-0.1026
-0.1051
-0.10872
-0.10334
-0.0951
-0.09468
-0.08618
-0.09626
-0.09882
-0.11172
-0.12134
-0.0981
-0.10458
-0.09838
-0.0974
-0.09578
-0.10272
-0.08704
-0.08554
-0.07996
-0.07732
-0.06958
-0.07978
-0.0922
-0.09434
-0.08656
-0.07054
-0.07718
-0.08
-0.08032
-0.07372
-0.08142
-0.06298
-0.06694
-0.07118
-0.06294
-0.06604
-0.07418
-0.07576
-0.08336
-0.089
-0.07466
-0.0793
-0.07036
-0.07476
-0.0754
-0.07334
-0.07762
-0.08198
-0.08516
-0.07754
-0.07756
-0.08482
-0.09376
-0.0972
-0.09354
-0.0871
-0.08684
-0.08614
-0.07952
-0.08318
-0.08102
-0.07934
-0.08592
-0.07212
-0.07236
-0.06166
-0.07188
-0.0657
-0.07744
-0.0847
-0.08666
-0.08426
-0.08904
-0.07294
-0.05132
-0.06462
-0.0701
-0.07534
-0.08304
-0.0901
-0.10322
-0.10952
-0.10242
-0.10174
-0.1028
-0.08424
-0.09736
-0.10814
-0.09016
-0.09834
-0.10172
-0.09774
-0.10342
-0.1144
-0.10168
-0.09006
-0.08756
-0.08384
-0.07838
-0.0742
-0.07694
-0.07952
-0.0733
-0.0939
-0.08842
-0.07062
-0.09186
-0.09476
-0.09088
-0.0916
-0.08244
-0.08506
-0.09622
-0.10368
-0.09168
-0.08752
-0.09962
-0.10466
-0.10706
-0.10962
-0.1067
-0.10198
-0.0871
-0.07724
-0.06702
-0.07082
-0.07556
-0.0894
-0.09944
-0.09334
-0.09406
-0.08312
-0.09012
-0.09384
-0.09646
-0.1013
-0.09074
-0.08206
-0.07798
-0.0857
-0.08986
-0.0776
-0.07452
-0.0661
-0.07636
-0.0726
-0.06984
-0.08346
-0.09326
-0.09104
-0.0845
-0.0883
-0.09088
-0.10764
-0.10286
-0.11126
-0.10738
-0.09606
-0.09048
-0.09126
-0.09762
-0.1071
-0.09174
-0.08958
-0.09914
-0.09522
-0.11154
-0.1124
-0.1098
-0.1061
-0.08348
-0.09778
-0.09246
-0.07668
-0.09924
-0.0823
-0.0841
-0.0857
-0.07892
-0.08764
-0.10444
-0.09706
-0.09754
-0.10212
-0.1103
-0.1095
-0.11198
-0.08566
-0.08664
-0.08696
-0.07772
-0.08966
-0.088
-0.07234
-0.07698
-0.07586
-0.07596
-0.07498
-0.07362
-0.07704
-0.0766
-0.07316
-0.07372
-0.07268
-0.0668
-0.07428
-0.07038
-0.06712
-0.07108
-0.06706
-0.05536
-0.06566
-0.0675
-0.085
-0.09116
-0.08868
-0.0851
-0.08964
-0.08718
-0.08712
-0.09098
-0.09042
-0.08246
-0.08276
-0.08828
-0.08672
-0.09154
-0.0895
-0.09618
-0.08602
-0.09134
-0.07652
-0.0642
-0.071
-0.06854
-0.05166
-0.06742
-0.07196
-0.0807
-0.0834
-0.06842
-0.07084
-0.06986
-0.0651
-0.08362
-0.08586
-0.09538
-0.09632
-0.0896
-0.08064
-0.08386
-0.08364
-0.0903
-0.09146
-0.09102
-0.07638
-0.08428
-0.10356
-0.09664
-0.10438
-0.11342
-0.10912
-0.1011
-0.08874
-0.0966
-0.11024
-0.12342
-0.12528
-0.11218
-0.09742
-0.09106
-0.0892
-0.0917
-0.0987
-0.12908
-0.1226
-0.1268
-0.10942
-0.12452
-0.11842
-0.11688
-0.10854
-0.10656
-0.1031
-0.09916
-0.08618
-0.10398
-0.112
-0.12338
-0.12286
-0.11024
-0.10298
-0.0955
-0.08624
-0.09512
-0.0987
-0.0871
-0.08964
-0.09146
-0.0983
-0.09702
-0.10398
-0.10236
-0.12112
-0.10134
-0.09448
-0.08314
-0.07718
-0.09102
-0.09548
-0.09106
-0.07896
-0.06054
-0.07742
-0.07342
-0.07244
-0.09208
-0.0858
-0.08298
-0.08964
-0.09618
-0.09668
-0.10428
-0.08986
-0.0934
-0.09096
-0.09972
-0.11676
-0.10248
-0.10516
-0.09358
-0.09058
-0.08886
-0.08434
-0.09474
-0.1221
-0.1167
-0.1027
-0.09312
-0.0886
-0.08712
-0.07288
-0.08796
-0.11006
-0.1017
-0.08448
-0.08454
-0.095
-0.09378
-0.10556
-0.09274
-0.09448
-0.09566
-0.09902
-0.09014
-0.08862
-0.07864
-0.07724
-0.07936
-0.065
-0.06954
-0.0739
-0.06762
-0.08142
-0.0998
-0.11034
-0.10462
-0.09914
-0.10986
-0.10644
-0.10744
-0.10986
-0.1084
-0.08702
-0.08736
-0.09642
-0.10372
-0.09794
-0.09312
-0.09616
-0.0987
-0.11028
-0.12296
-0.124
-0.1167
-0.10102
-0.09292
-0.0656
-0.06044
-0.08188
-0.0768
-0.09338
-0.08422
-0.0851
-0.08928
-0.0916
-0.1011
-0.09224
-0.0878
-0.07526
-0.07068
-0.0753
-0.08324
-0.08062
-0.08066
-0.06898
-0.07042
-0.05546
-0.06344
-0.0713
-0.07382
-0.07674
-0.07738
-0.07984
-0.07744
-0.07734
-0.07248
-0.07784
-0.09132
-0.09658
-0.09962
-0.09398
-0.09456
-0.0831
-0.0862
-0.09726
-0.1002
-0.08648
-0.08126
-0.07874
-0.07966
-0.07518
-0.06788
-0.0765
-0.06688
-0.07482
-0.09006
-0.08126
-0.08794
-0.07852
-0.07168
-0.08148
-0.09018
-0.08936
-0.06978
-0.07662
-0.0812
-0.08574
-0.09022
-0.09844
-0.0952
-0.10674
-0.10072
-0.09552
-0.09876
-0.10826
-0.11468
-0.12856
-0.11608
-0.11472
-0.12354
-0.11846
-0.11494
-0.11412
-0.11156
-0.11406
-0.11062
-0.0983
-0.09972
-0.09296
-0.08668
-0.11078
-0.11466
-0.1215
-0.12378
-0.1023
-0.08388
-0.08846
-0.09558
-0.07812
-0.07312
-0.0773
-0.09044
-0.08986
-0.08966
-0.08474
-0.07246
-0.06616
-0.0746
-0.07014
-0.0672
-0.0713
-0.07786
-0.0935
-0.08668
-0.06914
-0.07838
-0.08872
-0.08512
-0.0892
-0.08174
-0.09676
-0.09442
-0.10292
-0.10214
-0.08944
-0.08246
-0.08108
-0.08928
-0.09296
-0.09652
-0.0937
-0.09768
-0.1058
-0.10088
-0.10054
-0.09724
-0.11228
-0.0976
-0.08902
-0.08892
-0.0925
-0.07142
-0.07294
-0.0675
-0.07416
-0.06872
-0.07494
-0.07436
-0.0719
-0.08472
-0.10698
-0.07746
-0.07032
-0.07776
-0.07644
-0.07042
-0.06742
-0.06886
-0.0773
-0.08798
-0.09556
-0.09348
-0.10584
-0.11848
-0.1154
-0.12836
-0.13022
-0.13116
-0.12106
-0.12518
-0.1205
-0.10392
-0.11578
-0.11298
-0.10326
-0.10388
-0.08148
-0.0739
-0.08008
-0.07618
-0.07674
-0.08856
-0.0706
-0.08478
-0.07728
-0.07836
-0.08918
-0.0759
-0.06688
-0.07516
-0.07458
-0.09664
-0.09356
-0.08776
-0.08408
-0.08724
-0.08494
-0.08024
-0.07206
-0.07508
-0.07838
-0.0803
-0.0723
-0.0689
-0.08492
-0.09418
-0.10042
-0.0982
-0.09362
-0.08084
-0.09616
-0.105
-0.10152
-0.10382
-0.109
-0.11086
-0.1073
-0.10784
-0.1002
-0.0934
-0.08686
-0.07686
-0.07484
-0.06858
-0.06766
-0.07184
-0.06954
-0.07216
-0.07334
-0.07172
-0.07942
-0.08512
-0.08622
-0.09398
-0.09932
-0.09866
-0.09858
-0.09924
-0.08976
-0.07424
-0.08522
-0.0875
-0.09122
-0.10146
-0.09882
-0.10082
-0.11364
-0.11376
-0.10628
-0.1006
-0.0956
-0.08094
-0.09934
-0.10806
-0.1197
-0.10484
-0.09826
-0.11246
-0.12466
-0.10816
-0.08628
-0.07298
-0.0816
-0.09512
-0.09644
-0.0966
-0.1062
-0.10256
-0.08832
-0.1028
-0.10816
-0.10948
-0.10642
-0.09964
-0.10668
-0.10752
-0.09056
-0.09244
-0.0976
-0.09194
-0.09356
-0.0995
-0.09978
-0.09004
-0.09996
-0.09162
-0.069
-0.07802
-0.07814
-0.0835
-0.08716
-0.07638
-0.07758
-0.0695
-0.07344
-0.07184
-0.06336
-0.0609
-0.05346
-0.0633
-0.07644
-0.0752
-0.07336
-0.08316
-0.08796
-0.08596
-0.08756
-0.0934
-0.1038
-0.1027
-0.08888
-0.08132
-0.07898
-0.07948
-0.07022
-0.07042
-0.0637
-0.0786
-0.0763
-0.0811
-0.0743
-0.07478
-0.07556
-0.08266
-0.09806
-0.10024
-0.10968
-0.11272
-0.11696
-0.11734
-0.10772
-0.09906
-0.1047
-0.0941
-0.1036
-0.10774
-0.10458
-0.08882
-0.09646
-0.08934
-0.09358
-0.09776
-0.07748
-0.0912
-0.09998
-0.0853
-0.08718
-0.08568
-0.0886
-0.08016
-0.0789
-0.09286
-0.0861
-0.0741
-0.07752
-0.08342
-0.09192
-0.08
-0.08316
-0.0839
-0.07062
-0.06996
-0.07062
-0.08162
-0.09716
-0.10206
-0.08986
-0.08712
-0.09008
-0.09674
-0.10044
-0.09688
-0.08654
-0.09862
-0.09462
-0.08846
-0.08612
-0.09122
-0.09456
-0.08934
-0.0861
-0.0839
-0.08134
-0.07834
-0.0684
-0.07232
-0.07826
-0.08218
-0.07526
-0.07068
-0.0676
-0.07676
-0.08388
-0.088
-0.09534
-0.08508
-0.0955
-0.08406
-0.08844
-0.09104
-0.10312
-0.10462
-0.1149
-0.11572
-0.0988
-0.09174
-0.08204
-0.08988
-0.0875
-0.08366
-0.09586
-0.09098
-0.09474
-0.09168
-0.09128
-0.08328
-0.0739
-0.09096
-0.10048
-0.10214
-0.0952
-0.104
-0.09668
-0.0961
-0.08392
-0.08976
-0.0864
-0.09134
-0.08302
-0.08292
-0.0711
-0.07704
-0.08822
-0.09658
-0.09904
-0.0964
-0.10204
-0.10566
-0.10992
-0.11802
-0.10298
-0.10404
-0.10022
-0.1095
-0.09364
-0.08692
-0.07974
-0.07768
-0.05472
-0.07188
-0.07568
-0.08822
-0.08584
-0.07576
-0.08708
-0.08408
-0.09394
-0.09348
-0.08578
-0.09884
-0.09794
-0.09442
-0.09802
-0.0796
-0.07296
-0.07396
-0.0742
-0.0759
-0.06812
-0.06908
-0.07324
-0.09518
-0.08126
-0.09082
-0.08874
-0.08824
-0.10022
-0.10406
-0.105
-0.09986
-0.10236
-0.1062
-0.10846
-0.10138
-0.1101
-0.09686
-0.08654
-0.11048
-0.11466
-0.1313
-0.12368
-0.1221
-0.11552
-0.10958
-0.10208
-0.08828
-0.08646
-0.08814
-0.08452
-0.10092
-0.10388
-0.0903
-0.0927
-0.09562
-0.07748
-0.08084
-0.07874
-0.07236
-0.07262
-0.0712
-0.07792
-0.07324
-0.08706
-0.08814
-0.0982
-0.103
-0.10484
-0.11052
-0.12194
-0.12608
-0.11356
-0.09856
-0.10386
-0.10576
-0.08658
-0.08314
-0.09292
-0.09958
-0.09048
-0.09122
-0.10044
-0.1091
-0.10068
-0.10728
-0.10438
-0.0919
-0.0937
-0.0953
-0.09366
-0.10296
-0.08736
-0.10014
-0.09656
-0.10166
-0.10508
-0.09294
-0.09446
-0.10348
-0.10512
-0.0958
-0.07926
-0.074
-0.07338
-0.07354
-0.08666
-0.08512
-0.08926
-0.09332
-0.09706
-0.09802
-0.0848
-0.0825
-0.09204
-0.07456
-0.08392
-0.07854
-0.0855
-0.08684
-0.07142
-0.07244
-0.07034
-0.0675
-0.06574
-0.06518
-0.0808
-0.07926
-0.09848
-0.0854
-0.09122
-0.0891
-0.08252
-0.0989
-0.0926
-0.08658
-0.09232
-0.09314
-0.09938
-0.09784
-0.10902
-0.11402
-0.11392
-0.10688
-0.08264
-0.07722
-0.09066
-0.09616
-0.09216
-0.08994
-0.08748
-0.1017
-0.08766
-0.08752
-0.09156
-0.08792
-0.0915
-0.09848
-0.10458
-0.10874
-0.0914
-0.08304
-0.07116
-0.0731
-0.07264
-0.0701
-0.09584
-0.08608
-0.09588
-0.09974
-0.11116
-0.11562
-0.1129
-0.091
-0.0931
-0.09066
-0.08696
-0.09562
-0.09108
-0.08776
-0.08154
-0.08186
-0.08654
-0.08988
-0.08404
-0.09394
-0.0959
-0.10098
-0.09776
-0.1039
-0.09968
-0.09526
-0.11752
-0.10418
-0.11132
-0.11118
-0.1126
-0.11864
-0.12408
-0.12874
-0.12426
-0.12832
-0.11792
-0.11832
-0.10828
-0.1
-0.09676
-0.09488
-0.09682
-0.0915
-0.10194
-0.10202
-0.1082
-0.11664
-0.10888
-0.10206
-0.11276
-0.10912
-0.11444
-0.11196
-0.11072
-0.09746
-0.09878
-0.07946
-0.10634
-0.11044
-0.11428
-0.10732
-0.10676
-0.10768
-0.10898
-0.11106
-0.0967
-0.08436
-0.08306
-0.07424
-0.07266
-0.07584
-0.0738
-0.06838
-0.06352
-0.06966
-0.07446
-0.08868
-0.08946
-0.09114
-0.11122
-0.0988
-0.06772
-0.0563
-0.06046
-0.06224
-0.07206
-0.06744
-0.08918
-0.09942
-0.0861
-0.07906
-0.07262
-0.07248
-0.08324
-0.08762
-0.0685
-0.08052
-0.08832
-0.081
-0.07068
-0.07346
-0.0652
-0.07176
-0.0791
-0.08306
-0.0769
-0.0863
-0.06828
-0.07388
-0.08416
-0.09104
-0.08912
-0.09298
-0.0968
-0.09026
-0.0956
-0.082
-0.08538
-0.09842
-0.08262
-0.0852
-0.08016
-0.09518
-0.1087
-0.11352
-0.12106
-0.11318
-0.10046
-0.08786
-0.09402
-0.09474
-0.09966
-0.10152
-0.08892
-0.10068
-0.0959
-0.10178
-0.10224
-0.08584
-0.08578
-0.07218
-0.06702
-0.05984
-0.06454
-0.07804
-0.0678
-0.07678
-0.08364
-0.0848
-0.07434
-0.06622
-0.0665
-0.06238
-0.071
-0.07112
-0.07748
-0.07566
-0.06446
-0.08552
-0.09242
-0.09644
-0.09548
-0.0888
-0.0992
-0.0951
-0.09902
-0.0935
-0.09334
-0.06476
-0.0579
-0.06064
-0.06234
-0.06238
-0.06928
-0.06774
-0.06406
-0.07492
-0.0846
-0.08012
-0.06574
-0.07344
-0.08524
-0.0863
-0.07342
-0.09214
-0.09744
-0.1126
-0.12258
-0.11058
-0.10334
-0.1258
-0.11782
-0.12162
-0.12708
-0.11634
-0.1169
-0.11326
-0.10482
-0.11002
-0.11018
-0.1213
-0.11144
-0.10722
-0.11188
-0.10978
-0.09562
-0.0866
-0.09716
-0.09534
-0.09282
-0.0972
-0.07754
-0.08108
-0.08442
-0.08568
-0.0903
-0.09368
-0.0838
-0.09594
-0.09996
-0.08944
-0.09262
-0.08204
-0.06808
-0.08676
-0.08304
-0.07866
-0.06424
-0.07134
-0.08556
-0.09296
-0.0966
-0.08338
-0.0902
-0.08552
-0.0869
-0.09096
-0.08514
-0.091
-0.09192
-0.11334
-0.11386
-0.09766
-0.09108
-0.09374
-0.11412
-0.10666
-0.10414
-0.10322
-0.09784
-0.09238
-0.09748
-0.09494
-0.08932
-0.08872
-0.0883
-0.09824
-0.09712
-0.10684
-0.0951
-0.08724
-0.08434
-0.0839
-0.0887
-0.08842
-0.06542
-0.06886
-0.07842
-0.08426
-0.08768
-0.09004
-0.07936
-0.09472
-0.08772
-0.10286
-0.10818
-0.1184
-0.11596
-0.10966
-0.12212
-0.12808
-0.1302
-0.12328
-0.10262
-0.10134
-0.08892
-0.10174
-0.10768
-0.10712
-0.09318
-0.09654
-0.10472
-0.09056
-0.07238
-0.07054
-0.07074
-0.06634
-0.08084
-0.09908
-0.10354
-0.09924
-0.0928
-0.10574
-0.08822
-0.07618
-0.0952
-0.07918
-0.07464
-0.07404
-0.06354
-0.0747
-0.06468
-0.07472
-0.0891
-0.08944
-0.08118
-0.06622
-0.0683
-0.06572
-0.05866
-0.06338
-0.05962
-0.06818
-0.0668
-0.06806
-0.0682
-0.07426
-0.07474
-0.09088
-0.08304
-0.09038
-0.08654
-0.071
-0.05118
-0.04966
-0.0571
-0.06818
-0.06634
-0.06476
-0.07606
-0.0801
-0.07656
-0.07644
-0.07826
-0.07184
-0.07184
-0.07402
-0.08968
-0.08398
-0.08228
-0.08344
-0.0846
-0.0685
-0.06792
-0.08108
-0.08744
-0.09072
-0.09264
-0.09958
-0.09078
-0.10174
-0.08922
-0.09046
-0.10838
-0.10128
-0.09862
-0.08228
-0.07868
-0.08512
-0.08444
-0.07944
-0.08302
-0.0907
-0.1027
-0.0947
-0.09444
-0.09304
-0.08452
-0.08672
-0.07802
-0.08208
-0.08092
-0.08116
-0.07622
-0.0776
-0.09112
-0.0834
-0.08988
-0.08936
-0.09146
-0.07662
-0.06974
-0.07206
-0.0623
-0.06716
-0.08346
-0.08976
-0.0949
-0.08912
-0.07922
-0.085
-0.09588
-0.12322
-0.1205
-0.11458
-0.10944
-0.09126
-0.0737
-0.07276
-0.07634
-0.08924
-0.1138
-0.12868
-0.10732
-0.08612
-0.08222
-0.08198
-0.09328
-0.0927
-0.08644
-0.06318
-0.05162
-0.04944
-0.03942
-0.04106
-0.04656
-0.06362
-0.06796
-0.05248
-0.0655
-0.06408
-0.09654
-0.09036
-0.08196
-0.07608
-0.066
-0.08146
-0.0854
-0.0964
-0.09328
-0.08712
-0.07362
-0.06702
-0.07324
-0.07896
-0.09052
-0.092
-0.08642
-0.08674
-0.09644
-0.08098
-0.08082
-0.07952
-0.06982
-0.07066
-0.08538
-0.08624
-0.0799
-0.09594
-0.10068
-0.10734
-0.10498
-0.09224
-0.10996
-0.10944
-0.11716
-0.12022
-0.10136
-0.10636
-0.11006
-0.11384
-0.11024
-0.10258
-0.09228
-0.07762
-0.075
-0.07726
-0.0677
-0.06722
-0.07
-0.08276
-0.09582
-0.09528
-0.09742
-0.08754
-0.0828
-0.07704
-0.06548
-0.06414
-0.075
-0.07328
-0.08242
-0.07446
-0.08686
-0.10238
-0.10152
-0.08324
-0.07982
-0.07494
-0.07982
-0.0823
-0.05714
-0.04458
-0.0476
-0.04206
-0.03776
-0.05946
-0.04878
-0.06
-0.0646
-0.0802
-0.0879
-0.10374
-0.1021
-0.09694
-0.09826
-0.08934
-0.07474
-0.07792
-0.06666
-0.07066
-0.06612
-0.07512
-0.07878
-0.07648
-0.08298
-0.07678
-0.06964
-0.07408
-0.0735
-0.07442
-0.06742
-0.08382
-0.09692
-0.07818
-0.09428
-0.09722
-0.103
-0.10244
-0.09906
-0.0801
-0.08426
-0.09104
-0.08116
-0.08102
-0.0746
-0.06062
-0.07132
-0.08444
-0.08154
-0.08916
-0.08224
-0.08574
-0.09982
-0.10122
-0.10624
-0.12084
-0.11338
-0.10656
-0.1132
-0.09604
-0.11504
-0.10882
-0.10424
-0.09982
-0.10216
-0.095
-0.09042
-0.10304
-0.09752
-0.0903
-0.08424
-0.07784
-0.07868
-0.08206
-0.08144
-0.09132
-0.08522
-0.08586
-0.08742
-0.08258
-0.0785
-0.0731
-0.07192
-0.0709
-0.08622
-0.09424
-0.10502
-0.11472
-0.10676
-0.11332
-0.1048
-0.09288
-0.08516
-0.086
-0.10158
-0.09782
-0.09068
-0.0728
-0.07778
-0.08368
-0.08878
-0.08766
-0.0838
-0.0988
-0.09234
-0.07584
-0.07754
-0.0786
-0.08474
-0.08762
-0.09982
-0.091
-0.10528
-0.09738
-0.09232
-0.09184
-0.08846
-0.09242
-0.08262
-0.0952
-0.0935
-0.08576
-0.09062
-0.08578
-0.09584
-0.0858
-0.08086
-0.07676
-0.07796
-0.0946
-0.10628
-0.08308
-0.08706
-0.0884
-0.07994
-0.08078
-0.0833
-0.07586
-0.06684
-0.07762
-0.09194
-0.0857
-0.07896
-0.07886
-0.07968
-0.06688
-0.08856
-0.07728
-0.06002
-0.06558
-0.0665
-0.05588
-0.0482
-0.06746
-0.07448
-0.08708
-0.08708
-0.08392
-0.10696
-0.09008
-0.07454
-0.08714
-0.0886
-0.10122
-0.07982
-0.07668
-0.0834
-0.06856
-0.06246
-0.08538
-0.07734
-0.07714
-0.07182
-0.07252
-0.06506
-0.0683
-0.07866
-0.08788
-0.08744
-0.10674
-0.10866
-0.11378
-0.12114
-0.1051
-0.0937
-0.09934
-0.1023
-0.10622
-0.10986
-0.11322
-0.10816
-0.11316
-0.10636
-0.10852
-0.12112
-0.11052
-0.12374
-0.10506
-0.0808
-0.08986
-0.10448
-0.10716
-0.12056
-0.1249
-0.09932
-0.10792
-0.10408
-0.09864
-0.1035
-0.09966
-0.0856
-0.08328
-0.07116
-0.06878
-0.06958
-0.0863
-0.08952
-0.07644
-0.07732
-0.0718
-0.07136
-0.07086
-0.07116
-0.07812
-0.08412
-0.08876
-0.08942
-0.08792
-0.10128
-0.09406
-0.08698
-0.09412
-0.09742
-0.08852
-0.0811
-0.09158
-0.10474
-0.10206
-0.09676
-0.09878
-0.09044
-0.07666
-0.0947
-0.08886
-0.08798
-0.09952
-0.09012
-0.09312
-0.08642
-0.07404
-0.08076
-0.06498
-0.07352
-0.07574
-0.08148
-0.10462
-0.10394
-0.10742
-0.0951
-0.08216
-0.08282
-0.08496
-0.07856
-0.08876
-0.07044
-0.07846
-0.08554
-0.08044
-0.08546
-0.07324
-0.07294
-0.0692
-0.0725
-0.07296
-0.0721
-0.06808
-0.08362
-0.0873
-0.08986
-0.09004
-0.08588
-0.08706
-0.08054
-0.08754
-0.07886
-0.07106
-0.07564
-0.06258
-0.0708
-0.07572
-0.07946
-0.07984
-0.08098
-0.08938
-0.09734
-0.09402
-0.09046
-0.08432
-0.07796
-0.0789
-0.05712
-0.06562
-0.06754
-0.07368
-0.07692
-0.08032
-0.0855
-0.0721
-0.063
-0.06226
-0.0619
-0.07064
-0.07042
-0.05348
-0.06976
-0.0668
-0.05428
-0.06656
-0.07136
-0.0773
-0.08914
-0.08384
-0.08468
-0.08436
-0.09516
-0.07988
-0.09926
-0.10684
-0.08896
-0.08756
-0.09618
-0.1002
-0.102
-0.0857
-0.07562
-0.07928
-0.08086
-0.07282
-0.06996
-0.08064
-0.06552
-0.06342
-0.06256
-0.07198
-0.07074
-0.07968
-0.07122
-0.07828
-0.10414
-0.0952
-0.0977
-0.09532
-0.08832
-0.0897
-0.09632
-0.08972
-0.09314
-0.09676
-0.083
-0.08408
-0.06144
-0.07192
-0.08792
-0.08
-0.07734
-0.07394
-0.07564
-0.08734
-0.0675
-0.07044
-0.074
-0.0751
-0.07372
-0.09976
-0.08576
-0.09744
-0.08586
-0.07356
-0.0769
-0.09504
-0.10338
-0.08534
-0.08264
-0.08054
-0.07562
-0.07348
-0.07684
-0.09446
-0.08918
-0.09598
-0.08396
-0.07846
-0.09828
-0.08952
-0.09702
-0.09142
-0.07252
-0.07808
-0.07696
-0.0944
-0.09232
-0.08734
-0.08266
-0.08692
-0.07462
-0.08862
-0.11584
-0.10968
-0.11822
-0.1168
-0.12346
-0.1053
-0.10396
-0.09832
-0.09114
-0.09648
-0.10838
-0.11378
-0.1054
-0.11036
-0.1015
-0.10138
-0.0826
-0.08784
-0.09946
-0.0946
-0.0914
-0.08294
-0.0885
-0.08938
-0.09812
-0.09752
-0.09816
-0.08434
-0.08092
-0.06894
-0.057
-0.06228
-0.07538
-0.1015
-0.1006
-0.09526
-0.09684
-0.10236
-0.09884
-0.09734
-0.11806
-0.10432
-0.1065
-0.1306
-0.10784
-0.10068
-0.0825
-0.08464
-0.08646
-0.0753
-0.08926
-0.09992
-0.10242
-0.09876
-0.09216
-0.09
-0.08458
-0.08986
-0.07072
-0.07572
-0.07482
-0.07804
-0.08168
-0.07814
-0.0901
-0.0853
-0.08838
-0.07556
-0.07238
-0.08694
-0.10072
-0.10118
-0.09382
-0.1032
-0.10522
-0.11154
-0.11242
-0.09448
-0.09844
-0.09696
-0.09226
-0.08834
-0.09356
-0.09812
-0.09462
-0.08954
-0.09338
-0.09108
-0.09382
-0.08972
-0.08096
-0.09262
-0.10404
-0.09564
-0.10754
-0.11846
-0.12804
-0.10866
-0.11546
-0.11728
-0.11448
-0.10904
-0.10068
-0.09982
-0.09508
-0.09824
-0.09706
-0.09934
-0.1028
-0.11846
-0.10422
-0.10232
-0.10466
-0.10514
-0.10018
-0.09076
-0.09112
-0.08988
-0.08574
-0.06852
-0.06578
-0.06476
-0.07778
-0.06836
-0.06102
-0.0684
-0.07796
-0.074
-0.0846
-0.08914
-0.08912
-0.10626
-0.11162
-0.09794
-0.11314
-0.10264
-0.10446
-0.10182
-0.09334
-0.09426
-0.107
-0.09088
-0.0648
-0.07242
-0.0823
-0.0844
-0.08216
-0.07236
-0.0794
-0.077
-0.0729
-0.06216
-0.0658
-0.0641
-0.06868
-0.085
-0.09714
-0.07348
-0.06778
-0.06568
-0.0519
-0.06226
-0.06906
-0.08104
-0.08786
-0.10658
-0.09578
-0.09764
-0.0979
-0.10812
-0.09328
-0.09028
-0.0932
-0.08516
-0.1144
-0.09312
-0.09566
-0.1058
-0.10082
-0.1029
-0.09628
-0.09554
-0.09634
-0.11252
-0.09892
-0.09302
-0.08904
-0.10178
-0.09384
-0.0973
-0.08996
-0.10136
-0.09118
-0.07278
-0.09564
-0.10142
-0.11322
-0.1113
-0.1163
-0.13742
-0.12304
-0.1136
-0.09446
-0.0988
-0.1008
-0.08524
-0.09534
-0.08878
-0.101
-0.11292
-0.13242
-0.12978
-0.11988
-0.1348
-0.127
-0.11848
-0.1225
-0.13662
-0.11276
-0.10038
-0.10138
-0.10092
-0.09576
-0.0935
-0.0888
-0.07946
-0.0853
-0.07986
-0.08566
-0.08334
-0.07986
-0.0757
-0.08288
-0.09686
-0.0847
-0.0846
-0.08488
-0.07526
-0.07472
-0.08778
-0.09346
-0.10558
-0.10966
-0.11584
-0.11732
-0.10158
-0.10668
-0.11736
-0.09868
-0.1012
-0.0841
-0.08922
-0.08918
-0.07526
-0.0681
-0.07746
-0.09188
-0.09494
-0.0964
-0.10184
-0.10024
-0.10108
-0.10102
-0.10152
-0.08978
-0.08076
-0.08506
-0.0826
-0.07366
-0.06996
-0.06534
-0.08256
-0.08402
-0.09078
-0.09922
-0.09318
-0.10384
-0.0909
-0.0871
-0.08794
-0.09094
-0.09136
-0.08666
-0.07142
-0.06586
-0.06906
-0.08836
-0.10112
-0.10514
-0.10882
-0.11044
-0.1056
-0.10706
-0.10054
-0.11258
-0.08564
-0.09174
-0.08236
-0.08608
-0.08528
-0.08718
-0.08766
-0.08464
-0.08762
-0.08502
-0.0739
-0.07364
-0.06674
-0.06864
-0.06296
-0.08112
-0.0783
-0.09368
-0.0924
-0.07396
-0.08014
-0.07358
-0.06904
-0.08288
-0.07734
-0.07416
-0.07768
-0.1044
-0.10732
-0.08934
-0.08278
-0.0766
-0.1003
-0.09316
-0.09604
-0.0904
-0.101
-0.10112
-0.10842
-0.10586
-0.10592
-0.08648
-0.08186
-0.08958
-0.08444
-0.07742
-0.07296
-0.09128
-0.10134
-0.09226
-0.09482
-0.09022
-0.10148
-0.105
-0.09378
-0.09708
-0.11066
-0.12036
-0.11592
-0.10918
-0.10682
-0.09856
-0.09772
-0.09182
-0.08804
-0.08298
-0.07266
-0.06696
-0.07286
-0.08456
-0.08
-0.07878
-0.07822
-0.08034
-0.0717
-0.0837
-0.08058
-0.09962
-0.10192
-0.08944
-0.08344
-0.08516
-0.08804
-0.08816
-0.10224
-0.10514
-0.09304
-0.08638
-0.08138
-0.08962
-0.08678
-0.09966
-0.09776
-0.10964
-0.10916
-0.10056
-0.0976
-0.09132
-0.10212
-0.09818
-0.09908
-0.09862
-0.08498
-0.08456
-0.08332
-0.08466
-0.07212
-0.081
-0.07132
-0.08098
-0.0895
-0.09292
-0.0859
-0.08272
-0.07736
-0.0758
-0.07532
-0.10002
-0.0951
-0.09606
-0.10024
-0.09714
-0.08292
-0.09072
-0.09478
-0.09398
-0.09584
-0.08184
-0.0801
-0.08986
-0.09996
-0.08004
-0.08108
-0.07172
-0.08066
-0.08204
-0.08374
-0.07148
-0.07878
-0.07976
-0.0837
-0.07596
-0.08784
-0.07936
-0.06946
-0.08876
-0.07678
-0.10188
-0.10236
-0.09414
-0.08432
-0.08488
-0.08854
-0.08796
-0.08272
-0.07292
-0.07544
-0.05672
-0.06202
-0.07608
-0.09106
-0.0876
-0.07508
-0.06484
-0.0749
-0.06416
-0.0633
-0.08352
-0.07092
-0.07968
-0.07256
-0.09112
-0.0734
-0.07032
-0.06068
-0.05992
-0.0677
-0.06996
-0.07486
-0.06884
-0.07066
-0.07788
-0.0809
-0.07998
-0.08722
-0.08658
-0.09384
-0.08896
-0.09688
-0.08562
-0.0944
-0.09248
-0.08922
-0.0812
-0.09718
-0.10148
-0.09262
-0.10368
-0.10432
-0.09964
-0.0954
-0.0861
-0.08968
-0.09022
-0.08862
-0.08118
-0.07754
-0.0761
-0.08242
-0.07844
-0.07508
-0.07824
-0.0781
-0.08888
-0.08228
-0.06734
-0.08016
-0.0823
-0.08794
-0.08158
-0.09984
-0.10512
-0.11294
-0.10078
-0.10946
-0.1033
-0.10596
-0.11236
-0.1131
-0.123
-0.10598
-0.10934
-0.09882
-0.11312
-0.10484
-0.10526
-0.10508
-0.09912
-0.09788
-0.09612
-0.09838
-0.09662
-0.08268
-0.083
-0.07464
-0.08656
-0.08124
-0.07754
-0.07012
-0.06688
-0.07902
-0.09986
-0.1027
-0.08124
-0.06016
-0.06522
-0.08158
-0.07652
-0.08404
-0.08776
-0.08048
-0.09582
-0.10706
-0.10662
-0.09918
-0.09452
-0.10208
-0.10058
-0.1012
-0.08424
-0.08694
-0.08814
-0.08002
-0.07522
-0.07692
-0.0874
-0.10496
-0.09324
-0.09878
-0.11108
-0.11894
-0.10724
-0.10994
-0.10244
-0.08994
-0.09762
-0.08252
-0.10086
-0.09706
-0.09234
-0.08652
-0.08598
-0.09126
-0.10252
-0.08556
-0.08308
-0.06568
-0.06902
-0.05872
-0.05724
-0.05362
-0.07026
-0.07834
-0.09344
-0.08016
-0.07458
-0.08168
-0.08186
-0.1011
-0.11676
-0.11702
-0.10468
-0.11828
-0.11582
-0.0994
-0.09006
-0.10314
-0.10966
-0.09888
-0.08746
-0.09488
-0.09528
-0.09292
-0.09136
-0.0881
-0.08008
-0.07504
-0.07166
-0.07674
-0.06996
-0.07848
-0.08506
-0.07536
-0.0972
-0.10618
-0.10412
-0.08942
-0.09884
-0.10518
-0.09484
-0.10012
-0.08922
-0.09376
-0.08552
-0.10318
-0.09318
-0.10096
-0.10134
-0.09422
-0.0927
-0.10662
-0.09084
-0.08912
-0.09784
-0.09352
-0.09234
-0.1042
-0.10142
-0.10206
-0.09478
-0.07864
-0.09332
-0.08966
-0.08888
-0.10052
-0.08824
-0.07092
-0.075
-0.06088
-0.06454
-0.05594
-0.05752
-0.06476
-0.05778
-0.05616
-0.05428
-0.06938
-0.07278
-0.07112
-0.06936
-0.08874
-0.09266
-0.09692
-0.09616
-0.10114
-0.11692
-0.1059
-0.09954
-0.08676
-0.08846
-0.0785
-0.06902
-0.06296
-0.06494
-0.06474
-0.06474
-0.09076
-0.08458
-0.09658
-0.09276
-0.09186
-0.0869
-0.08
-0.07316
-0.07728
-0.0863
-0.08054
-0.08844
-0.09
-0.09902
-0.10802
-0.10488
-0.1155
-0.11182
-0.11986
-0.13048
-0.12822
-0.12544
-0.11962
-0.12172
-0.12316
-0.11264
-0.10828
-0.11562
-0.10634
-0.09052
-0.08476
-0.07536
-0.08126
-0.07634
-0.0664
-0.07134
-0.0767
-0.0798
-0.08018
-0.07466
-0.07868
-0.08534
-0.08558
-0.09158
-0.09274
-0.09682
-0.08946
-0.0898
-0.08112
-0.0734
-0.0755
-0.09528
-0.09612
-0.09632
-0.08954
-0.08842
-0.09058
-0.09442
-0.0817
-0.09542
-0.09468
-0.08088
-0.08628
-0.09026
-0.09528
-0.08498
-0.07564
-0.09272
-0.08302
-0.09108
-0.10916
-0.10866
-0.09334
-0.09042
-0.0802
-0.0975
-0.09424
-0.10426
-0.08202
-0.0807
-0.07638
-0.0734
-0.07226
-0.04696
-0.05076
-0.06306
-0.06948
-0.06448
-0.0754
-0.07576
-0.08198
-0.08356
-0.07912
-0.08216
-0.07474
-0.06478
-0.05902
-0.0616
-0.06216
-0.07578
-0.0893
-0.08728
-0.08782
-0.09986
-0.11482
-0.11468
-0.1175
-0.1114
-0.10622
-0.10314
-0.09896
-0.09564
-0.0998
-0.10598
-0.11746
-0.1095
-0.1247
-0.11532
-0.10494
-0.09972
-0.0989
-0.09552
-0.1088
-0.10386
-0.08088
-0.10454
-0.10846
-0.10476
-0.09956
-0.10852
-0.10902
-0.10656
-0.11484
-0.11158
-0.10966
-0.10692
-0.09832
-0.09646
-0.10996
-0.10362
-0.09182
-0.08144
-0.07916
-0.06492
-0.07532
-0.08688
-0.08468
-0.08068
-0.0971
-0.09118
-0.09622
-0.09414
-0.0917
-0.08122
-0.08664
-0.09832
-0.10496
-0.09686
-0.10972
-0.11856
-0.10938
-0.1099
-0.10262
-0.10022
-0.09102
-0.09364
-0.09416
-0.08912
-0.09042
-0.0774
-0.0859
-0.09398
-0.10382
-0.10086
-0.0954
-0.09616
-0.08474
-0.08628
-0.07888
-0.09448
-0.06698
-0.06042
-0.07382
-0.07544
-0.06966
-0.06378
-0.07136
-0.07982
-0.0922
-0.1041
-0.0951
-0.09358
-0.09796
-0.08968
-0.08934
-0.08552
-0.08724
-0.08604
-0.08404
-0.06726
-0.06852
-0.06992
-0.07556
-0.08204
-0.08018
-0.07276
-0.08028
-0.07682
-0.07758
-0.07828
-0.08728
-0.09278
-0.08676
-0.09014
-0.07984
-0.08834
-0.08154
-0.07596
-0.07626
-0.08326
-0.08464
-0.08706
-0.08996
-0.09502
-0.10006
-0.10614
-0.10494
-0.08978
-0.08522
-0.0718
-0.06602
-0.07238
-0.07786
-0.07784
-0.0843
-0.08354
-0.0885
-0.08642
-0.08804
-0.08916
-0.08646
-0.07896
-0.09696
-0.1081
-0.09074
-0.07726
-0.07866
-0.08444
-0.09372
-0.08512
-0.0805
-0.08038
-0.07828
-0.06434
-0.06492
-0.05958
-0.0626
-0.05996
-0.0537
-0.0574
-0.06202
-0.07192
-0.08438
-0.0814
-0.09992
-0.10042
-0.09834
-0.08988
-0.08164
-0.07008
-0.07072
-0.07114
-0.05974
-0.04998
-0.0478
-0.05068
-0.07202
-0.09054
-0.09074
-0.08026
-0.0777
-0.08346
-0.09
-0.10048
-0.1018
-0.08932
-0.08354
-0.08866
-0.07736
-0.08756
-0.10962
-0.10716
-0.10566
-0.0967
-0.08168
-0.08444
-0.07802
-0.09782
-0.09302
-0.10882
-0.113
-0.09072
-0.0921
-0.09042
-0.10332
-0.10974
-0.12362
-0.11824
-0.11342
-0.10904
-0.10614
-0.0937
-0.10916
-0.1066
-0.10652
-0.0925
-0.0912
-0.095
-0.10478
-0.111
-0.10442
-0.09526
-0.10732
-0.12242
-0.12674
-0.12986
-0.118
-0.12758
-0.11374
-0.09636
-0.09542
-0.06674
-0.07304
-0.0735
-0.06532
-0.07846
-0.0772
-0.07354
-0.06536
-0.08046
-0.07178
-0.06648
-0.06406
-0.05882
-0.08522
-0.08372
-0.07238
-0.0569
-0.04876
-0.0635
-0.05988
-0.06002
-0.05998
-0.06766
-0.07838
-0.09114
-0.08012
-0.0817
-0.07734
-0.07438
-0.08044
-0.08472
-0.07564
-0.07802
-0.07076
-0.0541
-0.06072
-0.0665
-0.07256
-0.07704
-0.0878
-0.08988
-0.07802
-0.0811
-0.1034
-0.09428
-0.10926
-0.1019
-0.11198
-0.11988
-0.10106
-0.08162
-0.0821
-0.08584
-0.0777
-0.09122
-0.09596
-0.09836
-0.09022
-0.08338
-0.08326
-0.09052
-0.09856
-0.0838
-0.06932
-0.06406
-0.07494
-0.07092
-0.07174
-0.0887
-0.08894
-0.09074
-0.07296
-0.0839
-0.079
-0.0922
-0.0877
-0.09102
-0.09824
-0.12394
-0.10718
-0.09576
-0.09638
-0.09342
-0.0913
-0.08304
-0.08462
-0.09538
-0.07832
-0.0755
-0.06388
-0.06526
-0.08674
-0.0907
-0.09084
-0.08552
-0.08622
-0.09282
-0.0928
-0.08564
-0.07724
-0.0906
-0.10818
-0.09048
-0.09202
-0.09546
-0.10408
-0.12422
-0.11544
-0.11434
-0.11654
-0.09598
-0.08754
-0.0891
-0.09152
-0.08762
-0.08878
-0.09372
-0.09386
-0.10034
-0.09616
-0.09872
-0.09272
-0.09172
-0.0883
-0.085
-0.07552
-0.06622
-0.09038
-0.07462
-0.08136
-0.096
-0.0957
-0.09672
-0.11262
-0.10036
-0.10516
-0.0951
-0.09488
-0.10656
-0.09866
-0.0978
-0.10512
-0.09546
-0.10556
-0.11024
-0.09768
-0.0912
-0.09744
-0.09136
-0.09244
-0.09136
-0.10632
-0.11242
-0.10602
-0.11292
-0.10612
-0.09866
-0.093
-0.0825
-0.09228
-0.09094
-0.07314
-0.08566
-0.08338
-0.08972
-0.0757
-0.10056
-0.08544
-0.08648
-0.08072
-0.09344
-0.0957
-0.0853
-0.08312
-0.06578
-0.06356
-0.06602
-0.05824
-0.0727
-0.08182
-0.08874
-0.08376
-0.08748
-0.08378
-0.08248
-0.09248
-0.09666
-0.10392
-0.09996
-0.09338
-0.08888
-0.09556
-0.09164
-0.09194
-0.09132
-0.102
-0.1045
-0.0995
-0.08764
-0.09272
-0.09968
-0.10818
-0.10814
-0.09922
-0.0876
-0.10442
-0.10002
-0.10188
-0.10358
-0.105
-0.11136
-0.1361
-0.13048
-0.11314
-0.10842
-0.10804
-0.11364
-0.11452
-0.11922
-0.10806
-0.1108
-0.10606
-0.11046
-0.10598
-0.11418
-0.1043
-0.10674
-0.10872
-0.11576
-0.11556
-0.11518
-0.12024
-0.1141
-0.12136
-0.11912
-0.11756
-0.11178
-0.10916
-0.1029
-0.0989
-0.09178
-0.09408
-0.09768
-0.10616
-0.0978
-0.1011
-0.10212
-0.10148
-0.10286
-0.09518
-0.10288
-0.10582
-0.09836
-0.08722
-0.08212
-0.06938
-0.07118
-0.0759
-0.08386
-0.06712
-0.07162
-0.06082
-0.06312
-0.05514
-0.05366
-0.05812
-0.0543
-0.0614
-0.07512
-0.07352
-0.08984
-0.08676
-0.07922
-0.07384
-0.07986
-0.08128
-0.07186
-0.08706
-0.08124
-0.09626
-0.08234
-0.09956
-0.09596
-0.0794
-0.07542
-0.07646
-0.06264
-0.0635
-0.05514
-0.06392
-0.07486
-0.062
-0.08804
-0.08236
-0.09426
-0.0912
-0.08758
-0.0835
-0.09478
-0.10432
-0.08528
-0.09692
-0.10682
-0.09246
-0.09008
-0.09014
-0.09322
-0.08406
-0.08832
-0.09444
-0.10348
-0.09002
-0.08992
-0.10048
-0.09352
-0.09792
-0.09036
-0.0893
-0.09446
-0.0926
-0.08832
-0.0946
-0.09598
-0.10314
-0.10036
-0.10758
-0.10942
-0.11444
-0.09888
-0.0996
-0.09418
-0.10024
-0.08696
-0.09758
-0.09678
-0.10696
-0.1136
-0.1152
-0.11078
-0.1097
-0.109
-0.11162
-0.0996
-0.08988
-0.08112
-0.07174
-0.07796
-0.07202
-0.0728
-0.06856
-0.08084
-0.08786
-0.08524
-0.08398
-0.07856
-0.1011
-0.0732
-0.08616
-0.07828
-0.09286
-0.09506
-0.09294
-0.0845
-0.07916
-0.1013
-0.10414
-0.11656
-0.1166
-0.12038
-0.13026
-0.12544
-0.10964
-0.0952
-0.09336
-0.09778
-0.0965
-0.10988
-0.11442
-0.10574
-0.10034
-0.0911
-0.11142
-0.10372
-0.10132
-0.11578
-0.11684
-0.0995
-0.09672
-0.08364
-0.0883
-0.09942
-0.10856
-0.10146
-0.11082
-0.11492
-0.10738
-0.09968
-0.10124
-0.0809
-0.08202
-0.0971
-0.10202
-0.11208
-0.09838
-0.09768
-0.0947
-0.09544
-0.09686
-0.08662
-0.09228
-0.08592
-0.08738
-0.08886
-0.0759
-0.07464
-0.08104
-0.06968
-0.07666
-0.0867
-0.08516
-0.09464
-0.11394
-0.10072
-0.08906
-0.0946
-0.09022
-0.1063
-0.09958
-0.10992
-0.0906
-0.07944
-0.08084
-0.07176
-0.07916
-0.0751
-0.07314
-0.0818
-0.08504
-0.08272
-0.09154
-0.09652
-0.08644
-0.07992
-0.08134
-0.0947
-0.09518
-0.09762
-0.09352
-0.09252
-0.10096
-0.09406
-0.09522
-0.10836
-0.1218
-0.12482
-0.12632
-0.11592
-0.11646
-0.11674
-0.1112
-0.10796
-0.09542
-0.09586
-0.08814
-0.09712
-0.1027
-0.11154
-0.11006
-0.11024
-0.09688
-0.10156
-0.08412
-0.09114
-0.10416
-0.11192
-0.09828
-0.1087
-0.12658
-0.11314
-0.10332
-0.1055
-0.09638
-0.0806
-0.08462
-0.08044
-0.06754
-0.0881
-0.08684
-0.0893
-0.07736
-0.07768
-0.08226
-0.08612
-0.08896
-0.08092
-0.07982
-0.08768
-0.0742
-0.07454
-0.08934
-0.10232
-0.1049
-0.1037
-0.09754
-0.10464
-0.09904
-0.09882
-0.09146
-0.0851
-0.0888
-0.10078
-0.099
-0.09572
-0.09386
-0.10956
-0.1097
-0.11806
-0.12142
-0.12368
-0.11274
-0.10456
-0.10396
-0.09778
-0.10254
-0.11678
-0.11752
-0.11346
-0.1003
-0.09684
-0.08608
-0.08704
-0.08676
-0.06298
-0.07252
-0.08478
-0.09144
-0.0865
-0.093
-0.08508
-0.0699
-0.07586
-0.06786
-0.08408
-0.07628
-0.0802
-0.076
-0.06592
-0.0754
-0.08348
-0.08284
-0.07924
-0.06798
-0.07378
-0.06596
-0.06868
-0.07318
-0.07888
-0.07136
-0.09306
-0.08768
-0.0901
-0.09028
-0.08758
-0.08672
-0.08288
-0.068
-0.07838
-0.07652
-0.07558
-0.0575
-0.07412
-0.07004
-0.07564
-0.09074
-0.09278
-0.09716
-0.0972
-0.0895
-0.0811
-0.09204
-0.09056
-0.07624
-0.0815
-0.1006
-0.08884
-0.09364
-0.08434
-0.08646
-0.0899
-0.11172
-0.09194
-0.08574
-0.08876
-0.1052
-0.09784
-0.098
-0.08368
-0.09138
-0.09206
-0.10828
-0.12172
-0.126
-0.12974
-0.12874
-0.12918
-0.12536
-0.09998
-0.09664
-0.10946
-0.10762
-0.11224
-0.10366
-0.10178
-0.08172
-0.08426
-0.08134
-0.08782
-0.07298
-0.07184
-0.06998
-0.0692
-0.07118
-0.07268
-0.0736
-0.07992
-0.0801
-0.07308
-0.07942
-0.0841
-0.08818
-0.10608
-0.09542
-0.1117
-0.11772
-0.10874
-0.0963
-0.1036
-0.10046
-0.09848
-0.10798
-0.09964
-0.08752
-0.07832
-0.07742
-0.07424
-0.08296
-0.07852
-0.06908
-0.06858
-0.06732
-0.07206
-0.07466
-0.07892
-0.06818
-0.0824
-0.08626
-0.0893
-0.0926
-0.08772
-0.07382
-0.09026
-0.09692
-0.0931
-0.10226
-0.1061
-0.10618
-0.11152
-0.10506
-0.09836
-0.092
-0.09306
-0.11986
-0.12548
-0.11342
-0.10966
-0.11532
-0.09038
-0.0909
-0.0925
-0.08818
-0.08934
-0.08006
-0.07504
-0.09504
-0.10168
-0.09964
-0.1091
-0.1077
-0.10416
-0.09846
-0.10722
-0.10838
-0.09592
-0.0843
-0.09172
-0.09858
-0.09384
-0.09718
-0.0782
-0.0816
-0.08686
-0.09982
-0.09262
-0.07716
-0.07984
-0.08348
-0.08134
-0.06972
-0.0764
-0.0916
-0.09514
-0.08906
-0.09058
-0.1033
-0.09718
-0.09444
-0.08872
-0.08118
-0.0927
-0.09318
-0.08918
-0.07854
-0.08262
-0.09182
-0.08002
-0.08928
-0.0849
-0.08152
-0.08262
-0.0806
-0.06764
-0.06482
-0.0794
-0.07658
-0.04774
-0.06814
-0.06896
-0.07826
-0.09612
-0.10686
-0.0974
-0.08356
-0.09228
-0.10198
-0.10358
-0.0991
-0.10194
-0.10318
-0.10048
-0.0874
-0.09412
-0.08344
-0.08322
-0.07428
-0.06786
-0.08034
-0.08264
-0.08324
-0.08658
-0.0986
-0.1057
-0.10524
-0.10648
-0.10748
-0.10352
-0.11212
-0.11238
-0.11636
-0.11778
-0.11772
-0.1061
-0.09026
-0.0849
-0.08856
-0.08632
-0.09178
-0.0884
-0.09686
-0.1017
-0.09824
-0.0899
-0.0908
-0.10388
-0.09536
-0.08172
-0.0735
-0.06684
-0.08862
-0.10994
-0.11446
-0.10086
-0.0987
-0.1043
-0.10956
-0.11048
-0.10624
-0.1114
-0.10072
-0.0981
-0.11216
-0.11144
-0.11258
-0.12582
-0.11938
-0.12238
-0.1103
-0.08576
-0.08538
-0.07962
-0.08078
-0.06638
-0.06326
-0.0608
-0.07668
-0.07688
-0.09262
-0.09396
-0.08658
-0.0784
-0.07104
-0.07822
-0.0668
-0.09046
-0.097
-0.09436
-0.10096
-0.0866
-0.09792
-0.07854
-0.09496
-0.09926
-0.11574
-0.10464
-0.1055
-0.1159
-0.11914
-0.1166
-0.10944
-0.10464
-0.1097
-0.10644
-0.09314
-0.10144
-0.09386
-0.08534
-0.07636
-0.06112
-0.0786
-0.08744
-0.09426
-0.1047
-0.10316
-0.11382
-0.09982
-0.11498
-0.11534
-0.11216
-0.1084
-0.09634
-0.09418
-0.08932
-0.08814
-0.0812
-0.09266
-0.09834
-0.09244
-0.08086
-0.0654
-0.05936
-0.06336
-0.07426
-0.08172
-0.06484
-0.05758
-0.07416
-0.08008
-0.09312
-0.095
-0.09352
-0.1022
-0.08786
-0.07846
-0.06742
-0.07368
-0.06404
-0.0683
-0.08044
-0.07758
-0.06928
-0.06014
-0.07128
-0.07716
-0.09494
-0.09984
-0.09854
-0.09584
-0.08528
-0.08292
-0.08896
-0.08804
-0.09126
-0.09712
-0.09556
-0.09604
-0.10116
-0.09592
-0.09808
-0.08866
-0.08304
-0.0862
-0.10344
-0.08378
-0.08696
-0.10056
-0.0934
-0.09652
-0.09842
-0.11432
-0.10436
-0.09664
-0.1024
-0.1066
-0.09492
-0.0981
-0.09362
-0.10068
-0.09514
-0.09788
-0.08738
-0.09504
-0.07932
-0.067
-0.07196
-0.08716
-0.06766
-0.08378
-0.08194
-0.07334
-0.07036
-0.07874
-0.07676
-0.08874
-0.10154
-0.10756
-0.09932
-0.07552
-0.06474
-0.0665
-0.07834
-0.0718
-0.08332
-0.06928
-0.05952
-0.08154
-0.0928
-0.10306
-0.10578
-0.10564
-0.11068
-0.11902
-0.10086
-0.1128
-0.11458
-0.0995
-0.09992
-0.08028
