-0.645
-0.63948
-0.64356
-0.64472
-0.64928
-0.64424
-0.64536
-0.64198
-0.6496
-0.64722
-0.63856
-0.64234
-0.64544
-0.64168
-0.6408
-0.64282
-0.64512
-0.65068
-0.64292
-0.63614
-0.64382
-0.64826
-0.6431
-0.65008
-0.64582
-0.64164
-0.6425
-0.64858
-0.6558
-0.64702
-0.64644
-0.6433
-0.6425
-0.6456
-0.6366
-0.64636
-0.64688
-0.64546
-0.64502
-0.6503
-0.64466
-0.64858
-0.65014
-0.64452
-0.64758
-0.64366
-0.64484
-0.6451
-0.64516
-0.64144
-0.64284
-0.64364
-0.64104
-0.64292
-0.63898
-0.64148
-0.64468
-0.63994
-0.63934
-0.64652
-0.65084
-0.64402
-0.64642
-0.64246
-0.64794
-0.64236
-0.65026
-0.6453
-0.64576
-0.64294
-0.64412
-0.64988
-0.64018
-0.64764
-0.64048
-0.6412
-0.641
-0.642
-0.64186
-0.64288
-0.64042
-0.64442
-0.63548
-0.64578
-0.64698
-0.64476
-0.64272
-0.64266
-0.6483
-0.63558
-0.64982
-0.64196
-0.64832
-0.63462
-0.64204
-0.64736
-0.64736
-0.64588
-0.64736
-0.64196
-0.65156
-0.64158
-0.64862
-0.6452
-0.6415
-0.64346
-0.64208
-0.6428
-0.64362
-0.64584
-0.64434
-0.64876
-0.64086
-0.65144
-0.64472
-0.64882
-0.6493
-0.651
-0.64046
-0.63434
-0.64204
-0.6425
-0.64592
-0.64624
-0.64856
-0.6506
-0.64456
-0.642
-0.64474
-0.64026
-0.64082
-0.64724
-0.65304
-0.64878
-0.65044
-0.64766
-0.64572
-0.64418
-0.63842
-0.64616
-0.64256
-0.64864
-0.64856
-0.64302
-0.64888
-0.64232
-0.6437
-0.64608
-0.64148
-0.64856
-0.64956
-0.64338
-0.64424
-0.64138
-0.64588
-0.64118
-0.64092
-0.63868
-0.64428
-0.64272
-0.63724
-0.63856
-0.6415
-0.64986
-0.64426
-0.64888
-0.64046
-0.63964
-0.64352
-0.642
-0.65048
-0.64874
-0.64644
-0.64624
-0.6412
-0.64242
-0.64894
-0.6497
-0.64276
-0.63994
-0.64794
-0.64238
-0.64052
-0.65432
-0.63838
-0.64966
-0.63968
-0.64052
-0.64122
-0.64234
-0.64686
-0.64574
-0.64548
-0.6534
-0.6487
-0.65434
-0.64034
-0.64702
-0.63938
-0.64812
-0.63768
-0.64644
-0.64426
-0.64398
-0.6433
-0.6404
-0.64246
-0.6429
-0.64738
-0.64362
-0.64172
-0.64114
-0.64394
-0.64034
-0.64422
-0.64302
-0.64716
-0.6474
-0.64506
-0.64258
-0.64438
-0.64584
-0.64906
-0.6428
-0.6459
-0.64838
-0.64286
-0.6465
-0.635
-0.64056
-0.64514
-0.63976
-0.64904
-0.6508
-0.6402
-0.648
-0.64242
-0.6467
-0.63852
-0.64406
-0.65082
-0.64722
-0.6411
-0.6371
-0.64682
-0.63824
-0.64726
-0.64078
-0.64502
-0.64138
-0.6434
-0.65346
-0.6434
-0.64186
-0.65182
-0.6556
-0.64824
-0.64468
-0.64474
-0.64212
-0.64042
-0.63698
-0.64378
-0.64388
-0.64956
-0.65354
-0.64284
-0.64334
-0.64734
-0.64654
-0.64286
-0.64238
-0.64726
-0.64278
-0.64032
-0.6459
-0.64164
-0.6424
-0.65092
-0.64932
-0.64276
-0.6435
-0.6443
-0.63992
-0.63986
-0.64228
-0.64336
-0.6329
-0.64576
-0.64888
-0.64152
-0.6456
-0.64786
-0.64204
-0.64546
-0.6468
-0.64626
-0.64648
-0.64692
-0.64258
-0.64072
-0.64512
-0.63882
-0.64312
-0.64752
-0.64788
-0.64174
-0.64842
-0.65286
-0.64152
-0.6425
-0.64664
-0.6452
-0.64418
-0.64618
-0.654
-0.6468
-0.64532
-0.64778
-0.64936
-0.6454
-0.64336
-0.64616
-0.64248
-0.65308
-0.64462
-0.63924
-0.64118
-0.63956
-0.64368
-0.65024
-0.6467
-0.64488
-0.6457
-0.6436
-0.64466
-0.6451
-0.64394
-0.64568
-0.64614
-0.64204
-0.64576
-0.6436
-0.6525
-0.64398
-0.64838
-0.64594
-0.64534
-0.6406
-0.64102
-0.64948
-0.64582
-0.64668
-0.65294
-0.64942
-0.64558
-0.64354
-0.64026
-0.64378
-0.64342
-0.63718
-0.64522
-0.64152
-0.64708
-0.64406
-0.64596
-0.64494
-0.6447
-0.64344
-0.6419
-0.64642
-0.6463
-0.6422
-0.6428
-0.64982
-0.63444
-0.63964
-0.64462
-0.6474
-0.64326
-0.64924
-0.64254
-0.6454
-0.6458
-0.64214
-0.63842
-0.64424
-0.64598
-0.6436
-0.65238
-0.64384
-0.64546
-0.64738
-0.6452
-0.64916
-0.64166
-0.64082
-0.65002
-0.64566
-0.64756
-0.64974
-0.64606
-0.64838
-0.65252
-0.63966
-0.64966
-0.64626
-0.64234
-0.65356
-0.64678
-0.64368
-0.65074
-0.64602
-0.65048
-0.64566
-0.64812
-0.64686
-0.63434
-0.64362
-0.6412
-0.65022
-0.64268
-0.63714
-0.65072
-0.64046
-0.64794
-0.6417
-0.65092
-0.65194
-0.65186
-0.65484
-0.64776
-0.64898
-0.64538
-0.64242
-0.64068
-0.64698
-0.6437
-0.64114
-0.64726
-0.64084
-0.64586
-0.64782
-0.64416
-0.64344
-0.64942
-0.64886
-0.64554
-0.64132
-0.63934
-0.64546
-0.63868
-0.64444
-0.64378
-0.64656
-0.64522
-0.65444
-0.6497
-0.64596
-0.6494
-0.65204
-0.64336
-0.64778
-0.63994
-0.64706
-0.6488
-0.64086
-0.6362
-0.64812
-0.64368
-0.64254
-0.64124
-0.64806
-0.64682
-0.64632
-0.6429
-0.63982
-0.64976
-0.64416
-0.64516
-0.64658
-0.64204
-0.64706
-0.64126
-0.65044
-0.64612
-0.64566
-0.64842
-0.64814
-0.6451
-0.6494
-0.64724
-0.63612
-0.65062
-0.64626
-0.6521
-0.64362
-0.64222
-0.65144
-0.64364
-0.6397
-0.6447
-0.64826
-0.64608
-0.6412
-0.6441
-0.6491
-0.64926
-0.64804
-0.6467
-0.65054
-0.64702
-0.64072
-0.64328
-0.64476
-0.65232
-0.6499
-0.64418
-0.64374
-0.64386
-0.64548
-0.64414
-0.64268
-0.64284
-0.64208
-0.64574
-0.64712
-0.64284
-0.64808
-0.64502
-0.64972
-0.6449
-0.64192
-0.64898
-0.6408
-0.64482
-0.64858
-0.64164
-0.64778
-0.63652
-0.64446
-0.64506
-0.6469
-0.64868
-0.64912
-0.6441
-0.6507
-0.63904
-0.64474
-0.64544
-0.63954
-0.64942
-0.6515
-0.64724
-0.63678
-0.65248
-0.6472
-0.63916
-0.64064
-0.64292
-0.64464
-0.64622
-0.64516
-0.64598
-0.63738
-0.64304
-0.64234
-0.64472
-0.64074
-0.65094
-0.64386
-0.64452
-0.64246
-0.64842
-0.64438
-0.6434
-0.63982
-0.6405
-0.64594
-0.6429
-0.64228
-0.65322
-0.64374
-0.64316
-0.6394
-0.64432
-0.64796
-0.6461
-0.64634
-0.64532
-0.648
-0.64488
-0.64584
-0.64668
-0.64772
-0.64236
-0.64144
-0.64644
-0.64892
-0.64708
-0.64476
-0.63982
-0.6382
-0.64834
-0.64886
-0.64732
-0.64562
-0.63948
-0.64432
-0.64212
-0.64252
-0.64634
-0.63978
-0.64552
-0.6391
-0.6492
-0.64336
-0.64588
-0.64334
-0.63874
-0.64658
-0.64794
-0.64798
-0.65018
-0.63992
-0.636
-0.63438
-0.6518
-0.64176
-0.64994
-0.64918
-0.64464
-0.65176
-0.64982
-0.65432
-0.64172
-0.6482
-0.65174
-0.6444
-0.64108
-0.6418
-0.64026
-0.63452
-0.65146
-0.645
-0.644
-0.65852
-0.6431
-0.64226
-0.64504
-0.63976
-0.63916
-0.64032
-0.6463
-0.64726
-0.64268
-0.64724
-0.64388
-0.6436
-0.63978
-0.64652
-0.63974
-0.6504
-0.64762
-0.64384
-0.64508
-0.65158
-0.6474
-0.63978
-0.64172
-0.64818
-0.64984
-0.64426
-0.65348
-0.65326
-0.64432
-0.65298
-0.64
-0.64548
-0.64186
-0.64076
-0.6432
-0.64068
-0.64756
-0.64332
-0.64404
-0.64426
-0.642
-0.64848
-0.64754
-0.64338
-0.63974
-0.64792
-0.6467
-0.64054
-0.64632
-0.64082
-0.64294
-0.64822
-0.64046
-0.64826
-0.64924
-0.64384
-0.65082
-0.64186
-0.64316
-0.6425
-0.64084
-0.64632
-0.6409
-0.64544
-0.64532
-0.65138
-0.64722
-0.6434
-0.6465
-0.63944
-0.63672
-0.646
-0.649
-0.65024
-0.6432
-0.64962
-0.64084
-0.65022
-0.63244
-0.65174
-0.64746
-0.64458
-0.64254
-0.65064
-0.64018
-0.64134
-0.64668
-0.65096
-0.63848
-0.64772
-0.6416
-0.64678
-0.63646
-0.64584
-0.65472
-0.64554
-0.65578
-0.6439
-0.64546
-0.65068
-0.6404
-0.64406
-0.6431
-0.64664
-0.64468
-0.65244
-0.65142
-0.64644
-0.64306
-0.63746
-0.63902
-0.64652
-0.63894
-0.6506
-0.64878
-0.64304
-0.64868
-0.64112
-0.64356
-0.64854
-0.65018
-0.65232
-0.65222
-0.64382
-0.64342
-0.64878
-0.64622
-0.64058
-0.64446
-0.64034
-0.6417
-0.64858
-0.647
-0.64212
-0.63762
-0.64026
-0.63886
-0.6531
-0.64452
-0.64022
-0.64392
-0.64836
-0.64708
-0.64858
-0.64938
-0.63866
-0.63994
-0.64546
-0.6465
-0.64538
-0.64734
-0.64352
-0.65148
-0.63924
-0.64176
-0.63938
-0.65162
-0.64398
-0.64388
-0.64408
-0.6452
-0.64442
-0.64946
-0.6443
-0.6428
-0.64794
-0.644
-0.64366
-0.6429
-0.64622
-0.64386
-0.64616
-0.64416
-0.64196
-0.64806
-0.63852
-0.64256
-0.64236
-0.6483
-0.64896
-0.65408
-0.64098
-0.63792
-0.64628
-0.64756
-0.6449
-0.6503
-0.64762
-0.6395
-0.6461
-0.64308
-0.63798
-0.64144
-0.64676
-0.64082
-0.65096
-0.64112
-0.6439
-0.6442
-0.64828
-0.65132
-0.6426
-0.6495
-0.63656
-0.64404
-0.65556
-0.64214
-0.63654
-0.64126
-0.64582
-0.64292
-0.64824
-0.63738
-0.64592
-0.6449
-0.63972
-0.64852
-0.64662
-0.64838
-0.64796
-0.64294
-0.63892
-0.6462
-0.6416
-0.64024
-0.64936
-0.63784
-0.6485
-0.64402
-0.64322
-0.6482
-0.64738
-0.64862
-0.64798
-0.64116
-0.63886
-0.64688
-0.6416
-0.64328
-0.64358
-0.64434
-0.64362
-0.6454
-0.64356
-0.64278
-0.65028
-0.64854
-0.646
-0.6516
-0.64494
-0.64354
-0.64492
-0.6394
-0.64852
-0.65044
-0.64424
-0.65
-0.64372
-0.64474
-0.64558
-0.63912
-0.64172
-0.64584
-0.6438
-0.64548
-0.6477
-0.64912
-0.64212
-0.64172
-0.65268
-0.64702
-0.64226
-0.64822
-0.64418
-0.63942
-0.64798
-0.64598
-0.64812
-0.6479
-0.6537
-0.64674
-0.6455
-0.64542
-0.64586
-0.64144
-0.654
-0.64572
-0.63544
-0.64934
-0.6466
-0.64828
-0.65538
-0.63282
-0.6485
-0.64608
-0.64384
-0.64446
-0.6471
-0.6451
-0.65326
-0.64476
-0.64916
-0.64398
-0.64326
-0.6414
-0.64102
-0.64036
-0.64938
-0.64854
-0.652
-0.6475
-0.64934
-0.64724
-0.65188
-0.64386
-0.64848
-0.6447
-0.63996
-0.64684
-0.64376
-0.64138
-0.64686
-0.64476
-0.64108
-0.64362
-0.64572
-0.63946
-0.6414
-0.6495
-0.64378
-0.6483
-0.644
-0.64532
-0.64614
-0.65156
-0.64258
-0.64224
-0.64698
-0.64694
-0.65074
-0.65012
-0.64214
-0.64788
-0.6442
-0.64022
-0.64698
-0.65068
-0.64758
-0.64786
-0.6497
-0.64292
-0.65148
-0.6409
-0.64654
-0.64194
-0.64524
-0.64238
-0.6444
-0.64312
-0.64928
-0.63808
-0.63454
-0.64614
-0.65182
-0.64132
-0.64078
-0.64178
-0.65416
-0.63958
-0.63926
-0.6482
-0.6425
-0.64834
-0.64284
-0.64774
-0.64018
-0.65224
-0.64728
-0.65158
-0.64394
-0.6433
-0.64046
-0.64272
-0.63882
-0.6453
-0.64904
-0.6485
-0.64462
-0.64736
-0.64772
-0.65076
-0.64504
-0.63794
-0.64002
-0.64274
-0.64754
-0.65092
-0.64028
-0.64974
-0.64598
-0.64396
-0.64514
-0.64676
-0.63942
-0.6371
-0.6431
-0.64902
-0.64546
-0.64824
-0.648
-0.64508
-0.63574
-0.6445
-0.64924
-0.64602
-0.65106
-0.6395
-0.64214
-0.64402
-0.64956
-0.64776
-0.64362
-0.64778
-0.65216
-0.64856
-0.6445
-0.63956
-0.64438
-0.6441
-0.65152
-0.64844
-0.64116
-0.64288
-0.64642
-0.64668
-0.63642
-0.64826
-0.64484
-0.64686
-0.6429
-0.64644
-0.64224
-0.64614
-0.65092
-0.64496
-0.6489
-0.64988
-0.63882
-0.64808
-0.64338
-0.64682
-0.64304
-0.6385
-0.64198
-0.64726
-0.6438
-0.65298
-0.64844
-0.64148
-0.64436
-0.64468
-0.64598
-0.64584
-0.64758
-0.64246
-0.64308
-0.64504
-0.63994
-0.64386
-0.6515
-0.64756
-0.64202
-0.6435
-0.63398
-0.64642
-0.64076
-0.64298
-0.63912
-0.64804
-0.64422
-0.64344
-0.64644
-0.6462
-0.64452
-0.64172
-0.64678
-0.64672
-0.6449
-0.64038
-0.64926
-0.64408
-0.64146
-0.64164
-0.64236
-0.63712
-0.64258
-0.64238
-0.64136
-0.6447
-0.64834
-0.6423
-0.64316
-0.64512
-0.6441
-0.64236
-0.65122
-0.6484
-0.65416
-0.64426
-0.6496
-0.64758
-0.64594
-0.64274
-0.63498
-0.64798
-0.64642
-0.64782
-0.6441
-0.6483
-0.65114
-0.64344
-0.6366
-0.64088
-0.64068
-0.63998
-0.64734
-0.63926
-0.6459
-0.64748
-0.65268
-0.64818
-0.64242
-0.64324
-0.6456
-0.6417
-0.6417
-0.64876
-0.64812
-0.64712
-0.64144
-0.64664
-0.65004
-0.6387
-0.64938
-0.64864
-0.6421
-0.6484
-0.64392
-0.64384
-0.6402
-0.6451
-0.63502
-0.6427
-0.64896
-0.64736
-0.6414
-0.64546
-0.63562
-0.64704
-0.65196
-0.65026
-0.64728
-0.64768
-0.64574
-0.64548
-0.65082
-0.63932
-0.64568
-0.63982
-0.64852
-0.64684
-0.64082
-0.64838
-0.64708
-0.6416
-0.6446
-0.64064
-0.64662
-0.6465
-0.64558
-0.64138
-0.64146
-0.64602
-0.64892
-0.64032
-0.65142
-0.64586
-0.64272
-0.6463
-0.64084
-0.64108
-0.64482
-0.64562
-0.64208
-0.6456
-0.64724
-0.638
-0.64162
-0.64432
-0.64692
-0.64536
-0.64178
-0.6462
-0.6474
-0.63874
-0.6422
-0.64034
-0.65708
-0.64496
-0.64304
-0.6479
-0.64504
-0.64148
-0.64596
-0.64794
-0.64562
-0.6459
-0.64914
-0.64546
-0.64872
-0.64502
-0.64422
-0.6464
-0.64742
-0.6433
-0.64716
-0.64948
-0.64624
-0.64606
-0.64852
-0.6424
-0.64528
-0.64618
-0.64688
-0.64362
-0.64602
-0.64314
-0.63786
-0.64556
-0.64594
-0.64384
-0.64916
-0.6505
-0.64304
-0.64478
-0.6459
-0.6507
-0.64836
-0.63532
-0.64742
-0.64912
-0.64818
-0.65334
-0.6432
-0.63456
-0.6439
-0.63868
-0.64376
-0.64062
-0.65424
-0.64916
-0.64756
-0.63784
-0.63888
-0.6491
-0.64362
-0.64472
-0.64348
-0.64246
-0.64914
-0.646
-0.64496
-0.64498
-0.64456
-0.65086
-0.6559
-0.64586
-0.64178
-0.64574
-0.6377
-0.64312
-0.64534
-0.63634
-0.64326
-0.64856
-0.64432
-0.64892
-0.64376
-0.65316
-0.64268
-0.64982
-0.64418
-0.64186
-0.65478
-0.6464
-0.64252
-0.64806
-0.6401
-0.64958
-0.63578
-0.64606
-0.6491
-0.64414
-0.64346
-0.63858
-0.649
-0.63964
-0.6439
-0.6467
-0.64854
-0.64908
-0.65156
-0.6474
-0.63984
-0.64718
-0.65008
-0.64266
-0.64364
-0.6479
-0.65026
-0.64504
-0.64226
-0.64612
-0.6489
-0.63932
-0.64058
-0.64502
-0.6328
-0.6447
-0.6409
-0.63896
-0.64612
-0.6422
-0.64026
-0.64252
-0.64044
-0.64608
-0.64724
-0.63952
-0.64542
-0.64936
-0.64354
-0.6504
-0.63844
-0.6385
-0.63904
-0.63774
-0.64458
-0.64064
-0.64696
-0.63938
-0.64632
-0.64576
-0.6442
-0.63454
-0.64202
-0.64164
-0.6533
-0.64002
-0.64506
-0.65036
-0.63938
-0.64026
-0.64472
-0.64432
-0.64354
-0.6358
-0.6428
-0.64372
-0.64124
-0.64308
-0.6455
-0.6448
-0.63774
-0.65012
-0.64438
-0.64746
-0.6523
-0.64852
-0.64176
-0.64514
-0.6476
-0.6453
-0.63728
-0.64554
-0.64642
-0.65368
-0.64882
-0.64758
-0.64774
-0.64722
-0.6441
-0.6421
-0.64132
-0.64168
-0.64494
-0.64552
-0.65068
-0.6513
-0.65238
-0.64036
-0.64284
-0.64842
-0.6475
-0.64146
-0.64204
-0.6405
-0.64882
-0.64452
-0.64654
-0.64434
-0.65692
-0.64574
-0.65024
-0.63888
-0.63926
-0.65086
-0.65238
-0.64794
-0.64948
-0.6446
-0.63942
-0.64716
-0.64476
-0.64474
-0.64882
-0.65048
-0.64364
-0.6476
-0.64392
-0.6446
-0.64774
-0.65016
-0.64732
-0.6538
-0.64372
-0.64054
-0.64054
-0.6422
-0.65126
-0.64432
-0.6446
-0.6448
-0.6369
-0.6455
-0.64324
-0.64338
-0.64514
-0.6418
-0.641
-0.6451
-0.64458
-0.64718
-0.64016
-0.65
-0.63752
-0.64434
-0.64886
-0.65172
-0.64956
-0.64698
-0.64144
-0.65026
-0.65278
-0.64192
-0.64458
-0.64292
-0.64704
-0.63968
-0.64484
-0.6457
-0.6454
-0.65282
-0.64764
-0.6496
-0.65252
-0.6447
-0.64908
-0.64032
-0.64754
-0.64832
-0.6509
-0.64184
-0.64342
-0.65134
-0.64028
-0.65068
-0.64196
-0.6438
-0.64286
-0.64826
-0.64282
-0.64936
-0.64786
-0.64866
-0.64832
-0.645
-0.6402
-0.64116
-0.64184
-0.65016
-0.65094
-0.6441
-0.64604
-0.65066
-0.6411
-0.64386
-0.63568
-0.64286
-0.64644
-0.64862
-0.65184
-0.64954
-0.64742
-0.64586
-0.65238
-0.64384
-0.638
-0.64004
-0.6419
-0.6412
-0.64884
-0.64464
-0.64742
-0.65338
-0.6447
-0.65198
-0.64246
-0.64394
-0.63982
-0.63936
-0.64904
-0.65124
-0.64452
-0.64428
-0.6368
-0.6495
-0.65182
-0.6466
-0.65004
-0.65392
-0.6403
-0.64156
-0.64032
-0.6338
-0.64672
-0.6409
-0.64508
-0.64686
-0.6475
-0.64902
-0.64728
-0.64404
-0.64444
-0.6393
-0.64532
-0.6448
-0.64788
-0.64034
-0.64572
-0.6423
-0.64636
-0.64292
-0.6481
-0.6486
-0.6424
-0.64576
-0.6489
-0.63976
-0.64376
-0.64926
-0.6442
-0.64648
-0.64624
-0.64576
-0.64556
-0.64708
-0.63714
-0.64812
-0.6462
-0.63762
-0.64584
-0.64296
-0.64156
-0.64842
-0.65398
-0.64714
-0.64504
-0.63976
-0.64482
-0.6482
-0.64164
-0.64376
-0.64218
-0.63888
-0.64094
-0.6427
-0.64882
-0.64282
-0.6468
-0.64504
-0.64778
-0.64844
-0.64264
-0.64326
-0.63784
-0.65208
-0.64356
-0.63992
-0.64074
-0.64254
-0.6397
-0.64544
-0.6429
-0.64554
-0.64562
-0.6436
-0.64376
-0.65426
-0.6478
-0.64408
-0.64972
-0.64602
-0.6515
-0.64932
-0.64596
-0.65316
-0.64466
-0.64748
-0.64256
-0.643
-0.64974
-0.65096
-0.65036
-0.64304
-0.64864
-0.64696
-0.64972
-0.6471
-0.64704
-0.64582
-0.64756
-0.63898
-0.64108
-0.65448
-0.65328
-0.647
-0.64106
-0.65308
-0.64364
-0.6457
-0.6515
-0.63868
-0.64502
-0.64296
-0.64838
-0.6447
-0.64378
-0.64902
-0.64512
-0.63814
-0.64134
-0.64444
-0.64416
-0.64198
-0.64032
-0.64612
-0.64894
-0.65126
-0.6455
-0.63988
-0.64522
-0.64806
-0.65488
-0.65
-0.64068
-0.64312
-0.6446
-0.65452
-0.6476
-0.64306
-0.64506
-0.64544
-0.64788
-0.63504
-0.6488
-0.64732
-0.64068
-0.64642
-0.6428
-0.63742
-0.64208
-0.64918
-0.64838
-0.65086
-0.64952
-0.64612
-0.6477
-0.6398
-0.64444
-0.64354
-0.6462
-0.64842
-0.65046
-0.6412
-0.64488
-0.64814
-0.64562
-0.64006
-0.64154
-0.65086
-0.65008
-0.64336
-0.64408
-0.64066
-0.64696
-0.64236
-0.64504
-0.641
-0.65262
-0.6424
-0.64546
-0.6445
-0.64476
-0.648
-0.65342
-0.64532
-0.64894
-0.6489
-0.6428
-0.64292
-0.64496
-0.64242
-0.6395
-0.64392
-0.64458
-0.64122
-0.64488
-0.6487
-0.64824
-0.64678
-0.64574
-0.64728
-0.64182
-0.64266
-0.64452
-0.64636
-0.6412
-0.648
-0.64822
-0.64616
-0.64194
-0.64876
-0.6473
-0.653
-0.6443
-0.6449
-0.64644
-0.64086
-0.64414
-0.64488
-0.64222
-0.6433
-0.64354
-0.64406
-0.65086
-0.65382
-0.64282
-0.65216
-0.65164
-0.64184
-0.63734
-0.64784
-0.64098
-0.64738
-0.64904
-0.64104
-0.64122
-0.64578
-0.64312
-0.64488
-0.64134
-0.64928
-0.64294
-0.64376
-0.63888
-0.64162
-0.64032
-0.64396
-0.64424
-0.64602
-0.63994
-0.6435
-0.6448
-0.64436
-0.6427
-0.64146
-0.64082
-0.65076
-0.64832
-0.64846
-0.64948
-0.6427
-0.6419
-0.64468
-0.6443
-0.64386
-0.64712
-0.6388
-0.64188
-0.639
-0.64216
-0.64298
-0.64562
-0.64318
-0.63742
-0.64814
-0.64656
-0.6535
-0.64456
-0.6476
-0.6461
-0.64548
-0.6415
-0.6517
-0.64536
-0.63926
-0.64728
-0.63766
-0.65276
-0.64364
-0.65304
-0.64732
-0.64638
-0.64136
-0.64832
-0.64656
-0.64762
-0.64136
-0.64556
-0.64366
-0.63706
-0.64558
-0.64172
-0.64826
-0.64378
-0.64294
-0.65154
-0.6459
-0.64814
-0.6535
-0.6527
-0.6426
-0.64314
-0.644
-0.64442
-0.64308
-0.64226
-0.64204
-0.65012
-0.64788
-0.6504
-0.64236
-0.64542
-0.64968
-0.64554
-0.64378
-0.64754
-0.63924
-0.64234
-0.64944
-0.64348
-0.6424
-0.64102
-0.63704
-0.64142
-0.64464
-0.64946
-0.64476
-0.64132
-0.64592
-0.64266
-0.65104
-0.64266
-0.64868
-0.645
-0.64286
-0.64194
-0.64462
-0.6455
-0.6446
-0.63858
-0.64016
-0.6474
-0.6484
-0.63698
-0.64874
-0.64538
-0.64418
-0.648
-0.6418
-0.6465
-0.64636
-0.6488
-0.64352
-0.6523
-0.64486
-0.64066
-0.64536
-0.64396
-0.64886
-0.63884
-0.6409
-0.6473
-0.64956
-0.64152
-0.63894
-0.63828
-0.6401
-0.6482
-0.64056
-0.65164
-0.6417
-0.64286
-0.63992
-0.64762
-0.64136
-0.64482
-0.64992
-0.64594
-0.64438
-0.64104
-0.6472
-0.6466
-0.64072
-0.64724
-0.6484
-0.63974
-0.64928
-0.64464
-0.63598
-0.64928
-0.6391
-0.64334
-0.64734
-0.63714
-0.64772
-0.63534
-0.64948
-0.64596
-0.64224
-0.65194
-0.6447
-0.63978
-0.6432
-0.64782
-0.63902
-0.64842
-0.64542
-0.64644
-0.64454
-0.65028
-0.64344
-0.63854
-0.6429
-0.6513
-0.64626
-0.6496
-0.6429
-0.64512
-0.64516
-0.64882
-0.64228
-0.64484
-0.63996
-0.63904
-0.63964
-0.64026
-0.64552
-0.64472
-0.64582
-0.64198
-0.64178
-0.64452
-0.65124
-0.64266
-0.6491
-0.64794
-0.64624
-0.64332
-0.64794
-0.64868
-0.65046
-0.6479
-0.6478
-0.63534
-0.64614
-0.65158
-0.65294
-0.64458
-0.6461
-0.64504
-0.6451
-0.64196
-0.64504
-0.64206
-0.63914
-0.64786
-0.642
-0.64114
-0.64688
-0.6409
-0.63818
-0.65076
-0.64962
-0.65394
-0.64432
-0.6509
-0.64322
-0.6381
-0.64922
-0.64682
-0.65038
-0.63638
-0.64848
-0.64176
-0.64344
-0.64244
-0.64164
-0.64094
-0.64288
-0.64288
-0.64228
-0.63872
-0.64038
-0.64462
-0.64172
-0.64978
-0.64068
-0.64538
-0.64168
-0.6488
-0.64348
-0.64756
-0.64558
-0.64698
-0.64488
-0.6392
-0.64338
-0.6472
-0.64298
-0.6479
-0.64832
-0.63864
-0.64442
-0.64068
-0.64268
-0.63786
-0.64772
-0.6472
-0.64648
-0.65274
-0.63874
-0.63616
-0.64158
-0.64078
-0.64142
-0.65214
-0.63904
-0.64478
-0.64152
-0.63852
-0.65614
-0.64304
-0.64418
-0.6414
-0.64392
-0.6425
-0.6434
-0.64514
-0.64978
-0.6445
-0.64738
-0.63872
-0.63992
-0.65048
-0.6409
-0.64866
-0.64446
-0.6452
-0.64914
-0.6324
-0.64202
-0.64646
-0.64388
-0.64686
-0.64328
-0.6488
-0.64208
-0.64244
-0.64456
-0.64572
-0.6398
-0.65158
-0.64878
-0.64374
-0.6431
-0.64488
-0.64996
-0.64474
-0.643
-0.64832
-0.64664
-0.64872
-0.64964
-0.64866
-0.65272
-0.6485
-0.63114
-0.6469
-0.64396
-0.64146
-0.64886
-0.64894
-0.63904
-0.64212
-0.64322
-0.64132
-0.63804
-0.64952
-0.64604
-0.64942
-0.64236
-0.65176
-0.6421
-0.64598
-0.64614
-0.64162
-0.64092
-0.63536
-0.64306
-0.6454
-0.64276
-0.64564
-0.64594
-0.64696
-0.64686
-0.63134
-0.63962
-0.64304
-0.63538
-0.64294
-0.64238
-0.64374
-0.64958
-0.64482
-0.64118
-0.64928
-0.63776
-0.65168
-0.63992
-0.64492
-0.65052
-0.64142
-0.64644
-0.64432
-0.63964
-0.64334
-0.64872
-0.64176
-0.63966
-0.64756
-0.64666
-0.6472
-0.64676
-0.64804
-0.64124
-0.64324
-0.63822
-0.6475
-0.64584
-0.64922
-0.65302
-0.64948
-0.64686
-0.64866
-0.64856
-0.6415
-0.63784
-0.63922
-0.64814
-0.64658
-0.64272
-0.64384
-0.65372
-0.64722
-0.64092
-0.63986
-0.64398
-0.64308
-0.6472
-0.65136
-0.651
-0.64304
-0.64094
-0.64178
-0.65018
-0.64108
-0.64176
-0.6478
-0.65076
-0.64596
-0.64866
-0.64752
-0.64932
-0.64434
-0.6515
-0.65146
-0.64772
-0.64412
-0.63654
-0.64362
-0.64668
-0.6419
-0.64996
-0.64638
-0.6438
-0.64476
-0.64724
-0.63862
-0.646
-0.65578
-0.64402
-0.64908
-0.64878
-0.6447
-0.63978
-0.63824
-0.64914
-0.64368
-0.639
-0.65002
-0.64554
-0.64048
-0.64266
-0.64172
-0.64096
-0.6436
-0.63852
-0.64436
-0.63824
-0.64218
-0.6403
-0.64452
-0.64158
-0.6441
-0.64828
-0.6448
-0.64152
-0.64536
-0.64304
-0.63876
-0.64344
-0.64264
-0.64674
-0.64174
-0.64998
-0.65494
-0.64578
-0.64674
-0.6434
-0.64242
-0.64336
-0.6395
-0.64756
-0.64804
-0.64024
-0.64306
-0.6473
-0.64388
-0.64734
-0.64656
-0.64436
-0.65008
-0.64884
-0.63886
-0.6437
-0.64178
-0.64706
-0.64178
-0.63364
-0.65454
-0.63974
-0.64572
-0.65206
-0.65158
-0.64506
-0.6432
-0.64626
-0.6405
-0.64938
-0.64484
-0.64146
-0.64582
-0.64528
-0.63636
-0.64592
-0.64796
-0.645
-0.6426
-0.64346
-0.64178
-0.6438
-0.64296
-0.6468
-0.64266
-0.64722
-0.63856
-0.64746
-0.64332
-0.646
-0.6483
-0.64888
-0.6421
-0.64612
-0.64204
-0.64364
-0.64368
-0.64642
-0.65074
-0.656
-0.64856
-0.64582
-0.64154
-0.64026
-0.6488
-0.65034
-0.64338
-0.64882
-0.64386
-0.65248
-0.6469
-0.64478
-0.6426
-0.65282
-0.64336
-0.65584
-0.6416
-0.64596
-0.64602
-0.65106
-0.6478
-0.64546
-0.64158
-0.64494
-0.64246
-0.64442
-0.63856
-0.64752
-0.64126
-0.64114
-0.64598
-0.64288
-0.64288
-0.64322
-0.6399
-0.6443
-0.64458
-0.6475
-0.6469
-0.64276
-0.64906
-0.64856
-0.64912
-0.647
-0.64368
-0.64778
-0.6494
-0.64188
-0.64282
-0.6392
-0.64814
-0.65166
-0.65348
-0.64476
-0.64204
-0.64412
-0.63708
-0.63912
-0.6374
-0.6537
-0.6352
-0.64344
-0.64176
-0.6502
-0.63522
-0.64446
-0.64062
-0.64782
-0.64076
-0.63946
-0.64312
-0.64064
-0.6411
-0.64244
-0.642
-0.6412
-0.634
-0.64262
-0.64672
-0.64194
-0.65
-0.63504
-0.64324
-0.6382
-0.64054
-0.6459
-0.64162
-0.63916
-0.64226
-0.64518
-0.63786
-0.6479
-0.64438
-0.6434
-0.6413
-0.64198
-0.64876
-0.64302
-0.65548
-0.64662
-0.64496
-0.65086
-0.64862
-0.65098
-0.64566
-0.64124
-0.64628
-0.64742
-0.64654
-0.64446
-0.63704
-0.64678
-0.64854
-0.6492
-0.64554
-0.6437
-0.65204
-0.64536
-0.63762
-0.63496
-0.64216
-0.64226
-0.6484
-0.65124
-0.65326
-0.64136
-0.65206
-0.64598
-0.64712
-0.64206
-0.64664
-0.64388
-0.64536
-0.64654
-0.65196
-0.63806
-0.64606
-0.64646
-0.64676
-0.64386
-0.6434
-0.64692
-0.65086
-0.64354
-0.64864
-0.64556
-0.64696
-0.64572
-0.64668
-0.64294
-0.64122
-0.64972
-0.65244
-0.64868
-0.64028
-0.64142
-0.6459
-0.64444
-0.6441
-0.64242
-0.6412
-0.64472
-0.64708
-0.64474
-0.64612
-0.64424
-0.6436
-0.64482
-0.64526
-0.64622
-0.64568
-0.65082
-0.65056
-0.64392
-0.64464
-0.64226
-0.64248
-0.64596
-0.64616
-0.64206
-0.63994
-0.63724
-0.64598
-0.64028
-0.64434
-0.64656
-0.64118
-0.6441
-0.6462
-0.64124
-0.64416
-0.65362
-0.64288
-0.64886
-0.64362
-0.65132
-0.64292
-0.6415
-0.64712
-0.64384
-0.64696
-0.6477
-0.64376
-0.6441
-0.63386
-0.64356
-0.64074
-0.64716
-0.64062
-0.65686
-0.64368
-0.63826
-0.65026
-0.6397
-0.64844
-0.65168
-0.64912
-0.65148
-0.64044
-0.64094
-0.64234
-0.64034
-0.65034
-0.63864
-0.64964
-0.64592
-0.64316
-0.64906
-0.64596
-0.64244
-0.63654
-0.64718
-0.63896
-0.64582
-0.63738
-0.65248
-0.64498
-0.6464
-0.64596
-0.6449
-0.6376
-0.64214
-0.6407
-0.64502
-0.63758
-0.64446
-0.64882
-0.64366
-0.64236
-0.64596
-0.65234
-0.64592
-0.64956
-0.64594
-0.64292
-0.65012
-0.6348
-0.64538
-0.64864
-0.64554
-0.64812
-0.64118
-0.64516
-0.64538
-0.64336
-0.6433
-0.64388
-0.63884
-0.64136
-0.64012
-0.65184
-0.64106
-0.6448
-0.644
-0.6494
-0.65068
-0.64426
-0.64886
-0.64576
-0.64258
-0.64248
-0.64222
-0.6467
-0.64624
-0.64358
-0.64262
-0.64322
-0.65054
-0.64856
-0.64736
-0.6443
-0.63904
-0.64278
-0.64166
-0.64412
-0.64276
-0.65342
-0.64104
-0.637
-0.64452
-0.64264
-0.65174
-0.647
-0.6377
-0.64514
-0.6472
-0.65102
-0.64428
-0.643
-0.64844
-0.64228
-0.64874
-0.63912
-0.6382
-0.64864
-0.64842
-0.651
-0.6357
-0.64286
-0.65012
-0.64948
-0.64724
-0.64686
-0.6449
-0.64686
-0.64504
-0.64218
-0.64938
-0.64654
-0.6431
-0.64434
-0.64392
-0.65224
-0.64922
-0.64192
-0.65054
-0.64282
-0.65122
-0.65144
-0.64104
-0.6459
-0.65198
-0.64438
-0.64232
-0.6441
-0.64548
-0.64758
-0.64848
-0.64626
-0.6413
-0.64824
-0.64684
-0.6478
-0.64746
-0.64998
-0.65052
-0.65012
-0.64412
-0.64582
-0.63944
-0.64962
-0.65114
-0.65168
-0.64854
-0.64022
-0.64458
-0.65162
-0.64214
-0.64992
-0.6458
-0.65148
-0.64914
-0.64232
-0.64412
-0.64962
-0.64428
-0.64422
-0.64244
-0.64822
-0.65088
-0.64028
-0.6439
-0.64458
-0.6501
-0.6504
-0.65038
-0.64084
-0.64112
-0.64644
-0.6468
-0.64318
-0.64338
-0.65034
-0.64668
-0.6493
-0.64288
-0.64
-0.64302
-0.64934
-0.64724
-0.6459
-0.64136
-0.64082
-0.64284
-0.64642
-0.64458
-0.6465
-0.64804
-0.64954
-0.64234
-0.64566
-0.64758
-0.64608
-0.64998
-0.64382
-0.6409
-0.64594
-0.65192
-0.64874
-0.64792
-0.63988
-0.6393
-0.64878
-0.64936
-0.64402
-0.64472
-0.64696
-0.64376
-0.64652
-0.63878
-0.63754
-0.6481
-0.63672
-0.64014
-0.64472
-0.64846
-0.6435
-0.6422
-0.65274
-0.64516
-0.64456
-0.648
-0.64276
-0.6424
-0.64608
-0.6469
-0.64608
-0.6466
-0.64524
-0.64266
-0.64368
-0.64872
-0.64388
-0.6559
-0.64162
-0.65042
-0.64144
-0.64748
-0.63838
-0.64392
-0.6442
-0.64564
-0.64628
-0.64818
-0.64936
-0.63766
-0.6432
-0.64254
-0.64526
-0.64232
-0.64582
-0.6472
-0.65018
-0.638
-0.64444
-0.64724
-0.64472
-0.65056
-0.64106
-0.63778
-0.64488
-0.6427
-0.64376
-0.64168
-0.64436
-0.64342
-0.64684
-0.65136
-0.63792
-0.64002
-0.65602
-0.64752
-0.6413
-0.64508
-0.64716
-0.64336
-0.64574
-0.64956
-0.64066
-0.64316
-0.64802
-0.63742
-0.64048
-0.64792
-0.65228
-0.63808
-0.64416
-0.64926
-0.64788
-0.65376
-0.6477
-0.6421
-0.64176
-0.64592
-0.63844
-0.64732
-0.65284
-0.64398
-0.6418
-0.6526
-0.63896
-0.64478
-0.64282
-0.64754
-0.64302
-0.65038
-0.65114
-0.64138
-0.64088
-0.65108
-0.64984
-0.64512
-0.64898
-0.63952
-0.64852
-0.6472
-0.647
-0.64558
-0.64758
-0.64118
-0.6476
-0.63936
-0.64602
-0.64456
-0.64818
-0.6453
-0.64716
-0.6425
-0.6401
-0.64768
-0.64544
-0.64134
-0.64284
-0.64664
-0.64196
-0.64718
-0.65172
-0.63536
-0.6466
-0.65216
-0.6445
-0.64238
-0.6449
-0.64326
-0.64254
-0.63968
-0.64166
-0.6461
-0.64872
-0.63582
-0.6385
-0.6416
-0.64794
-0.64668
-0.6453
-0.64762
-0.64172
-0.64568
-0.65026
-0.64242
-0.6458
-0.64508
-0.64158
-0.64298
-0.64416
-0.64374
-0.64622
-0.65372
-0.6431
-0.64794
-0.6474
-0.64232
-0.6407
-0.6409
-0.6442
-0.63988
-0.65102
-0.64326
-0.6474
-0.64614
-0.64244
-0.6477
-0.65134
-0.63946
-0.64618
-0.64664
-0.6415
-0.6458
-0.6475
-0.64194
-0.6471
-0.64106
-0.6404
-0.63578
-0.63792
-0.64882
-0.63854
-0.64964
-0.65468
-0.6472
-0.65252
-0.64596
-0.64584
-0.65188
-0.64554
-0.64782
-0.64702
-0.64636
-0.65224
-0.64684
-0.64166
-0.65158
-0.64272
-0.64314
-0.6426
-0.64258
-0.64298
-0.64314
-0.64954
-0.63824
-0.64894
-0.64488
-0.64248
-0.63898
-0.6494
-0.6507
-0.64048
-0.64024
-0.64866
-0.64418
-0.64648
-0.65064
-0.64126
-0.64434
-0.6484
-0.65222
-0.6419
-0.64538
-0.64752
-0.6465
-0.64294
-0.64324
-0.65328
-0.64416
-0.63908
-0.64074
-0.64292
-0.64014
-0.63924
-0.64384
-0.63884
-0.64388
-0.64426
-0.64858
-0.65048
-0.63742
-0.65444
-0.63588
-0.63554
-0.64334
-0.64246
-0.6437
-0.647
-0.64186
-0.64882
-0.64678
-0.64582
-0.645
-0.64606
-0.64444
-0.63876
-0.6414
-0.64484
-0.63942
-0.63524
-0.64412
-0.64168
-0.6425
-0.6442
-0.6417
-0.64928
-0.64908
-0.63834
-0.64308
-0.64452
-0.64258
-0.64802
-0.64302
-0.63814
-0.64528
-0.6456
-0.64406
-0.64492
-0.6441
-0.6492
-0.64128
-0.6443
-0.64068
-0.6434
-0.64624
-0.64516
-0.64828
-0.64866
-0.64234
-0.6436
-0.64446
-0.64442
-0.64392
-0.65032
-0.64642
-0.6444
-0.64024
-0.64876
-0.64746
-0.64348
-0.65242
-0.6432
-0.6476
-0.64488
-0.64518
-0.6462
-0.64276
-0.64878
-0.64456
-0.6411
-0.63798
-0.65376
-0.6386
-0.64664
-0.65382
-0.64482
-0.63782
-0.645
-0.6474
-0.64682
-0.64504
-0.64452
-0.65062
-0.6469
-0.64852
-0.64866
-0.64342
-0.64028
-0.64776
-0.64428
-0.64738
-0.64198
-0.64352
-0.64446
-0.65028
-0.64608
-0.64572
-0.63466
-0.64844
-0.64722
-0.6488
-0.65008
-0.64848
-0.6461
-0.6471
-0.6443
-0.64422
-0.6419
-0.6408
-0.64294
-0.64554
-0.64034
-0.63784
-0.65102
-0.64922
-0.64536
-0.64622
-0.64664
-0.64588
-0.6493
-0.64066
-0.64452
-0.63652
-0.63468
-0.6482
-0.63354
-0.64762
-0.63988
-0.64002
-0.64486
-0.6454
-0.63758
-0.64366
-0.64546
-0.6434
-0.64798
-0.64878
-0.6482
-0.64396
-0.64582
-0.64088
-0.64576
-0.65002
-0.64366
-0.64806
-0.6532
-0.64878
-0.6493
-0.64264
-0.64364
-0.6434
-0.64798
-0.64658
-0.63944
-0.6457
-0.6531
-0.6417
-0.6456
-0.63876
-0.64498
-0.64576
-0.65
-0.6453
-0.64488
-0.63842
-0.64894
-0.64306
-0.64324
-0.64928
-0.64574
-0.6512
-0.65216
-0.64926
-0.65214
-0.6514
-0.64312
-0.641
-0.64528
-0.64472
-0.64788
-0.65056
-0.6467
-0.63848
-0.64232
-0.64614
-0.64962
-0.65092
-0.64616
-0.6373
-0.64256
-0.64064
-0.64642
-0.64764
-0.63958
-0.64846
-0.64434
-0.64704
-0.64304
-0.6451
-0.64008
-0.63994
-0.64216
-0.6438
-0.6454
-0.64092
-0.64492
-0.64894
-0.64372
-0.64124
-0.64354
-0.64524
-0.64266
-0.64014
-0.64834
-0.64442
-0.6421
-0.64022
-0.64944
-0.64858
-0.65046
-0.6498
-0.6528
-0.6482
-0.64544
-0.64476
-0.65066
-0.64422
-0.64228
-0.64266
-0.64046
-0.6464
-0.64844
-0.64716
-0.6433
-0.645
-0.64112
-0.64166
-0.64116
-0.64786
-0.64104
-0.6476
-0.64556
-0.63878
-0.64596
-0.64204
-0.64758
-0.64758
-0.6432
-0.6417
-0.64732
-0.64256
-0.64304
-0.64878
-0.6384
-0.65384
-0.64104
-0.6408
-0.64652
-0.64798
-0.64704
-0.65082
-0.64476
-0.65144
-0.64502
-0.64714
-0.63656
-0.65174
-0.6437
-0.64044
-0.64798
-0.64336
-0.64214
-0.64576
-0.64108
-0.64182
-0.64038
-0.6439
-0.64698
-0.63972
-0.64406
-0.64982
-0.64798
-0.6462
-0.64466
-0.65124
-0.64292
-0.64342
-0.64764
-0.6378
-0.64126
-0.64516
-0.64622
-0.64114
-0.644
-0.63894
-0.64738
-0.65104
-0.65402
-0.64756
-0.65238
-0.64912
-0.64108
-0.644
-0.64384
-0.63836
-0.64286
-0.64004
-0.64554
-0.64622
-0.65494
-0.64548
-0.65304
-0.64218
-0.6475
-0.64556
-0.64814
-0.6409
-0.63932
-0.63772
-0.63948
-0.64224
-0.64572
-0.64806
-0.64708
-0.6381
-0.63822
-0.64794
-0.63332
-0.64768
-0.64044
-0.64754
-0.64012
-0.6441
-0.6506
-0.64254
-0.64572
-0.64326
-0.64184
-0.64506
-0.65102
-0.64968
-0.64398
-0.64708
-0.64614
-0.64242
-0.64438
-0.6472
-0.64392
-0.6474
-0.64018
-0.63938
-0.64456
-0.6448
-0.63854
-0.6437
-0.63946
-0.64652
-0.64798
-0.64452
-0.64414
-0.64162
-0.64618
-0.6486
-0.64862
-0.6388
-0.6469
-0.6415
-0.63404
-0.64038
-0.6455
-0.63716
-0.64572
-0.64618
-0.645
-0.64394
-0.6446
-0.64436
-0.6519
-0.65328
-0.65138
-0.63992
-0.64216
-0.64608
-0.64926
-0.64622
-0.64096
-0.64568
-0.64202
-0.64772
-0.64872
-0.6434
-0.64424
-0.6404
-0.64498
-0.65202
-0.64426
-0.6472
-0.6468
-0.64238
-0.6413
-0.64692
-0.64778
-0.64512
-0.648
-0.649
-0.65164
-0.64968
-0.64664
-0.64146
-0.64478
-0.64794
-0.64654
-0.65592
-0.64858
-0.6448
-0.64356
-0.63936
-0.65078
-0.64106
-0.65216
-0.64118
-0.63916
-0.64328
-0.6451
-0.64716
-0.6436
-0.6397
-0.64644
-0.64616
-0.64148
-0.65086
-0.64146
-0.64302
-0.64674
-0.64474
-0.64998
-0.64148
-0.64042
-0.65072
-0.63822
-0.64334
-0.64042
-0.64082
-0.64994
-0.64234
-0.64054
-0.6482
-0.64722
-0.65088
-0.65024
-0.64634
-0.64764
-0.64902
-0.64738
-0.65348
-0.63902
-0.64152
-0.6404
-0.64182
-0.64164
-0.63798
-0.6414
-0.6381
-0.65086
-0.64238
-0.65036
-0.64406
-0.64474
-0.647
-0.64422
-0.64072
-0.6477
-0.64922
-0.64578
-0.64746
-0.64688
-0.64882
-0.63902
-0.64718
-0.64698
-0.64068
-0.6457
-0.64014
-0.64954
-0.64632
-0.65118
-0.65204
-0.64576
-0.64138
-0.6505
-0.64752
-0.64836
-0.64074
-0.64382
-0.64536
-0.64698
-0.6495
-0.64988
-0.64366
-0.6423
-0.64982
-0.63684
-0.63306
-0.64738
-0.64324
-0.65156
-0.6431
-0.64658
-0.64024
-0.6488
-0.65306
-0.64658
-0.64166
-0.64774
-0.64606
-0.64538
-0.64682
-0.64556
-0.63806
-0.64638
-0.64222
-0.6519
-0.64828
-0.6367
-0.64098
-0.64296
-0.65146
-0.64554
-0.64442
-0.63934
-0.64196
-0.64466
-0.6486
-0.6399
-0.64382
-0.6452
-0.65346
-0.64714
-0.64186
-0.64196
-0.64424
-0.6412
-0.6436
-0.64172
-0.64356
-0.64016
-0.6469
-0.6403
-0.64766
-0.642
-0.64626
-0.64736
-0.6511
-0.64976
-0.64976
-0.64808
-0.64902
-0.64532
-0.64788
-0.64384
-0.6402
-0.64324
-0.64032
-0.63696
-0.64602
-0.64616
-0.6419
-0.6426
-0.63948
-0.63898
-0.64806
-0.6515
-0.64836
-0.64768
-0.63504
-0.64406
-0.6512
-0.64528
-0.64044
-0.64734
-0.64264
-0.64726
-0.64204
-0.64298
-0.64654
-0.6491
-0.63772
-0.64574
-0.65144
-0.64642
-0.64716
-0.65078
-0.64536
-0.6405
-0.642
-0.64826
-0.64696
-0.6471
-0.64564
-0.64108
-0.64444
-0.64472
-0.63776
-0.64358
-0.64634
-0.64868
-0.64318
-0.64698
-0.63952
-0.64522
-0.64964
-0.64558
-0.64754
-0.64002
-0.64688
-0.64554
-0.64618
-0.6479
-0.63772
-0.64294
-0.64306
-0.6435
-0.64474
-0.6491
-0.64148
-0.64826
-0.63822
-0.64304
-0.65172
-0.64098
-0.64368
-0.64796
-0.6455
-0.63808
-0.63996
-0.6453
-0.65258
-0.64792
-0.64532
-0.64476
-0.64614
-0.6385
-0.64532
-0.64942
-0.64972
-0.64564
-0.64376
-0.64668
-0.64454
-0.64142
-0.64088
-0.64978
-0.65052
-0.64444
-0.64404
-0.64418
-0.64894
-0.64424
-0.64286
-0.63834
-0.6408
-0.64506
-0.64334
-0.64606
-0.63956
-0.64618
-0.64742
-0.65168
-0.63782
-0.64776
-0.64992
-0.64822
-0.64798
-0.64538
-0.64524
-0.64684
-0.6417
-0.64274
-0.6461
-0.65022
-0.64436
-0.65366
-0.63822
-0.6461
-0.64596
-0.64476
-0.64504
-0.64542
-0.65156
-0.63844
-0.64852
-0.64754
-0.63954
-0.64642
-0.64278
-0.64952
-0.64544
-0.64324
-0.64632
-0.6482
-0.64612
-0.6428
-0.64702
-0.6448
-0.64736
-0.63966
-0.63942
-0.63802
-0.65128
-0.64264
-0.64428
-0.6383
-0.64584
-0.64638
-0.63966
-0.64898
-0.64376
-0.64792
-0.63638
-0.65016
-0.64428
-0.6444
-0.64528
-0.64256
-0.64244
-0.6419
-0.64498
-0.64248
-0.64376
-0.64078
-0.64472
-0.6428
-0.64422
-0.6326
-0.6447
-0.65314
-0.64254
-0.64638
-0.6483
-0.6457
-0.64374
-0.64738
-0.65176
-0.63662
-0.64286
-0.64784
-0.64606
-0.64534
-0.63994
-0.64154
-0.64412
-0.65492
-0.64326
-0.64786
-0.63994
-0.63532
-0.64422
-0.63738
-0.64192
-0.63904
-0.6498
-0.6476
-0.64384
-0.64546
-0.64488
-0.64248
-0.64832
-0.6453
-0.6436
-0.64078
-0.64388
-0.64408
-0.64156
-0.64904
-0.6387
-0.64494
-0.64256
-0.6415
-0.65004
-0.6441
-0.64476
-0.64576
-0.6423
-0.63726
-0.64564
-0.64756
-0.6508
-0.64366
-0.64694
-0.64736
-0.64698
-0.64238
-0.65096
-0.64834
-0.64836
-0.65142
-0.64348
-0.6404
-0.64308
-0.64202
-0.64708
-0.65632
-0.64344
-0.6456
-0.6452
-0.65326
-0.6469
-0.64976
-0.64004
-0.6395
-0.64612
-0.64932
-0.64492
-0.65274
-0.64478
-0.64772
-0.65288
-0.64878
-0.64146
-0.6547
-0.64554
-0.64516
-0.64562
-0.64864
-0.64594
-0.64602
-0.65096
-0.64352
-0.6455
-0.64466
-0.63984
-0.64272
-0.64714
-0.64598
-0.65068
-0.64892
-0.64184
-0.64196
-0.64398
-0.64932
-0.65176
-0.64548
-0.64768
-0.6389
-0.63674
-0.6412
-0.64252
-0.63878
-0.6489
-0.64748
-0.64446
-0.64198
-0.63956
-0.63986
-0.64102
-0.6433
-0.64578
-0.65686
-0.64572
-0.64174
-0.64042
-0.65088
-0.64244
-0.64786
-0.63824
-0.64044
-0.64388
-0.6423
-0.64058
-0.64334
-0.6366
-0.64694
-0.64594
-0.6447
-0.64532
-0.64754
-0.64906
-0.64488
-0.64666
-0.6447
-0.64454
-0.64218
-0.63894
-0.64292
-0.63964
-0.64866
-0.64782
-0.6445
-0.64194
-0.64022
-0.64614
-0.64124
-0.6463
-0.6432
-0.65284
-0.64708
-0.64556
-0.65044
-0.6481
-0.64118
-0.65002
-0.64026
-0.64314
-0.64958
-0.65278
-0.65268
-0.63602
-0.64378
-0.63518
-0.6508
-0.63866
-0.64228
-0.63796
-0.6386
-0.64714
-0.64004
-0.65092
-0.64764
-0.6477
-0.64678
-0.6421
-0.6491
-0.65158
-0.64966
-0.6462
-0.64452
-0.64278
-0.64626
-0.64808
-0.6447
-0.64294
-0.6456
-0.64718
-0.64426
-0.64304
-0.6452
-0.64626
-0.64252
-0.64386
-0.64152
-0.65732
-0.6403
-0.6421
-0.64288
-0.64422
-0.64306
-0.64674
