-0.9326
-0.9309
-0.93404
-0.93088
-0.93338
-0.93126
-0.93382
-0.93128
-0.93148
-0.93244
-0.93074
-0.92974
-0.93062
-0.92934
-0.92956
-0.92908
-0.93274
-0.93078
-0.93192
-0.93114
-0.92998
-0.92958
-0.93048
-0.93266
-0.93052
-0.93204
-0.9333
-0.93044
-0.9304
-0.93298
-0.93286
-0.93376
-0.93338
-0.92958
-0.92864
-0.93326
-0.9355
-0.93208
-0.92926
-0.93318
-0.93058
-0.93022
-0.93134
-0.93364
-0.93058
-0.93346
-0.9331
-0.93298
-0.92754
-0.93196
-0.93038
-0.93022
-0.93178
-0.92908
-0.93304
-0.93064
-0.92834
-0.93418
-0.93196
-0.92866
-0.93304
-0.9308
-0.93082
-0.93346
-0.92894
-0.9324
-0.93464
-0.92936
-0.93212
-0.93114
-0.92822
-0.93222
-0.9289
-0.92918
-0.93004
-0.9281
-0.93302
-0.93152
-0.93126
-0.9292
-0.93016
-0.92944
-0.93056
-0.93272
-0.93088
-0.93542
-0.93192
-0.9296
-0.92898
-0.93174
-0.92968
-0.93312
-0.93276
-0.93482
-0.93022
-0.92988
-0.93218
-0.93054
-0.92928
-0.92842
-0.9298
-0.92976
-0.92776
-0.92988
-0.9294
-0.93232
-0.93298
-0.93428
-0.93448
-0.92992
-0.93218
-0.93206
-0.93072
-0.93154
-0.9285
-0.93016
-0.93014
-0.92848
-0.92926
-0.9306
-0.9318
-0.92952
-0.9333
-0.9291
-0.93248
-0.93236
-0.92818
-0.93502
-0.93228
-0.93236
-0.92964
-0.93588
-0.92888
-0.93008
-0.92988
-0.9295
-0.9318
-0.93074
-0.93244
-0.93004
-0.93106
-0.9318
-0.93102
-0.92988
-0.92968
-0.9316
-0.93132
-0.93392
-0.93108
-0.9318
-0.9325
-0.93222
-0.93306
-0.9315
-0.93038
-0.93006
-0.9324
-0.9322
-0.93112
-0.93426
-0.93124
-0.93322
-0.9297
-0.93348
-0.92798
-0.93148
-0.9289
-0.93374
-0.9312
-0.92964
-0.93304
-0.93154
-0.9314
-0.92934
-0.93198
-0.93302
-0.93024
-0.93062
-0.93136
-0.92906
-0.93124
-0.93194
-0.93442
-0.93208
-0.92904
-0.93142
-0.93276
-0.9333
-0.92936
-0.93026
-0.9317
-0.93232
-0.93112
-0.93186
-0.93136
-0.936
-0.93418
-0.92974
-0.93134
-0.93068
-0.93128
-0.93128
-0.93128
-0.92816
-0.92918
-0.93074
-0.93322
-0.933
-0.92878
-0.92964
-0.92932
-0.93322
-0.93038
-0.93116
-0.9317
-0.9299
-0.93084
-0.93364
-0.93014
-0.933
-0.9299
-0.93118
-0.92722
-0.92982
-0.93058
-0.92918
-0.93316
-0.9266
-0.93306
-0.93172
-0.93392
-0.93034
-0.93106
-0.93274
-0.92972
-0.92954
-0.93376
-0.93328
-0.9317
-0.931
-0.9318
-0.93064
-0.9334
-0.93342
-0.9349
-0.93186
-0.93044
-0.93312
-0.9303
-0.93172
-0.92786
-0.93114
-0.93148
-0.92788
-0.9303
-0.93234
-0.93232
-0.93096
-0.9313
-0.93386
-0.9313
-0.9331
-0.9279
-0.93044
-0.9284
-0.93222
-0.93206
-0.92932
-0.93404
-0.93514
-0.93132
-0.93352
-0.9285
-0.93068
-0.93342
-0.93062
-0.93108
-0.9305
-0.9315
-0.9307
-0.92734
-0.9331
-0.9307
-0.93016
-0.9344
-0.92998
-0.93226
-0.93324
-0.9309
-0.93086
-0.93474
-0.93156
-0.9282
-0.93088
-0.92808
-0.93084
-0.93108
-0.9287
-0.93122
-0.9325
-0.93058
-0.9321
-0.932
-0.92766
-0.92956
-0.9332
-0.93188
-0.92968
-0.93368
-0.9315
-0.93302
-0.9289
-0.92916
-0.93438
-0.9335
-0.92948
-0.93304
-0.93342
-0.93082
-0.93182
-0.9308
-0.93318
-0.93198
-0.93
-0.93294
-0.92858
-0.93176
-0.92776
-0.93068
-0.93158
-0.93302
-0.93308
-0.92792
-0.93364
-0.93248
-0.9319
-0.9318
-0.93194
-0.93082
-0.92998
-0.93446
-0.9307
-0.93196
-0.93168
-0.93396
-0.928
-0.92854
-0.93404
-0.9308
-0.93398
-0.92946
-0.92836
-0.93072
-0.93008
-0.93
-0.93252
-0.92854
-0.93126
-0.92828
-0.93382
-0.93042
-0.93236
-0.93032
-0.93158
-0.932
-0.93156
-0.9302
-0.93092
-0.93118
-0.93082
-0.9299
-0.93266
-0.93284
-0.93036
-0.93046
-0.93188
-0.93132
-0.9304
-0.92854
-0.93174
-0.93142
-0.928
-0.92938
-0.9328
-0.92954
-0.92878
-0.93078
-0.929
-0.92978
-0.93298
-0.93242
-0.93298
-0.9332
-0.93016
-0.93174
-0.93086
-0.93
-0.92898
-0.93222
-0.93076
-0.93382
-0.93232
-0.93172
-0.92948
-0.93236
-0.93142
-0.9322
-0.93144
-0.93126
-0.93104
-0.9304
-0.93222
-0.93094
-0.93388
-0.93272
-0.9307
-0.93106
-0.93042
-0.93404
-0.92958
-0.93322
-0.92894
-0.93036
-0.9303
-0.93094
-0.93168
-0.93356
-0.92816
-0.92924
-0.9304
-0.93166
-0.92962
-0.93094
-0.93268
-0.92938
-0.93108
-0.92882
-0.92982
-0.93288
-0.93218
-0.9315
-0.92686
-0.92914
-0.93066
-0.93356
-0.9296
-0.92812
-0.93212
-0.93232
-0.9322
-0.93304
-0.9314
-0.93192
-0.93024
-0.9338
-0.92998
-0.92978
-0.93308
-0.93106
-0.9299
-0.9291
-0.93104
-0.93206
-0.93276
-0.93264
-0.93
-0.93302
-0.9303
-0.92924
-0.93394
-0.93238
-0.93148
-0.93046
-0.93108
-0.93264
-0.92978
-0.93132
-0.92668
-0.93048
-0.93398
-0.93316
-0.93452
-0.93222
-0.92762
-0.9309
-0.9316
-0.93304
-0.93242
-0.9305
-0.93442
-0.9321
-0.93152
-0.93006
-0.92722
-0.93114
-0.93282
-0.9312
-0.92888
-0.92938
-0.92856
-0.9318
-0.93116
-0.93074
-0.92904
-0.92896
-0.9302
-0.9305
-0.9313
-0.92866
-0.93358
-0.9308
-0.9308
-0.93182
-0.9319
-0.92914
-0.93362
-0.92864
-0.93064
-0.93342
-0.93112
-0.93142
-0.9314
-0.92968
-0.93108
-0.93152
-0.93222
-0.92982
-0.93066
-0.93188
-0.9318
-0.93086
-0.93268
-0.93122
-0.92956
-0.92726
-0.93214
-0.93002
-0.93106
-0.9309
-0.9293
-0.93312
-0.93244
-0.93386
-0.93154
-0.93114
-0.93102
-0.93042
-0.9301
-0.9319
-0.93138
-0.93018
-0.93206
-0.92886
-0.93208
-0.93202
-0.93172
-0.9327
-0.93182
-0.92914
-0.92896
-0.9298
-0.93004
-0.93402
-0.92868
-0.93034
-0.92918
-0.9306
-0.9322
-0.93102
-0.93146
-0.93334
-0.93124
-0.93036
-0.92842
-0.93134
-0.9325
-0.93094
-0.93054
-0.93122
-0.93094
-0.93028
-0.93158
-0.93328
-0.93252
-0.93226
-0.92988
-0.92924
-0.93072
-0.92962
-0.93282
-0.93216
-0.9327
-0.93416
-0.93466
-0.92772
-0.93252
-0.93486
-0.9294
-0.92852
-0.93368
-0.93306
-0.93204
-0.93098
-0.93394
-0.93104
-0.92832
-0.93088
-0.93002
-0.93074
-0.92982
-0.92976
-0.9301
-0.93336
-0.93002
-0.93108
-0.93228
-0.93082
-0.93202
-0.92962
-0.933
-0.9296
-0.93326
-0.9306
-0.92994
-0.93026
-0.93302
-0.92714
-0.93012
-0.9323
-0.9302
-0.92954
-0.9301
-0.93254
-0.93178
-0.93268
-0.93356
-0.9306
-0.92992
-0.92918
-0.92992
-0.93188
-0.93176
-0.93444
-0.9339
-0.93322
-0.9302
-0.93198
-0.93
-0.92628
-0.93306
-0.92928
-0.92986
-0.93018
-0.93176
-0.92988
-0.92852
-0.92984
-0.93248
-0.93078
-0.9289
-0.93436
-0.9298
-0.93254
-0.93342
-0.93354
-0.93198
-0.92962
-0.92806
-0.928
-0.93134
-0.93124
-0.92958
-0.93392
-0.93596
-0.9314
-0.92826
-0.9311
-0.9309
-0.932
-0.93108
-0.93206
-0.93026
-0.92656
-0.93142
-0.93
-0.93136
-0.9295
-0.9291
-0.93302
-0.92896
-0.9302
-0.9318
-0.93392
-0.92936
-0.93224
-0.93038
-0.93044
-0.93108
-0.92816
-0.92964
-0.9285
-0.93084
-0.9297
-0.93208
-0.93278
-0.92956
-0.93076
-0.93292
-0.93448
-0.93524
-0.93622
-0.93072
-0.92906
-0.933
-0.93032
-0.93158
-0.93006
-0.93076
-0.93166
-0.93016
-0.93046
-0.93088
-0.92966
-0.9317
-0.9308
-0.93222
-0.92946
-0.93536
-0.93366
-0.9321
-0.9307
-0.93226
-0.93264
-0.93344
-0.93044
-0.93306
-0.9317
-0.93298
-0.93046
-0.9314
-0.93126
-0.92956
-0.9319
-0.93374
-0.93098
-0.93148
-0.93054
-0.93242
-0.93414
-0.93024
-0.93236
-0.92894
-0.9301
-0.93092
-0.92988
-0.92916
-0.9263
-0.92908
-0.93194
-0.93044
-0.92794
-0.93226
-0.92994
-0.93038
-0.9318
-0.93334
-0.93302
-0.9282
-0.93226
-0.93082
-0.93234
-0.93288
-0.92954
-0.93026
-0.92794
-0.93262
-0.93236
-0.93104
-0.92704
-0.93258
-0.93444
-0.93174
-0.93028
-0.93266
-0.93312
-0.93236
-0.92986
-0.93058
-0.93072
-0.92982
-0.93252
-0.93356
-0.9295
-0.93418
-0.93192
-0.93396
-0.9338
-0.9325
-0.92766
-0.93204
-0.93214
-0.9298
-0.93116
-0.93108
-0.9316
-0.92996
-0.93094
-0.93228
-0.93108
-0.92884
-0.93258
-0.92864
-0.9314
-0.93052
-0.93122
-0.93082
-0.92944
-0.9299
-0.93218
-0.92918
-0.9326
-0.93342
-0.93028
-0.93142
-0.93138
-0.93152
-0.9313
-0.93182
-0.93156
-0.9306
-0.93488
-0.92962
-0.92848
-0.9321
-0.93226
-0.9306
-0.92884
-0.93134
-0.9309
-0.93282
-0.92992
-0.93572
-0.93216
-0.9284
-0.93288
-0.93164
-0.93258
-0.93312
-0.93344
-0.92714
-0.93352
-0.93112
-0.9292
-0.93236
-0.9277
-0.92956
-0.92574
-0.9281
-0.93244
-0.93158
-0.93202
-0.92478
-0.9313
-0.9318
-0.9346
-0.93058
-0.93142
-0.92962
-0.93046
-0.93256
-0.92558
-0.92978
-0.93256
-0.9316
-0.93302
-0.9316
-0.93108
-0.93082
-0.93342
-0.93342
-0.93414
-0.93236
-0.93056
-0.9296
-0.93326
-0.93342
-0.9305
-0.93348
-0.93254
-0.93092
-0.93294
-0.93346
-0.93196
-0.93118
-0.93218
-0.92988
-0.93266
-0.92726
-0.93296
-0.92906
-0.93246
-0.93022
-0.93048
-0.93558
-0.934
-0.9321
-0.9316
-0.929
-0.93158
-0.93154
-0.93018
-0.93114
-0.93156
-0.93258
-0.93516
-0.93066
-0.93148
-0.92742
-0.92782
-0.92784
-0.93016
-0.93058
-0.92958
-0.93426
-0.93228
-0.93238
-0.93316
-0.92908
-0.93234
-0.93078
-0.93368
-0.92814
-0.93018
-0.93344
-0.9325
-0.93194
-0.9309
-0.93234
-0.93248
-0.93032
-0.93322
-0.92938
-0.9322
-0.9305
-0.93052
-0.9303
-0.9311
-0.9325
-0.93128
-0.93054
-0.9301
-0.93146
-0.93194
-0.92908
-0.9299
-0.92998
-0.92996
-0.93234
-0.93168
-0.93208
-0.93052
-0.92784
-0.9329
-0.9308
-0.93014
-0.92784
-0.93148
-0.92964
-0.92928
-0.92806
-0.93132
-0.93112
-0.9304
-0.9313
-0.93288
-0.92952
-0.9296
-0.93238
-0.92698
-0.9317
-0.9352
-0.9284
-0.93306
-0.93472
-0.93082
-0.93256
-0.92982
-0.93292
-0.9334
-0.93172
-0.9301
-0.93746
-0.93186
-0.93276
-0.92942
-0.93306
-0.93266
-0.93168
-0.93324
-0.93068
-0.93136
-0.93226
-0.93018
-0.93048
-0.93154
-0.92832
-0.93228
-0.9299
-0.93074
-0.93216
-0.9304
-0.92858
-0.93156
-0.93194
-0.93098
-0.92888
-0.93112
-0.93026
-0.9303
-0.92636
-0.92942
-0.93116
-0.93082
-0.92966
-0.9323
-0.93262
-0.93346
-0.93222
-0.92764
-0.93062
-0.93146
-0.93248
-0.9318
-0.93234
-0.92746
-0.93224
-0.92976
-0.93376
-0.93042
-0.9328
-0.93116
-0.93038
-0.93202
-0.9318
-0.93074
-0.9307
-0.93076
-0.93068
-0.92998
-0.92744
-0.92822
-0.9312
-0.93176
-0.93084
-0.9311
-0.93338
-0.93406
-0.92958
-0.93156
-0.9301
-0.92712
-0.92952
-0.93276
-0.93346
-0.9289
-0.93032
-0.93282
-0.9332
-0.92808
-0.93228
-0.9336
-0.93094
-0.92994
-0.92974
-0.93168
-0.9301
-0.93128
-0.92814
-0.93056
-0.92822
-0.9302
-0.93202
-0.92934
-0.93254
-0.93322
-0.92952
-0.93388
-0.93218
-0.93258
-0.93236
-0.93384
-0.92854
-0.93172
-0.93202
-0.93122
-0.93194
-0.9291
-0.93078
-0.9334
-0.9307
-0.9333
-0.93226
-0.93102
-0.93392
-0.93344
-0.92702
-0.93088
-0.93104
-0.9298
-0.92746
-0.92856
-0.93002
-0.93144
-0.93044
-0.93208
-0.93448
-0.92932
-0.9316
-0.9317
-0.93014
-0.93256
-0.934
-0.93224
-0.93062
-0.93338
-0.93112
-0.93024
-0.92962
-0.93272
-0.93042
-0.93018
-0.92826
-0.93178
-0.93228
-0.93184
-0.93158
-0.93086
-0.93146
-0.9333
-0.93372
-0.93222
-0.93048
-0.93118
-0.93478
-0.9317
-0.92888
-0.92844
-0.9273
-0.93088
-0.931
-0.93108
-0.931
-0.93152
-0.9307
-0.93162
-0.93314
-0.93072
-0.92972
-0.9312
-0.93078
-0.93238
-0.92848
-0.93112
-0.93284
-0.93206
-0.93036
-0.93508
-0.93076
-0.93078
-0.93136
-0.92948
-0.92952
-0.93556
-0.93304
-0.93202
-0.92948
-0.93158
-0.9303
-0.9308
-0.93386
-0.93066
-0.93024
-0.93424
-0.92896
-0.9315
-0.93232
-0.93286
-0.93238
-0.93104
-0.93228
-0.92834
-0.93206
-0.931
-0.92994
-0.93106
-0.9315
-0.93078
-0.93308
-0.92866
-0.9337
-0.93052
-0.9301
-0.93038
-0.92998
-0.93146
-0.93024
-0.93006
-0.93262
-0.93456
-0.93132
-0.92846
-0.93308
-0.93018
-0.93282
-0.92992
-0.93328
-0.9331
-0.9323
-0.93152
-0.93068
-0.9284
-0.92996
-0.9317
-0.9329
-0.9302
-0.93072
-0.9324
-0.93174
-0.9328
-0.92954
-0.93148
-0.93332
-0.93256
-0.9293
-0.92922
-0.93178
-0.9285
-0.93106
-0.93326
-0.93064
-0.93056
-0.9327
-0.93054
-0.93158
-0.93022
-0.93272
-0.93394
-0.93068
-0.93352
-0.93134
-0.93048
-0.93228
-0.92826
-0.9311
-0.93188
-0.93048
-0.9322
-0.93086
-0.93356
-0.93136
-0.93118
-0.93104
-0.93058
-0.93622
-0.9286
-0.933
-0.93134
-0.93066
-0.93078
-0.93012
-0.9301
-0.931
-0.93018
-0.92996
-0.92972
-0.93176
-0.92802
-0.93214
-0.93212
-0.93224
-0.93126
-0.9342
-0.93284
-0.92886
-0.92962
-0.93058
-0.93158
-0.93022
-0.93192
-0.93584
-0.92894
-0.93134
-0.92956
-0.9316
-0.93014
-0.93274
-0.93548
-0.93114
-0.93394
-0.92942
-0.93222
-0.92654
-0.9308
-0.92804
-0.93078
-0.93042
-0.93004
-0.93292
-0.93018
-0.93142
-0.93168
-0.93132
-0.9303
-0.93076
-0.9311
-0.93294
-0.93114
-0.92964
-0.93076
-0.93442
-0.92942
-0.92938
-0.93194
-0.93062
-0.92926
-0.92728
-0.93082
-0.93254
-0.92862
-0.93068
-0.92782
-0.93154
-0.92744
-0.9295
-0.93006
-0.93022
-0.93484
-0.92854
-0.9295
-0.93166
-0.93078
-0.93116
-0.93056
-0.92946
-0.93066
-0.93112
-0.93038
-0.92902
-0.93306
-0.9289
-0.93224
-0.93268
-0.9286
-0.92946
-0.9313
-0.9303
-0.93192
-0.9301
-0.93138
-0.9317
-0.93252
-0.92772
-0.93308
-0.93076
-0.93002
-0.93092
-0.92704
-0.93192
-0.92944
-0.92952
-0.93146
-0.9313
-0.9318
-0.93188
-0.93162
-0.92962
-0.93188
-0.93214
-0.93004
-0.93026
-0.9317
-0.9297
-0.93116
-0.93282
-0.9321
-0.93026
-0.93236
-0.93008
-0.92856
-0.93326
-0.93372
-0.93278
-0.92998
-0.92986
-0.92834
-0.93142
-0.93124
-0.93284
-0.933
-0.93042
-0.93012
-0.93048
-0.93224
-0.93172
-0.9283
-0.93102
-0.93142
-0.93148
-0.9313
-0.93134
-0.9298
-0.93238
-0.93288
-0.92982
-0.9309
-0.93192
-0.9314
-0.92972
-0.93152
-0.93012
-0.93426
-0.92978
-0.93232
-0.93176
-0.9318
-0.92884
-0.93206
-0.93462
-0.93474
-0.93278
-0.92828
-0.93178
-0.93324
-0.92902
-0.93182
-0.9278
-0.92978
-0.93188
-0.92864
-0.93084
-0.92958
-0.93126
-0.93098
-0.93276
-0.93206
-0.93518
-0.93032
-0.92994
-0.93024
-0.9301
-0.93226
-0.93408
-0.93214
-0.93016
-0.93126
-0.92914
-0.93328
-0.9351
-0.93302
-0.93224
-0.9307
-0.92876
-0.9314
-0.93272
-0.93208
-0.93312
-0.93332
-0.93302
-0.93184
-0.9315
-0.93332
-0.93296
-0.9326
-0.93128
-0.9316
-0.93008
-0.93262
-0.93244
-0.9288
-0.93226
-0.93268
-0.93148
-0.93008
-0.93386
-0.92552
-0.93332
-0.93412
-0.9306
-0.93148
-0.93006
-0.93266
-0.93042
-0.93136
-0.92906
-0.92718
-0.93162
-0.93282
-0.9304
-0.93064
-0.92938
-0.928
-0.93404
-0.93214
-0.92898
-0.92792
-0.93068
-0.9313
-0.92972
-0.93012
-0.92726
-0.92944
-0.93186
-0.9286
-0.9316
-0.92752
-0.93222
-0.9289
-0.93242
-0.93174
-0.93428
-0.92922
-0.93172
-0.93342
-0.93434
-0.93206
-0.93132
-0.93196
-0.93146
-0.93198
-0.93156
-0.9305
-0.93234
-0.93004
-0.93058
-0.9333
-0.93084
-0.92802
-0.93058
-0.9309
-0.93116
-0.93158
-0.93076
-0.92962
-0.93152
-0.93208
-0.9326
-0.93302
-0.93174
-0.9293
-0.93146
-0.92772
-0.92998
-0.9316
-0.93366
-0.93186
-0.93334
-0.93002
-0.93074
-0.93058
-0.93294
-0.93276
-0.93018
-0.93018
-0.93322
-0.93202
-0.9326
-0.9313
-0.93402
-0.93148
-0.93412
-0.93068
-0.93248
-0.9321
-0.93178
-0.93248
-0.92864
-0.931
-0.93324
-0.93088
-0.93196
-0.93308
-0.9297
-0.93048
-0.93198
-0.92962
-0.92816
-0.93098
-0.92818
-0.93202
-0.93256
-0.93204
-0.92984
-0.93236
-0.93262
-0.92984
-0.93098
-0.92988
-0.92992
-0.9302
-0.93
-0.93508
-0.93122
-0.92944
-0.93432
-0.92858
-0.92778
-0.9304
-0.93272
-0.93316
-0.93056
-0.92418
-0.93388
-0.93132
-0.93122
-0.93042
-0.9302
-0.9359
-0.93078
-0.93282
-0.93338
-0.9315
-0.93148
-0.9335
-0.93088
-0.92844
-0.9323
-0.9313
-0.93226
-0.93558
-0.93068
-0.93056
-0.93232
-0.9321
-0.92826
-0.92972
-0.93056
-0.9298
-0.92852
-0.93306
-0.9334
-0.93078
-0.93174
-0.93354
-0.9315
-0.9319
-0.92816
-0.9292
-0.92936
-0.9306
-0.93008
-0.93116
-0.93452
-0.93272
-0.93432
-0.93114
-0.93114
-0.93106
-0.92866
-0.9323
-0.93168
-0.9311
-0.9327
-0.93088
-0.9332
-0.93124
-0.933
-0.92784
-0.93006
-0.93036
-0.93102
-0.93372
-0.93
-0.92902
-0.93236
-0.9306
-0.93194
-0.92922
-0.93144
-0.93282
-0.9306
-0.93306
-0.9308
-0.93336
-0.9294
-0.93026
-0.93188
-0.93258
-0.92948
-0.92812
-0.9308
-0.929
-0.92992
-0.93148
-0.93298
-0.93108
-0.92862
-0.93278
-0.92954
-0.93174
-0.93118
-0.93386
-0.92946
-0.93236
-0.9299
-0.93692
-0.93104
-0.93184
-0.93292
-0.93004
-0.93282
-0.93124
-0.92824
-0.93256
-0.93136
-0.9298
-0.92922
-0.93032
-0.93138
-0.9309
-0.92918
-0.92936
-0.9252
-0.92986
-0.93014
-0.93154
-0.93112
-0.93354
-0.9314
-0.92946
-0.93018
-0.93346
-0.93126
-0.93022
-0.92756
-0.93016
-0.9279
-0.92912
-0.93
-0.93044
-0.93028
-0.93082
-0.93006
-0.93046
-0.93174
-0.92932
-0.93212
-0.9317
-0.93322
-0.93266
-0.93152
-0.9316
-0.93236
-0.93152
-0.9325
-0.93192
-0.93246
-0.93068
-0.93242
-0.9309
-0.9322
-0.93156
-0.9323
-0.93352
-0.93242
-0.92912
-0.93212
-0.92938
-0.93086
-0.931
-0.93146
-0.93006
-0.9273
-0.93066
-0.92786
-0.92886
-0.92922
-0.9282
-0.93518
-0.93018
-0.92894
-0.93266
-0.93238
-0.93034
-0.93184
-0.93216
-0.9308
-0.93318
-0.93382
-0.92926
-0.92856
-0.93024
-0.93132
-0.92912
-0.93168
-0.92788
-0.93514
-0.92812
-0.93114
-0.933
-0.92988
-0.93002
-0.9302
-0.93064
-0.93186
-0.92804
-0.93496
-0.93362
-0.93088
-0.93374
-0.93262
-0.93398
-0.93302
-0.9301
-0.93254
-0.92846
-0.92944
-0.93344
-0.9299
-0.92948
-0.93068
-0.93424
-0.93268
-0.9289
-0.93088
-0.93268
-0.9315
-0.93088
-0.93286
-0.93218
-0.93142
-0.93636
-0.93334
-0.9339
-0.92906
-0.9311
-0.93032
-0.93048
-0.92986
-0.92988
-0.92852
-0.92836
-0.93068
-0.93316
-0.9322
-0.93218
-0.92956
-0.92898
-0.9325
-0.93164
-0.92968
-0.93036
-0.93258
-0.92804
-0.93196
-0.93026
-0.9307
-0.93176
-0.93046
-0.93184
-0.93358
-0.9315
-0.93128
-0.93106
-0.92928
-0.93216
-0.93158
-0.9278
-0.93072
-0.93088
-0.92964
-0.9342
-0.93304
-0.93114
-0.93262
-0.93342
-0.93084
-0.9297
-0.9314
-0.93216
-0.93258
-0.92792
-0.92978
-0.93428
-0.93462
-0.93078
-0.92646
-0.93058
-0.93138
-0.93252
-0.92906
-0.92984
-0.93326
-0.93228
-0.935
-0.93428
-0.93004
-0.9287
-0.92868
-0.93158
-0.93228
-0.9292
-0.93254
-0.932
-0.9298
-0.93356
-0.93344
-0.92984
-0.92922
-0.93202
-0.93044
-0.93098
-0.93126
-0.93152
-0.93144
-0.93262
-0.93114
-0.93182
-0.93186
-0.9332
-0.93344
-0.93182
-0.93018
-0.93356
-0.9332
-0.92976
-0.93238
-0.93188
-0.9314
-0.93
-0.9311
-0.93122
-0.93328
-0.9352
-0.9332
-0.92838
-0.93138
-0.93276
-0.93076
-0.93284
-0.9303
-0.92954
-0.92762
-0.93396
-0.93224
-0.93086
-0.92942
-0.93204
-0.93374
-0.93242
-0.93094
-0.92742
-0.93188
-0.93468
-0.93408
-0.93262
-0.9283
-0.93202
-0.93178
-0.93478
-0.93334
-0.93204
-0.92868
-0.9306
-0.93098
-0.93112
-0.93022
-0.93088
-0.93372
-0.9295
-0.93166
-0.93126
-0.93332
-0.92944
-0.92904
-0.93378
-0.9321
-0.93236
-0.93366
-0.9308
-0.93204
-0.93346
-0.9298
-0.93172
-0.93204
-0.92882
-0.9327
-0.93336
-0.93248
-0.92886
-0.93206
-0.92802
-0.93158
-0.93178
-0.93094
-0.93174
-0.92922
-0.93042
-0.93228
-0.9305
-0.92946
-0.93118
-0.93266
-0.92884
-0.93352
-0.93404
-0.92994
-0.93374
-0.93068
-0.93248
-0.93132
-0.93284
-0.93378
-0.93108
-0.93146
-0.92964
-0.93134
-0.93204
-0.93102
-0.93158
-0.93164
-0.93146
-0.93098
-0.93158
-0.93156
-0.93072
-0.93116
-0.92866
-0.93278
-0.9283
-0.9294
-0.93208
-0.93372
-0.9299
-0.92936
-0.93132
-0.93084
-0.92992
-0.92928
-0.93246
-0.92954
-0.93256
-0.93152
-0.93202
-0.93024
-0.93498
-0.92916
-0.93074
-0.9292
-0.93354
-0.93028
-0.93106
-0.93242
-0.92776
-0.93222
-0.93088
-0.92866
-0.93166
-0.93274
-0.93344
-0.93142
-0.9333
-0.93106
-0.92926
-0.93386
-0.92808
-0.92768
-0.93014
-0.93358
-0.92724
-0.9317
-0.93018
-0.93118
-0.93328
-0.93318
-0.93418
-0.93172
-0.93358
-0.93106
-0.93358
-0.93504
-0.9309
-0.93144
-0.93048
-0.92962
-0.93034
-0.92942
-0.92936
-0.93306
-0.93382
-0.93294
-0.93136
-0.92676
-0.9302
-0.93198
-0.9329
-0.933
-0.92974
-0.93182
-0.93138
-0.92886
-0.92858
-0.93214
-0.93166
-0.9291
-0.93088
-0.9325
-0.93076
-0.92942
-0.93522
-0.93134
-0.93398
-0.92792
-0.9295
-0.93474
-0.93042
-0.92906
-0.9272
-0.9299
-0.9293
-0.92828
-0.9284
-0.9289
-0.9307
-0.93148
-0.93068
-0.93196
-0.93042
-0.9301
-0.93238
-0.93428
-0.93296
-0.9337
-0.93306
-0.92918
-0.93532
-0.9352
-0.9331
-0.9323
-0.92958
-0.93026
-0.93
-0.93148
-0.9325
-0.93154
-0.93116
-0.93186
-0.93452
-0.93106
-0.93156
-0.93208
-0.93072
-0.9282
-0.93308
-0.93022
-0.92996
-0.9302
-0.93356
-0.93182
-0.93242
-0.9288
-0.93236
-0.92862
-0.92782
-0.93274
-0.9322
-0.92822
-0.93156
-0.93142
-0.93486
-0.93314
-0.93332
-0.93316
-0.92978
-0.9287
-0.93004
-0.92868
-0.93114
-0.93324
-0.93026
-0.9287
-0.93158
-0.9304
-0.93058
-0.93162
-0.93298
-0.9307
-0.93218
-0.93076
-0.93184
-0.92956
-0.92768
-0.9318
-0.92854
-0.93188
-0.92972
-0.93398
-0.9348
-0.93128
-0.93224
-0.93254
-0.92998
-0.92994
-0.92838
-0.92984
-0.92876
-0.93324
-0.93012
-0.93122
-0.93104
-0.93028
-0.9294
-0.9328
-0.93126
-0.92864
-0.9343
-0.92844
-0.9314
-0.92758
-0.92908
-0.93316
-0.93086
-0.92838
-0.93228
-0.9323
-0.93302
-0.93146
-0.93308
-0.93228
-0.93022
-0.93442
-0.93184
-0.92898
-0.93316
-0.93282
-0.92986
-0.92958
-0.93268
-0.93314
-0.93178
-0.93126
-0.93258
-0.9292
-0.93238
-0.9313
-0.93068
-0.93146
-0.92904
-0.93046
-0.9321
-0.9343
-0.92778
-0.93008
-0.93304
-0.93248
-0.93208
-0.93044
-0.93082
-0.9319
-0.93098
-0.92828
-0.93158
-0.9314
-0.93108
-0.93134
-0.92962
-0.9302
-0.9308
-0.9294
-0.9325
-0.92922
-0.93094
-0.93078
-0.93004
-0.93022
-0.92968
-0.9301
-0.93262
-0.92966
-0.93358
-0.92746
-0.92968
-0.93124
-0.92848
-0.93412
-0.9348
-0.929
-0.93204
-0.93258
-0.92726
-0.92964
-0.9308
-0.93078
-0.92788
-0.9304
-0.931
-0.93038
-0.9338
-0.9302
-0.93298
-0.93176
-0.92964
-0.92974
-0.93092
-0.93224
-0.9261
-0.93058
-0.93082
-0.93044
-0.93366
-0.9286
-0.92872
-0.93142
-0.92834
-0.9323
-0.93066
-0.93412
-0.92954
-0.93266
-0.93094
-0.93096
-0.93072
-0.93022
-0.93126
-0.93158
-0.9313
-0.93136
-0.93284
-0.93088
-0.93086
-0.92756
-0.93382
-0.93224
-0.93188
-0.93288
-0.93228
-0.93028
-0.93594
-0.93076
-0.93116
-0.9271
-0.933
-0.93286
-0.92926
-0.9319
-0.9294
-0.9329
-0.93056
-0.93338
-0.92864
-0.92892
-0.9317
-0.93124
-0.93058
-0.92918
-0.93064
-0.92858
-0.93224
-0.93198
-0.93352
-0.92992
-0.92922
-0.93048
-0.92848
-0.93178
-0.93084
-0.92926
-0.92998
-0.9337
-0.93098
-0.93066
-0.93112
-0.9284
-0.9286
-0.92792
-0.93108
-0.93272
-0.92796
-0.93016
-0.93268
-0.93238
-0.93028
-0.93524
-0.93286
-0.9311
-0.93206
-0.93074
-0.93084
-0.93164
-0.92458
-0.92974
-0.92998
-0.93246
-0.93428
-0.93342
-0.93036
-0.92956
-0.93258
-0.93086
-0.92812
-0.93184
-0.92938
-0.93224
-0.93128
-0.93108
-0.92638
-0.93424
-0.93176
-0.93264
-0.93154
-0.93176
-0.9322
-0.93214
-0.9324
-0.93284
-0.93202
-0.93098
-0.93308
-0.93026
-0.92858
-0.93034
-0.93114
-0.92978
-0.92896
-0.93334
-0.93026
-0.93064
-0.93372
-0.93196
-0.92944
-0.93068
-0.92886
-0.9287
-0.9311
-0.93018
-0.93268
-0.9302
-0.9287
-0.93304
-0.93158
-0.9275
-0.92924
-0.93236
-0.93096
-0.93218
-0.9326
-0.93204
-0.93208
-0.9314
-0.93148
-0.93028
-0.9321
-0.93082
-0.93126
-0.93292
-0.9316
-0.9326
-0.93008
-0.93254
-0.9319
-0.93236
-0.93204
-0.93
-0.93232
-0.93326
-0.93026
-0.93036
-0.9326
-0.93292
-0.93078
-0.92952
-0.92958
-0.93034
-0.93264
-0.934
-0.93254
-0.9312
-0.93074
-0.93156
-0.93196
-0.93008
-0.9341
-0.93162
-0.92666
-0.93438
-0.93082
-0.93068
-0.93222
-0.93104
-0.93322
-0.93376
-0.93046
-0.93278
-0.93072
-0.93016
-0.93152
-0.92846
-0.93142
-0.93158
-0.9314
-0.92988
-0.93294
-0.93146
-0.92874
-0.93026
-0.93278
-0.9292
-0.92714
-0.92876
-0.93076
-0.93342
-0.92896
-0.93164
-0.93196
-0.93544
-0.9308
-0.92984
-0.9299
-0.93068
-0.93102
-0.93408
-0.93334
-0.93144
-0.93284
-0.93028
-0.93036
-0.93274
-0.93198
-0.93154
-0.9319
-0.93264
-0.93014
-0.93078
-0.93018
-0.9335
-0.92778
-0.9323
-0.92922
-0.92778
-0.93126
-0.92666
-0.92954
-0.9334
-0.93248
-0.93086
-0.9298
-0.9314
-0.9316
-0.93048
-0.9331
-0.93372
-0.9316
-0.93154
-0.93436
-0.9318
-0.93072
-0.9316
-0.93226
-0.92888
-0.93082
-0.93212
-0.92972
-0.933
-0.93054
-0.9336
-0.93008
-0.93146
-0.93408
-0.9325
-0.92982
-0.92914
-0.92902
-0.92744
-0.93202
-0.93162
-0.92988
-0.9344
-0.93016
-0.93128
-0.9303
-0.92956
-0.93178
-0.932
-0.93114
-0.93342
-0.92946
-0.93238
-0.9308
-0.92936
-0.93156
-0.93212
-0.93196
-0.9286
-0.93052
-0.9318
-0.93054
-0.9326
-0.93294
-0.93452
-0.92972
-0.93408
-0.93034
-0.9316
-0.92858
-0.93366
-0.93156
-0.93334
-0.9345
-0.93306
-0.9318
-0.9329
-0.93188
-0.93358
-0.9342
-0.93382
-0.93002
-0.93204
-0.93074
-0.93162
-0.93032
-0.93038
-0.9312
-0.93262
-0.9306
-0.93314
-0.93034
-0.93102
-0.93324
-0.93212
-0.9326
-0.9301
-0.92876
-0.93064
-0.93198
-0.93398
-0.93162
-0.93076
-0.93094
-0.93358
-0.93246
-0.92962
-0.92944
-0.93102
-0.93024
-0.92796
-0.93002
-0.93284
-0.93038
-0.9302
-0.93016
-0.9319
-0.93086
-0.92934
-0.93226
-0.93294
-0.92918
-0.92952
-0.9321
-0.92938
-0.93094
-0.9358
-0.9276
-0.93118
-0.93388
-0.92962
-0.93262
-0.93118
-0.93172
-0.92932
-0.93098
-0.93132
-0.92896
-0.93164
-0.93122
-0.93008
-0.93172
-0.93118
-0.9279
-0.93182
-0.93278
-0.93274
-0.9298
-0.9299
-0.93022
-0.93104
-0.93244
-0.93446
-0.92934
-0.93102
-0.92858
-0.9323
-0.9321
-0.92832
-0.93002
-0.93174
-0.93234
-0.93294
-0.92878
-0.93204
-0.93046
-0.93034
-0.9315
-0.92932
-0.92988
-0.9335
-0.93032
-0.9324
-0.9309
-0.93116
-0.92824
-0.93068
-0.9324
-0.93254
-0.93234
-0.92782
-0.93402
-0.93178
-0.9275
-0.92936
-0.93064
-0.93034
-0.93358
-0.9312
-0.92946
-0.92926
-0.93322
-0.9301
-0.9345
-0.9296
-0.92844
-0.93176
-0.92754
-0.93262
-0.93522
-0.93144
-0.92924
-0.93226
-0.93172
-0.93082
-0.9334
-0.93132
-0.92828
-0.93026
-0.93076
-0.931
-0.93174
-0.93248
-0.93038
-0.93334
-0.9337
-0.9327
-0.93
-0.92752
-0.9291
-0.92984
-0.93088
-0.929
-0.93256
-0.93384
-0.9327
-0.9333
-0.93022
-0.92946
-0.93064
-0.92998
-0.93206
-0.93034
-0.93128
-0.93228
-0.93302
-0.92916
-0.93388
-0.93326
-0.93202
-0.92998
-0.93302
-0.93248
-0.93028
-0.92952
-0.93036
-0.93164
-0.92806
-0.93094
-0.9315
-0.93118
-0.93184
-0.93102
-0.93172
-0.93056
-0.93144
-0.93236
-0.93198
-0.92884
-0.93138
-0.93344
-0.92952
-0.93436
-0.93058
-0.93126
-0.93148
-0.93362
-0.93034
-0.93088
-0.9316
-0.93178
-0.93034
-0.92906
-0.93004
-0.92968
-0.92978
-0.93228
-0.93006
-0.92834
-0.9351
-0.92756
-0.93176
-0.92732
-0.9324
-0.93438
-0.93054
-0.93222
-0.93302
-0.93104
-0.93314
-0.93062
-0.93448
-0.92898
-0.92974
-0.93082
-0.93408
-0.93178
-0.93112
-0.933
-0.93154
-0.9281
-0.93132
-0.93304
-0.9319
-0.93158
-0.93056
-0.93232
-0.93142
-0.9319
-0.93278
-0.9324
-0.93206
-0.93132
-0.92958
-0.93418
-0.92994
-0.93124
-0.92962
-0.93294
-0.93206
-0.92984
-0.93102
-0.93084
-0.92784
-0.9303
-0.9314
-0.93342
-0.93252
-0.93034
-0.93092
-0.92956
-0.93064
-0.9338
-0.93068
-0.93026
-0.9322
-0.93206
-0.93076
-0.93144
-0.92842
-0.9291
-0.93246
-0.92934
-0.93138
-0.92722
-0.93174
-0.92954
-0.93158
-0.93378
-0.93152
-0.93392
-0.93246
-0.9269
-0.93074
-0.93342
-0.93074
-0.92816
-0.93082
-0.9316
-0.93172
-0.92838
-0.93122
-0.93342
-0.9308
-0.93214
-0.93044
-0.9326
-0.93006
-0.93106
-0.93308
-0.92936
-0.93288
-0.93352
-0.93146
-0.9328
-0.92946
-0.93164
-0.9314
-0.92746
-0.93478
-0.93116
-0.92906
-0.92884
-0.93224
-0.93252
-0.93168
-0.93278
-0.93254
-0.929
-0.9315
-0.93216
-0.93172
-0.93
-0.93074
-0.93178
-0.93144
-0.9302
-0.93128
-0.9314
-0.92938
-0.93226
-0.9337
-0.9338
-0.92932
-0.93108
-0.92912
-0.9331
-0.93202
-0.93172
-0.92944
-0.92794
-0.93118
-0.93012
-0.92904
-0.93156
-0.93158
-0.93086
-0.93026
-0.92944
-0.93008
-0.9292
-0.92962
-0.92882
-0.92924
-0.92922
-0.9311
-0.93588
-0.9311
-0.92778
-0.93016
-0.93094
-0.93114
-0.93184
-0.92938
-0.93156
-0.92708
-0.92788
-0.93172
-0.93134
-0.93162
-0.92964
-0.93438
-0.92934
-0.93146
-0.9295
-0.93338
-0.93138
-0.93446
-0.9327
-0.93066
-0.9308
-0.93054
-0.92744
-0.9282
-0.93206
-0.93238
-0.93176
-0.93096
-0.92918
-0.92776
-0.92962
-0.92812
-0.92464
-0.93302
-0.93322
-0.93144
-0.93284
-0.93136
-0.9319
-0.93604
-0.93292
-0.93156
-0.92892
-0.93046
-0.93214
-0.92962
-0.92962
-0.9323
-0.93426
-0.931
-0.92914
-0.93062
-0.9315
-0.9313
-0.92988
-0.9314
-0.9314
-0.9288
-0.93332
-0.93024
-0.93362
-0.9331
-0.93148
-0.92914
-0.93154
-0.92966
-0.93372
-0.93236
-0.93148
-0.93218
-0.93206
-0.92872
-0.92982
-0.92964
-0.92878
-0.92874
-0.93022
-0.9332
-0.92782
-0.93154
-0.93322
-0.93332
-0.92838
-0.93224
-0.93074
-0.92946
-0.92746
-0.92778
-0.92908
-0.92768
-0.93022
-0.93078
-0.93048
-0.93034
-0.93118
-0.93188
-0.93204
-0.93218
-0.9338
-0.9274
-0.9312
-0.93142
-0.92978
-0.93212
-0.92994
-0.92968
-0.93412
-0.93148
-0.92692
-0.93042
-0.93044
-0.93032
-0.93112
-0.93144
-0.93028
-0.93096
-0.93206
-0.93168
-0.93186
-0.9281
-0.92936
-0.92934
-0.93378
-0.9337
-0.9299
-0.92876
-0.93192
-0.9312
-0.92872
-0.92994
-0.93302
-0.93004
-0.93136
-0.92956
-0.93232
-0.93058
-0.92952
-0.92944
-0.93292
-0.93206
-0.93174
-0.92928
-0.93008
-0.93114
-0.92904
-0.93014
-0.93192
-0.9277
-0.92812
-0.93382
-0.92936
-0.93172
-0.93364
-0.92948
-0.9297
-0.92904
-0.93342
-0.9315
-0.93262
-0.92964
-0.93094
-0.93382
-0.93446
-0.93004
-0.9335
-0.93398
-0.93142
-0.93214
-0.93344
-0.93224
-0.9294
-0.93318
-0.93496
-0.9304
-0.93472
-0.93296
-0.93246
-0.92862
-0.93314
-0.93216
-0.92958
-0.93278
-0.93
-0.93046
-0.93024
-0.9319
-0.93134
-0.93324
-0.93096
-0.93034
-0.9299
-0.93402
-0.9297
-0.9333
-0.93006
-0.93014
-0.93334
-0.93258
-0.93382
-0.9316
-0.9296
-0.93074
-0.93068
-0.92858
-0.93124
-0.93204
-0.93398
-0.92844
-0.93172
-0.93278
-0.93468
-0.93366
-0.9304
-0.92948
-0.93342
-0.93308
-0.93028
-0.93132
-0.93038
-0.92804
-0.92962
-0.927
-0.93128
-0.92962
-0.92946
-0.93206
-0.93246
-0.9303
-0.9308
-0.92868
-0.9312
-0.93336
-0.9295
-0.93444
-0.92982
-0.92958
-0.93216
-0.93242
-0.93338
-0.93334
-0.92946
-0.92944
-0.93134
-0.93248
-0.93242
-0.93026
-0.92936
-0.93164
-0.93264
-0.92968
-0.93324
-0.92846
-0.9326
-0.93128
-0.9341
-0.93106
-0.93382
-0.9316
-0.93164
-0.93028
-0.93304
-0.92928
-0.93088
-0.9292
-0.9292
-0.93222
-0.93074
-0.93212
-0.93234
-0.93118
-0.93338
-0.93298
-0.9309
-0.92936
-0.93162
-0.93124
-0.93302
-0.9308
-0.93192
-0.92762
-0.92706
-0.93138
-0.93008
-0.9288
-0.92982
-0.9302
-0.93262
-0.93098
-0.93318
-0.93014
-0.93178
-0.9328
-0.9348
-0.93066
-0.92968
-0.93114
-0.92996
-0.93184
-0.92912
-0.93146
-0.93064
-0.93066
-0.92932
-0.93188
-0.9296
-0.93166
-0.9304
-0.93226
-0.92696
-0.92638
-0.92792
-0.93114
-0.93368
-0.92946
-0.9267
-0.92832
-0.93064
-0.93084
-0.93288
-0.92938
-0.93134
-0.93012
-0.93028
-0.93202
-0.93396
-0.92962
-0.93186
-0.93222
-0.93116
-0.93018
-0.93016
-0.93074
-0.93002
-0.9269
-0.93256
-0.93114
-0.93152
-0.92892
-0.93024
-0.92982
-0.93148
-0.93248
-0.934
-0.92812
-0.93362
-0.92904
-0.9318
-0.93116
-0.93226
-0.9292
-0.93132
-0.93182
-0.93088
-0.92914
-0.92982
-0.93402
-0.93044
-0.9297
-0.9294
-0.92986
-0.93238
-0.93352
-0.9316
-0.93106
-0.92976
-0.93022
-0.92698
-0.93004
-0.92958
-0.93436
-0.93112
-0.93116
-0.93198
-0.93044
-0.93264
-0.92786
-0.93338
-0.92856
-0.93032
-0.92934
-0.931
-0.9323
-0.93092
-0.9309
-0.93138
-0.93214
-0.93286
-0.93132
-0.9285
-0.93144
-0.92866
-0.9332
-0.92988
-0.93152
-0.93178
-0.93044
-0.92988
-0.9319
-0.93352
-0.9313
-0.93024
-0.92892
-0.9338
-0.93292
-0.93044
-0.93396
-0.93382
-0.93484
-0.93214
-0.92886
-0.93132
-0.92986
-0.93112
-0.93392
-0.9331
-0.93314
-0.92962
-0.93066
-0.93314
-0.92988
-0.93328
-0.9282
-0.93032
-0.92966
-0.9291
-0.92918
-0.93208
-0.92952
-0.93132
-0.93426
-0.93218
-0.92916
-0.92962
-0.93142
-0.93072
-0.93294
-0.93122
-0.934
-0.93158
-0.93054
-0.9326
-0.93082
-0.93184
-0.9323
-0.92698
-0.9305
-0.92962
-0.92842
-0.9283
-0.9299
-0.9306
-0.9291
-0.93006
-0.93114
-0.93636
-0.9324
-0.93006
-0.93252
-0.92912
-0.93294
-0.9317
-0.9308
-0.93458
-0.93052
-0.93312
-0.92902
-0.93022
-0.93224
-0.93144
-0.93092
-0.93286
-0.93042
-0.93524
-0.93276
-0.9306
-0.9322
-0.92994
-0.93004
-0.93142
-0.93418
-0.93016
-0.92964
-0.93246
-0.93144
-0.92992
-0.92924
-0.9298
-0.92758
-0.93016
-0.93118
-0.92964
-0.92568
-0.9264
-0.92744
-0.92818
-0.93224
-0.931
-0.9296
-0.93268
-0.93
-0.9308
-0.92864
-0.9315
-0.93124
-0.933
-0.9312
-0.93144
-0.93024
-0.92906
-0.93168
-0.93012
-0.9304
-0.93386
-0.9299
-0.93138
-0.93204
-0.92956
-0.92992
-0.9321
-0.92982
-0.92934
-0.9345
-0.93304
-0.93284
-0.92894
-0.92952
-0.92922
-0.9293
-0.9293
-0.9329
-0.9286
-0.93304
-0.929
-0.93442
-0.93084
-0.93094
-0.9341
-0.9301
-0.9317
-0.92736
-0.92824
-0.93148
-0.9294
-0.92808
-0.93236
-0.9296
-0.92928
-0.93174
-0.93262
-0.93156
-0.93118
-0.9318
-0.92804
-0.9306
-0.9284
-0.93242
-0.93054
-0.93304
-0.9303
-0.92994
-0.92936
-0.92958
-0.93442
-0.9344
-0.93114
-0.92998
-0.92954
-0.92952
-0.93132
-0.92832
-0.92952
-0.92958
-0.93134
-0.93092
-0.93278
-0.93192
-0.93026
-0.9317
-0.93354
-0.93054
-0.92986
-0.93066
-0.93054
-0.9327
-0.92962
-0.93254
-0.93442
-0.93274
-0.93124
-0.9328
-0.93174
-0.92946
-0.9323
-0.93244
-0.93042
-0.92796
-0.93306
-0.93088
-0.93376
-0.9345
-0.93214
-0.93206
-0.93492
-0.92872
-0.93374
-0.93348
-0.92628
-0.93222
-0.93326
-0.92928
-0.93144
-0.92784
-0.93108
-0.92934
-0.93504
-0.93096
-0.9325
-0.9302
-0.93044
-0.93266
-0.93062
-0.9289
-0.92824
-0.93346
-0.9299
-0.9307
-0.93332
-0.92988
-0.93276
-0.93324
-0.93128
-0.92946
-0.93056
-0.92516
-0.93288
-0.93224
-0.93284
-0.93052
-0.93358
-0.92906
-0.9286
-0.93278
-0.9305
-0.93116
-0.92954
-0.93
-0.93532
-0.93126
-0.92994
-0.93042
-0.93592
-0.93384
-0.93144
-0.93132
-0.93056
-0.933
-0.93422
-0.93036
-0.932
-0.93552
-0.9292
-0.93178
-0.93262
-0.9298
-0.93194
-0.9306
-0.93004
-0.93036
-0.92934
-0.9309
-0.92992
-0.9316
-0.93128
-0.9306
-0.92966
-0.9318
-0.92962
-0.93326
-0.9278
-0.93114
-0.93156
-0.93148
-0.93254
-0.9325
-0.93292
-0.92842
-0.92868
-0.93092
-0.93186
-0.92976
-0.93146
-0.92916
-0.92922
-0.92898
-0.9323
-0.93134
-0.93462
-0.93296
-0.92954
-0.93164
-0.93174
-0.93136
-0.9291
-0.93236
-0.93062
-0.9321
-0.93114
-0.93194
-0.93186
-0.93342
-0.93224
-0.92946
-0.93234
-0.93224
-0.93414
-0.9302
-0.9295
-0.92992
-0.9307
-0.93044
-0.93122
-0.92988
-0.93078
-0.93356
-0.93274
-0.9305
-0.92938
-0.93158
-0.93254
-0.9272
-0.92948
-0.93106
-0.9322
-0.93288
-0.92926
-0.93142
-0.92972
-0.93086
-0.93206
-0.9305
-0.93198
-0.92758
-0.93314
-0.9283
-0.92948
-0.93072
-0.93086
-0.93058
-0.92868
-0.93138
-0.92986
-0.93416
-0.93066
-0.93226
-0.93134
-0.93192
-0.93026
-0.93116
-0.93076
-0.93184
-0.93162
-0.9336
-0.92992
-0.93314
-0.9318
-0.92944
-0.9288
-0.9313
-0.93118
-0.9285
-0.93022
-0.92926
-0.9328
-0.93296
-0.9316
-0.93274
-0.93068
-0.93376
-0.92994
-0.93312
-0.93016
-0.9306
-0.9356
-0.9324
-0.93186
-0.93034
-0.9324
-0.93124
-0.9315
-0.93402
-0.93054
-0.93534
-0.93384
-0.93196
-0.93212
-0.92928
-0.93078
-0.93138
-0.92656
-0.9296
-0.932
-0.9337
-0.9316
-0.9316
-0.93386
-0.93184
-0.93186
-0.92914
-0.92884
-0.93052
-0.93246
-0.93176
-0.93116
-0.93182
-0.92902
-0.93288
-0.9321
-0.93004
-0.93204
-0.93166
-0.9295
-0.93422
-0.9309
-0.93178
-0.93418
-0.931
-0.93432
-0.93038
-0.93136
-0.93308
-0.92962
-0.9325
-0.93082
-0.9323
-0.93202
-0.9299
-0.92828
-0.93184
-0.93052
-0.92982
-0.93174
-0.93204
-0.93224
-0.92812
-0.9317
-0.93108
-0.93066
-0.93004
-0.93074
-0.93326
-0.93066
-0.9315
-0.92694
-0.93128
-0.93308
-0.93052
-0.93246
-0.92862
-0.93308
-0.9315
-0.93098
-0.93248
-0.92832
-0.92986
-0.93032
-0.93084
-0.93224
-0.93492
-0.9276
-0.92682
-0.93284
-0.92928
-0.93428
-0.9295
-0.9291
-0.9325
-0.93058
-0.93048
-0.93064
-0.9309
-0.93162
-0.9341
-0.9336
-0.93142
-0.93154
-0.92984
-0.92958
-0.93232
-0.92956
-0.932
-0.93144
-0.93426
-0.9308
-0.93034
-0.93458
-0.9289
-0.93068
-0.93014
-0.93252
-0.93436
-0.9308
-0.9303
-0.92974
-0.92856
-0.9332
-0.93276
-0.93016
-0.9298
-0.9311
-0.93436
-0.92726
-0.9302
-0.93262
-0.93396
-0.9297
-0.93226
-0.92932
-0.93446
-0.93254
-0.9285
-0.93
-0.93078
-0.92934
-0.93078
-0.93238
-0.93172
-0.93302
-0.9294
-0.92944
-0.93142
-0.93452
-0.93268
-0.93046
-0.93242
-0.93058
-0.92898
-0.93142
-0.93044
-0.9346
-0.93082
-0.93066
-0.93156
-0.93092
-0.93292
-0.93234
-0.93176
-0.92994
-0.92776
-0.92958
-0.93326
-0.93064
-0.93092
-0.9305
-0.93232
-0.9325
-0.93076
-0.93136
-0.92822
-0.93076
-0.9313
-0.9304
-0.93152
-0.93392
-0.93364
-0.92972
-0.9325
-0.93024
-0.93096
-0.93158
-0.92918
-0.93166
-0.93516
-0.93186
-0.93002
-0.93208
-0.93028
-0.92988
-0.93094
-0.93088
-0.93098
-0.9303
-0.92934
-0.93006
-0.9289
-0.93008
-0.93202
-0.93026
-0.93496
-0.92942
-0.93174
-0.9317
-0.93244
-0.93182
-0.93072
-0.93308
-0.9308
-0.93136
-0.9327
-0.92848
-0.931
-0.93028
-0.93284
-0.93208
-0.92856
-0.92898
-0.93204
-0.9293
-0.92804
-0.93186
-0.93448
-0.93164
-0.92906
-0.9273
-0.93172
-0.93224
-0.92988
-0.9321
-0.92954
-0.93162
-0.92982
-0.93064
-0.93262
-0.93392
-0.93092
-0.9318
-0.93058
-0.9294
-0.92938
-0.93026
-0.93114
-0.93054
-0.92902
-0.93214
-0.9296
-0.92994
-0.93226
-0.93052
