0.83928
0.83974
0.84082
0.84492
0.84346
0.84002
0.84696
0.84572
0.84136
0.84336
0.85084
0.84596
0.84962
0.85
0.8484
0.84018
0.83978
0.83884
0.84386
0.84732
0.84592
0.84184
0.84266
0.84536
0.84762
0.8461
0.83952
0.83094
0.8355
0.84564
0.84444
0.8453
0.84162
0.84894
0.8459
0.84348
0.84926
0.84652
0.84362
0.84444
0.83778
0.83876
0.84114
0.8452
0.84846
0.84596
0.83952
0.84096
0.84854
0.84724
0.84352
0.84464
0.84782
0.84698
0.83778
0.83748
0.83968
0.84064
0.84074
0.8466
0.8418
0.8394
0.8412
0.8403
0.84342
0.8436
0.84316
0.84246
0.84716
0.83718
0.8409
0.84318
0.84958
0.84838
0.8426
0.84412
0.84732
0.84582
0.84398
0.83848
0.83936
0.83962
0.84208
0.83908
0.83854
0.83646
0.8452
0.84456
0.83946
0.85036
0.84536
0.84834
0.84928
0.84862
0.84226
0.8408
0.8423
0.8448
0.84056
0.84658
0.83996
0.84602
0.84114
0.84176
0.8441
0.84608
0.84454
0.83772
0.84594
0.85006
0.844
0.84596
0.84788
0.83966
0.83994
0.84202
0.84364
0.83554
0.83728
0.8463
0.8451
0.84552
0.84808
0.85108
0.84558
0.83764
0.83878
0.83756
0.83242
0.83472
0.84226
0.84186
0.85132
0.83978
0.84106
0.82982
0.84082
0.84716
0.845
0.84026
0.8379
0.8457
0.8463
0.84548
0.84782
0.8447
0.84574
0.84296
0.83002
0.83272
0.8389
0.84626
0.84304
0.8442
0.8438
0.8403
0.8351
0.83952
0.84206
0.84456
0.84326
0.83832
0.83794
0.84432
0.8453
0.83974
0.83816
0.84066
0.84286
0.84194
0.84328
0.84688
0.84734
0.85412
0.84846
0.84666
0.84614
0.84144
0.84306
0.84238
0.84452
0.84172
0.84202
0.84372
0.84606
0.84096
0.8436
0.84264
0.84932
0.84568
0.84516
0.83906
0.8412
0.8493
0.84
0.83668
0.83354
0.8374
0.82918
0.84602
0.84056
0.84232
0.83748
0.83836
0.84282
0.84672
0.84488
0.84642
0.84638
0.84874
0.8488
0.84244
0.83956
0.83876
0.8443
0.84004
0.83728
0.84694
0.84236
0.84014
0.84624
0.8466
0.8481
0.84192
0.83746
0.8349
0.84594
0.84462
0.84388
0.84652
0.84042
0.83852
0.83604
0.83922
0.83744
0.84156
0.84242
0.83938
0.84462
0.85432
0.8459
0.84376
0.85026
0.84674
0.8502
0.84676
0.84686
0.84344
0.84716
0.84506
0.84388
0.83902
0.84346
0.84084
0.83962
0.83248
0.84312
0.83622
0.83664
0.84406
0.8351
0.83658
0.8327
0.84158
0.84206
0.84468
0.83672
0.8315
0.83474
0.83946
0.8422
0.83736
0.83814
0.84158
0.847
0.83806
0.83586
0.83542
0.83428
0.84536
0.84784
0.8448
0.84312
0.8424
0.84158
0.84888
0.83946
0.84464
0.84836
0.84118
0.8467
0.85316
0.84608
0.8426
0.83804
0.83644
0.83924
0.8397
0.84288
0.84324
0.83794
0.83994
0.84046
0.8352
0.84252
0.83912
0.8484
0.8489
0.85038
0.84678
0.84146
0.83738
0.83554
0.83734
0.84044
0.84114
0.84134
0.84086
0.8425
0.84294
0.84544
0.84184
0.84872
0.84184
0.83808
0.84748
0.84264
0.84288
0.84004
0.83842
0.8391
0.84194
0.83468
0.84096
0.83944
0.8445
0.83242
0.83832
0.83898
0.84298
0.84202
0.84304
0.84192
0.84052
0.83898
0.84198
0.84034
0.8412
0.84026
0.84458
0.84058
0.84222
0.84146
0.84114
0.8449
0.83908
0.83832
0.8335
0.83494
0.84316
0.8418
0.8428
0.83366
0.8424
0.83984
0.83984
0.84882
0.85078
0.84202
0.84
0.84074
0.846
0.8406
0.8451
0.84868
0.84086
0.84572
0.84042
0.84168
0.84126
0.83764
0.85136
0.8449
0.83796
0.84082
0.83766
0.83414
0.8389
0.8397
0.84276
0.84502
0.8406
0.84018
0.83932
0.83898
0.84542
0.84398
0.83988
0.84598
0.84522
0.84426
0.84416
0.84396
0.8445
0.84126
0.83844
0.84358
0.83752
0.8448
0.84008
0.83706
0.84288
0.85078
0.85054
0.84552
0.8424
0.84118
0.84186
0.83928
0.83854
0.8345
0.8365
0.83584
0.84316
0.84094
0.84692
0.84096
0.8442
0.84606
0.8419
0.84428
0.8446
0.84766
0.84888
0.83928
0.8422
0.84042
0.84152
0.84318
0.84462
0.84094
0.83972
0.84362
0.8402
0.83744
0.83706
0.839
0.836
0.84272
0.83866
0.84074
0.84264
0.84048
0.8454
0.83916
0.8453
0.841
0.83724
0.84838
0.84314
0.84656
0.84178
0.83846
0.83658
0.83702
0.83662
0.84614
0.8419
0.84008
0.83976
0.84036
0.84504
0.8479
0.84204
0.8465
0.8358
0.83968
0.84058
0.8413
0.84206
0.84504
0.84216
0.8412
0.84672
0.84536
0.84352
0.83916
0.8409
0.83992
0.84154
0.84082
0.83528
0.83718
0.84144
0.84662
0.83894
0.84516
0.84286
0.84584
0.83856
0.84432
0.84752
0.84444
0.84618
0.8398
0.84032
0.8463
0.8399
0.8416
0.84644
0.84428
0.8408
0.84418
0.8402
0.84416
0.84616
0.84346
0.84418
0.84314
0.84044
0.84196
0.84726
0.84338
0.84906
0.84526
0.84062
0.84344
0.84362
0.84248
0.8421
0.84358
0.84564
0.84242
0.84774
0.84034
0.8456
0.8514
0.84544
0.84452
0.84452
0.83722
0.84846
0.84546
0.83894
0.83712
0.8439
0.84296
0.84624
0.85164
0.8484
0.84408
0.83938
0.83942
0.8424
0.84312
0.84742
0.84596
0.84388
0.83462
0.84186
0.84234
0.83916
0.83812
0.83504
0.83668
0.84338
0.8471
0.8405
0.83704
0.84056
0.84692
0.84094
0.84614
0.83864
0.84312
0.83912
0.839
0.84
0.84586
0.8481
0.84072
0.84516
0.84106
0.83572
0.85
0.84376
0.8394
0.83964
0.84486
0.83954
0.83924
0.8376
0.84098
0.847
0.84912
0.84392
0.84236
0.8489
0.84264
0.84306
0.84322
0.8433
0.84792
0.8523
0.84416
0.8469
0.84762
0.84944
0.84264
0.83712
0.83864
0.83782
0.84608
0.83556
0.83834
0.84478
0.84262
0.84784
0.85236
0.8487
0.84212
0.839
0.83964
0.83634
0.84516
0.83816
0.84302
0.83674
0.83724
0.84336
0.84654
0.84236
0.84442
0.84516
0.84046
0.84874
0.84566
0.84368
0.84926
0.83942
0.84168
0.84516
0.84662
0.84314
0.84904
0.84108
0.83736
0.84432
0.84468
0.8409
0.84156
0.8391
0.8454
0.84194
0.844
0.84344
0.8414
0.85102
0.8407
0.83804
0.8364
0.84442
0.83662
0.83928
0.84416
0.84542
0.842
0.84216
0.84358
0.8424
0.84358
0.84238
0.84238
0.84456
0.84302
0.84614
0.83364
0.84126
0.84714
0.84552
0.84598
0.83964
0.83804
0.84198
0.84438
0.84336
0.84406
0.84036
0.83546
0.84574
0.8434
0.845
0.8466
0.8337
0.84218
0.83768
0.8405
0.84078
0.85026
0.83918
0.84308
0.84284
0.8503
0.84776
0.84306
0.83304
0.84192
0.84356
0.84128
0.84784
0.84376
0.8503
0.84008
0.84066
0.84488
0.8386
0.84382
0.84302
0.8376
0.83802
0.83874
0.83626
0.83518
0.83666
0.84226
0.84314
0.83572
0.83814
0.83832
0.8454
0.84452
0.8428
0.83512
0.8436
0.85242
0.84466
0.84078
0.8421
0.84566
0.84164
0.84436
0.84086
0.84042
0.84574
0.84128
0.83794
0.84026
0.84136
0.83652
0.84204
0.8425
0.8379
0.84134
0.8424
0.84468
0.8411
0.84138
0.84752
0.84202
0.84156
0.8459
0.8435
0.84092
0.848
0.84502
0.84058
0.84282
0.83878
0.85058
0.84338
0.83952
0.83364
0.84184
0.84154
0.84154
0.84438
0.84176
0.83774
0.83838
0.84154
0.84504
0.8435
0.8501
0.84206
0.846
0.84546
0.8469
0.8416
0.83944
0.83374
0.83634
0.83916
0.84014
0.84406
0.84808
0.84648
0.84248
0.84706
0.8422
0.84352
0.84156
0.83858
0.83874
0.8388
0.84846
0.84598
0.84194
0.84464
0.84198
0.84928
0.84648
0.84332
0.83838
0.84276
0.84256
0.84584
0.84202
0.84344
0.8468
0.84344
0.84408
0.84668
0.84148
0.83474
0.84288
0.84658
0.8439
0.84288
0.84214
0.83816
0.84386
0.84162
0.84582
0.84732
0.84846
0.85018
0.84418
0.84814
0.84192
0.84566
0.84736
0.85174
0.84556
0.84122
0.8432
0.84836
0.84402
0.84052
0.84072
0.84202
0.846
0.83962
0.84564
0.8452
0.8407
0.84028
0.83996
0.8427
0.83984
0.84658
0.84124
0.84132
0.83954
0.84524
0.84792
0.84656
0.83684
0.84214
0.84874
0.84618
0.84362
0.84168
0.83912
0.83776
0.83392
0.84496
0.84788
0.84198
0.8387
0.8475
0.84146
0.84704
0.84282
0.84604
0.85208
0.84536
0.8374
0.83086
0.83332
0.83832
0.84124
0.8344
0.841
0.83448
0.83466
0.8457
0.8443
0.84644
0.8436
0.84176
0.8434
0.84768
0.84298
0.84568
0.84296
0.84326
0.839
0.83854
0.8451
0.83992
0.83736
0.83784
0.83946
0.84584
0.84124
0.84228
0.83752
0.84432
0.83784
0.83818
0.84048
0.84652
0.84754
0.84408
0.8411
0.84498
0.8369
0.83694
0.84398
0.8432
0.84666
0.84088
0.83904
0.84362
0.84336
0.84284
0.84626
0.84442
0.84308
0.83844
0.8382
0.84334
0.84346
0.84776
0.84226
0.84246
0.84672
0.8449
0.84228
0.84716
0.84106
0.84086
0.83758
0.84532
0.8436
0.83864
0.84548
0.8412
0.84242
0.83464
0.8394
0.84616
0.83772
0.8387
0.84136
0.83936
0.84318
0.83572
0.83712
0.83708
0.84352
0.84546
0.84394
0.84336
0.83844
0.84436
0.84404
0.84446
0.8377
0.84126
0.83776
0.8413
0.84266
0.8417
0.85012
0.84762
0.84652
0.84842
0.84556
0.84534
0.85052
0.8427
0.84136
0.84366
0.84602
0.84798
0.84814
0.8447
0.8369
0.83586
0.83492
0.84306
0.84548
0.83944
0.8385
0.84258
0.84146
0.84272
0.84314
0.84412
0.84614
0.84274
0.83442
0.83708
0.84104
0.84342
0.8349
0.84228
0.83576
0.84208
0.84126
0.8416
0.83772
0.83676
0.84224
0.84236
0.84532
0.8459
0.8437
0.8453
0.84292
0.83878
0.84142
0.83566
0.8458
0.84218
0.83954
0.84324
0.84478
0.84196
0.84586
0.84212
0.84066
0.84398
0.84144
0.83404
0.83452
0.83606
0.83978
0.84498
0.84398
0.83778
0.8433
0.83754
0.84306
0.83928
0.8414
0.84196
0.84364
0.84618
0.83728
0.84276
0.84332
0.84074
0.84468
0.84694
0.8387
0.84512
0.84654
0.84496
0.84128
0.8429
0.83686
0.84288
0.8449
0.84556
0.8484
0.83954
0.8369
0.84212
0.84276
0.8382
0.83752
0.8404
0.84118
0.83896
0.84054
0.84646
0.84534
0.84586
0.84992
0.83632
0.84148
0.84388
0.84362
0.84346
0.84482
0.84
0.83672
0.84208
0.83894
0.84102
0.8441
0.84148
0.83866
0.84194
0.84636
0.845
0.84454
0.83676
0.83858
0.84158
0.84212
0.83842
0.83518
0.83918
0.84212
0.84546
0.8465
0.85128
0.8405
0.84106
0.83638
0.83914
0.83952
0.8464
0.84044
0.84082
0.84098
0.83798
0.8383
0.83826
0.837
0.83738
0.83968
0.84402
0.84656
0.8419
0.84306
0.8473
0.8482
0.853
0.8403
0.8375
0.84104
0.83946
0.8391
0.84286
0.83834
0.84262
0.84458
0.8522
0.84126
0.84358
0.84048
0.83506
0.83936
0.8479
0.84148
0.84288
0.8383
0.84692
0.83938
0.84178
0.84616
0.85228
0.84938
0.83858
0.8446
0.8445
0.84524
0.84826
0.84528
0.838
0.84688
0.84402
0.84214
0.83762
0.84984
0.84536
0.84048
0.84194
0.83832
0.838
0.84048
0.84634
0.84108
0.84292
0.84346
0.83784
0.8389
0.8409
0.84686
0.8499
0.83686
0.84592
0.84588
0.848
0.8472
0.84732
0.84622
0.8419
0.84512
0.84556
0.84332
0.84938
0.8448
0.8465
0.8438
0.83904
0.84484
0.84518
0.84858
0.84698
0.84296
0.84858
0.84356
0.8459
0.84342
0.84482
0.84018
0.84616
0.84662
0.84562
0.84268
0.83804
0.84286
0.83898
0.84326
0.84668
0.84854
0.8483
0.84728
0.84308
0.83346
0.83936
0.84226
0.84004
0.83798
0.8447
0.84132
0.84484
0.83746
0.84038
0.8426
0.84308
0.83488
0.83788
0.83544
0.84368
0.8359
0.84652
0.84464
0.85026
0.8461
0.84424
0.83604
0.84224
0.84578
0.8435
0.84438
0.8443
0.85192
0.842
0.83942
0.84774
0.84244
0.84644
0.84754
0.84102
0.84322
0.84802
0.8451
0.84274
0.84434
0.84444
0.8433
0.84296
0.83712
0.83728
0.84126
0.841
0.83916
0.83878
0.84542
0.84694
0.84524
0.83904
0.8371
0.83388
0.84286
0.83786
0.8403
0.84338
0.84316
0.84578
0.84288
0.84074
0.8425
0.84302
0.848
0.85164
0.84938
0.84228
0.83608
0.8401
0.8405
0.83996
0.84486
0.8415
0.8405
0.84784
0.84652
0.84348
0.84072
0.8404
0.84256
0.84156
0.84934
0.84542
0.84168
0.83692
0.84522
0.84562
0.84232
0.83846
0.84508
0.84224
0.8459
0.85006
0.84426
0.84356
0.84394
0.83992
0.83964
0.84238
0.84262
0.84094
0.83966
0.85274
0.84446
0.83442
0.83476
0.8398
0.8395
0.8426
0.84044
0.8389
0.83726
0.84054
0.83704
0.8443
0.84424
0.8324
0.83962
0.84444
0.84476
0.8417
0.83954
0.8419
0.83552
0.8459
0.84498
0.84526
0.846
0.85046
0.8468
0.84558
0.8444
0.8409
0.84496
0.83778
0.84276
0.83846
0.83572
0.84684
0.84282
0.83542
0.8357
0.84708
0.84664
0.84262
0.8504
0.8462
0.84904
0.842
0.83996
0.83646
0.84262
0.84356
0.84788
0.84542
0.8412
0.84562
0.84534
0.8381
0.84306
0.84292
0.84944
0.84428
0.85038
0.84716
0.83754
0.83762
0.84186
0.8479
0.85148
0.83592
0.84244
0.84126
0.8435
0.84456
0.844
0.8428
0.84488
0.84194
0.84548
0.8463
0.84208
0.8431
0.8389
0.85316
0.8459
0.84246
0.8448
0.84354
0.84152
0.83846
0.84256
0.84682
0.84242
0.8413
0.84784
0.84598
0.84092
0.84352
0.84954
0.84456
0.8434
0.84246
0.83396
0.8429
0.84604
0.84406
0.84084
0.83306
0.83256
0.8411
0.83852
0.83936
0.83902
0.83842
0.8445
0.85054
0.84506
0.8382
0.8403
0.83844
0.83674
0.84926
0.84278
0.83756
0.84236
0.84208
0.84446
0.8403
0.83922
0.83792
0.84654
0.8469
0.84472
0.8407
0.84558
0.84276
0.84118
0.84346
0.83632
0.83992
0.8414
0.83924
0.84764
0.84242
0.84204
0.84298
0.8378
0.83188
0.84242
0.8505
0.84468
0.84586
0.85146
0.8448
0.84442
0.84372
0.84398
0.84804
0.85216
0.85024
0.848
0.8437
0.83822
0.83778
0.8487
0.83578
0.83582
0.84718
0.84364
0.84038
0.8399
0.83748
0.84382
0.83948
0.84016
0.84256
0.8372
0.83978
0.8421
0.84102
0.84014
0.84374
0.84264
0.83802
0.83954
0.84556
0.8381
0.83608
0.8463
0.8416
0.84334
0.84018
0.83954
0.84452
0.83984
0.84112
0.83796
0.83062
0.83944
0.83178
0.83466
0.83276
0.83822
0.82938
0.83942
0.84318
0.8424
0.83634
0.84172
0.84076
0.84158
0.83956
0.83688
0.83886
0.84626
0.8399
0.84262
0.84588
0.84078
0.84692
0.8479
0.8423
0.84018
0.84636
0.8387
0.84316
0.83704
0.83344
0.84036
0.8383
0.84244
0.841
0.84168
0.83812
0.84038
0.84448
0.84028
0.84398
0.847
0.84698
0.84438
0.84958
0.84138
0.84518
0.84002
0.84114
0.84212
0.84046
0.83666
0.84266
0.83804
0.83992
0.84044
0.84958
0.84578
0.8386
0.8389
0.84388
0.84734
0.838
0.8415
0.83412
0.83932
0.8377
0.8309
0.83924
0.8382
0.83678
0.84432
0.84626
0.84636
0.84636
0.84556
0.84172
0.83786
0.84698
0.8458
0.84552
0.8421
0.84336
0.84224
0.8427
0.83862
0.84474
0.8373
0.8391
0.84002
0.84276
0.83808
0.8415
0.84396
0.84766
0.84744
0.8488
0.84388
0.83986
0.84028
0.83816
0.83922
0.832
0.83724
0.84464
0.84326
0.84426
0.84482
0.84264
0.84322
0.84152
0.8384
0.83714
0.8465
0.84484
0.84828
0.83926
0.83844
0.83722
0.83644
0.84278
0.8405
0.84558
0.83914
0.84194
0.84244
0.84346
0.84674
0.84668
0.8416
0.84602
0.83782
0.841
0.84582
0.84626
0.84754
0.84436
0.84466
0.8415
0.83318
0.83166
0.8361
0.84014
0.8401
0.84216
0.84374
0.83926
0.84056
0.83658
0.83998
0.837
0.84234
0.84196
0.841
0.84118
0.84384
0.84708
0.84282
0.84712
0.84308
0.84242
0.84162
0.83996
0.84512
0.84586
0.83674
0.84376
0.83794
0.84478
0.8475
0.8456
0.84056
0.84288
0.8397
0.83036
0.83956
0.84272
0.8443
0.84318
0.84408
0.84402
0.84742
0.84464
0.84206
0.8401
0.84274
0.8418
0.8444
0.84216
0.84886
0.84662
0.84384
0.84732
0.8376
0.84294
0.8421
0.84136
0.84256
0.84484
0.8431
0.84272
0.84404
0.84298
0.84764
0.84134
0.83844
0.83962
0.8357
0.8392
0.83198
0.83626
0.83918
0.83804
0.84154
0.83888
0.8496
0.84814
0.84654
0.8487
0.8441
0.84488
0.84372
0.84386
0.84588
0.84362
0.84424
0.8436
0.84284
0.84062
0.84254
0.8399
0.84472
0.84166
0.8429
0.84484
0.84406
0.83848
0.84966
0.84508
0.84174
0.84524
0.83998
0.83554
0.8349
0.84412
0.84398
0.8397
0.84056
0.84614
0.84838
0.84784
0.84428
0.84534
0.84574
0.83934
0.83928
0.84074
0.84288
0.8454
0.84076
0.84312
0.84476
0.84194
0.84648
0.84078
0.84526
0.84388
0.84152
0.8496
0.84618
0.83856
0.83136
0.83642
0.841
0.84024
0.84174
0.84548
0.8426
0.84716
0.84516
0.83902
0.8431
0.8344
0.83944
0.84474
0.84558
0.83672
0.83518
0.84436
0.8511
0.84188
0.84554
0.83934
0.8367
0.83722
0.845
0.8422
0.84132
0.84318
0.84716
0.84592
0.84054
0.84164
0.8401
0.8418
0.8435
0.84344
0.83906
0.84496
0.8454
0.8398
0.84446
0.83852
0.8417
0.83666
0.8409
0.83838
0.83902
0.8407
0.8379
0.84142
0.84672
0.84032
0.84502
0.83754
0.84096
0.8399
0.84148
0.83802
0.84358
0.84308
0.83782
0.83782
0.84304
0.83984
0.84154
0.83828
0.84344
0.842
0.83718
0.84536
0.8478
0.84294
0.8449
0.8447
0.83862
0.83808
0.83856
0.8434
0.84368
0.84118
0.84142
0.84546
0.84798
0.84166
0.84268
0.84366
0.8414
0.83674
0.85128
0.8396
0.84212
0.83896
0.8399
0.8433
0.84248
0.83768
0.83822
0.83786
0.84582
0.84096
0.835
0.84056
0.84554
0.84892
0.84446
0.84256
0.84516
0.84732
0.84592
0.842
0.83912
0.84202
0.84136
0.84532
0.83898
0.84388
0.84142
0.84072
0.83888
0.84276
0.84398
0.83874
0.84926
0.8424
0.84888
0.8505
0.84106
0.84176
0.8434
0.84048
0.84248
0.84734
0.84586
0.8388
0.83846
0.84332
0.84292
0.84674
0.84634
0.84198
0.83946
0.84268
0.8449
0.844
0.83754
0.8359
0.84202
0.83846
0.83586
0.83832
0.8447
0.8438
0.83608
0.83776
0.83672
0.8478
0.85292
0.83988
0.83812
0.83802
0.84388
0.84328
0.84522
0.8491
0.84176
0.843
0.84826
0.83944
0.8415
0.83922
0.83956
0.84466
0.84732
0.84288
0.8449
0.8393
0.84308
0.84966
0.85028
0.84482
0.83934
0.83904
0.8453
0.842
0.8504
0.84486
0.84096
0.83882
0.83996
0.84052
0.84546
0.84076
0.84384
0.83898
0.83268
0.83236
0.83744
0.83644
0.83708
0.83392
0.84236
0.84422
0.83968
0.8405
0.8442
0.84562
0.84218
0.83942
0.84648
0.84378
0.8453
0.83954
0.84002
0.83922
0.84162
0.83954
0.84098
0.84412
0.84546
0.84682
0.8476
0.8402
0.84606
0.84376
0.8452
0.8431
0.84296
0.8444
0.84778
0.84332
0.83678
0.84238
0.84642
0.84644
0.83892
0.84636
0.8421
0.8448
0.83796
0.8445
0.8396
0.8383
0.83374
0.83424
0.84276
0.84014
0.84514
0.84066
0.84558
0.84082
0.84596
0.84566
0.83478
0.84542
0.84582
0.84274
0.8495
0.84334
0.84244
0.83816
0.83906
0.83974
0.84644
0.84368
0.8423
0.84204
0.84444
0.84284
0.84708
0.84914
0.8423
0.84536
0.84602
0.84438
0.84676
0.8429
0.83942
0.84394
0.84564
0.845
0.84824
0.84432
0.84692
0.8445
0.84062
0.8392
0.84814
0.8436
0.84566
0.83976
0.8428
0.84464
0.8404
0.8411
0.8422
0.84002
0.83758
0.84106
0.84144
0.8374
0.83946
0.84146
0.84374
0.84544
0.845
0.84862
0.84422
0.83864
0.84134
0.8397
0.8427
0.83912
0.84682
0.84386
0.84588
0.84894
0.84116
0.84228
0.8455
0.83738
0.83488
0.83802
0.84444
0.84396
0.83944
0.84338
0.83938
0.8461
0.84154
0.83656
0.84376
0.84236
0.84276
0.84206
0.8465
0.8405
0.84022
0.841
0.84314
0.8428
0.84336
0.84944
0.8425
0.8425
0.83674
0.84276
0.84234
0.84314
0.83718
0.8475
0.84006
0.83354
0.84294
0.8267
0.84146
0.8388
0.84456
0.84394
0.84452
0.84476
0.84058
0.84532
0.84968
0.8434
0.84284
0.84396
0.84632
0.8444
0.84202
0.8429
0.84104
0.83756
0.83792
0.84332
0.84386
0.83866
0.84214
0.83526
0.839
0.8446
0.8455
0.83756
0.84038
0.84208
0.84262
0.84478
0.8412
0.83908
0.83802
0.84182
0.8418
0.83738
0.83302
0.84114
0.84638
0.84524
0.83926
0.83814
0.83802
0.83568
0.84544
0.84488
0.8372
0.83966
0.84272
0.84506
0.84368
0.84598
0.83704
0.8419
0.8428
0.85002
0.8362
0.84488
0.84212
0.84228
0.84032
0.8455
0.84054
0.8387
0.84328
0.84508
0.84256
0.84558
0.84308
0.8419
0.83584
0.83626
0.84454
0.8475
0.84054
0.84334
0.84238
0.8392
0.84352
0.8405
0.83792
0.84382
0.84432
0.84174
0.83606
0.83946
0.84932
0.84046
0.84006
0.84266
0.84212
0.84798
0.84526
0.8455
0.85122
0.84962
0.8452
0.84542
0.84756
0.84514
0.84524
0.84922
0.84208
0.84306
0.83958
0.8389
0.84304
0.83626
0.84068
0.84236
0.84326
0.83562
0.83964
0.83846
0.84466
0.83994
0.83836
0.84182
0.84058
0.83608
0.83028
0.84482
0.84406
0.84822
0.84056
0.83504
0.84422
0.8344
0.84086
0.84554
0.84612
0.84054
0.84278
0.83934
0.84514
0.84184
0.8457
0.8424
0.8447
0.84068
0.84244
0.84356
0.84332
0.8485
0.84274
0.84354
0.83656
0.83828
0.84064
0.84662
0.84378
0.8441
0.84634
0.83966
0.83822
0.8348
0.8451
0.85182
0.849
0.84308
0.8491
0.8446
0.84036
0.84092
0.84336
0.83826
0.84372
0.84292
0.84324
0.8463
0.8428
0.84274
0.84758
0.84088
0.84296
0.84892
0.8476
0.84524
0.84148
0.84334
0.84354
0.83614
0.838
0.83874
0.84628
0.8486
0.84362
0.83948
0.84242
0.83928
0.84442
0.84356
0.83696
0.84636
0.83918
0.8413
0.8455
0.8432
0.84334
0.84212
0.8457
0.84126
0.83944
0.83762
0.83826
0.84058
0.84498
0.8458
0.83968
0.8405
0.83926
0.84358
0.83834
0.8442
0.8434
0.84652
0.84354
0.8377
0.83804
0.84386
0.83882
0.84466
0.8488
0.85006
0.84824
0.84418
0.8374
0.83116
0.83446
0.83602
0.84874
0.8449
0.84616
0.84878
0.84466
0.84406
0.84108
0.84414
0.84682
0.84174
0.84658
0.8423
0.84016
0.83918
0.839
0.84166
0.8386
0.84168
0.84314
0.84452
0.84346
0.84404
0.84494
0.84504
0.84586
0.84418
0.84098
0.843
0.84394
0.8366
0.84328
0.84288
0.84634
0.84354
0.8398
0.84674
0.84572
0.84386
0.84674
0.8443
0.84658
0.84482
0.84028
0.84564
0.84272
0.84
0.84402
0.85098
0.84332
0.839
0.83886
0.8376
0.84354
0.84018
0.84286
0.83792
0.84304
0.84036
0.84374
0.8439
0.84458
0.84288
0.8481
0.84484
0.84856
0.84686
0.83882
0.84512
0.84334
0.84066
0.84748
0.84678
0.84566
0.84198
0.8466
0.8438
0.84456
0.84868
0.83948
0.83866
0.84524
0.8372
0.8434
0.84272
0.84414
0.84464
0.84252
0.8436
0.84752
0.84844
0.84434
0.84596
0.84318
0.84302
0.83586
0.84296
0.83898
0.8425
0.84542
0.8442
0.84522
0.84264
0.83972
0.84092
0.8407
0.83968
0.84124
0.83906
0.8412
0.84766
0.83928
0.8399
0.83974
0.84506
0.84246
0.8414
0.843
0.83834
0.84318
0.8432
0.84132
0.83884
0.84426
0.83594
0.8471
0.84114
0.84358
0.84126
0.8385
0.83914
0.84054
0.8442
0.84776
0.84144
0.8436
0.84108
0.84278
0.83878
0.83292
0.84432
0.85154
0.84462
0.84322
0.8504
0.83946
0.8406
0.84066
0.83674
0.8408
0.8488
0.84274
0.83842
0.83986
0.83898
0.84096
0.83826
0.84156
0.83746
0.83686
0.84566
0.84
0.83768
0.83802
0.84474
0.8477
0.84168
0.8405
0.84654
0.83964
0.83614
0.83962
0.84902
0.84544
0.84672
0.84606
0.84832
0.84206
0.8425
0.83962
0.83862
0.84222
0.84278
0.84068
0.84082
0.83962
0.84182
0.84158
0.83986
0.84108
0.84256
0.84094
0.84252
0.84482
0.83598
0.84516
0.84108
0.84602
0.84656
0.84222
0.84216
0.84318
0.8384
0.84162
0.83694
0.84374
0.83604
0.84076
0.83988
0.84494
0.84556
0.84644
0.84056
0.83604
0.84702
0.84722
0.8466
0.84534
0.8405
0.84186
0.83774
0.8375
0.84874
0.84856
0.85254
0.8499
0.85026
0.84308
0.84678
0.83966
0.84544
0.84392
0.84984
0.8459
0.84588
0.84886
0.84288
0.84268
0.83682
0.83964
0.84258
0.8441
0.84394
0.83646
0.8421
0.8422
0.8404
0.83522
0.84316
0.8421
0.84574
0.84494
0.84722
0.83918
0.83024
0.838
0.84348
0.8461
0.84432
0.843
0.84298
0.83774
0.83724
0.83846
0.84244
0.83986
0.83986
0.83872
0.8373
0.84534
0.84722
0.85002
0.85096
0.84352
0.84056
0.83842
0.8457
0.84366
0.84116
0.84402
0.8428
0.84422
0.83906
0.83422
0.84386
0.84476
0.84474
0.84868
0.84006
0.84194
0.84078
0.84034
0.83808
0.84512
0.84444
0.83506
0.84354
0.84262
0.83442
0.84612
0.83372
0.8475
0.84992
0.83336
0.83508
0.83954
0.843
0.8406
0.84426
0.84266
0.8436
0.83922
0.8423
0.84806
0.8387
0.8398
0.83864
0.84352
0.84402
0.84866
0.84162
0.8441
0.84092
0.84076
0.8451
0.83928
0.83878
0.84684
0.84256
0.83624
0.8392
0.84748
0.84526
0.84342
0.84058
0.84048
0.8412
0.84464
0.84294
0.84034
0.84432
0.84112
0.8405
0.83584
0.83312
0.83786
0.8391
0.84076
0.83914
0.8411
0.84754
0.8412
0.8353
0.83662
0.83878
0.8393
0.8402
0.84276
0.84364
0.84036
0.84142
0.83952
0.83798
0.83842
0.84068
0.84226
0.84682
0.8386
0.83598
0.8461
0.844
0.8372
0.84674
0.84714
0.83686
0.84208
0.84
0.84316
0.84612
0.84106
0.83818
0.84172
0.84476
0.84544
0.84242
0.84574
0.8478
0.84542
0.85018
0.8403
0.84322
0.84484
0.84406
0.84212
0.84244
0.84302
0.84642
0.8436
0.84634
0.84566
0.84416
0.84288
0.84232
0.84252
0.84044
0.83894
0.84498
0.84876
0.84994
0.84344
0.8458
0.84418
0.84748
0.84326
0.84208
0.84052
0.84086
0.84084
0.8453
0.84272
0.8426
0.84716
0.841
0.84148
0.84242
0.8474
0.84548
0.83488
0.8383
0.8447
0.8457
0.84688
0.84816
0.8507
0.84172
0.8478
0.83756
0.84204
0.8482
0.84522
0.8458
0.8389
0.83984
0.84524
0.84188
0.83992
0.84046
0.84286
0.83892
0.84054
0.8394
0.83498
0.84468
0.84206
0.84152
0.85432
0.84044
0.84134
0.8417
0.84746
0.83868
0.8417
0.84074
0.8377
0.8372
0.83992
0.83642
0.8447
0.83732
0.84166
0.83724
0.84228
0.84354
0.8423
0.84476
0.8466
0.84602
0.84618
0.8466
0.8475
0.84562
0.84292
0.84164
0.84494
0.84068
0.8437
0.8455
0.8394
0.84342
0.8455
0.84358
0.84682
0.8474
0.83982
0.83946
0.84512
0.8439
0.84048
0.8442
0.83714
0.84324
0.83578
0.8344
0.83802
0.84346
0.84074
0.84106
0.84464
0.84564
0.8443
0.8418
0.8451
0.84156
0.83852
0.84096
0.84234
0.84382
0.84278
0.84056
0.83786
0.83784
0.84952
0.84584
0.84226
0.84036
0.84598
0.84122
0.83516
0.83974
0.84158
0.83004
0.83674
0.84408
0.84026
0.84748
0.8452
0.84602
0.8447
0.84238
0.84226
0.84454
0.8351
0.83982
0.84124
0.84192
0.84158
0.83918
0.8423
0.84866
0.84742
0.84558
0.84512
0.84502
0.83964
0.8458
0.84458
0.8475
0.84496
0.84656
0.84792
0.84766
0.8502
0.84714
0.84464
0.84196
0.84008
0.84512
0.84354
0.84328
0.8477
0.84586
0.8464
0.84398
0.84394
0.83974
0.84414
0.84934
0.8404
0.84268
0.84056
0.83854
0.84068
0.83894
0.8431
0.84242
0.84158
0.84422
0.83734
0.84324
0.8447
0.84314
0.84152
0.83636
0.83862
0.84082
0.83698
0.83728
0.83832
0.84588
0.84424
0.84092
0.83808
0.83544
0.8413
0.8408
0.83518
0.84178
0.84452
0.8408
0.83292
0.84044
0.83498
0.8504
0.84764
0.84772
0.8446
0.84526
0.84996
0.84402
0.84586
0.836
0.8447
0.84146
0.84306
0.84588
0.84644
0.84366
0.84248
0.83844
0.84228
0.83954
0.84422
0.84478
0.8458
0.84526
0.84496
0.8489
0.84252
0.84546
0.84082
0.84118
0.84054
0.84684
0.84588
0.84346
0.84286
0.84216
0.83904
0.8407
0.83854
0.83854
0.84426
0.84604
0.84216
0.8414
0.842
0.84116
0.8397
0.84352
0.84434
0.84338
0.84394
0.84498
0.84238
0.83954
0.84648
0.84976
0.84794
0.8428
0.8408
0.8424
0.84202
0.8368
0.83772
0.83856
0.84382
0.84042
0.84386
0.8486
0.84122
0.8463
0.84934
0.84494
0.8423
0.8379
0.84374
0.84222
0.83856
0.8339
0.84062
0.8426
0.84418
0.8398
0.84212
0.84412
0.84626
0.84076
0.83906
0.84146
0.84164
0.83786
0.84298
0.84296
0.8461
0.84126
0.8429
0.83892
0.83678
0.84526
0.84302
0.84488
0.84334
0.84478
0.84372
0.83878
0.84032
0.83782
0.84334
0.84732
0.83824
0.84238
0.84262
0.84394
0.84814
0.84644
0.84988
0.84126
0.83716
0.84008
0.84176
0.84176
0.84314
0.8413
0.84402
0.84292
0.84068
0.84418
0.84862
0.84706
0.84206
0.83948
0.83642
0.8379
0.8441
0.84534
0.84184
0.843
0.8495
0.83384
0.83738
0.83894
0.84028
0.8435
0.84934
0.84346
0.85164
0.84612
0.84078
0.84178
0.84634
0.83854
0.84106
0.84282
0.84324
0.83986
0.8401
0.84404
0.8423
0.84162
0.8419
0.84202
0.83992
0.84392
0.8461
0.84812
0.84112
0.84132
0.83876
0.84244
0.83862
0.84848
0.84196
0.84204
0.84132
0.84418
0.85084
0.84958
0.84532
0.8394
0.83922
0.83828
0.83922
0.84404
0.84804
0.84202
0.84412
0.84108
0.84192
0.84138
0.83938
0.84108
0.84198
0.83588
0.8416
0.84298
0.84628
0.84774
0.8476
0.84746
0.84582
0.8403
0.83932
0.83802
0.84044
0.83812
0.83182
0.83336
0.841
0.84284
0.84134
0.84784
0.84296
0.84182
0.8425
0.8434
0.8411
0.84046
0.84598
0.8442
0.84348
0.85028
0.84556
0.84912
0.84278
0.83966
0.84118
0.8432
0.8388
0.84084
0.84268
0.84294
0.84072
0.84424
0.83912
0.83348
0.83768
0.83862
0.83482
0.83874
0.84154
0.84262
0.83874
0.83904
0.84022
0.84052
0.84806
0.84618
0.84134
0.8409
0.83584
0.83246
0.84026
0.84564
0.8462
0.8475
0.84128
0.8416
0.8396
0.83586
0.83224
0.8388
0.84514
0.84526
0.84758
0.84958
0.8461
0.85288
0.84462
0.84338
0.84076
0.84064
0.83652
0.84326
0.84214
0.84572
0.842
0.8408
0.84068
0.84208
0.842
0.84446
0.8377
0.83532
0.83544
0.84042
0.8406
0.8437
0.85006
0.84344
0.84786
0.8431
0.84346
0.8377
0.8351
0.83728
0.84358
0.8435
0.8429
0.84036
0.8441
0.8412
0.83978
0.83838
0.84188
0.8394
0.84216
0.83708
0.84446
0.84418
0.84122
0.84406
0.8462
0.8418
0.84448
0.83972
0.83758
0.84066
0.8454
0.84108
0.84468
0.8471
0.84102
0.84648
0.8393
0.84116
0.84268
0.8447
0.84796
0.84252
0.84598
0.84234
0.8445
0.84096
0.839
0.8421
0.8388
0.85096
0.84586
0.8468
0.84444
0.8459
0.84462
0.84414
0.84312
0.84484
0.8461
0.85288
0.84462
0.84374
0.84656
0.84222
0.84928
0.84046
0.84638
0.84684
0.84136
0.84804
0.84358
0.83998
0.83992
0.84816
0.84482
0.83934
0.84026
0.8386
0.84162
0.84598
0.84602
0.84458
0.84508
0.84428
0.83966
0.83494
0.83608
0.83954
0.84836
0.84294
0.83526
0.84312
0.83362
0.83772
0.8382
0.83602
0.84262
0.83796
0.82682
0.83226
0.83488
0.84476
0.84714
0.83984
0.8387
0.84316
0.84132
0.84176
0.8437
0.84228
0.84536
0.84532
0.84878
0.84116
0.83878
0.83674
0.83956
0.84284
0.84424
0.85108
0.84464
0.84848
0.84182
0.84054
0.84276
0.84004
0.84112
0.84898
0.84318
0.84868
0.85004
0.84348
0.8506
0.84496
0.84458
0.8406
0.83854
0.84418
0.84178
0.84086
0.83592
0.8422
0.84284
0.84006
0.8422
0.84308
0.84258
0.84584
0.84482
0.84532
0.83998
0.84116
0.84176
0.83946
0.83522
0.83738
0.8438
0.84724
0.8482
0.84744
0.84144
0.83938
0.84282
0.8437
0.84486
0.8474
0.84796
0.84124
0.84148
0.8362
0.83374
0.83788
0.84318
0.8485
0.846
0.84244
0.85466
0.8462
0.84788
0.8393
0.83822
0.83988
0.84468
0.84242
0.84518
0.83842
0.83966
0.84654
0.84594
0.84064
0.83472
0.83704
0.8396
0.8478
0.83894
0.83838
0.83876
0.84126
0.83908
0.84412
0.8443
0.84714
0.83904
0.84474
0.84682
0.84138
0.845
0.83902
0.84092
0.84696
0.84824
0.84346
0.8455
0.84594
0.84068
0.83786
0.84286
0.8471
0.84188
0.8435
0.83798
0.84208
0.8455
0.8413
0.84218
0.83982
0.8414
0.8431
0.84492
0.84146
0.84156
0.8379
0.83976
0.84678
0.84228
0.83976
0.8466
0.8423
0.834
0.84296
0.83676
0.83558
0.84394
0.8415
0.83954
0.8422
0.84556
0.84752
0.84382
0.8431
0.84374
0.844
0.84166
0.845
0.83906
0.84492
0.8445
0.84894
0.84952
0.84806
0.84464
0.84196
0.8419
0.83608
0.83756
0.83954
0.84202
0.84066
0.84078
0.84202
0.84194
0.8437
0.83826
0.84534
0.84232
0.83794
0.83716
0.84298
0.84502
0.83942
0.8429
0.8452
0.84316
0.83718
0.84366
0.84194
0.84356
0.846
0.83962
0.83692
0.83712
0.84362
0.83732
0.8413
0.84352
0.8425
0.84732
0.84012
0.84322
0.84736
0.84326
0.8497
0.84488
0.85128
0.84858
0.84502
0.8432
0.84718
0.83946
0.8484
0.84396
0.83676
0.8436
0.83718
0.83662
0.83594
0.83668
0.83938
0.8435
0.84102
0.83522
0.84166
0.84244
0.83672
0.84186
0.84126
0.84148
0.83766
0.8403
0.841
0.84672
0.84892
0.84384
0.8457
0.84638
0.84314
0.83916
0.83984
0.8393
0.84204
0.843
0.83614
0.84184
0.84304
0.84814
0.8447
0.84804
0.84494
0.84514
0.85086
0.84488
0.84628
0.84178
0.8412
0.8444
0.84392
0.83824
0.8407
0.84388
0.83406
0.84602
0.84498
0.84068
0.8473
0.84612
0.84394
0.8406
0.84478
0.84478
0.84414
0.8357
0.8367
0.84552
0.83906
0.83384
0.83754
0.839
0.83414
0.8359
0.84092
0.84398
0.8409
0.84326
0.84016
0.84524
0.84128
0.84564
0.84114
0.8429
0.84272
0.84116
0.8354
0.84392
0.84334
0.84526
0.84624
0.84638
0.8364
0.8377
0.84004
0.83632
0.83796
0.837
0.84244
0.83756
0.84102
0.83966
0.83802
0.83598
0.83944
0.84272
0.83954
0.84324
0.84564
0.8459
0.8399
0.84542
0.84786
0.84914
0.84792
0.84396
0.84418
0.8464
0.84468
0.83562
0.84926
0.8394
0.84032
0.83742
0.83872
0.84364
0.843
0.84256
0.84582
0.8385
0.84774
0.84368
0.84356
0.84542
0.84344
0.83968
0.83798
0.84028
0.84592
0.8419
0.83868
0.8404
0.84304
0.84166
0.84924
0.84144
0.84308
0.84188
0.8464
0.84114
0.84228
0.84352
0.83748
0.84288
0.84258
0.84398
0.84164
0.8416
0.84716
0.83918
0.83592
0.84932
0.8441
0.84154
0.8421
0.83734
0.84306
0.8449
0.83806
0.83986
0.82714
0.83816
0.835
0.83554
0.83862
0.83316
0.84308
0.84062
0.83966
0.84022
0.84268
0.84372
0.8454
0.84296
0.84912
0.84406
0.8423
0.84316
0.84334
0.8401
0.84384
0.8414
0.84564
0.84742
0.84276
0.83946
0.84538
0.84142
0.8452
0.841
0.84536
0.83958
0.83606
0.83628
0.83836
0.83846
0.84184
0.83978
0.83548
0.84058
0.83948
0.84198
0.84138
0.84394
0.8431
0.84078
0.83934
0.84682
0.8471
0.84728
0.84192
0.8418
0.84556
0.83934
0.8418
0.83798
0.84022
0.83902
0.84352
0.84318
0.84434
0.84174
0.83678
0.84018
0.8444
0.84558
0.84228
0.84392
0.84024
0.83678
0.83858
0.83844
0.8413
0.84114
0.84434
0.8463
0.84704
0.84808
0.84036
0.8457
0.83946
0.83654
0.83318
0.83864
0.8466
0.84532
0.83572
0.83894
0.84098
0.84152
0.83882
0.8434
0.83964
0.84056
0.84642
0.84622
0.84444
0.84618
0.84114
0.83896
0.8395
0.83256
0.83568
0.84014
0.83982
0.83528
0.83866
0.84206
0.84344
0.84366
0.84764
0.84664
0.85254
0.8477
0.8442
0.83964
0.83962
0.839
0.84166
0.8413
0.8445
0.8467
0.84794
0.84852
0.84934
0.84296
0.8462
0.84472
0.83984
0.84664
0.84042
0.8378
0.84488
0.84286
0.84262
0.8399
0.83728
0.8447
0.84272
0.84078
0.84064
0.84322
0.8464
0.84456
0.84856
0.84588
0.84132
0.83908
0.84178
0.83726
0.84206
0.84642
0.84416
0.84002
0.83918
0.8433
0.84268
0.83736
0.8381
0.84438
0.83984
0.83912
0.8359
0.8432
0.84222
0.84188
0.84466
0.84214
0.8429
0.8367
0.84024
0.8409
0.8398
0.8405
0.842
0.83784
0.83624
0.83736
0.83884
0.84346
0.84084
0.842
0.84462
0.84562
0.84496
0.84028
0.84088
0.8409
0.83324
0.84064
0.8418
0.8375
0.836
0.83838
0.83644
0.84118
0.84496
0.84186
0.84274
0.8418
0.84192
0.84026
0.8361
0.83838
0.84258
0.84568
0.84216
0.8434
0.84134
0.84624
0.84526
0.83886
0.84456
0.8352
0.84182
0.83772
0.84306
0.84464
0.84306
0.84224
0.8403
0.84402
0.84338
0.84398
0.84384
0.84546
0.84608
0.83732
0.8465
0.84408
0.84292
0.84656
0.84558
0.8476
0.84658
0.85084
0.8449
