-0.99038
-0.99034
-0.99092
-0.99046
-0.99086
-0.99082
-0.99024
-0.99136
-0.99034
-0.99068
-0.99058
-0.99182
-0.99048
-0.991
-0.99056
-0.9913
-0.99032
-0.99062
-0.99132
-0.99024
-0.99052
-0.99
-0.99018
-0.9907
-0.99116
-0.9903
-0.99036
-0.99102
-0.99068
-0.99076
-0.99126
-0.9905
-0.99104
-0.99134
-0.99086
-0.99138
-0.9903
-0.99112
-0.99118
-0.99094
-0.9907
-0.99116
-0.99116
-0.99106
-0.99122
-0.98994
-0.9903
-0.99102
-0.9909
-0.99044
-0.99046
-0.99082
-0.98986
-0.9911
-0.99072
-0.9905
-0.9907
-0.9904
-0.99094
-0.99088
-0.99072
-0.99058
-0.98972
-0.98972
-0.99044
-0.99074
-0.98974
-0.99014
-0.99028
-0.99076
-0.9908
-0.9906
-0.9909
-0.9912
-0.99114
-0.99066
-0.99098
-0.99
-0.99086
-0.99154
-0.99068
-0.99072
-0.99018
-0.99026
-0.99084
-0.99018
-0.98994
-0.9912
-0.99078
-0.9907
-0.98966
-0.9903
-0.99004
-0.99072
-0.99136
-0.99116
-0.9897
-0.99044
-0.99088
-0.9905
-0.99082
-0.99068
-0.9908
-0.98978
-0.99136
-0.9912
-0.99036
-0.99092
-0.9908
-0.99008
-0.99034
-0.99058
-0.9908
-0.99082
-0.98954
-0.991
-0.99042
-0.99062
-0.99058
-0.99048
-0.99104
-0.99054
-0.99022
-0.99104
-0.9903
-0.99002
-0.99022
-0.9906
-0.99106
-0.99082
-0.9904
-0.99112
-0.99098
-0.99086
-0.99042
-0.99108
-0.99024
-0.99086
-0.99142
-0.99064
-0.99028
-0.99086
-0.99136
-0.99062
-0.99002
-0.99036
-0.9909
-0.99072
-0.98964
-0.99066
-0.99058
-0.9906
-0.99112
-0.99094
-0.99068
-0.98972
-0.99056
-0.99174
-0.99028
-0.99112
-0.99058
-0.99078
-0.99072
-0.99088
-0.99038
-0.98994
-0.99092
-0.99064
-0.99014
-0.99138
-0.99002
-0.98932
-0.98992
-0.99088
-0.98996
-0.9906
-0.99012
-0.99034
-0.99034
-0.99062
-0.99118
-0.99146
-0.99122
-0.9909
-0.99112
-0.99018
-0.99064
-0.99066
-0.99052
-0.99136
-0.99054
-0.98984
-0.99054
-0.99086
-0.99066
-0.99086
-0.98972
-0.9904
-0.99066
-0.9903
-0.99102
-0.98936
-0.98994
-0.99044
-0.99028
-0.99082
-0.99144
-0.9912
-0.9902
-0.99076
-0.99068
-0.9918
-0.98968
-0.99092
-0.99084
-0.99092
-0.9909
-0.99118
-0.9909
-0.9907
-0.99124
-0.99016
-0.99098
-0.99162
-0.99114
-0.991
-0.99004
-0.9907
-0.99036
-0.99166
-0.99062
-0.99058
-0.9908
-0.99078
-0.9913
-0.99088
-0.99074
-0.98946
-0.99082
-0.99072
-0.9901
-0.99124
-0.99052
-0.99032
-0.99092
-0.99006
-0.98982
-0.9913
-0.9911
-0.9904
-0.99146
-0.99096
-0.98994
-0.99142
-0.98964
-0.99078
-0.99138
-0.9907
-0.9917
-0.99088
-0.99086
-0.99036
-0.9909
-0.99082
-0.99024
-0.99142
-0.99062
-0.99048
-0.99098
-0.9911
-0.99132
-0.99074
-0.99034
-0.99054
-0.99022
-0.9912
-0.9911
-0.9906
-0.99102
-0.99074
-0.99086
-0.991
-0.99038
-0.9907
-0.99002
-0.99086
-0.99054
-0.99024
-0.99118
-0.99014
-0.991
-0.99044
-0.99086
-0.99062
-0.9903
-0.99088
-0.99142
-0.99102
-0.99026
-0.99074
-0.99102
-0.99086
-0.9906
-0.99064
-0.99034
-0.99104
-0.99182
-0.99076
-0.99038
-0.99124
-0.98994
-0.99152
-0.99048
-0.99078
-0.99106
-0.9904
-0.99112
-0.99048
-0.99084
-0.99032
-0.99088
-0.9902
-0.9908
-0.99032
-0.99088
-0.99092
-0.99
-0.99068
-0.99064
-0.99018
-0.98986
-0.99034
-0.9896
-0.99034
-0.99094
-0.99084
-0.99084
-0.99054
-0.9904
-0.99108
-0.99032
-0.99074
-0.99074
-0.99042
-0.99064
-0.99
-0.99112
-0.99162
-0.99076
-0.99068
-0.99018
-0.99056
-0.98996
-0.99034
-0.99052
-0.99094
-0.99
-0.99038
-0.99112
-0.99034
-0.99032
-0.99106
-0.9907
-0.99086
-0.99062
-0.99076
-0.99104
-0.99064
-0.99052
-0.98952
-0.9912
-0.99164
-0.991
-0.99032
-0.99102
-0.99042
-0.99028
-0.99
-0.99166
-0.99104
-0.99024
-0.9904
-0.99022
-0.99138
-0.99024
-0.99116
-0.99118
-0.9904
-0.99046
-0.99082
-0.9913
-0.9908
-0.99074
-0.98984
-0.99084
-0.99066
-0.99052
-0.98992
-0.9911
-0.99138
-0.99004
-0.9899
-0.98968
-0.99094
-0.99136
-0.98996
-0.99058
-0.99088
-0.99134
-0.991
-0.99128
-0.99104
-0.99068
-0.98994
-0.99034
-0.99076
-0.99074
-0.99148
-0.99106
-0.99144
-0.9905
-0.9897
-0.991
-0.99098
-0.9897
-0.99046
-0.99094
-0.99078
-0.99044
-0.99092
-0.99006
-0.98994
-0.99126
-0.99052
-0.9914
-0.99018
-0.99118
-0.99152
-0.99128
-0.9915
-0.9911
-0.99022
-0.99014
-0.98974
-0.9907
-0.99074
-0.99088
-0.99068
-0.99076
-0.99002
-0.99112
-0.99064
-0.99104
-0.9906
-0.99024
-0.99092
-0.98976
-0.9899
-0.99046
-0.99114
-0.99004
-0.99124
-0.9905
-0.99014
-0.99112
-0.98996
-0.98984
-0.99152
-0.9903
-0.99088
-0.99066
-0.99026
-0.99014
-0.99052
-0.99072
-0.9913
-0.98992
-0.99206
-0.9913
-0.99036
-0.99054
-0.99062
-0.99154
-0.99068
-0.98994
-0.99046
-0.99166
-0.98982
-0.99098
-0.99128
-0.99024
-0.99096
-0.99002
-0.99076
-0.99078
-0.99078
-0.9908
-0.99148
-0.99038
-0.99048
-0.98992
-0.99088
-0.99042
-0.98992
-0.99094
-0.991
-0.99022
-0.99024
-0.9907
-0.99058
-0.99024
-0.9903
-0.98978
-0.99086
-0.9907
-0.9916
-0.9909
-0.99098
-0.9905
-0.99058
-0.9917
-0.99106
-0.99042
-0.9903
-0.99122
-0.99064
-0.9909
-0.99034
-0.99048
-0.99088
-0.99028
-0.99094
-0.99074
-0.99074
-0.9915
-0.99104
-0.99036
-0.9906
-0.98998
-0.9907
-0.9906
-0.98946
-0.9904
-0.99032
-0.98982
-0.9897
-0.99038
-0.99044
-0.99034
-0.99022
-0.9911
-0.99074
-0.99124
-0.98974
-0.99074
-0.99118
-0.99092
-0.99082
-0.99036
-0.99086
-0.99024
-0.99108
-0.99092
-0.99012
-0.99126
-0.99008
-0.99034
-0.99074
-0.99012
-0.99032
-0.98972
-0.99116
-0.98988
-0.9911
-0.99046
-0.99102
-0.98978
-0.99012
-0.99116
-0.9901
-0.99056
-0.99082
-0.99108
-0.99136
-0.9913
-0.99066
-0.99018
-0.99078
-0.9906
-0.9908
-0.99108
-0.99132
-0.99084
-0.99078
-0.99014
-0.99104
-0.99042
-0.99036
-0.99058
-0.99072
-0.9917
-0.99076
-0.9911
-0.99066
-0.99142
-0.99014
-0.99098
-0.9905
-0.9908
-0.99026
-0.99014
-0.99028
-0.99134
-0.99084
-0.9901
-0.9907
-0.9906
-0.99032
-0.99086
-0.99032
-0.99136
-0.99048
-0.99078
-0.99018
-0.99066
-0.99076
-0.99088
-0.99142
-0.98956
-0.99074
-0.99062
-0.99104
-0.99048
-0.99066
-0.99104
-0.99074
-0.99078
-0.99048
-0.99028
-0.99074
-0.99084
-0.9907
-0.99066
-0.99042
-0.9904
-0.99096
-0.9913
-0.99026
-0.9902
-0.99012
-0.99106
-0.99106
-0.99096
-0.99128
-0.99124
-0.9908
-0.99016
-0.99112
-0.9893
-0.99122
-0.99066
-0.99078
-0.99084
-0.99112
-0.99104
-0.99032
-0.9907
-0.99074
-0.99102
-0.99114
-0.99108
-0.99082
-0.99092
-0.99046
-0.99038
-0.98998
-0.99044
-0.99018
-0.9906
-0.99062
-0.9905
-0.99052
-0.99066
-0.9906
-0.99058
-0.991
-0.99082
-0.99144
-0.99146
-0.99028
-0.99054
-0.99178
-0.99058
-0.99072
-0.9899
-0.99034
-0.99118
-0.99114
-0.99056
-0.99048
-0.99068
-0.99084
-0.99134
-0.9905
-0.99092
-0.9909
-0.99136
-0.99116
-0.99036
-0.99058
-0.99012
-0.99034
-0.9899
-0.99034
-0.99026
-0.99042
-0.9909
-0.99018
-0.99092
-0.98998
-0.9908
-0.99088
-0.99072
-0.99098
-0.99094
-0.99094
-0.99004
-0.9909
-0.99064
-0.99088
-0.99116
-0.99118
-0.9901
-0.99018
-0.99068
-0.9902
-0.99112
-0.99042
-0.99028
-0.99156
-0.99016
-0.99024
-0.99064
-0.99134
-0.99008
-0.991
-0.9909
-0.99164
-0.99054
-0.99084
-0.99006
-0.9908
-0.991
-0.9913
-0.99082
-0.9901
-0.9917
-0.98996
-0.98984
-0.99068
-0.99202
-0.99102
-0.99104
-0.99044
-0.99002
-0.99018
-0.99074
-0.99064
-0.99066
-0.99138
-0.9911
-0.99108
-0.9917
-0.99062
-0.98988
-0.99036
-0.9908
-0.99066
-0.98964
-0.99022
-0.9905
-0.99108
-0.99076
-0.99016
-0.99102
-0.99028
-0.9903
-0.99158
-0.99054
-0.99132
-0.99064
-0.9895
-0.99044
-0.99088
-0.99022
-0.9914
-0.99016
-0.99044
-0.9907
-0.99058
-0.99038
-0.99012
-0.99116
-0.99062
-0.99094
-0.9907
-0.99094
-0.99034
-0.99032
-0.99038
-0.9907
-0.99074
-0.99044
-0.99
-0.9906
-0.9899
-0.99084
-0.99024
-0.99094
-0.99112
-0.99086
-0.9912
-0.99034
-0.99078
-0.99102
-0.99084
-0.9906
-0.99094
-0.99144
-0.98918
-0.99104
-0.99042
-0.99082
-0.99088
-0.99058
-0.99058
-0.9907
-0.99046
-0.99114
-0.99136
-0.99036
-0.99006
-0.99092
-0.98988
-0.99094
-0.99116
-0.99072
-0.99104
-0.9907
-0.99106
-0.99068
-0.99006
-0.98978
-0.99132
-0.99006
-0.99062
-0.99174
-0.98996
-0.99094
-0.9906
-0.99066
-0.99114
-0.99042
-0.99036
-0.9904
-0.9912
-0.99072
-0.99036
-0.99028
-0.99042
-0.99052
-0.99032
-0.99016
-0.9912
-0.99126
-0.99046
-0.99026
-0.9904
-0.99074
-0.99054
-0.99102
-0.99054
-0.99078
-0.99036
-0.99158
-0.98948
-0.99022
-0.99056
-0.99062
-0.99018
-0.99038
-0.99148
-0.99034
-0.98974
-0.9907
-0.99096
-0.99028
-0.99028
-0.991
-0.99142
-0.99098
-0.99108
-0.98996
-0.9903
-0.99072
-0.99022
-0.99124
-0.99128
-0.99052
-0.99108
-0.98962
-0.99058
-0.99122
-0.99
-0.99104
-0.99182
-0.99046
-0.99102
-0.99032
-0.991
-0.99012
-0.9905
-0.99022
-0.99038
-0.99036
-0.99076
-0.99136
-0.99162
-0.99036
-0.9902
-0.99
-0.99076
-0.99072
-0.99096
-0.9904
-0.99002
-0.98988
-0.99062
-0.99098
-0.99084
-0.99116
-0.9908
-0.9913
-0.99054
-0.99096
-0.99054
-0.99024
-0.99036
-0.99062
-0.99054
-0.99046
-0.99084
-0.9901
-0.99144
-0.99074
-0.9913
-0.99086
-0.9908
-0.99078
-0.99082
-0.9913
-0.99086
-0.99042
-0.99044
-0.99044
-0.9904
-0.99158
-0.99066
-0.99084
-0.99096
-0.99042
-0.99152
-0.99092
-0.99052
-0.99006
-0.99046
-0.99096
-0.99114
-0.9902
-0.99098
-0.99138
-0.99002
-0.9909
-0.99114
-0.99036
-0.99126
-0.99108
-0.99036
-0.9911
-0.99122
-0.99086
-0.9905
-0.98976
-0.99096
-0.99058
-0.99082
-0.9908
-0.98984
-0.99054
-0.99112
-0.99084
-0.99076
-0.991
-0.99072
-0.9906
-0.9909
-0.99112
-0.99104
-0.99108
-0.99126
-0.99142
-0.99044
-0.99064
-0.9915
-0.99126
-0.99038
-0.9907
-0.99014
-0.99018
-0.99074
-0.9907
-0.99024
-0.99116
-0.99156
-0.99094
-0.99038
-0.99134
-0.99056
-0.99154
-0.99066
-0.99094
-0.98998
-0.9896
-0.98972
-0.98946
-0.99034
-0.99106
-0.99092
-0.98956
-0.9904
-0.99032
-0.9901
-0.9901
-0.99098
-0.99068
-0.99016
-0.99094
-0.98914
-0.99088
-0.9907
-0.9899
-0.9901
-0.99068
-0.99152
-0.99008
-0.9898
-0.99054
-0.9914
-0.99008
-0.99098
-0.99142
-0.99046
-0.9909
-0.99132
-0.9902
-0.99108
-0.99046
-0.99126
-0.99026
-0.98964
-0.99018
-0.9907
-0.9905
-0.99104
-0.99076
-0.9904
-0.99076
-0.99152
-0.99076
-0.99068
-0.99106
-0.99
-0.99104
-0.99012
-0.99018
-0.99108
-0.99072
-0.99076
-0.99166
-0.99102
-0.99134
-0.99052
-0.99084
-0.99136
-0.99074
-0.99088
-0.9916
-0.98976
-0.99012
-0.99012
-0.98994
-0.9911
-0.99068
-0.99138
-0.99074
-0.99054
-0.9905
-0.9899
-0.99052
-0.99102
-0.99082
-0.99032
-0.99076
-0.99112
-0.99012
-0.9912
-0.99082
-0.99026
-0.99098
-0.99098
-0.98958
-0.99092
-0.99062
-0.99018
-0.99108
-0.99134
-0.9915
-0.9915
-0.99058
-0.99134
-0.9903
-0.991
-0.99054
-0.99062
-0.99022
-0.9912
-0.9899
-0.99112
-0.99042
-0.99034
-0.99082
-0.99082
-0.99044
-0.99028
-0.9912
-0.99114
-0.99114
-0.9899
-0.9908
-0.99098
-0.9904
-0.99108
-0.9908
-0.99066
-0.99056
-0.99046
-0.99052
-0.99036
-0.99088
-0.99084
-0.99048
-0.9912
-0.99044
-0.99052
-0.99016
-0.99042
-0.99096
-0.99086
-0.99154
-0.991
-0.99036
-0.99086
-0.99084
-0.99104
-0.98998
-0.99118
-0.9906
-0.9903
-0.99044
-0.9912
-0.99
-0.99118
-0.99028
-0.99032
-0.99106
-0.99128
-0.99072
-0.99024
-0.99016
-0.99104
-0.99108
-0.9911
-0.99066
-0.99016
-0.99048
-0.98962
-0.9905
-0.98986
-0.99094
-0.99114
-0.98964
-0.99052
-0.99084
-0.99094
-0.99018
-0.99008
-0.99118
-0.99
-0.99104
-0.99026
-0.99124
-0.99046
-0.99024
-0.9904
-0.99138
-0.99106
-0.9903
-0.99038
-0.99052
-0.9899
-0.9906
-0.99194
-0.99164
-0.9905
-0.9908
-0.99092
-0.99054
-0.99008
-0.99122
-0.98954
-0.99084
-0.9907
-0.99184
-0.98996
-0.9903
-0.9908
-0.99064
-0.99114
-0.98972
-0.9904
-0.99106
-0.991
-0.99014
-0.99006
-0.9901
-0.99056
-0.99024
-0.99018
-0.99108
-0.99044
-0.99088
-0.99088
-0.9906
-0.98956
-0.99002
-0.98942
-0.9907
-0.99054
-0.99124
-0.99064
-0.99128
-0.99046
-0.9906
-0.99072
-0.99036
-0.9902
-0.99066
-0.99008
-0.99066
-0.99104
-0.99126
-0.99068
-0.99086
-0.99034
-0.99078
-0.99062
-0.99104
-0.99064
-0.99028
-0.98978
-0.99004
-0.9906
-0.99124
-0.99108
-0.99032
-0.99066
-0.99078
-0.99052
-0.99048
-0.99004
-0.99084
-0.99044
-0.9909
-0.99082
-0.99038
-0.99064
-0.99084
-0.99096
-0.99024
-0.99074
-0.99042
-0.9904
-0.99158
-0.9903
-0.98966
-0.99078
-0.99044
-0.99036
-0.99112
-0.99024
-0.98974
-0.99008
-0.99052
-0.99138
-0.99026
-0.99112
-0.98992
-0.99128
-0.99082
-0.99052
-0.98988
-0.99022
-0.99102
-0.99062
-0.99028
-0.99036
-0.99064
-0.99102
-0.99146
-0.9912
-0.9903
-0.99062
-0.99058
-0.99094
-0.99064
-0.99138
-0.99136
-0.99094
-0.99098
-0.99096
-0.99068
-0.99052
-0.99092
-0.99134
-0.99112
-0.9917
-0.99092
-0.99092
-0.99162
-0.99042
-0.99066
-0.9908
-0.99074
-0.99086
-0.99132
-0.99084
-0.99046
-0.99056
-0.99052
-0.99082
-0.9902
-0.99074
-0.99002
-0.99068
-0.99074
-0.9906
-0.9907
-0.99056
-0.99102
-0.99074
-0.98984
-0.99052
-0.9905
-0.99044
-0.99046
-0.99002
-0.99086
-0.99104
-0.99086
-0.99094
-0.99076
-0.99072
-0.9909
-0.99048
-0.99064
-0.99172
-0.99096
-0.99006
-0.99
-0.99046
-0.99052
-0.98994
-0.9901
-0.99074
-0.98986
-0.9898
-0.98972
-0.99032
-0.99114
-0.99116
-0.99148
-0.99118
-0.99064
-0.99034
-0.99108
-0.99086
-0.99036
-0.99012
-0.99028
-0.99026
-0.99122
-0.98988
-0.99016
-0.99074
-0.99078
-0.99016
-0.99012
-0.99008
-0.99122
-0.99032
-0.99084
-0.9896
-0.9898
-0.99052
-0.99064
-0.9917
-0.9912
-0.98992
-0.99052
-0.99156
-0.99068
-0.98994
-0.99008
-0.99054
-0.99068
-0.99024
-0.99088
-0.99082
-0.9905
-0.99056
-0.99084
-0.99098
-0.98986
-0.9911
-0.99046
-0.99066
-0.99036
-0.99118
-0.99102
-0.98974
-0.99084
-0.99068
-0.99092
-0.99082
-0.99132
-0.99088
-0.99074
-0.99112
-0.99132
-0.9905
-0.98976
-0.9906
-0.99062
-0.99044
-0.99032
-0.99034
-0.99082
-0.99056
-0.9908
-0.9917
-0.99052
-0.99058
-0.99006
-0.9903
-0.99098
-0.9898
-0.99052
-0.99072
-0.9906
-0.9905
-0.9899
-0.99114
-0.99044
-0.99144
-0.99044
-0.99106
-0.99174
-0.99038
-0.99096
-0.9899
-0.99126
-0.99064
-0.99098
-0.99012
-0.99032
-0.99128
-0.99124
-0.99016
-0.99078
-0.99124
-0.99102
-0.99026
-0.99084
-0.99082
-0.98964
-0.99086
-0.991
-0.9904
-0.99028
-0.98994
-0.9906
-0.99126
-0.99072
-0.99024
-0.98996
-0.99094
-0.9903
-0.9913
-0.99078
-0.991
-0.99036
-0.99044
-0.99066
-0.99032
-0.98984
-0.98898
-0.99014
-0.98998
-0.99048
-0.99116
-0.99074
-0.9913
-0.99126
-0.99022
-0.9902
-0.9916
-0.99056
-0.99228
-0.98994
-0.99084
-0.9904
-0.99098
-0.99096
-0.99004
-0.991
-0.99036
-0.99044
-0.99106
-0.98998
-0.99112
-0.9901
-0.99104
-0.9902
-0.99022
-0.99062
-0.99046
-0.99064
-0.99038
-0.99004
-0.99038
-0.99088
-0.99084
-0.9902
-0.9894
-0.99132
-0.99072
-0.99034
-0.99084
-0.99116
-0.99108
-0.99014
-0.99018
-0.99082
-0.99052
-0.99066
-0.99018
-0.99022
-0.9904
-0.99118
-0.99076
-0.9906
-0.99118
-0.99134
-0.99034
-0.9904
-0.9908
-0.99066
-0.9906
-0.99006
-0.9898
-0.99086
-0.9905
-0.99108
-0.99004
-0.99134
-0.9909
-0.99048
-0.99104
-0.99078
-0.99086
-0.99036
-0.991
-0.99102
-0.9902
-0.99042
-0.99022
-0.9905
-0.99166
-0.98984
-0.99096
-0.99084
-0.99048
-0.99028
-0.9913
-0.99044
-0.98998
-0.99004
-0.9912
-0.99008
-0.9901
-0.99118
-0.99022
-0.99114
-0.99062
-0.99042
-0.99128
-0.99002
-0.9912
-0.99044
-0.9906
-0.99018
-0.99108
-0.99122
-0.99052
-0.99066
-0.99086
-0.98998
-0.99022
-0.99014
-0.99024
-0.99108
-0.99054
-0.99058
-0.99038
-0.99094
-0.99122
-0.99036
-0.9902
-0.99016
-0.99048
-0.99024
-0.99126
-0.9906
-0.99058
-0.98994
-0.99044
-0.99088
-0.99116
-0.991
-0.99116
-0.9905
-0.99038
-0.99082
-0.99056
-0.9911
-0.99002
-0.99142
-0.9903
-0.9907
-0.99122
-0.99072
-0.99134
-0.9909
-0.98982
-0.99112
-0.99092
-0.99054
-0.99056
-0.99036
-0.99084
-0.99076
-0.9907
-0.99024
-0.9903
-0.991
-0.9916
-0.99018
-0.9913
-0.99062
-0.99072
-0.99162
-0.99106
-0.9907
-0.9899
-0.99036
-0.99142
-0.99068
-0.99046
-0.99088
-0.99036
-0.99046
-0.99098
-0.98988
-0.99134
-0.9906
-0.99098
-0.9912
-0.99056
-0.99088
-0.99062
-0.99152
-0.99062
-0.9904
-0.99158
-0.99092
-0.9911
-0.99086
-0.99038
-0.99012
-0.99072
-0.98918
-0.99096
-0.9905
-0.99084
-0.99086
-0.98998
-0.99006
-0.9901
-0.99084
-0.99034
-0.9908
-0.99062
-0.9896
-0.99072
-0.99046
-0.99086
-0.99088
-0.99064
-0.99042
-0.99062
-0.9904
-0.99018
-0.99158
-0.99026
-0.98994
-0.99072
-0.99068
-0.99152
-0.98998
-0.99026
-0.99164
-0.991
-0.99088
-0.99094
-0.9918
-0.99076
-0.98994
-0.99058
-0.99048
-0.99144
-0.99042
-0.99102
-0.99116
-0.99072
-0.9889
-0.99054
-0.99118
-0.99042
-0.99064
-0.98986
-0.99042
-0.99088
-0.9894
-0.99052
-0.99066
-0.9911
-0.99154
-0.99058
-0.99088
-0.99052
-0.99078
-0.99014
-0.99102
-0.9907
-0.99118
-0.9903
-0.99138
-0.99088
-0.99048
-0.99114
-0.99096
-0.9906
-0.99138
-0.99054
-0.99032
-0.99076
-0.99064
-0.98978
-0.99008
-0.9903
-0.98942
-0.99022
-0.99056
-0.991
-0.99
-0.99074
-0.99038
-0.99052
-0.99052
-0.99126
-0.99028
-0.9895
-0.99116
-0.991
-0.9904
-0.99012
-0.99044
-0.99076
-0.99076
-0.99052
-0.99134
-0.99038
-0.9914
-0.99056
-0.99034
-0.99054
-0.99038
-0.9899
-0.99042
-0.99124
-0.99088
-0.99112
-0.99064
-0.99072
-0.99088
-0.99072
-0.99056
-0.99042
-0.99016
-0.99136
-0.99154
-0.99088
-0.9903
-0.99038
-0.99122
-0.99064
-0.99042
-0.9905
-0.9909
-0.99106
-0.9923
-0.99096
-0.99022
-0.9914
-0.99068
-0.99068
-0.9903
-0.9911
-0.99036
-0.99042
-0.991
-0.9906
-0.99102
-0.9919
-0.9901
-0.99058
-0.98994
-0.99038
-0.99016
-0.99034
-0.98992
-0.99128
-0.9905
-0.99072
-0.99004
-0.99098
-0.99058
-0.99052
-0.99038
-0.98976
-0.99054
-0.9901
-0.99052
-0.99038
-0.99112
-0.99094
-0.99044
-0.99
-0.99014
-0.99066
-0.99096
-0.99048
-0.99026
-0.99176
-0.99068
-0.98988
-0.99084
-0.9903
-0.99076
-0.99068
-0.99132
-0.99112
-0.9912
-0.99062
-0.99036
-0.99084
-0.99124
-0.99098
-0.99008
-0.99092
-0.99092
-0.98978
-0.99046
-0.991
-0.98994
-0.99062
-0.98988
-0.9908
-0.9903
-0.99078
-0.99036
-0.9905
-0.991
-0.99066
-0.99082
-0.9911
-0.9895
-0.99042
-0.99036
-0.99074
-0.99032
-0.99072
-0.99108
-0.99004
-0.9909
-0.99086
-0.99006
-0.9909
-0.9905
-0.99052
-0.99114
-0.99132
-0.99058
-0.99062
-0.99106
-0.99028
-0.9904
-0.99116
-0.99004
-0.98998
-0.99106
-0.9909
-0.99038
-0.98958
-0.99054
-0.9907
-0.9903
-0.99104
-0.99
-0.99008
-0.9903
-0.99064
-0.99126
-0.99058
-0.98988
-0.9908
-0.98942
-0.99076
-0.99112
-0.99018
-0.99086
-0.9914
-0.98984
-0.99048
-0.99068
-0.99144
-0.9908
-0.99088
-0.98996
-0.99062
-0.99082
-0.99088
-0.99
-0.991
-0.99046
-0.99018
-0.99074
-0.9906
-0.98982
-0.9896
-0.99084
-0.99004
-0.991
-0.99084
-0.99
-0.99004
-0.98978
-0.99072
-0.99046
-0.99128
-0.99004
-0.9903
-0.99084
-0.9909
-0.99116
-0.99018
-0.99046
-0.99086
-0.99038
-0.99134
-0.99064
-0.99082
-0.99108
-0.9909
-0.9904
-0.9904
-0.99074
-0.99044
-0.99086
-0.99098
-0.99
-0.9912
-0.99058
-0.99114
-0.99052
-0.99082
-0.99056
-0.99054
-0.99088
-0.99056
-0.99106
-0.9905
-0.99038
-0.99066
-0.99084
-0.99052
-0.99116
-0.9903
-0.99164
-0.9915
-0.98986
-0.9907
-0.98876
-0.99114
-0.99098
-0.99062
-0.99008
-0.99038
-0.99088
-0.99104
-0.99078
-0.9907
-0.99068
-0.99038
-0.98986
-0.99162
-0.99142
-0.99066
-0.9911
-0.99038
-0.99066
-0.9913
-0.99012
-0.99082
-0.99142
-0.99048
-0.99038
-0.99012
-0.98978
-0.99156
-0.98974
-0.9901
-0.99102
-0.9902
-0.98982
-0.99014
-0.99208
-0.99084
-0.98972
-0.9904
-0.99094
-0.99016
-0.99008
-0.99104
-0.99094
-0.99016
-0.99042
-0.99022
-0.99058
-0.99052
-0.99086
-0.99084
-0.99022
-0.99016
-0.98994
-0.99106
-0.99102
-0.99072
-0.98966
-0.99012
-0.99068
-0.9899
-0.99066
-0.99056
-0.9905
-0.99004
-0.99066
-0.99196
-0.99112
-0.99006
-0.99074
-0.99056
-0.99106
-0.99142
-0.98974
-0.99078
-0.99108
-0.99006
-0.99046
-0.99084
-0.99068
-0.98984
-0.99012
-0.99064
-0.99074
-0.99024
-0.9898
-0.99094
-0.99086
-0.99084
-0.9904
-0.98994
-0.99052
-0.99084
-0.9906
-0.99068
-0.99126
-0.99072
-0.9901
-0.9908
-0.99168
-0.99072
-0.9912
-0.99068
-0.99074
-0.99054
-0.99092
-0.99064
-0.99082
-0.99032
-0.99118
-0.99042
-0.99106
-0.99026
-0.9914
-0.99124
-0.9904
-0.99024
-0.9901
-0.9906
-0.99046
-0.99098
-0.99024
-0.99022
-0.9907
-0.99
-0.99122
-0.9913
-0.99088
-0.99064
-0.991
-0.99018
-0.9904
-0.99042
-0.99048
-0.99088
-0.99094
-0.9895
-0.99002
-0.99066
-0.99018
-0.99098
-0.98986
-0.99044
-0.99052
-0.99078
-0.99002
-0.99022
-0.99108
-0.98984
-0.98992
-0.99134
-0.9911
-0.9909
-0.99034
-0.99128
-0.99102
-0.99082
-0.9908
-0.99052
-0.99132
-0.99034
-0.99068
-0.99006
-0.99036
-0.9898
-0.9908
-0.99002
-0.99058
-0.99122
-0.99098
-0.99104
-0.99022
-0.99008
-0.99022
-0.99034
-0.99022
-0.99024
-0.99062
-0.99066
-0.99038
-0.98978
-0.98996
-0.99066
-0.99
-0.99148
-0.98982
-0.99118
-0.99054
-0.99032
-0.99076
-0.9904
-0.98974
-0.991
-0.99146
-0.99158
-0.99078
-0.99158
-0.99084
-0.99042
-0.99008
-0.99098
-0.99024
-0.99052
-0.99072
-0.9904
-0.9918
-0.99018
-0.99044
-0.9899
-0.99088
-0.99074
-0.99114
-0.9903
-0.98966
-0.99038
-0.9907
-0.99104
-0.99108
-0.99052
-0.99
-0.99126
-0.991
-0.9897
-0.99042
-0.99128
-0.9908
-0.98996
-0.99076
-0.99092
-0.9908
-0.9906
-0.9898
-0.99104
-0.99054
-0.99038
-0.99154
-0.99066
-0.99076
-0.9903
-0.99042
-0.99048
-0.99092
-0.9902
-0.99108
-0.98956
-0.99112
-0.9909
-0.9911
-0.99178
-0.99098
-0.9904
-0.99088
-0.9909
-0.9916
-0.99104
-0.99204
-0.9902
-0.99104
-0.99086
-0.99114
-0.99076
-0.99094
-0.9903
-0.99096
-0.99118
-0.9909
-0.99022
-0.99008
-0.99072
-0.98942
-0.9912
-0.99022
-0.99072
-0.98994
-0.99128
-0.99024
-0.9905
-0.98986
-0.99134
-0.9915
-0.99064
-0.9908
-0.99052
-0.9904
-0.9904
-0.99146
-0.99088
-0.99042
-0.9919
-0.99008
-0.99118
-0.99062
-0.99086
-0.99124
-0.99072
-0.99128
-0.99046
-0.99048
-0.99044
-0.99054
-0.99078
-0.99056
-0.99144
-0.99042
-0.99104
-0.99164
-0.99062
-0.99022
-0.99036
-0.99102
-0.99082
-0.99068
-0.99144
-0.99056
-0.99148
-0.9914
-0.99026
-0.99092
-0.99006
-0.99086
-0.99008
-0.99144
-0.99012
-0.98972
-0.99114
-0.99076
-0.99052
-0.99012
-0.99082
-0.9893
-0.9907
-0.99096
-0.98962
-0.99024
-0.9908
-0.99056
-0.99102
-0.99162
-0.99006
-0.99094
-0.99082
-0.991
-0.99048
-0.99086
-0.99114
-0.98964
-0.99048
-0.99026
-0.99078
-0.9914
-0.9896
-0.9905
-0.99128
-0.9902
-0.99056
-0.98968
-0.99
-0.99022
-0.99038
-0.99046
-0.99026
-0.99082
-0.99078
-0.99076
-0.9911
-0.99142
-0.9905
-0.99096
-0.99038
-0.9904
-0.99068
-0.99048
-0.99026
-0.9916
-0.99024
-0.99056
-0.99018
-0.99138
-0.99036
-0.99094
-0.99092
-0.98962
-0.99092
-0.99082
-0.99048
-0.99062
-0.99094
-0.98988
-0.99048
-0.99112
-0.99076
-0.9905
-0.99014
-0.9902
-0.99086
-0.99102
-0.99076
-0.99008
-0.99076
-0.9907
-0.98986
-0.98958
-0.99042
-0.99052
-0.9913
-0.99098
-0.99136
-0.99096
-0.99052
-0.99092
-0.99076
-0.9902
-0.99032
-0.98988
-0.99082
-0.9909
-0.99096
-0.99032
-0.99068
-0.99104
-0.99108
-0.99056
-0.9913
-0.99028
-0.99178
-0.99082
-0.9906
-0.99098
-0.99052
-0.99086
-0.99122
-0.9909
-0.99028
-0.98972
-0.99058
-0.99108
-0.9915
-0.99002
-0.99072
-0.99044
-0.99098
-0.99134
-0.99094
-0.99124
-0.99106
-0.99032
-0.9913
-0.98998
-0.98982
-0.99062
-0.99072
-0.9897
-0.99152
-0.99014
-0.99
-0.99018
-0.99102
-0.9909
-0.99076
-0.99012
-0.98986
-0.99072
-0.98998
-0.9917
-0.99078
-0.99038
-0.99068
-0.98998
-0.99066
-0.9908
-0.99086
-0.991
-0.99112
-0.99062
-0.99082
-0.99096
-0.99082
-0.99088
-0.98976
-0.99098
-0.99084
-0.99014
-0.98994
-0.99076
-0.99084
-0.99128
-0.99062
-0.99046
-0.99096
-0.99054
-0.99106
-0.99078
-0.99048
-0.99076
-0.99096
-0.98938
-0.99066
-0.9909
-0.99092
-0.99074
-0.99098
-0.99114
-0.99116
-0.99118
-0.9907
-0.99052
-0.99082
-0.99066
-0.9914
-0.99096
-0.9905
-0.99002
-0.99066
-0.99032
-0.99112
-0.98994
-0.99098
-0.99008
-0.99112
-0.9903
-0.99026
-0.99044
-0.9917
-0.99034
-0.99138
-0.99132
-0.9898
-0.99084
-0.99116
-0.99034
-0.99072
-0.99046
-0.99118
-0.9899
-0.99104
-0.98898
-0.99134
-0.99056
-0.98986
-0.99002
-0.99048
-0.99136
-0.9907
-0.9912
-0.99078
-0.99008
-0.99052
-0.99044
-0.99116
-0.9901
-0.9913
-0.98992
-0.9899
-0.99036
-0.99028
-0.99034
-0.99118
-0.99094
-0.9905
-0.99106
-0.99058
-0.98992
-0.99098
-0.99012
-0.98964
-0.99102
-0.99112
-0.99074
-0.99076
-0.9908
-0.99154
-0.99036
-0.99098
-0.99094
-0.99008
-0.99018
-0.9911
-0.99026
-0.99112
-0.99082
-0.99166
-0.99022
-0.99002
-0.99082
-0.99124
-0.99082
-0.99006
-0.99036
-0.99076
-0.99102
-0.9913
-0.99114
-0.99068
-0.99104
-0.99092
-0.9907
-0.99014
-0.99172
-0.9907
-0.99036
-0.99082
-0.99076
-0.99148
-0.99002
-0.99076
-0.99026
-0.99034
-0.9907
-0.99094
-0.99124
-0.99056
-0.99132
-0.99052
-0.99096
-0.98888
-0.99106
-0.9909
-0.99028
-0.9909
-0.99046
-0.99052
-0.99096
-0.99094
-0.99074
-0.99086
-0.99046
-0.99102
-0.99086
-0.99062
-0.98982
-0.99108
-0.9896
-0.99028
-0.99058
-0.9905
-0.99092
-0.99044
-0.99142
-0.99196
-0.9896
-0.991
-0.9905
-0.99146
-0.99078
-0.99114
-0.98998
-0.99102
-0.99084
-0.9911
-0.99032
-0.9919
-0.99056
-0.99006
-0.99056
-0.99094
-0.99088
-0.99106
-0.99038
-0.99096
-0.99064
-0.99066
-0.9898
-0.99012
-0.99056
-0.991
-0.99072
-0.99166
-0.99012
-0.9911
-0.98996
-0.99034
-0.9911
-0.98988
-0.99106
-0.99056
-0.99094
-0.99016
-0.9909
-0.9911
-0.991
-0.99114
-0.9909
-0.99076
-0.99082
-0.9905
-0.99048
-0.99094
-0.9914
-0.99066
-0.99022
-0.99102
-0.99048
-0.98922
-0.99024
-0.99086
-0.99026
-0.98958
-0.9901
-0.99002
-0.99012
-0.991
-0.99152
-0.9907
-0.99014
-0.99064
-0.99064
-0.991
-0.99028
-0.9904
-0.98984
-0.99104
-0.99104
-0.9903
-0.99082
-0.99058
-0.99108
-0.99098
-0.99056
-0.99026
-0.99138
-0.99094
-0.99126
-0.99038
-0.99164
-0.99086
-0.99154
-0.99044
-0.99064
-0.99036
-0.99012
-0.99052
-0.99128
-0.99072
-0.99148
-0.9898
-0.99004
-0.99074
-0.98912
-0.9917
-0.99094
-0.99096
-0.99062
-0.99098
-0.98992
-0.9903
-0.99074
-0.99062
-0.98966
-0.99002
-0.99012
-0.99068
-0.99004
-0.99074
-0.99008
-0.98964
-0.99104
-0.9912
-0.99108
-0.99058
-0.99088
-0.99072
-0.99016
-0.99026
-0.99058
-0.99062
-0.9908
-0.99108
-0.9904
-0.99034
-0.99024
-0.9908
-0.9907
-0.99056
-0.99068
-0.9898
-0.9911
-0.9907
-0.99126
-0.99098
-0.99174
-0.98998
-0.99086
-0.99048
-0.9908
-0.99036
-0.99052
-0.99066
-0.99012
-0.99044
-0.99084
-0.9906
-0.99054
-0.99064
-0.99044
-0.99084
-0.99024
-0.99096
-0.99044
-0.9906
-0.9911
-0.99026
-0.9903
-0.99096
-0.99006
-0.9899
-0.99092
-0.99012
-0.99064
-0.99074
-0.99062
-0.98978
-0.99088
-0.98978
-0.99088
-0.99066
-0.99018
-0.99102
-0.99164
-0.99076
-0.99068
-0.99014
-0.99006
-0.99044
-0.99138
-0.99056
-0.99092
-0.99026
-0.99022
-0.99108
-0.99158
-0.9904
-0.99082
-0.99144
-0.99038
-0.99152
-0.99004
-0.99034
-0.99014
-0.99056
-0.99016
-0.99076
-0.9897
-0.99094
-0.99068
-0.99058
-0.9915
-0.99084
-0.99
-0.99146
-0.99058
-0.99084
-0.99042
-0.99114
-0.99086
-0.99088
-0.99002
-0.98992
-0.991
-0.9901
-0.99062
-0.99074
-0.99072
-0.9909
-0.99114
-0.99094
-0.99024
-0.99058
-0.99068
-0.98966
-0.99062
-0.99058
-0.99072
-0.99054
-0.99006
-0.99052
-0.99106
-0.99014
-0.99044
-0.9917
-0.99102
-0.99064
-0.99102
-0.9911
-0.99066
-0.99102
-0.99026
-0.99014
-0.99026
-0.99038
-0.99052
-0.991
-0.99028
-0.99052
-0.99116
-0.99124
-0.9912
-0.98996
-0.99018
-0.99018
-0.98986
-0.99016
-0.99048
-0.99078
-0.99034
-0.99152
-0.99102
-0.99058
-0.99068
-0.99084
-0.99002
-0.98994
-0.99022
-0.99046
-0.99104
-0.99064
-0.9903
-0.99132
-0.99098
-0.99012
-0.99096
-0.99086
-0.98986
-0.99124
-0.99048
-0.99092
-0.99092
-0.9906
-0.99082
-0.9903
-0.99124
-0.99006
-0.99116
-0.99074
-0.99066
-0.99122
-0.99114
-0.9899
-0.99162
-0.99012
-0.99046
-0.99162
-0.9908
-0.99064
-0.991
-0.99096
-0.99144
-0.99072
-0.99084
-0.9912
-0.99066
-0.99078
-0.99058
-0.9903
-0.99084
-0.99096
-0.9911
-0.99038
-0.99082
-0.99136
-0.99026
-0.99036
-0.99032
-0.98954
-0.98956
-0.98966
-0.99054
-0.98972
-0.99158
-0.9902
-0.99146
-0.9904
-0.99028
-0.99026
-0.99058
-0.99106
-0.9906
-0.99144
-0.99032
-0.99118
-0.99086
-0.99038
-0.99002
-0.99032
-0.98928
-0.99098
-0.99022
-0.99082
-0.99064
-0.99014
-0.991
-0.99076
-0.99176
-0.99138
-0.99106
-0.99056
-0.99016
-0.99028
-0.99094
-0.99088
-0.99056
-0.99054
-0.99124
-0.99142
-0.9911
-0.9908
-0.99022
-0.9903
-0.99084
-0.99116
-0.98992
-0.99024
-0.9901
-0.9898
-0.99086
-0.99054
-0.9906
-0.9902
-0.99164
-0.99002
-0.99044
-0.9904
-0.9904
-0.99052
-0.98988
-0.99134
-0.99052
-0.99058
-0.99052
-0.99108
-0.99102
-0.9903
-0.99032
-0.98994
-0.99032
-0.9902
-0.99072
-0.9904
-0.9906
-0.9901
-0.99074
-0.98984
-0.98948
-0.99022
-0.99044
-0.9902
-0.99092
-0.99156
-0.99108
-0.99062
-0.99092
-0.9904
-0.99066
-0.9902
-0.99096
-0.99042
-0.99066
-0.99018
-0.98966
-0.99136
-0.99078
-0.99114
-0.99106
-0.99024
-0.99128
-0.99096
-0.98984
-0.99072
-0.99024
-0.99092
-0.9907
-0.99162
-0.9907
-0.9909
-0.99
-0.99138
-0.99028
-0.99086
-0.99092
-0.99082
-0.9913
-0.99082
-0.99046
-0.99014
-0.98996
-0.99124
-0.99058
-0.99036
-0.9915
-0.9899
-0.99062
-0.991
-0.99044
-0.9904
-0.99128
-0.99118
-0.99052
-0.99096
-0.9906
-0.99166
-0.99146
-0.9908
-0.99148
-0.99028
-0.9915
-0.99044
-0.99024
-0.98968
-0.98986
-0.99116
-0.99056
-0.99082
-0.99094
-0.9906
-0.9906
-0.99102
-0.9904
-0.99034
-0.99084
-0.99022
-0.99078
-0.99096
-0.9904
-0.99022
-0.99096
-0.99028
-0.99074
-0.99054
-0.9898
-0.98986
-0.99122
-0.99034
-0.9901
-0.99126
-0.99078
-0.99058
-0.99108
-0.99082
-0.99076
-0.99052
-0.99024
-0.99034
-0.99062
-0.99058
-0.99102
-0.9903
-0.99082
-0.99126
-0.99056
-0.99146
-0.99084
-0.99014
-0.9911
-0.9901
-0.99132
-0.99028
-0.99096
-0.99184
-0.99028
-0.9902
-0.99042
-0.99048
-0.9907
-0.99044
-0.9902
-0.99068
-0.99012
-0.99098
-0.991
-0.99056
-0.99126
-0.99028
-0.99114
-0.9903
-0.99092
-0.99054
-0.9897
-0.99058
-0.99072
-0.99026
-0.99148
-0.99048
-0.9911
-0.99082
-0.99042
-0.99128
-0.99036
-0.99106
-0.99168
-0.99022
-0.99086
-0.99024
-0.99036
-0.99004
-0.9901
-0.9906
-0.99044
-0.99028
-0.99026
-0.99086
-0.9906
-0.99096
-0.99096
-0.99034
-0.9909
-0.991
-0.99018
-0.99098
-0.99092
-0.99
-0.99058
-0.99054
-0.99152
-0.99088
-0.99056
-0.99136
-0.9905
-0.99124
-0.99086
-0.99116
-0.99102
-0.99072
-0.9908
-0.99086
-0.99098
-0.99114
-0.99096
-0.99108
-0.99038
-0.99088
-0.99114
-0.99044
-0.99108
-0.99068
-0.99082
-0.99078
-0.99078
-0.99038
-0.99066
-0.9922
-0.99016
-0.9906
-0.991
-0.99026
-0.98956
-0.99052
-0.99072
-0.99052
-0.99032
-0.99012
-0.9911
-0.99136
-0.99038
-0.98984
-0.99048
-0.99076
-0.99034
-0.9909
-0.9901
-0.98994
-0.99046
-0.99096
-0.99054
-0.99138
-0.99102
-0.99046
-0.99096
-0.99088
-0.99068
-0.99004
-0.99074
-0.9911
-0.99104
-0.9908
-0.99168
-0.99028
-0.99128
-0.99028
-0.9907
-0.99098
-0.99054
-0.98982
-0.99064
-0.99142
-0.99058
-0.99106
-0.99082
-0.99058
-0.99112
-0.99058
-0.9926
-0.98998
-0.99088
-0.9912
-0.99072
-0.99074
-0.99066
-0.99074
-0.99092
-0.99038
-0.99056
-0.9911
-0.99042
-0.99016
-0.98994
-0.9901
-0.99126
-0.99122
-0.99014
-0.99146
-0.99024
-0.99118
-0.99098
-0.9903
-0.99048
-0.99116
-0.9911
-0.9906
-0.98994
-0.99082
-0.9915
-0.99064
-0.99016
-0.99016
-0.99006
-0.9906
-0.99076
-0.99088
-0.99094
-0.98982
-0.98976
-0.99052
-0.99048
-0.99092
-0.991
-0.99016
-0.9898
-0.9908
-0.9906
-0.99056
-0.99078
-0.99036
-0.99088
-0.99068
-0.99152
-0.99072
-0.99072
-0.99116
-0.99104
-0.99112
-0.9897
-0.99028
-0.99052
-0.99164
-0.99074
-0.99086
-0.99042
-0.99074
-0.99012
-0.99012
-0.99048
-0.99086
-0.99132
-0.99088
-0.99146
-0.99052
-0.99122
-0.99086
-0.99046
-0.9908
-0.9907
-0.99064
-0.9904
-0.99118
-0.99096
-0.9913
-0.99076
-0.99018
-0.9911
-0.99072
-0.9911
-0.9903
-0.99114
-0.99168
-0.99034
-0.99142
-0.99018
-0.9897
-0.99104
-0.9904
-0.9902
-0.99022
-0.98972
-0.9905
-0.99056
-0.99068
-0.99034
-0.99044
-0.98958
-0.99014
-0.99146
-0.99016
-0.99078
-0.99084
-0.99042
-0.99078
-0.99042
-0.9903
-0.99148
-0.99132
-0.99028
-0.9913
-0.99042
-0.99122
-0.99064
-0.99032
-0.99076
-0.99028
-0.99036
-0.99088
-0.99042
-0.99026
-0.99076
-0.99062
-0.99018
-0.99082
-0.9903
-0.99042
-0.99056
-0.99008
-0.99066
-0.99032
-0.99118
-0.99028
-0.99028
-0.99046
-0.9909
-0.99046
-0.99056
-0.98942
-0.99032
-0.99058
-0.99136
-0.99078
-0.99082
-0.9903
-0.99084
-0.99076
-0.99064
-0.99078
-0.99106
-0.9905
-0.99042
-0.99024
-0.99042
-0.99002
-0.99084
-0.9909
-0.99106
-0.99092
-0.99156
-0.99112
-0.99096
-0.99104
-0.99084
-0.99058
-0.99082
-0.98964
-0.99042
-0.9908
-0.99064
-0.99084
-0.98982
-0.99024
-0.99072
-0.99068
-0.99076
-0.99156
-0.99072
-0.99092
-0.99038
-0.99118
-0.99088
-0.99098
-0.99064
-0.99108
-0.991
-0.99122
-0.99072
-0.99086
-0.98944
-0.99012
-0.99048
-0.9907
-0.99068
-0.99008
-0.99066
-0.99114
-0.99096
-0.9897
-0.99054
-0.99132
-0.99152
-0.99054
-0.98984
-0.99106
-0.99064
-0.9904
-0.9914
-0.99052
-0.98976
-0.99076
-0.99098
-0.99086
-0.99032
-0.99074
-0.9908
-0.98986
-0.99016
-0.99038
-0.99018
-0.99054
-0.99114
-0.9902
-0.98998
-0.9904
-0.99096
-0.99078
-0.9904
-0.9911
-0.99168
-0.98958
-0.99066
-0.99094
-0.99052
-0.98998
-0.99116
-0.99028
-0.99028
-0.99078
-0.9902
-0.9901
-0.9907
-0.99026
-0.9909
-0.99102
-0.99026
-0.99104
-0.9916
-0.99042
-0.99066
-0.99054
-0.99106
-0.9902
-0.99084
-0.99032
-0.9909
-0.9911
-0.99022
-0.99078
-0.98954
-0.99072
-0.99128
-0.9904
-0.99042
-0.99006
-0.98984
-0.99048
-0.98998
-0.99024
-0.99108
-0.9909
-0.99102
-0.99096
-0.99092
-0.99032
-0.99064
-0.99074
-0.99032
-0.9903
-0.99058
-0.99052
-0.99094
-0.99094
-0.99158
-0.98964
-0.99076
-0.9912
-0.99042
-0.99094
-0.99032
-0.9908
-0.9912
-0.99074
-0.99002
-0.98998
-0.99116
-0.99058
-0.99
-0.99106
-0.99108
-0.9907
-0.99028
-0.99088
-0.99044
-0.99098
-0.9901
-0.99
-0.99078
-0.9899
-0.9903
-0.9913
-0.9909
-0.99026
-0.99134
-0.99106
-0.99146
-0.99114
-0.99088
-0.99214
-0.99062
-0.99084
-0.9913
-0.99064
-0.99128
-0.99094
-0.9906
-0.99044
-0.9911
-0.99098
-0.991
-0.9905
-0.99088
-0.99056
-0.99014
-0.9909
-0.9908
-0.99006
-0.99012
-0.98974
-0.99108
-0.98994
-0.99106
-0.99064
-0.99046
-0.99158
-0.99038
-0.99116
-0.99034
-0.9906
-0.9915
-0.99076
-0.9907
-0.99068
-0.99032
-0.99094
-0.99116
-0.99046
-0.99042
-0.99052
-0.99078
-0.9909
-0.99052
-0.99046
-0.99052
-0.9908
-0.99038
-0.99128
-0.99104
-0.98984
-0.99066
-0.99094
-0.9907
-0.9913
-0.99054
-0.99098
-0.99
-0.98978
-0.99034
-0.9916
-0.99018
-0.99076
-0.99032
-0.99086
-0.99034
-0.99142
-0.98988
-0.99042
-0.99072
-0.99106
-0.99048
-0.9904
-0.99074
-0.99086
-0.99052
-0.99034
-0.9903
-0.9908
-0.99032
-0.98978
-0.99112
-0.99042
-0.9907
-0.99022
-0.99048
-0.99072
-0.99094
-0.99064
-0.99088
-0.99032
-0.99032
-0.99018
-0.98994
-0.99088
-0.99096
-0.98992
-0.99128
-0.9905
-0.99002
-0.99076
-0.99018
-0.99108
-0.991
-0.99136
-0.99052
-0.99062
-0.99092
-0.99066
-0.99072
-0.99088
-0.99006
-0.99126
-0.99114
-0.99104
-0.99066
-0.99056
-0.99054
-0.99068
-0.99128
-0.99076
-0.99074
-0.99032
-0.99098
-0.99126
-0.99108
-0.98942
-0.99204
-0.99034
-0.9904
-0.9908
-0.99036
-0.99046
-0.99036
-0.99066
-0.99034
-0.9913
-0.99098
-0.99058
-0.991
-0.99092
-0.99104
-0.99048
-0.99094
-0.9912
-0.99088
-0.99128
-0.99002
-0.9903
-0.99092
-0.99084
-0.99058
-0.99066
-0.98972
-0.99014
-0.9903
-0.99034
-0.99116
-0.99046
-0.9903
-0.99084
-0.99078
-0.99014
-0.99054
-0.9909
-0.99094
-0.99096
-0.99082
-0.99158
-0.9898
-0.99078
-0.9909
-0.99002
-0.99032
-0.99048
-0.9907
-0.99058
-0.99076
-0.99014
-0.98928
-0.99152
-0.99112
-0.9908
-0.99008
-0.99102
-0.9904
-0.98974
-0.99104
-0.99002
-0.99124
-0.99064
-0.99056
-0.99038
-0.99094
-0.99048
-0.99122
-0.99078
-0.99024
-0.99088
-0.99086
-0.99058
-0.9911
-0.99076
-0.99066
-0.9902
-0.99062
-0.98966
-0.99106
-0.99066
-0.99018
-0.99036
-0.99118
-0.98942
-0.9902
-0.99068
-0.99114
-0.99086
-0.9903
-0.99068
-0.99056
-0.99094
-0.99106
-0.99154
-0.9912
-0.99018
-0.99058
-0.9911
-0.99184
-0.99042
-0.99178
-0.9906
-0.99064
-0.99096
-0.99114
-0.9903
-0.98986
-0.9907
-0.9902
-0.99122
-0.98992
-0.99044
-0.99086
-0.99056
-0.9906
-0.99068
-0.99036
-0.98956
-0.99024
-0.99088
-0.9903
-0.99068
-0.9899
-0.99062
-0.99036
-0.99058
-0.99034
-0.99084
-0.99134
-0.9905
-0.99
-0.99086
-0.99042
-0.9906
-0.9911
-0.99126
-0.99052
-0.99156
-0.99008
-0.98964
-0.9902
-0.99048
-0.99084
-0.9896
-0.99118
-0.99104
-0.98936
-0.99118
-0.99024
-0.99114
-0.98958
-0.99084
-0.99102
-0.9899
-0.9909
-0.9906
-0.99088
-0.9908
-0.99138
-0.99036
-0.99072
-0.99004
-0.98988
-0.99032
-0.99026
-0.98964
-0.99018
-0.99094
-0.99048
-0.99062
-0.99064
-0.99092
-0.9905
-0.9903
-0.99026
-0.99092
-0.99024
-0.99068
-0.99138
-0.9891
-0.99002
-0.991
-0.99122
-0.99086
-0.99048
-0.99058
-0.99066
-0.98962
-0.9902
-0.99082
-0.99058
-0.99056
-0.99116
-0.99036
-0.9906
-0.9909
-0.9914
-0.9907
-0.99006
-0.99062
-0.9899
-0.99042
-0.99072
-0.98988
-0.99072
-0.99036
-0.99118
-0.99046
-0.99048
-0.99072
-0.99122
-0.99054
