-0.78558
-0.79322
-0.78818
-0.79486
-0.7901
-0.79062
-0.79304
-0.79182
-0.7906
-0.7917
-0.78648
-0.79048
-0.79518
-0.7914
-0.78934
-0.7903
-0.79436
-0.79044
-0.79324
-0.7934
-0.79144
-0.79082
-0.7872
-0.79416
-0.78592
-0.7888
-0.78952
-0.79132
-0.78986
-0.79024
-0.79242
-0.78736
-0.79504
-0.78406
-0.789
-0.79706
-0.7903
-0.79004
-0.78538
-0.79216
-0.7924
-0.78914
-0.7896
-0.7942
-0.7901
-0.79478
-0.7906
-0.78824
-0.79044
-0.7897
-0.79504
-0.79228
-0.79358
-0.79238
-0.78728
-0.79218
-0.79108
-0.78728
-0.78968
-0.78792
-0.79182
-0.78384
-0.78978
-0.79444
-0.78916
-0.79132
-0.78854
-0.78856
-0.78702
-0.79006
-0.78598
-0.79656
-0.78842
-0.78432
-0.79192
-0.79424
-0.7924
-0.7972
-0.79238
-0.79094
-0.7921
-0.7886
-0.79064
-0.78924
-0.79406
-0.78696
-0.79188
-0.78714
-0.78594
-0.79582
-0.78662
-0.79112
-0.79258
-0.79056
-0.79032
-0.7875
-0.79608
-0.79164
-0.79352
-0.79108
-0.78974
-0.78862
-0.78782
-0.79206
-0.79422
-0.7917
-0.79102
-0.79446
-0.78978
-0.78826
-0.78934
-0.78868
-0.78932
-0.79476
-0.79166
-0.79332
-0.79146
-0.78568
-0.79246
-0.7853
-0.79174
-0.78648
-0.79046
-0.79046
-0.7892
-0.78996
-0.78866
-0.79106
-0.79164
-0.79092
-0.7919
-0.79286
-0.79132
-0.78638
-0.78744
-0.78942
-0.7959
-0.79028
-0.7874
-0.79186
-0.78926
-0.79022
-0.79418
-0.79192
-0.79
-0.79716
-0.78984
-0.79142
-0.7908
-0.795
-0.79568
-0.78988
-0.78978
-0.79088
-0.78766
-0.7943
-0.7887
-0.7946
-0.79198
-0.7904
-0.79466
-0.79536
-0.79132
-0.78666
-0.79058
-0.78956
-0.79112
-0.7889
-0.78966
-0.79086
-0.79514
-0.78678
-0.792
-0.79414
-0.78904
-0.79302
-0.7951
-0.7884
-0.79298
-0.78852
-0.78836
-0.78836
-0.79454
-0.7958
-0.7883
-0.79068
-0.79256
-0.78848
-0.78686
-0.78706
-0.78876
-0.78902
-0.79294
-0.79048
-0.79126
-0.7907
-0.79284
-0.78844
-0.78822
-0.79224
-0.79356
-0.79228
-0.7911
-0.78858
-0.7914
-0.78772
-0.79254
-0.78928
-0.7902
-0.79174
-0.79254
-0.79254
-0.78738
-0.78752
-0.78936
-0.78578
-0.7959
-0.78762
-0.78748
-0.79412
-0.79132
-0.79454
-0.78572
-0.788
-0.7887
-0.78868
-0.79182
-0.78908
-0.78362
-0.78808
-0.7873
-0.7877
-0.78978
-0.79284
-0.79254
-0.79476
-0.78762
-0.7909
-0.78924
-0.78918
-0.79134
-0.7895
-0.7877
-0.79344
-0.79604
-0.7889
-0.78694
-0.78712
-0.78906
-0.78634
-0.78904
-0.78642
-0.7903
-0.78538
-0.78842
-0.79242
-0.79064
-0.79508
-0.79306
-0.78558
-0.7897
-0.79014
-0.78862
-0.79058
-0.7925
-0.79098
-0.7894
-0.78912
-0.78612
-0.79192
-0.78744
-0.78914
-0.79068
-0.79322
-0.79078
-0.7894
-0.78484
-0.78998
-0.79228
-0.78762
-0.79552
-0.7872
-0.7936
-0.78896
-0.79186
-0.79096
-0.78926
-0.79276
-0.79302
-0.78798
-0.7872
-0.79222
-0.79286
-0.79276
-0.79454
-0.7929
-0.79636
-0.7876
-0.79104
-0.79194
-0.7885
-0.78936
-0.7945
-0.78778
-0.79492
-0.78914
-0.78266
-0.78892
-0.78592
-0.78976
-0.79022
-0.79032
-0.78876
-0.79622
-0.78976
-0.79466
-0.787
-0.7869
-0.7944
-0.79026
-0.78856
-0.78882
-0.79292
-0.78854
-0.79282
-0.7894
-0.7902
-0.79242
-0.78766
-0.78602
-0.78754
-0.78456
-0.78536
-0.79354
-0.7907
-0.78842
-0.78544
-0.78702
-0.78638
-0.78848
-0.79062
-0.7901
-0.79196
-0.7929
-0.79558
-0.78776
-0.78856
-0.79088
-0.78452
-0.79044
-0.7939
-0.79044
-0.79136
-0.79026
-0.78984
-0.78806
-0.79104
-0.79024
-0.79438
-0.79282
-0.79064
-0.78946
-0.78794
-0.78688
-0.79016
-0.78958
-0.7872
-0.79374
-0.79288
-0.79124
-0.7912
-0.7922
-0.78614
-0.79192
-0.78818
-0.78714
-0.79264
-0.78824
-0.79386
-0.79018
-0.79072
-0.79012
-0.78974
-0.7879
-0.78998
-0.7917
-0.7901
-0.7869
-0.78508
-0.79146
-0.7929
-0.78998
-0.78904
-0.7945
-0.7922
-0.78552
-0.78918
-0.79584
-0.78758
-0.79448
-0.79046
-0.78828
-0.7874
-0.79306
-0.78518
-0.79234
-0.78766
-0.78554
-0.79194
-0.78954
-0.7949
-0.79066
-0.78784
-0.79066
-0.79238
-0.79084
-0.78724
-0.79322
-0.79042
-0.79482
-0.78562
-0.78866
-0.791
-0.79416
-0.78958
-0.7923
-0.78984
-0.7895
-0.79004
-0.79162
-0.78826
-0.79364
-0.7883
-0.78938
-0.79098
-0.79052
-0.79202
-0.79158
-0.78958
-0.79248
-0.78826
-0.79004
-0.79192
-0.78926
-0.79348
-0.78936
-0.7881
-0.79614
-0.78876
-0.79078
-0.79112
-0.78824
-0.78998
-0.7906
-0.7912
-0.78834
-0.78804
-0.79006
-0.7878
-0.79166
-0.79318
-0.79206
-0.7904
-0.79152
-0.79288
-0.78644
-0.79056
-0.79076
-0.7915
-0.7883
-0.79392
-0.7936
-0.78942
-0.7883
-0.79262
-0.78924
-0.79178
-0.79178
-0.78984
-0.78894
-0.78728
-0.79424
-0.79276
-0.78866
-0.78878
-0.78426
-0.78768
-0.79046
-0.79114
-0.79026
-0.78834
-0.78722
-0.79618
-0.7868
-0.79252
-0.7906
-0.79494
-0.78804
-0.7886
-0.78964
-0.79566
-0.79072
-0.79268
-0.7903
-0.78848
-0.79182
-0.78504
-0.79636
-0.783
-0.79198
-0.7967
-0.7937
-0.79036
-0.79194
-0.7886
-0.79414
-0.79386
-0.79102
-0.79382
-0.78948
-0.7909
-0.78856
-0.78936
-0.79044
-0.7892
-0.79114
-0.7893
-0.79026
-0.7885
-0.78994
-0.78738
-0.78708
-0.78916
-0.78892
-0.78484
-0.78766
-0.78848
-0.78872
-0.78958
-0.7881
-0.78922
-0.78984
-0.7938
-0.79232
-0.79112
-0.79458
-0.7893
-0.79498
-0.79058
-0.7931
-0.79232
-0.78684
-0.78562
-0.79472
-0.79318
-0.79406
-0.78352
-0.78746
-0.78608
-0.79216
-0.78936
-0.79336
-0.79104
-0.79308
-0.7896
-0.79044
-0.79044
-0.79006
-0.79324
-0.78946
-0.79452
-0.79152
-0.78924
-0.78892
-0.78936
-0.7882
-0.79162
-0.78526
-0.78582
-0.79018
-0.7879
-0.79136
-0.79038
-0.7948
-0.79618
-0.7893
-0.78728
-0.7876
-0.79082
-0.79046
-0.78964
-0.7896
-0.77996
-0.78554
-0.79238
-0.78936
-0.78962
-0.78968
-0.79106
-0.79218
-0.79556
-0.79036
-0.79506
-0.79218
-0.79456
-0.78572
-0.79154
-0.79012
-0.7869
-0.78934
-0.79172
-0.78918
-0.78688
-0.79414
-0.78712
-0.78848
-0.78758
-0.78872
-0.79544
-0.7932
-0.78504
-0.78748
-0.79278
-0.7942
-0.79048
-0.79046
-0.79046
-0.79366
-0.79
-0.78804
-0.79238
-0.78896
-0.78562
-0.78916
-0.79464
-0.79178
-0.79312
-0.78608
-0.79046
-0.78904
-0.7921
-0.78916
-0.79032
-0.7916
-0.786
-0.79332
-0.78982
-0.794
-0.7915
-0.78958
-0.7929
-0.78678
-0.7952
-0.7902
-0.78618
-0.79026
-0.791
-0.78902
-0.7917
-0.7937
-0.78882
-0.78806
-0.78862
-0.79216
-0.79172
-0.79188
-0.7852
-0.79178
-0.7929
-0.79332
-0.78648
-0.78916
-0.78952
-0.78778
-0.79184
-0.79074
-0.78824
-0.7906
-0.79138
-0.7903
-0.79014
-0.78864
-0.78782
-0.78874
-0.7856
-0.788
-0.79174
-0.79056
-0.79072
-0.79648
-0.79032
-0.7892
-0.79306
-0.79154
-0.7964
-0.79502
-0.79156
-0.79208
-0.7917
-0.79044
-0.79202
-0.78634
-0.78588
-0.78656
-0.79202
-0.79184
-0.78848
-0.78676
-0.79048
-0.78746
-0.78722
-0.79294
-0.79184
-0.79442
-0.79172
-0.7846
-0.78938
-0.79262
-0.79676
-0.78686
-0.79162
-0.78914
-0.79212
-0.78488
-0.78786
-0.79016
-0.7949
-0.79076
-0.78514
-0.78814
-0.79028
-0.79166
-0.79398
-0.79422
-0.78994
-0.79452
-0.7886
-0.79228
-0.79006
-0.79028
-0.79652
-0.78776
-0.78728
-0.79076
-0.78956
-0.78854
-0.78966
-0.7908
-0.78828
-0.78708
-0.78468
-0.7885
-0.79234
-0.7827
-0.78942
-0.79352
-0.79
-0.79064
-0.78728
-0.79398
-0.7921
-0.79036
-0.78704
-0.79426
-0.79258
-0.78556
-0.79206
-0.79192
-0.78892
-0.78352
-0.79008
-0.79054
-0.7947
-0.79352
-0.79104
-0.78644
-0.7906
-0.79372
-0.7931
-0.78986
-0.78966
-0.7861
-0.79158
-0.78882
-0.78898
-0.79104
-0.78976
-0.79642
-0.79398
-0.79014
-0.79642
-0.78798
-0.7914
-0.78844
-0.7978
-0.78784
-0.79126
-0.78956
-0.78672
-0.78802
-0.7911
-0.79136
-0.79446
-0.78774
-0.79208
-0.79366
-0.7865
-0.79034
-0.79072
-0.79336
-0.7861
-0.78982
-0.78854
-0.78648
-0.79306
-0.79282
-0.78638
-0.79448
-0.78594
-0.79066
-0.78722
-0.79108
-0.79462
-0.78922
-0.79084
-0.78982
-0.79096
-0.7886
-0.79234
-0.78872
-0.79284
-0.7893
-0.7914
-0.79148
-0.78936
-0.79256
-0.79064
-0.78944
-0.79028
-0.78984
-0.78868
-0.79524
-0.79018
-0.79242
-0.78766
-0.78568
-0.79334
-0.79136
-0.79268
-0.79242
-0.78844
-0.7912
-0.78874
-0.78904
-0.7928
-0.79266
-0.79646
-0.7936
-0.7856
-0.7926
-0.78684
-0.79718
-0.794
-0.7872
-0.78646
-0.7942
-0.7934
-0.7937
-0.79006
-0.78636
-0.78272
-0.78798
-0.78708
-0.78716
-0.79036
-0.78682
-0.78888
-0.79058
-0.7917
-0.79318
-0.7903
-0.7863
-0.79102
-0.78914
-0.78776
-0.79226
-0.79382
-0.7862
-0.7901
-0.7906
-0.79164
-0.7893
-0.79262
-0.78988
-0.78894
-0.7921
-0.79296
-0.7968
-0.794
-0.78592
-0.7907
-0.79114
-0.78966
-0.78902
-0.78964
-0.79074
-0.78696
-0.79216
-0.78916
-0.78506
-0.79082
-0.78964
-0.78728
-0.79174
-0.78662
-0.79356
-0.78912
-0.78832
-0.78978
-0.79102
-0.79
-0.78772
-0.78988
-0.78612
-0.78734
-0.79172
-0.79268
-0.79168
-0.79094
-0.78392
-0.7908
-0.7875
-0.78628
-0.78424
-0.78446
-0.7916
-0.7942
-0.79
-0.79126
-0.78942
-0.78966
-0.7897
-0.78898
-0.79296
-0.79352
-0.79274
-0.79134
-0.79058
-0.78958
-0.79604
-0.78662
-0.79184
-0.7863
-0.78968
-0.7897
-0.78978
-0.79232
-0.79222
-0.7866
-0.79338
-0.78924
-0.78754
-0.79242
-0.78458
-0.79028
-0.79026
-0.78832
-0.79302
-0.79198
-0.78574
-0.7863
-0.79252
-0.79264
-0.78802
-0.78994
-0.79556
-0.79024
-0.79114
-0.79378
-0.79128
-0.78456
-0.79206
-0.7923
-0.78884
-0.78992
-0.78682
-0.78692
-0.79536
-0.787
-0.79286
-0.79252
-0.7926
-0.7899
-0.79032
-0.78324
-0.78754
-0.7934
-0.79286
-0.78824
-0.791
-0.78586
-0.78956
-0.79412
-0.78434
-0.7872
-0.7957
-0.78794
-0.79354
-0.78942
-0.79088
-0.79668
-0.79182
-0.79434
-0.7879
-0.78846
-0.79504
-0.7873
-0.79124
-0.7878
-0.7915
-0.79094
-0.79048
-0.79112
-0.78788
-0.79122
-0.78742
-0.79202
-0.79186
-0.79042
-0.78948
-0.79354
-0.788
-0.78874
-0.78244
-0.79412
-0.78984
-0.78638
-0.78978
-0.78966
-0.78756
-0.793
-0.78852
-0.78604
-0.7874
-0.78784
-0.78654
-0.79476
-0.79388
-0.78766
-0.79492
-0.78952
-0.78662
-0.79068
-0.7873
-0.78976
-0.78946
-0.78556
-0.79278
-0.7944
-0.79126
-0.7905
-0.78786
-0.78706
-0.78834
-0.78872
-0.78836
-0.79378
-0.78934
-0.79048
-0.79262
-0.79362
-0.79176
-0.79256
-0.7843
-0.79268
-0.79002
-0.79332
-0.7895
-0.79036
-0.78862
-0.79332
-0.795
-0.78694
-0.79288
-0.78994
-0.79454
-0.79448
-0.795
-0.791
-0.78866
-0.79104
-0.79066
-0.79612
-0.7892
-0.78758
-0.78904
-0.78852
-0.79122
-0.78868
-0.79012
-0.79612
-0.7908
-0.79322
-0.788
-0.78768
-0.793
-0.79516
-0.78886
-0.79272
-0.78902
-0.78972
-0.79196
-0.7937
-0.78636
-0.79076
-0.7909
-0.79472
-0.7916
-0.79062
-0.78976
-0.78836
-0.79654
-0.79042
-0.79058
-0.7901
-0.78974
-0.78782
-0.78486
-0.78896
-0.7936
-0.79038
-0.7855
-0.79126
-0.79786
-0.793
-0.78972
-0.78666
-0.78876
-0.791
-0.78646
-0.79016
-0.79104
-0.79112
-0.79496
-0.78722
-0.78768
-0.78878
-0.79748
-0.79304
-0.79298
-0.78924
-0.79236
-0.79142
-0.7907
-0.78564
-0.79006
-0.79054
-0.78848
-0.7913
-0.7942
-0.78982
-0.78844
-0.79036
-0.7936
-0.79204
-0.79138
-0.78872
-0.78724
-0.79172
-0.79232
-0.7943
-0.79272
-0.7896
-0.79062
-0.7907
-0.78336
-0.79194
-0.78834
-0.79222
-0.79058
-0.78376
-0.78398
-0.78582
-0.78992
-0.7936
-0.78696
-0.7919
-0.79168
-0.78738
-0.79118
-0.7904
-0.78566
-0.79112
-0.78656
-0.79192
-0.78946
-0.78834
-0.78964
-0.79076
-0.79144
-0.79204
-0.79408
-0.79272
-0.7917
-0.789
-0.79458
-0.79374
-0.789
-0.78834
-0.7902
-0.78956
-0.7902
-0.79048
-0.78932
-0.78868
-0.79016
-0.79412
-0.78826
-0.79306
-0.79084
-0.79212
-0.7906
-0.79008
-0.78788
-0.78726
-0.79162
-0.7913
-0.78748
-0.7866
-0.7915
-0.78654
-0.78976
-0.7908
-0.79126
-0.78946
-0.78954
-0.79136
-0.7913
-0.79024
-0.7838
-0.78766
-0.78808
-0.78908
-0.79064
-0.78722
-0.78986
-0.7879
-0.7948
-0.79314
-0.78844
-0.79206
-0.79234
-0.78434
-0.79068
-0.7914
-0.79166
-0.78646
-0.78706
-0.79462
-0.78778
-0.7907
-0.79396
-0.78806
-0.7894
-0.7929
-0.7909
-0.79132
-0.7933
-0.7892
-0.79262
-0.789
-0.79252
-0.79168
-0.79094
-0.79044
-0.78938
-0.78734
-0.78932
-0.79144
-0.79216
-0.7897
-0.78848
-0.79
-0.79236
-0.78944
-0.79214
-0.78632
-0.7901
-0.79448
-0.7914
-0.78652
-0.78998
-0.79178
-0.79434
-0.79114
-0.78904
-0.78906
-0.79242
-0.79212
-0.7868
-0.79054
-0.78982
-0.78846
-0.78656
-0.78806
-0.78792
-0.789
-0.7877
-0.79358
-0.79922
-0.79222
-0.7901
-0.7871
-0.79258
-0.78774
-0.79282
-0.7891
-0.78686
-0.78886
-0.79144
-0.79176
-0.78984
-0.79172
-0.78762
-0.78994
-0.7898
-0.7861
-0.78516
-0.79282
-0.78908
-0.79178
-0.79116
-0.79036
-0.78984
-0.78888
-0.78788
-0.7869
-0.7862
-0.79028
-0.79034
-0.79502
-0.7918
-0.7875
-0.78828
-0.78972
-0.7905
-0.78894
-0.7885
-0.79098
-0.7893
-0.79512
-0.79314
-0.79248
-0.79096
-0.78572
-0.78978
-0.79142
-0.78982
-0.79328
-0.79026
-0.78952
-0.7836
-0.78974
-0.78732
-0.79046
-0.79186
-0.7872
-0.78726
-0.79302
-0.79098
-0.79232
-0.79126
-0.78714
-0.79094
-0.79326
-0.7896
-0.78946
-0.7881
-0.79016
-0.7905
-0.78712
-0.78908
-0.79474
-0.79266
-0.79106
-0.79348
-0.7887
-0.7875
-0.79462
-0.79516
-0.7908
-0.78982
-0.78896
-0.78816
-0.79262
-0.7925
-0.79464
-0.79616
-0.7946
-0.79044
-0.7897
-0.78684
-0.78858
-0.78872
-0.79104
-0.79066
-0.78866
-0.7926
-0.78552
-0.79492
-0.78732
-0.79456
-0.79444
-0.79014
-0.7921
-0.79036
-0.79408
-0.78636
-0.79354
-0.78464
-0.78604
-0.79348
-0.78862
-0.79302
-0.79578
-0.79496
-0.7901
-0.79648
-0.7829
-0.7945
-0.79126
-0.79178
-0.79198
-0.78982
-0.78956
-0.79326
-0.79464
-0.79276
-0.78716
-0.79698
-0.79006
-0.79014
-0.78932
-0.78886
-0.79278
-0.78882
-0.7859
-0.78432
-0.793
-0.79424
-0.79332
-0.79174
-0.791
-0.78496
-0.7896
-0.7927
-0.79338
-0.79082
-0.79704
-0.79408
-0.79042
-0.7894
-0.79074
-0.78784
-0.79206
-0.78994
-0.78816
-0.78616
-0.78894
-0.78636
-0.78798
-0.78898
-0.78472
-0.79178
-0.79538
-0.79034
-0.79004
-0.7895
-0.788
-0.78976
-0.78718
-0.7877
-0.78944
-0.79176
-0.79054
-0.79306
-0.78832
-0.78852
-0.7891
-0.79048
-0.79212
-0.7907
-0.7853
-0.79352
-0.7871
-0.79144
-0.7899
-0.79066
-0.78966
-0.79412
-0.7921
-0.7909
-0.78988
-0.7922
-0.79046
-0.7929
-0.78896
-0.79434
-0.79124
-0.78926
-0.79506
-0.7894
-0.792
-0.79412
-0.79186
-0.79494
-0.79162
-0.78806
-0.7929
-0.78804
-0.7993
-0.7893
-0.79024
-0.7907
-0.78928
-0.79048
-0.79178
-0.79046
-0.79078
-0.78758
-0.79616
-0.7867
-0.79058
-0.7885
-0.79356
-0.7884
-0.79296
-0.79046
-0.79172
-0.79018
-0.78762
-0.79182
-0.79238
-0.79134
-0.79046
-0.7901
-0.7933
-0.79362
-0.78854
-0.79038
-0.78956
-0.7932
-0.78688
-0.78604
-0.7914
-0.7924
-0.79042
-0.78948
-0.78924
-0.79216
-0.79562
-0.79284
-0.7965
-0.79012
-0.79102
-0.79276
-0.78808
-0.7921
-0.78998
-0.78794
-0.78762
-0.78902
-0.7915
-0.79664
-0.793
-0.79192
-0.78782
-0.78966
-0.79228
-0.78962
-0.79104
-0.79378
-0.78638
-0.7832
-0.79202
-0.7912
-0.79268
-0.78956
-0.79162
-0.78638
-0.78354
-0.79414
-0.7898
-0.78436
-0.78998
-0.79606
-0.79072
-0.78558
-0.79624
-0.7882
-0.79104
-0.78584
-0.787
-0.7942
-0.78792
-0.78936
-0.7883
-0.79024
-0.78924
-0.79316
-0.78412
-0.78942
-0.78494
-0.79452
-0.78766
-0.79302
-0.78624
-0.79256
-0.7907
-0.7879
-0.79004
-0.7853
-0.78354
-0.79442
-0.78984
-0.7883
-0.78956
-0.79068
-0.79424
-0.79476
-0.79024
-0.78818
-0.79066
-0.7911
-0.79434
-0.7899
-0.79442
-0.79052
-0.79
-0.7946
-0.7919
-0.7897
-0.79072
-0.78968
-0.79334
-0.79102
-0.79484
-0.78948
-0.78898
-0.7867
-0.79078
-0.7909
-0.7905
-0.78586
-0.78738
-0.78716
-0.79086
-0.7931
-0.78834
-0.78796
-0.79428
-0.78918
-0.79142
-0.79088
-0.7897
-0.79386
-0.79222
-0.78704
-0.786
-0.78794
-0.79306
-0.79158
-0.79588
-0.79178
-0.79012
-0.7869
-0.7904
-0.7883
-0.79174
-0.79012
-0.78848
-0.7865
-0.79032
-0.79002
-0.79274
-0.79228
-0.79344
-0.79142
-0.79222
-0.79436
-0.79342
-0.7881
-0.78532
-0.79198
-0.79222
-0.79428
-0.78296
-0.78666
-0.78994
-0.7898
-0.79198
-0.78646
-0.7898
-0.78974
-0.79202
-0.79212
-0.79016
-0.78918
-0.79332
-0.79388
-0.79292
-0.79014
-0.7863
-0.79228
-0.78972
-0.78604
-0.79024
-0.78632
-0.78762
-0.7932
-0.78728
-0.79212
-0.79526
-0.7901
-0.79366
-0.78966
-0.78824
-0.78734
-0.78918
-0.79072
-0.7922
-0.79254
-0.79054
-0.7932
-0.78476
-0.78858
-0.78842
-0.78954
-0.79298
-0.78952
-0.78936
-0.7894
-0.7897
-0.78898
-0.79102
-0.7886
-0.78934
-0.78432
-0.78606
-0.79026
-0.79344
-0.79358
-0.7888
-0.7933
-0.7903
-0.79022
-0.79058
-0.78874
-0.79156
-0.79182
-0.791
-0.78324
-0.79006
-0.7896
-0.7931
-0.7892
-0.78856
-0.78984
-0.78686
-0.79182
-0.78912
-0.7966
-0.78944
-0.79056
-0.78916
-0.78934
-0.7908
-0.78646
-0.78588
-0.79052
-0.78926
-0.79196
-0.79348
-0.78498
-0.78848
-0.7868
-0.79762
-0.79142
-0.7874
-0.79612
-0.7931
-0.78898
-0.78932
-0.78702
-0.79032
-0.7904
-0.79172
-0.79186
-0.78926
-0.78904
-0.78622
-0.7942
-0.792
-0.79056
-0.78534
-0.79628
-0.79204
-0.79028
-0.79094
-0.7913
-0.78796
-0.78624
-0.79318
-0.79058
-0.79036
-0.78988
-0.79456
-0.7923
-0.79462
-0.79232
-0.79272
-0.7927
-0.79034
-0.78876
-0.79156
-0.7897
-0.79062
-0.79318
-0.79092
-0.79284
-0.79044
-0.7887
-0.78874
-0.78646
-0.79368
-0.79142
-0.7874
-0.79292
-0.78958
-0.78762
-0.791
-0.79264
-0.78904
-0.78744
-0.78708
-0.79326
-0.79022
-0.79004
-0.79232
-0.78762
-0.79402
-0.78702
-0.7934
-0.78984
-0.78856
-0.7929
-0.7853
-0.79082
-0.78694
-0.78558
-0.7927
-0.78752
-0.78898
-0.7921
-0.79228
-0.79032
-0.79184
-0.78812
-0.79032
-0.7869
-0.7939
-0.79058
-0.79304
-0.7917
-0.79368
-0.79072
-0.7908
-0.7904
-0.78702
-0.7865
-0.79058
-0.78996
-0.7927
-0.79116
-0.78768
-0.79234
-0.7927
-0.78958
-0.78788
-0.7873
-0.79072
-0.78668
-0.79006
-0.7923
-0.78854
-0.7846
-0.7937
-0.78932
-0.78618
-0.78926
-0.7925
-0.78832
-0.78974
-0.79394
-0.78722
-0.78764
-0.78848
-0.7938
-0.78764
-0.79306
-0.78764
-0.7883
-0.79454
-0.79062
-0.79134
-0.79174
-0.79098
-0.78882
-0.79152
-0.79126
-0.7919
-0.7907
-0.79252
-0.7964
-0.7921
-0.79196
-0.78912
-0.78932
-0.7938
-0.78668
-0.79248
-0.79264
-0.7895
-0.79282
-0.78992
-0.79148
-0.79256
-0.79004
-0.78536
-0.78762
-0.79294
-0.79056
-0.79232
-0.79536
-0.79034
-0.79512
-0.7929
-0.79058
-0.79152
-0.7862
-0.79044
-0.79288
-0.7871
-0.7908
-0.78698
-0.79274
-0.78862
-0.7885
-0.78894
-0.79082
-0.79058
-0.79488
-0.79032
-0.79062
-0.78828
-0.79046
-0.79054
-0.78934
-0.7891
-0.78898
-0.79032
-0.78852
-0.79052
-0.79196
-0.792
-0.79598
-0.7863
-0.7886
-0.7937
-0.79122
-0.7896
-0.79068
-0.79062
-0.7917
-0.78584
-0.7918
-0.79056
-0.79044
-0.78994
-0.79096
-0.79332
-0.78908
-0.79052
-0.79008
-0.79098
-0.792
-0.79434
-0.78918
-0.7831
-0.78858
-0.78246
-0.78714
-0.79152
-0.78836
-0.78756
-0.79424
-0.79214
-0.78962
-0.78606
-0.7932
-0.78852
-0.79002
-0.7897
-0.7912
-0.78682
-0.789
-0.79412
-0.79148
-0.79412
-0.79126
-0.79172
-0.79218
-0.7886
-0.79272
-0.79396
-0.79594
-0.79602
-0.79334
-0.78988
-0.79154
-0.7856
-0.78776
-0.79196
-0.78956
-0.79074
-0.78324
-0.7903
-0.7917
-0.7947
-0.79422
-0.78946
-0.78454
-0.7946
-0.79008
-0.78736
-0.79248
-0.79334
-0.79244
-0.78622
-0.78622
-0.78594
-0.7916
-0.78582
-0.78908
-0.79366
-0.79374
-0.78952
-0.79162
-0.79008
-0.79016
-0.78984
-0.7924
-0.79256
-0.78854
-0.78916
-0.79248
-0.79188
-0.78476
-0.79484
-0.79324
-0.79922
-0.79258
-0.78948
-0.79416
-0.78878
-0.79026
-0.79004
-0.78876
-0.79002
-0.78702
-0.78374
-0.79086
-0.78888
-0.79282
-0.78892
-0.7886
-0.78994
-0.79014
-0.79072
-0.793
-0.7913
-0.78918
-0.79428
-0.79038
-0.78876
-0.79444
-0.79152
-0.78982
-0.79538
-0.78646
-0.78636
-0.79258
-0.7924
-0.79182
-0.7827
-0.79154
-0.7931
-0.78966
-0.78804
-0.7871
-0.78998
-0.79266
-0.79144
-0.79112
-0.7903
-0.78498
-0.78984
-0.79552
-0.79082
-0.78862
-0.78514
-0.79166
-0.79178
-0.79212
-0.79198
-0.78898
-0.7864
-0.78998
-0.78904
-0.79238
-0.7884
-0.78978
-0.7872
-0.79294
-0.7901
-0.78872
-0.79346
-0.78826
-0.78972
-0.78694
-0.788
-0.78994
-0.79076
-0.78592
-0.78988
-0.78872
-0.78688
-0.7901
-0.79118
-0.79282
-0.78822
-0.78422
-0.792
-0.78954
-0.79476
-0.78852
-0.78862
-0.7872
-0.79526
-0.79068
-0.78958
-0.79414
-0.79046
-0.79056
-0.79588
-0.78652
-0.7939
-0.79088
-0.7903
-0.78952
-0.79474
-0.78582
-0.79056
-0.7901
-0.78918
-0.78988
-0.79156
-0.78948
-0.79018
-0.7883
-0.78752
-0.792
-0.79004
-0.78588
-0.79046
-0.78874
-0.79474
-0.7908
-0.79418
-0.7855
-0.79104
-0.78784
-0.7872
-0.79144
-0.78916
-0.78588
-0.7923
-0.78886
-0.78708
-0.7943
-0.78822
-0.78904
-0.79076
-0.79506
-0.7937
-0.7887
-0.7913
-0.79318
-0.79348
-0.7897
-0.79062
-0.79144
-0.79282
-0.78674
-0.78936
-0.78982
-0.7938
-0.79272
-0.78972
-0.787
-0.78378
-0.7929
-0.79322
-0.78728
-0.78878
-0.7936
-0.79052
-0.7877
-0.79022
-0.7886
-0.78614
-0.79342
-0.79246
-0.79164
-0.79216
-0.78812
-0.79064
-0.7947
-0.7892
-0.78958
-0.79058
-0.79046
-0.78888
-0.78642
-0.79222
-0.7866
-0.7904
-0.79208
-0.79012
-0.78828
-0.7898
-0.78876
-0.78944
-0.79424
-0.79006
-0.7903
-0.78954
-0.78756
-0.78924
-0.7836
-0.79326
-0.7865
-0.79154
-0.78812
-0.78716
-0.79158
-0.79356
-0.7949
-0.78226
-0.79236
-0.7908
-0.78934
-0.79186
-0.78936
-0.7911
-0.79216
-0.791
-0.7945
-0.7938
-0.79196
-0.79004
-0.78826
-0.7905
-0.7941
-0.793
-0.7902
-0.78702
-0.79154
-0.79328
-0.79146
-0.79072
-0.79524
-0.78854
-0.78988
-0.78634
-0.78666
-0.7916
-0.78816
-0.79246
-0.7899
-0.79368
-0.78768
-0.79066
-0.78904
-0.79084
-0.78764
-0.79152
-0.78864
-0.7882
-0.78236
-0.78924
-0.78782
-0.79186
-0.79424
-0.79062
-0.79422
-0.79552
-0.79046
-0.7928
-0.78982
-0.78922
-0.78808
-0.79158
-0.79166
-0.79228
-0.79114
-0.79022
-0.78862
-0.79048
-0.78908
-0.78758
-0.79082
-0.78986
-0.79242
-0.79186
-0.79012
-0.7916
-0.78846
-0.78764
-0.7876
-0.79118
-0.79224
-0.79232
-0.78742
-0.79762
-0.79046
-0.7902
-0.793
-0.79554
-0.78942
-0.78906
-0.79246
-0.79044
-0.79084
-0.79346
-0.7887
-0.78796
-0.78696
-0.79054
-0.7876
-0.79026
-0.79228
-0.79606
-0.79428
-0.78918
-0.78596
-0.78904
-0.79118
-0.79234
-0.78826
-0.79316
-0.79056
-0.79024
-0.79148
-0.79176
-0.79706
-0.79596
-0.79116
-0.79446
-0.7924
-0.79344
-0.78592
-0.7948
-0.79126
-0.79284
-0.79338
-0.78852
-0.7904
-0.7942
-0.79384
-0.78898
-0.7885
-0.7915
-0.7864
-0.79112
-0.79354
-0.7924
-0.78828
-0.789
-0.7917
-0.7926
-0.79224
-0.78934
-0.79488
-0.78834
-0.78998
-0.7915
-0.79094
-0.78628
-0.7911
-0.7922
-0.79354
-0.78952
-0.78798
-0.79086
-0.79638
-0.7933
-0.78998
-0.79364
-0.78946
-0.78814
-0.78996
-0.78872
-0.79022
-0.7883
-0.79188
-0.79232
-0.79568
-0.78914
-0.79048
-0.79404
-0.78888
-0.78736
-0.78896
-0.79408
-0.78818
-0.7917
-0.78946
-0.7863
-0.78992
-0.79152
-0.79482
-0.78738
-0.7979
-0.79026
-0.79178
-0.78746
-0.78908
-0.78634
-0.79186
-0.78958
-0.78426
-0.78572
-0.7875
-0.79072
-0.78642
-0.78726
-0.79458
-0.79292
-0.79282
-0.78988
-0.7909
-0.79302
-0.7901
-0.78952
-0.78954
-0.78796
-0.78666
-0.78738
-0.78554
-0.79178
-0.7872
-0.7851
-0.7887
-0.79284
-0.7915
-0.79756
-0.78894
-0.79336
-0.79606
-0.79092
-0.79354
-0.78922
-0.78828
-0.79016
-0.7865
-0.78908
-0.78918
-0.79108
-0.78696
-0.7935
-0.7915
-0.79064
-0.78952
-0.79296
-0.78638
-0.78914
-0.79046
-0.7885
-0.79126
-0.78854
-0.78904
-0.7875
-0.78688
-0.79078
-0.79072
-0.78578
-0.78708
-0.79018
-0.7916
-0.79156
-0.78964
-0.78752
-0.78944
-0.79426
-0.7908
-0.78992
-0.78816
-0.79184
-0.79038
-0.78898
-0.7932
-0.78338
-0.78654
-0.78858
-0.78892
-0.79184
-0.79172
-0.79388
-0.78826
-0.7898
-0.7899
-0.79264
-0.78474
-0.7882
-0.79162
-0.7899
-0.79038
-0.79416
-0.78802
-0.78668
-0.79014
-0.7872
-0.78944
-0.79408
-0.78838
-0.79362
-0.79034
-0.78484
-0.79872
-0.79354
-0.79248
-0.79142
-0.79106
-0.78852
-0.7863
-0.78988
-0.78956
-0.79366
-0.79152
-0.79426
-0.78686
-0.79166
-0.78584
-0.7863
-0.79216
-0.79396
-0.7897
-0.78754
-0.79258
-0.78626
-0.79658
-0.78962
-0.78798
-0.79002
-0.79348
-0.78742
-0.78502
-0.79248
-0.79152
-0.78536
-0.787
-0.79084
-0.78704
-0.7965
-0.79056
-0.79212
-0.78858
-0.78604
-0.7901
-0.78988
-0.78636
-0.79252
-0.7892
-0.79506
-0.78868
-0.79124
-0.79176
-0.79296
-0.7906
-0.7945
-0.79734
-0.78456
-0.7924
-0.78856
-0.7879
-0.78864
-0.7928
-0.79444
-0.79276
-0.78814
-0.79004
-0.78904
-0.7922
-0.78716
-0.79224
-0.78978
-0.79374
-0.78686
-0.79082
-0.78758
-0.79416
-0.7911
-0.78888
-0.78752
-0.79074
-0.78942
-0.79428
-0.78708
-0.78964
-0.79344
-0.7931
-0.79086
-0.7922
-0.7976
-0.79108
-0.7844
-0.78782
-0.78858
-0.79282
-0.79148
-0.78944
-0.79036
-0.79546
-0.7892
-0.78838
-0.78832
-0.79092
-0.791
-0.7927
-0.79542
-0.78928
-0.79214
-0.78954
-0.79104
-0.78746
-0.7918
-0.78698
-0.79226
-0.78922
-0.78884
-0.79478
-0.78768
-0.79048
-0.79552
-0.79512
-0.79334
-0.7852
-0.7935
-0.79318
-0.79506
-0.788
-0.78846
-0.78608
-0.79422
-0.7841
-0.79336
-0.7908
-0.78942
-0.79118
-0.7878
-0.7904
-0.7881
-0.7888
-0.79438
-0.79174
-0.792
-0.79322
-0.79652
-0.79298
-0.78996
-0.79244
-0.78986
-0.78822
-0.7946
-0.79124
-0.7874
-0.7899
-0.78758
-0.79296
-0.78828
-0.78992
-0.79044
-0.79336
-0.79268
-0.78652
-0.79218
-0.7975
-0.79078
-0.79018
-0.79172
-0.7891
-0.79146
-0.78698
-0.79252
-0.78508
-0.78596
-0.78612
-0.7909
-0.79112
-0.79408
-0.79188
-0.79232
-0.78528
-0.78754
-0.78558
-0.79086
-0.7826
-0.79312
-0.7965
-0.79256
-0.79128
-0.78824
-0.7942
-0.79108
-0.78996
-0.78904
-0.79068
-0.78912
-0.78858
-0.7922
-0.792
-0.7933
-0.79164
-0.79534
-0.78814
-0.78788
-0.78664
-0.79202
-0.79016
-0.79188
-0.79516
-0.79244
-0.79294
-0.78896
-0.78834
-0.78978
-0.78704
-0.79136
-0.78448
-0.79122
-0.7883
-0.79422
-0.79058
-0.7886
-0.78882
-0.78838
-0.78936
-0.78532
-0.78568
-0.78792
-0.78856
-0.78706
-0.78686
-0.79306
-0.79516
-0.78942
-0.78914
-0.78832
-0.78632
-0.79032
-0.79598
-0.7894
-0.79166
-0.78614
-0.78896
-0.79536
-0.79084
-0.7932
-0.78642
-0.79534
-0.78362
-0.78898
-0.79104
-0.79186
-0.7931
-0.78966
-0.79268
-0.78866
-0.79316
-0.78916
-0.78994
-0.79598
-0.79098
-0.78806
-0.7889
-0.78896
-0.79646
-0.79246
-0.79658
-0.78876
-0.78876
-0.7901
-0.79264
-0.79322
-0.7881
-0.79048
-0.78544
-0.7951
-0.78542
-0.7877
-0.78948
-0.79198
-0.79082
-0.792
-0.79348
-0.78492
-0.79126
-0.79092
-0.7887
-0.7869
-0.7891
-0.7877
-0.78892
-0.79044
-0.78938
-0.79152
-0.78818
-0.7868
-0.79916
-0.79358
-0.78648
-0.78928
-0.79282
-0.7905
-0.79032
-0.79142
-0.79268
-0.78612
-0.79128
-0.79194
-0.78772
-0.79276
-0.7886
-0.7946
-0.7878
-0.7875
-0.78738
-0.78816
-0.78808
-0.79442
-0.79248
-0.78942
-0.79044
-0.79166
-0.7886
-0.79094
-0.79106
-0.78868
-0.79108
-0.79434
-0.79188
-0.78554
-0.78948
-0.79162
-0.78954
-0.79074
-0.78848
-0.78638
-0.78906
-0.7923
-0.79156
-0.79322
-0.78422
-0.79394
-0.7946
-0.79582
-0.79022
-0.79098
-0.79642
-0.79644
-0.79238
-0.78916
-0.79262
-0.79234
-0.7949
-0.79008
-0.7838
-0.78516
-0.78846
-0.79046
-0.7882
-0.7898
-0.79208
-0.789
-0.78942
-0.7941
-0.7897
-0.78522
-0.7888
-0.78916
-0.79324
-0.78954
-0.79194
-0.78938
-0.7861
-0.78692
-0.78922
-0.786
-0.78808
-0.78854
-0.79354
-0.79332
-0.78572
-0.79158
-0.78894
-0.79012
-0.78976
-0.79212
-0.78916
-0.79234
-0.78748
-0.79064
-0.79444
-0.7915
-0.78716
-0.78678
-0.79036
-0.78994
-0.79046
-0.78628
-0.7886
-0.7902
-0.7897
-0.7952
-0.78934
-0.78602
-0.78894
-0.79498
-0.78826
-0.79076
-0.78994
-0.79102
-0.79044
-0.78462
-0.7908
-0.7915
-0.79226
-0.79068
-0.78938
-0.79254
-0.79112
-0.79074
-0.79406
-0.7849
-0.79092
-0.78932
-0.78894
-0.78928
-0.79268
-0.7925
-0.78672
-0.78864
-0.78792
-0.78756
-0.79326
-0.7879
-0.79288
-0.79252
-0.7905
-0.7921
-0.79052
-0.79764
-0.78692
-0.79096
-0.79018
-0.7916
-0.7927
-0.79174
-0.7936
-0.7896
-0.79012
-0.79052
-0.79558
-0.79818
-0.78956
-0.79056
-0.7874
-0.79696
-0.7965
-0.7939
-0.7884
-0.7914
-0.7914
-0.78662
-0.79008
-0.78978
-0.79206
-0.79382
-0.78652
-0.7955
-0.79102
-0.7899
-0.79306
-0.79304
-0.78858
-0.7877
-0.78908
-0.7899
-0.78782
-0.78706
-0.79452
-0.7874
-0.79406
-0.7881
-0.79192
-0.7858
-0.78966
-0.79308
-0.79482
-0.79084
-0.78742
-0.79452
-0.78802
-0.79302
-0.78788
-0.78914
-0.79322
-0.79042
-0.79336
-0.7935
-0.79222
-0.78774
-0.79116
-0.78916
-0.78784
-0.79508
-0.79218
-0.78912
-0.79298
-0.7954
-0.78586
-0.79152
-0.7843
-0.78936
-0.7895
-0.7993
-0.79366
-0.78818
-0.7834
-0.78898
-0.7935
-0.78972
-0.79014
-0.79098
-0.78924
-0.78342
-0.78902
-0.79048
-0.79394
-0.78716
-0.7875
-0.78548
-0.78924
-0.78796
-0.7854
-0.79182
-0.79164
-0.79622
-0.78982
-0.78906
-0.79294
-0.79138
-0.78926
-0.79258
-0.78562
-0.78764
-0.79158
-0.78974
-0.78886
-0.79116
-0.7881
-0.7911
-0.78952
-0.7887
-0.78928
-0.79186
-0.78718
-0.791
-0.78926
-0.79376
-0.78846
-0.79114
-0.78892
-0.79044
-0.7904
-0.7964
-0.79124
-0.79402
-0.78822
-0.79128
-0.79254
-0.79396
-0.78854
-0.79006
-0.79496
-0.78776
-0.79102
-0.7906
-0.78996
-0.79126
-0.79352
-0.79158
-0.78566
-0.78886
-0.79184
-0.78734
-0.79264
-0.79354
-0.7949
-0.78672
-0.78982
-0.79316
-0.79138
-0.78628
-0.79082
-0.78816
-0.78662
-0.79128
-0.7844
-0.78874
-0.78826
-0.78616
-0.7909
-0.7905
-0.79046
-0.7916
-0.79124
-0.7913
-0.79464
-0.7926
-0.7908
-0.78906
-0.791
-0.78806
-0.79226
-0.79032
-0.79558
-0.78708
-0.7921
-0.78802
-0.78516
-0.7859
-0.7905
-0.78886
-0.78958
-0.79274
-0.78972
-0.79508
-0.7957
-0.78842
-0.79264
-0.7877
-0.79122
-0.793
-0.7859
-0.79062
-0.79278
-0.7924
-0.7951
-0.79194
-0.79092
-0.79364
-0.79018
-0.78666
-0.78978
-0.78886
-0.78918
-0.79344
-0.78902
-0.7934
-0.7938
-0.7913
-0.78788
-0.79102
-0.78936
-0.78598
-0.78762
-0.78848
-0.79202
-0.78794
-0.78628
-0.7876
-0.79104
-0.78694
-0.78726
-0.78626
-0.78592
-0.7882
-0.79028
-0.789
-0.78812
-0.7916
-0.78646
-0.79536
-0.79162
-0.78882
-0.79304
-0.78834
-0.789
-0.79098
-0.79474
-0.79538
-0.79262
-0.78828
-0.79538
-0.79268
-0.7927
-0.79268
-0.79322
-0.79408
-0.79266
-0.7887
-0.78736
-0.79178
-0.79174
-0.78862
-0.78728
-0.79194
-0.78874
-0.79466
-0.79076
-0.78946
-0.78588
-0.78854
-0.7934
-0.7872
-0.78728
-0.79134
-0.79192
-0.7921
-0.79286
-0.79194
-0.78824
-0.79632
-0.79388
-0.78822
-0.79228
-0.79346
-0.78666
-0.79304
-0.79586
-0.78916
-0.79246
-0.79338
-0.78792
-0.79362
-0.78164
-0.79448
-0.78702
-0.79364
-0.79122
-0.7883
-0.7898
-0.79452
-0.79206
-0.79468
-0.79202
-0.7905
-0.78956
-0.78652
-0.78758
-0.78246
-0.79174
-0.78984
-0.79412
-0.79064
-0.78698
-0.7889
-0.7916
-0.78892
-0.79248
-0.79012
-0.79168
-0.78822
-0.7883
-0.78988
-0.78828
-0.7926
-0.79014
-0.79188
-0.78876
-0.78808
-0.7969
-0.78678
-0.79064
-0.79432
-0.79318
-0.79072
-0.79124
-0.79066
-0.78784
-0.79538
-0.79052
-0.7948
-0.78526
-0.7888
-0.78796
-0.79036
-0.79044
-0.79228
-0.78976
-0.7929
-0.79124
-0.79292
-0.79218
-0.79428
-0.79204
-0.7904
-0.78572
-0.79372
-0.78474
-0.79726
-0.79284
-0.79392
-0.78886
-0.78812
-0.78898
-0.7901
-0.79206
-0.79302
-0.7906
-0.79112
-0.78918
-0.7912
-0.79034
-0.7851
-0.79164
-0.794
-0.79706
-0.79322
-0.79202
-0.79154
-0.79036
-0.79688
-0.79042
-0.79238
-0.79262
-0.79204
-0.79488
-0.7846
-0.79424
-0.79282
-0.79452
-0.79186
-0.78696
-0.79218
-0.79
-0.79206
-0.79336
-0.79092
-0.79138
-0.7908
-0.7928
-0.79646
-0.7959
-0.79014
-0.79684
-0.79392
-0.78994
-0.78658
-0.78814
-0.79328
-0.79218
-0.79256
-0.79014
-0.792
-0.79236
-0.79168
-0.78766
-0.79162
-0.78492
-0.79176
-0.78932
-0.78766
-0.7944
-0.79298
-0.79416
-0.79254
-0.78886
-0.78436
-0.79132
-0.78866
-0.79212
-0.7908
-0.79408
-0.795
-0.79216
-0.7892
-0.79312
-0.79274
-0.79164
-0.79272
-0.7913
-0.7913
-0.78668
-0.79374
-0.78902
-0.79044
-0.79212
-0.79432
-0.79228
-0.79188
-0.79212
-0.79034
-0.78892
-0.79348
-0.78884
-0.79164
-0.79432
-0.79014
-0.79322
-0.79544
-0.78748
-0.78914
-0.78866
-0.78882
-0.79228
-0.78886
-0.78916
-0.78814
-0.78668
-0.79178
-0.79054
-0.79262
-0.788
-0.78694
-0.78464
-0.78928
-0.78826
-0.78924
-0.78846
-0.79482
-0.7911
-0.7895
-0.79228
-0.7882
-0.78952
-0.78858
-0.79358
-0.78904
-0.79338
-0.79392
-0.79038
-0.79446
-0.79296
-0.78454
-0.7951
-0.79022
-0.79242
-0.79372
-0.78928
-0.79048
-0.78674
-0.79252
-0.79444
-0.7898
-0.79008
-0.79424
-0.79156
-0.78836
-0.79166
-0.78788
-0.78854
-0.78656
-0.78924
-0.7896
-0.78954
-0.7916
-0.79072
-0.78322
-0.7893
-0.7885
-0.79322
-0.7934
-0.79472
-0.78818
-0.79042
-0.79088
-0.7917
-0.78976
-0.79218
-0.78744
-0.78964
-0.78896
-0.7865
-0.78742
-0.78788
-0.78908
-0.7935
-0.7874
-0.78956
-0.78476
-0.79376
-0.79084
-0.7851
-0.7976
-0.78596
-0.78554
-0.79042
-0.7947
-0.79136
-0.79268
-0.79284
-0.78978
-0.7936
-0.78924
-0.78552
-0.78784
-0.79262
-0.79044
-0.79294
-0.78838
-0.78986
-0.79088
-0.79306
-0.78912
-0.7926
-0.79144
-0.78492
-0.7958
-0.79498
-0.79002
-0.79372
-0.78562
-0.78938
-0.79168
-0.79028
-0.79086
-0.79644
-0.79568
-0.79518
-0.79198
-0.79044
-0.79324
-0.79064
-0.79174
-0.78906
-0.7917
-0.79292
-0.787
-0.79012
-0.79178
-0.79194
-0.78828
-0.79238
-0.79004
-0.79364
-0.7881
-0.79138
-0.78412
-0.7887
-0.79278
-0.79186
-0.7901
-0.79406
-0.7859
-0.79038
-0.7927
-0.7938
-0.78766
-0.7916
-0.7847
-0.78584
-0.78758
-0.79146
-0.79524
-0.78712
-0.7881
-0.787
-0.78912
-0.79014
-0.78928
-0.78928
-0.79
-0.79384
-0.79064
-0.7884
-0.79232
-0.78518
-0.79
-0.7938
-0.79134
-0.78948
-0.79052
-0.7889
-0.79088
-0.79298
-0.78702
-0.79302
-0.79344
-0.79154
-0.78872
-0.7931
-0.78884
-0.79086
-0.79266
-0.7921
-0.78676
-0.78978
-0.78742
-0.79176
-0.78624
-0.7882
-0.79194
-0.79166
-0.79286
-0.79072
-0.78728
-0.789
-0.79078
-0.79046
-0.78862
-0.78846
-0.78952
-0.78806
-0.79502
-0.78944
-0.78984
-0.79106
-0.79134
-0.79482
-0.79154
-0.78976
-0.78376
-0.78798
-0.79496
-0.79148
-0.78602
-0.78902
-0.7941
-0.78798
-0.7913
-0.78836
-0.78756
-0.79466
-0.78964
-0.78736
-0.7899
-0.78762
-0.78746
-0.79532
-0.79086
-0.78676
-0.79106
-0.78806
-0.7946
-0.78996
-0.79122
-0.78678
-0.78894
-0.79182
-0.79262
-0.7916
-0.79216
-0.79116
-0.78938
-0.7836
-0.79356
-0.78524
-0.79634
-0.78858
-0.79094
-0.78672
-0.79034
-0.7873
-0.79164
-0.79056
-0.7863
-0.78706
-0.79114
-0.78982
-0.7878
-0.79294
-0.79228
-0.79312
-0.79164
-0.78922
-0.79204
-0.7877
-0.7924
-0.78952
-0.79362
-0.78782
-0.79374
-0.79272
-0.79018
-0.79336
-0.78996
-0.78978
-0.78912
-0.78646
-0.78668
-0.78626
-0.7868
-0.79084
-0.7906
-0.79528
-0.7943
-0.79464
-0.78912
-0.78934
-0.79874
-0.79168
-0.79368
-0.78628
-0.79294
-0.78848
-0.78628
-0.78922
-0.78998
-0.7926
-0.79256
-0.78788
-0.79058
-0.79014
-0.78676
-0.79144
-0.78924
-0.79016
-0.78748
-0.79342
-0.78884
-0.7885
-0.7887
-0.79234
-0.7911
-0.78794
-0.79226
-0.7907
-0.78796
-0.79174
-0.79168
-0.7903
-0.79736
-0.79378
-0.79322
-0.78698
-0.78816
-0.78462
-0.79284
-0.78964
-0.79044
-0.7863
-0.7917
-0.794
-0.78392
-0.78536
-0.79356
-0.7898
-0.7936
-0.79116
-0.79208
-0.78962
-0.79112
-0.79108
-0.79418
-0.78476
-0.79218
-0.79484
-0.7893
-0.78628
-0.79502
-0.78776
-0.78934
-0.79008
-0.79224
-0.79144
-0.7917
-0.79262
-0.7887
-0.79184
-0.78792
-0.78828
-0.79318
-0.79362
-0.79286
-0.7886
-0.7948
-0.7869
-0.78556
-0.78712
-0.79486
-0.78996
-0.79452
-0.7882
-0.79042
-0.78818
-0.79462
-0.79436
-0.78906
-0.79686
-0.78866
-0.79202
-0.794
-0.78458
-0.793
-0.7863
-0.78964
-0.7932
-0.7846
-0.79184
-0.7883
-0.79082
-0.79336
-0.79002
-0.7867
-0.7842
-0.78916
-0.79514
-0.78532
-0.78538
-0.7976
-0.791
-0.79032
-0.79292
-0.78692
-0.78926
-0.78858
-0.7949
-0.79064
-0.78992
-0.78768
-0.7866
-0.79112
-0.79046
-0.78954
-0.78678
-0.78798
-0.7911
-0.78676
-0.78882
-0.78632
-0.79224
-0.79032
-0.78824
-0.78816
-0.79248
-0.7876
-0.79044
-0.79192
-0.79352
-0.7869
-0.78912
-0.78716
-0.79198
-0.78912
-0.79374
-0.79026
-0.78748
-0.79142
-0.78716
-0.78936
-0.79058
-0.7907
-0.7941
-0.79242
-0.79016
-0.79346
-0.7861
-0.79066
-0.7906
-0.79486
-0.79212
-0.79902
-0.79162
-0.79066
-0.79282
-0.79038
-0.78974
-0.78664
-0.79376
-0.7928
-0.79392
-0.78714
-0.79416
-0.79142
-0.79254
-0.79034
-0.7895
-0.79158
-0.78814
-0.79378
-0.78962
-0.79348
-0.79456
-0.79266
-0.79356
-0.79406
-0.78902
-0.78794
-0.79072
-0.78544
-0.79504
-0.78928
-0.7887
-0.7892
-0.79254
-0.7902
-0.78864
-0.7906
-0.79326
-0.78888
-0.79128
-0.79786
-0.79254
-0.79462
-0.79298
-0.78132
-0.79084
-0.788
-0.7922
-0.79002
-0.7922
-0.7932
-0.78762
-0.7904
-0.79198
-0.7926
-0.79182
-0.79288
-0.7912
-0.792
-0.79052
-0.79202
-0.792
-0.7904
-0.79564
-0.7936
-0.79022
-0.79276
-0.79392
-0.78754
-0.78918
-0.7893
-0.78888
-0.78966
-0.7923
-0.78582
-0.78644
-0.79224
-0.78868
-0.78752
-0.7887
-0.78618
-0.78952
-0.79494
-0.7941
-0.78888
-0.79426
-0.79216
-0.78878
-0.7893
-0.79266
-0.78846
-0.78396
-0.79442
-0.79334
-0.79136
-0.79158
-0.78994
-0.78948
-0.79152
-0.787
-0.7897
-0.78758
-0.79
-0.79192
-0.79152
-0.79366
-0.79076
-0.79134
-0.7904
-0.79036
-0.79154
-0.79172
-0.79006
-0.79038
-0.79172
-0.78548
