0.79696
0.80408
0.80684
0.80706
0.80316
0.80448
0.80186
0.79946
0.79928
0.7947
0.79384
0.79848
0.80724
0.81222
0.81272
0.79964
0.79412
0.79312
0.79204
0.7972
0.7935
0.78854
0.78604
0.79102
0.79512
0.79888
0.79082
0.80016
0.79568
0.78756
0.79484
0.80368
0.80116
0.8039
0.8027
0.79838
0.79794
0.79838
0.7998
0.79472
0.79022
0.7946
0.79476
0.79462
0.7896
0.79514
0.79188
0.7883
0.79482
0.79278
0.79976
0.8084
0.79732
0.7912
0.79228
0.79756
0.79548
0.79466
0.80306
0.80704
0.81052
0.80114
0.79718
0.7984
0.79748
0.80582
0.80424
0.80442
0.79744
0.79558
0.7934
0.79596
0.79428
0.79308
0.79832
0.7969
0.80068
0.79494
0.79236
0.79336
0.79708
0.79902
0.79464
0.79848
0.79876
0.79784
0.79802
0.79764
0.79574
0.79638
0.80392
0.79794
0.79936
0.80186
0.7988
0.79782
0.79932
0.80078
0.79792
0.7956
0.79812
0.80798
0.80378
0.7997
0.80692
0.80488
0.79926
0.79656
0.8002
0.8043
0.80704
0.80794
0.80112
0.7946
0.7965
0.80026
0.7916
0.7923
0.78586
0.80038
0.79976
0.7991
0.7971
0.79774
0.79572
0.8044
0.80124
0.79876
0.79136
0.79614
0.79478
0.79478
0.79918
0.80036
0.79992
0.79846
0.79962
0.80144
0.81012
0.80148
0.80142
0.80138
0.8063
0.8043
0.79316
0.79748
0.7985
0.80426
0.80322
0.80286
0.79818
0.79388
0.79328
0.7948
0.79216
0.7959
0.79
0.79426
0.7901
0.79088
0.79372
0.7922
0.80164
0.80458
0.8016
0.8005
0.80084
0.80342
0.79728
0.79492
0.80384
0.79914
0.8079
0.79996
0.81196
0.8095
0.80342
0.80102
0.80206
0.8042
0.79582
0.78922
0.7959
0.79214
0.7936
0.80106
0.80088
0.7941
0.80264
0.80922
0.80666
0.80712
0.80378
0.79162
0.79444
0.7889
0.78658
0.78902
0.79794
0.79948
0.79878
0.80306
0.80062
0.80188
0.80548
0.8018
0.8042
0.80616
0.80302
0.80154
0.7985
0.79924
0.8004
0.80128
0.7913
0.7968
0.79828
0.79228
0.7852
0.7971
0.79894
0.7945
0.7975
0.80132
0.8003
0.78868
0.8018
0.80252
0.80316
0.80152
0.79838
0.80306
0.80744
0.80344
0.79732
0.79958
0.79894
0.8028
0.7968
0.80134
0.78866
0.78878
0.7964
0.79538
0.78912
0.7986
0.8031
0.80514
0.80544
0.80848
0.793
0.80076
0.80366
0.80788
0.79674
0.79778
0.79704
0.78814
0.79398
0.79958
0.79686
0.79996
0.79804
0.79862
0.8011
0.80796
0.80282
0.79656
0.80266
0.80468
0.81432
0.81588
0.81042
0.81232
0.82032
0.81504
0.80138
0.7965
0.8025
0.80116
0.7933
0.79774
0.7936
0.78856
0.79396
0.7913
0.79246
0.7984
0.78996
0.79266
0.7978
0.795
0.79386
0.8033
0.8021
0.80698
0.80568
0.79624
0.79154
0.80108
0.80272
0.80248
0.80434
0.8046
0.80246
0.79952
0.80616
0.80448
0.80068
0.79516
0.80052
0.8032
0.79778
0.78912
0.7841
0.77986
0.79078
0.80022
0.78846
0.79156
0.79966
0.79838
0.80158
0.8009
0.80502
0.79866
0.79496
0.80438
0.80878
0.8103
0.80782
0.80592
0.80712
0.80028
0.79636
0.79606
0.79716
0.8
0.79842
0.7934
0.79678
0.80626
0.80294
0.80152
0.807
0.79804
0.80342
0.80704
0.80068
0.80032
0.79734
0.7964
0.79914
0.79234
0.79156
0.78946
0.79922
0.80084
0.80302
0.80582
0.80162
0.79798
0.80764
0.80556
0.80206
0.80542
0.80614
0.80636
0.8051
0.79716
0.79548
0.79646
0.7952
0.7966
0.79346
0.8024
0.80884
0.8021
0.80514
0.80358
0.80494
0.8011
0.8001
0.79084
0.7971
0.79642
0.79906
0.79742
0.8052
0.79684
0.79808
0.8015
0.79934
0.79888
0.7955
0.79288
0.80282
0.80196
0.8065
0.80468
0.80774
0.80154
0.80186
0.80012
0.79944
0.80272
0.79458
0.78794
0.79472
0.80018
0.80558
0.8001
0.80308
0.79238
0.80112
0.799
0.79968
0.79576
0.80078
0.801
0.8041
0.80778
0.79592
0.7962
0.80074
0.7925
0.78956
0.79814
0.80194
0.7882
0.79968
0.79392
0.80112
0.79666
0.79932
0.79804
0.79552
0.8001
0.79518
0.79842
0.7927
0.80132
0.79572
0.79784
0.79552
0.79746
0.80538
0.7997
0.79386
0.8009
0.80106
0.79514
0.80194
0.79644
0.80018
0.80052
0.79518
0.80614
0.80368
0.8055
0.80464
0.79734
0.80064
0.79702
0.80378
0.803
0.8033
0.80002
0.79514
0.79668
0.79382
0.7969
0.79702
0.79986
0.79516
0.802
0.7986
0.80346
0.7976
0.80072
0.7936
0.80122
0.7907
0.79042
0.79132
0.79824
0.79362
0.79798
0.8023
0.80708
0.81154
0.80418
0.80794
0.80966
0.80248
0.79472
0.79136
0.79834
0.79676
0.80648
0.80618
0.79662
0.79426
0.79342
0.78466
0.79154
0.79576
0.79284
0.78578
0.78878
0.78942
0.7966
0.79238
0.78876
0.78718
0.79278
0.8006
0.79842
0.79434
0.79514
0.79684
0.79026
0.79404
0.79512
0.79656
0.79966
0.79892
0.79906
0.79614
0.79886
0.79634
0.79466
0.79702
0.80054
0.8111
0.8059
0.80824
0.80952
0.80226
0.79626
0.7981
0.80518
0.79956
0.79708
0.79976
0.79642
0.79866
0.7925
0.7939
0.79596
0.799
0.7963
0.79214
0.8006
0.80032
0.80718
0.8061
0.80124
0.8037
0.80922
0.80956
0.80942
0.79712
0.7983
0.7954
0.79808
0.7956
0.79546
0.80322
0.80998
0.8067
0.79526
0.79382
0.79952
0.80606
0.81018
0.80902
0.80954
0.80714
0.79998
0.79356
0.79804
0.80338
0.79886
0.78488
0.8
0.80346
0.8045
0.79534
0.8023
0.8042
0.79816
0.80244
0.79712
0.7998
0.79562
0.8001
0.7943
0.7969
0.79498
0.80532
0.80182
0.79104
0.7932
0.79862
0.80324
0.8061
0.79758
0.80206
0.80388
0.81012
0.80472
0.80384
0.805
0.79312
0.80182
0.80512
0.81032
0.80306
0.79916
0.7983
0.8006
0.7988
0.7984
0.79556
0.791
0.79648
0.78946
0.79168
0.79144
0.79792
0.79666
0.79754
0.79274
0.7942
0.79492
0.79638
0.80068
0.8036
0.8007
0.79392
0.79334
0.79592
0.79946
0.79392
0.79416
0.80228
0.79596
0.79332
0.8007
0.81258
0.80558
0.7904
0.79312
0.79738
0.79704
0.79362
0.7953
0.79716
0.80198
0.79566
0.79808
0.80232
0.79626
0.79706
0.79844
0.80028
0.80308
0.8014
0.8072
0.79774
0.79744
0.7986
0.79344
0.79818
0.80218
0.79786
0.79648
0.79704
0.79624
0.80198
0.79826
0.8036
0.80842
0.80384
0.8061
0.79706
0.80258
0.79624
0.79554
0.79506
0.7947
0.79406
0.79416
0.7986
0.79968
0.80682
0.80026
0.79996
0.79746
0.80022
0.79668
0.79556
0.79684
0.80082
0.80434
0.80186
0.8066
0.8081
0.80488
0.79516
0.8015
0.80296
0.7944
0.79718
0.79512
0.8023
0.79898
0.80412
0.80694
0.80386
0.80266
0.79916
0.8054
0.80512
0.79746
0.8008
0.80988
0.8092
0.80566
0.79942
0.80108
0.79938
0.79776
0.7962
0.79722
0.7935
0.78946
0.79314
0.80086
0.795
0.80058
0.80166
0.79868
0.79148
0.79304
0.78568
0.79368
0.7933
0.79022
0.79374
0.79006
0.79538
0.8027
0.80178
0.80032
0.79834
0.7958
0.78906
0.79102
0.79854
0.79616
0.79202
0.79348
0.79538
0.79474
0.79578
0.78704
0.78846
0.7908
0.79108
0.795
0.7979
0.8092
0.80718
0.8049
0.7973
0.78612
0.79426
0.79534
0.7986
0.80014
0.80046
0.79988
0.79
0.78878
0.7969
0.8025
0.80036
0.80506
0.80138
0.79906
0.80052
0.7964
0.7943
0.79744
0.79922
0.79512
0.7896
0.79484
0.78916
0.79664
0.79678
0.79858
0.79836
0.79932
0.7987
0.79742
0.79518
0.79196
0.80446
0.79888
0.79754
0.80512
0.8006
0.79684
0.79972
0.80642
0.80704
0.80118
0.80336
0.79746
0.79428
0.78986
0.8007
0.7909
0.79664
0.79628
0.79446
0.79732
0.80148
0.8007
0.80034
0.80582
0.7969
0.7972
0.79722
0.80536
0.79898
0.79496
0.79784
0.79492
0.79314
0.80266
0.79974
0.7944
0.79658
0.8038
0.79778
0.79936
0.79516
0.79522
0.79602
0.8001
0.79958
0.80308
0.8038
0.80296
0.80726
0.7972
0.8036
0.79864
0.79642
0.79518
0.7971
0.79924
0.80116
0.80186
0.80042
0.79944
0.80464
0.80076
0.8035
0.80558
0.80812
0.80882
0.8019
0.79526
0.79386
0.79168
0.80172
0.8057
0.8184
0.81164
0.80212
0.79882
0.79934
0.80162
0.7954
0.80112
0.79298
0.79532
0.8004
0.7958
0.78918
0.80442
0.79752
0.7997
0.80238
0.80562
0.80408
0.80342
0.80166
0.80494
0.8116
0.80712
0.80708
0.80188
0.80416
0.8
0.7987
0.79886
0.8029
0.80552
0.80518
0.8032
0.80126
0.79866
0.79368
0.79794
0.79882
0.8006
0.79604
0.79668
0.7963
0.78822
0.7949
0.801
0.79458
0.80188
0.79456
0.79096
0.79336
0.79734
0.79826
0.8017
0.80186
0.79874
0.80064
0.79886
0.80304
0.79652
0.79838
0.8036
0.80132
0.7961
0.79618
0.79704
0.80268
0.80256
0.80616
0.80118
0.79872
0.79942
0.80034
0.79882
0.7947
0.80618
0.80412
0.80884
0.79922
0.80536
0.79914
0.79708
0.79802
0.79024
0.79562
0.7881
0.79214
0.78812
0.78952
0.79038
0.79306
0.806
0.8028
0.79628
0.79594
0.7993
0.80436
0.80196
0.80644
0.80376
0.8026
0.80816
0.80268
0.8004
0.8
0.80462
0.79878
0.79796
0.79586
0.80196
0.80114
0.80366
0.80044
0.79972
0.80244
0.80034
0.80474
0.80606
0.79694
0.80766
0.80302
0.80338
0.80256
0.79766
0.79944
0.80118
0.79962
0.79372
0.79472
0.79388
0.79658
0.79332
0.802
0.7939
0.79836
0.7986
0.80228
0.80338
0.80918
0.80486
0.80242
0.80274
0.80288
0.80786
0.79698
0.80292
0.79942
0.79726
0.8041
0.8026
0.80424
0.8044
0.80194
0.80004
0.80642
0.79408
0.8021
0.80274
0.79958
0.79706
0.79726
0.79504
0.7952
0.79372
0.8006
0.8004
0.80398
0.79916
0.79894
0.7956
0.80364
0.80576
0.80572
0.79888
0.80752
0.8128
0.8084
0.80268
0.80178
0.80142
0.80122
0.80158
0.80828
0.81142
0.80438
0.8068
0.79652
0.79758
0.7955
0.80806
0.80076
0.7957
0.79986
0.8069
0.79936
0.80016
0.8026
0.79114
0.79844
0.79726
0.8037
0.79834
0.79514
0.79246
0.7894
0.7985
0.79924
0.799
0.79606
0.8003
0.79882
0.79414
0.79942
0.80506
0.8049
0.7999
0.79626
0.79602
0.79122
0.79668
0.79492
0.79098
0.7994
0.79238
0.78898
0.79858
0.8049
0.79966
0.79462
0.80228
0.80702
0.8015
0.79364
0.80292
0.80154
0.79378
0.80266
0.79642
0.80432
0.8028
0.80308
0.80514
0.8001
0.80484
0.80278
0.8019
0.80042
0.80338
0.80618
0.80338
0.80856
0.80162
0.8095
0.79356
0.79966
0.79378
0.7982
0.80124
0.7992
0.80538
0.80144
0.7982
0.79624
0.79802
0.7881
0.78958
0.79148
0.80032
0.80402
0.79876
0.79634
0.80186
0.7975
0.8046
0.7992
0.79764
0.79698
0.79556
0.80386
0.80332
0.80372
0.80036
0.80518
0.81196
0.80286
0.8015
0.79868
0.79544
0.79818
0.80018
0.8079
0.80052
0.79416
0.79462
0.7984
0.80454
0.79692
0.80328
0.79474
0.80222
0.79838
0.79726
0.78978
0.79342
0.79456
0.79194
0.7975
0.78766
0.7903
0.79966
0.79716
0.80186
0.80258
0.80084
0.79506
0.79586
0.79658
0.79838
0.80806
0.80244
0.79858
0.8039
0.80626
0.80618
0.80234
0.80174
0.80944
0.80868
0.80208
0.8056
0.80304
0.7975
0.8025
0.78972
0.80244
0.79054
0.79504
0.80026
0.80278
0.79902
0.80086
0.79818
0.79674
0.79954
0.80298
0.7965
0.79642
0.7924
0.79762
0.80468
0.7977
0.79568
0.78852
0.79142
0.79686
0.80116
0.80406
0.7986
0.78932
0.7943
0.79442
0.79922
0.799
0.80098
0.80422
0.798
0.80204
0.80246
0.80298
0.79572
0.8012
0.79636
0.79968
0.80624
0.8048
0.80578
0.8015
0.80408
0.79814
0.80596
0.80154
0.80024
0.79798
0.79722
0.7969
0.7935
0.79884
0.80292
0.80454
0.80552
0.80332
0.79654
0.8007
0.804
0.80222
0.80024
0.7971
0.79738
0.80206
0.80334
0.8047
0.80208
0.80666
0.79516
0.79662
0.79516
0.79864
0.79876
0.78474
0.79524
0.8033
0.79868
0.79622
0.79822
0.7938
0.79472
0.80602
0.79944
0.802
0.8027
0.80328
0.80608
0.80862
0.81128
0.80314
0.80552
0.8085
0.79808
0.80088
0.79868
0.8063
0.80632
0.7974
0.7958
0.79076
0.80054
0.79792
0.79326
0.8028
0.79996
0.80088
0.80014
0.79886
0.79546
0.80548
0.7883
0.79582
0.80588
0.80948
0.79808
0.79864
0.79914
0.8006
0.80072
0.80196
0.80574
0.80468
0.80196
0.79494
0.78976
0.79048
0.7858
0.79008
0.784
0.7889
0.79318
0.8022
0.80476
0.79728
0.79058
0.79726
0.80776
0.80234
0.7958
0.78716
0.79074
0.80432
0.8032
0.80008
0.80738
0.8045
0.80522
0.81002
0.7982
0.80098
0.7951
0.79508
0.808
0.80932
0.80118
0.79012
0.79598
0.79222
0.79976
0.80702
0.80644
0.80624
0.8081
0.80342
0.80362
0.79906
0.79972
0.79698
0.80308
0.80348
0.80206
0.79014
0.79416
0.79948
0.80438
0.80626
0.80022
0.80316
0.79648
0.80372
0.80418
0.78924
0.78934
0.7962
0.79882
0.7948
0.80566
0.80436
0.80152
0.79532
0.79702
0.7955
0.79662
0.79544
0.7936
0.79736
0.80246
0.79844
0.7923
0.79458
0.78794
0.79662
0.79286
0.8007
0.80206
0.80016
0.79454
0.79702
0.8057
0.79658
0.78888
0.79496
0.79508
0.78702
0.8043
0.8052
0.79136
0.79298
0.79694
0.79506
0.79308
0.79938
0.79894
0.8103
0.80144
0.80478
0.80084
0.7937
0.79314
0.7915
0.79492
0.7975
0.79936
0.79476
0.79134
0.78998
0.79532
0.80144
0.79356
0.80026
0.8024
0.79928
0.79882
0.80746
0.81214
0.80306
0.80128
0.79934
0.7982
0.80662
0.8037
0.79778
0.7947
0.79626
0.80002
0.79364
0.79868
0.7997
0.79754
0.79616
0.79672
0.808
0.79866
0.7887
0.79428
0.80156
0.79586
0.79976
0.80164
0.79532
0.8056
0.8025
0.80646
0.80296
0.80118
0.79888
0.79636
0.7993
0.8024
0.80022
0.794
0.79246
0.79626
0.79536
0.79678
0.80406
0.8007
0.804
0.79838
0.81208
0.80596
0.80276
0.79574
0.79334
0.7951
0.80008
0.7944
0.79404
0.80428
0.80754
0.80516
0.80142
0.80212
0.79752
0.79308
0.79046
0.79004
0.78782
0.79376
0.7907
0.79356
0.79722
0.79264
0.78606
0.7936
0.79364
0.79888
0.80092
0.8001
0.79822
0.79708
0.80564
0.80592
0.80714
0.803
0.80032
0.7927
0.80186
0.80298
0.80236
0.80124
0.80304
0.8031
0.80202
0.801
0.79414
0.79574
0.7984
0.80252
0.79576
0.79518
0.79322
0.79308
0.79244
0.804
0.79432
0.79712
0.79844
0.8007
0.79654
0.80128
0.80752
0.80114
0.80092
0.80186
0.80266
0.79794
0.79002
0.79042
0.79914
0.80216
0.79952
0.80448
0.80488
0.79842
0.79576
0.79294
0.79916
0.79788
0.80262
0.80188
0.80028
0.79812
0.7964
0.80736
0.80284
0.79988
0.7999
0.79388
0.79684
0.79446
0.796
0.79986
0.80376
0.79656
0.79564
0.79158
0.79728
0.79138
0.7962
0.79976
0.79808
0.79926
0.79324
0.7968
0.78944
0.79104
0.78922
0.79168
0.7915
0.79978
0.8026
0.7963
0.79556
0.7996
0.79624
0.7845
0.7873
0.79196
0.79522
0.79638
0.8004
0.80374
0.80556
0.81254
0.80514
0.80214
0.79498
0.80078
0.7984
0.79666
0.79938
0.79972
0.80052
0.7985
0.79846
0.79756
0.79976
0.80164
0.8012
0.79616
0.79504
0.80332
0.8025
0.80218
0.79976
0.79872
0.7965
0.79854
0.80082
0.79756
0.8077
0.80472
0.80444
0.79082
0.79752
0.80312
0.80434
0.79876
0.7952
0.80352
0.81144
0.80812
0.80202
0.7923
0.79392
0.80346
0.79716
0.80078
0.79256
0.79706
0.79358
0.79094
0.79642
0.79588
0.79218
0.799
0.7921
0.79982
0.80678
0.80832
0.81104
0.8062
0.81434
0.80504
0.79638
0.7949
0.79002
0.7883
0.79436
0.79032
0.80074
0.79514
0.80112
0.79856
0.79882
0.7972
0.79976
0.8003
0.80692
0.80672
0.8114
0.802
0.79668
0.79628
0.79276
0.7851
0.79258
0.80028
0.79838
0.79582
0.79916
0.79898
0.79396
0.78976
0.7878
0.78826
0.79622
0.79086
0.79118
0.79316
0.79664
0.79714
0.8011
0.79922
0.79094
0.79404
0.79336
0.7959
0.7944
0.7958
0.79948
0.79916
0.79498
0.79556
0.79208
0.79236
0.79598
0.8011
0.79694
0.79646
0.79584
0.79728
0.79362
0.79628
0.80834
0.80426
0.80222
0.8067
0.80594
0.80538
0.80126
0.7941
0.7907
0.79826
0.79382
0.7975
0.80184
0.79494
0.79582
0.78794
0.79138
0.78392
0.78694
0.78698
0.80104
0.78532
0.78748
0.79108
0.79344
0.7964
0.79594
0.79458
0.79952
0.80064
0.80108
0.79366
0.78952
0.79686
0.79814
0.80346
0.797
0.80056
0.80046
0.80522
0.79758
0.79558
0.7954
0.79436
0.80036
0.80018
0.80244
0.80488
0.80502
0.79872
0.80658
0.8013
0.80066
0.79736
0.79648
0.79948
0.79546
0.78986
0.79624
0.79326
0.79796
0.79208
0.7943
0.7922
0.79496
0.80264
0.79678
0.80192
0.80658
0.8083
0.80076
0.80002
0.79926
0.79098
0.79916
0.79906
0.80102
0.79942
0.79682
0.7992
0.79466
0.79958
0.79438
0.7914
0.79126
0.78996
0.79068
0.79462
0.80128
0.80422
0.8025
0.80578
0.7969
0.79076
0.79222
0.7987
0.798
0.79698
0.80396
0.8035
0.80308
0.8044
0.79906
0.7962
0.7971
0.80066
0.79454
0.79562
0.79288
0.79356
0.79842
0.79752
0.79626
0.80122
0.8022
0.79616
0.80552
0.79918
0.8054
0.80972
0.80164
0.80428
0.7997
0.79414
0.7939
0.79354
0.7923
0.79566
0.80486
0.8045
0.79908
0.79896
0.80804
0.80232
0.7998
0.8016
0.80294
0.7987
0.79852
0.80296
0.79368
0.7965
0.80778
0.80482
0.79856
0.79016
0.79272
0.79434
0.7888
0.79658
0.79798
0.80028
0.80046
0.79384
0.78904
0.78638
0.79918
0.7931
0.7932
0.79712
0.80052
0.80188
0.79776
0.79696
0.79842
0.80256
0.80404
0.8014
0.7987
0.8006
0.80162
0.80702
0.80546
0.80744
0.80326
0.79626
0.78782
0.78774
0.7944
0.78868
0.79306
0.8011
0.805
0.80924
0.80376
0.80102
0.80112
0.80022
0.79922
0.80134
0.8025
0.80326
0.79884
0.79602
0.80028
0.79358
0.79474
0.8023
0.79646
0.79648
0.79604
0.80464
0.80346
0.8073
0.80318
0.80772
0.80334
0.80306
0.79976
0.80522
0.80262
0.80018
0.80132
0.80094
0.79716
0.79288
0.7952
0.79622
0.8
0.79704
0.79936
0.80586
0.79214
0.79662
0.79962
0.7985
0.79086
0.79634
0.80152
0.80182
0.8066
0.80848
0.81042
0.807
0.80584
0.80126
0.80586
0.8072
0.8058
0.8052
0.80344
0.81036
0.80208
0.80032
0.79578
0.80234
0.80614
0.80016
0.8066
0.80732
0.80948
0.80422
0.80588
0.79772
0.7983
0.79798
0.79604
0.804
0.80652
0.80442
0.7988
0.8009
0.805
0.8034
0.79978
0.793
0.79124
0.79868
0.79408
0.79012
0.79952
0.80392
0.79694
0.79822
0.80052
0.8048
0.80722
0.80176
0.79708
0.79282
0.79276
0.79946
0.79932
0.8017
0.79734
0.80476
0.7992
0.80102
0.79816
0.79788
0.78836
0.78958
0.79522
0.80706
0.79576
0.79476
0.80074
0.80066
0.79946
0.79446
0.79352
0.78434
0.79422
0.78778
0.7953
0.7986
0.7985
0.80132
0.79742
0.80488
0.79486
0.7941
0.79584
0.7923
0.80432
0.80384
0.8007
0.79934
0.7906
0.80118
0.80558
0.80764
0.80442
0.80056
0.79776
0.79888
0.79948
0.79812
0.79718
0.80018
0.79942
0.79598
0.7908
0.7879
0.789
0.78608
0.78834
0.79248
0.79646
0.79296
0.79608
0.78602
0.79234
0.79114
0.79434
0.79934
0.80144
0.80288
0.80424
0.80102
0.8035
0.79992
0.7973
0.79092
0.79344
0.8006
0.79852
0.79948
0.80028
0.79932
0.79474
0.79222
0.7924
0.79394
0.79526
0.79042
0.793
0.7875
0.78712
0.79468
0.79178
0.79684
0.80142
0.79652
0.79866
0.79954
0.79464
0.79006
0.79926
0.79822
0.7989
0.79372
0.79596
0.79688
0.78772
0.78828
0.78646
0.78664
0.789
0.7967
0.79298
0.7964
0.79622
0.80332
0.80202
0.80452
0.79852
0.79942
0.79602
0.79624
0.8006
0.78828
0.79212
0.79332
0.79296
0.79346
0.79494
0.7932
0.79864
0.79406
0.80068
0.79434
0.79278
0.78962
0.79404
0.79074
0.78858
0.78944
0.79778
0.79428
0.79664
0.7914
0.7937
0.78852
0.79324
0.79776
0.79376
0.7988
0.79768
0.79886
0.79654
0.79384
0.79046
0.79774
0.7991
0.79538
0.7934
0.79192
0.7988
0.8024
0.79814
0.79432
0.79582
0.79878
0.79842
0.80716
0.80394
0.80318
0.78866
0.79016
0.8015
0.79912
0.80204
0.79796
0.79338
0.79772
0.8004
0.79982
0.79302
0.7896
0.7897
0.78888
0.78952
0.77948
0.77634
0.78272
0.78684
0.79262
0.7965
0.79238
0.79864
0.79366
0.79904
0.79996
0.8028
0.79058
0.7939
0.79392
0.79498
0.79524
0.794
0.79008
0.79524
0.78866
0.78996
0.78928
0.78872
0.79248
0.7941
0.79672
0.79686
0.79662
0.79934
0.8
0.79324
0.79934
0.80014
0.80274
0.79532
0.7987
0.7949
0.79592
0.79546
0.79754
0.79778
0.79762
0.80164
0.8008
0.7981
0.79868
0.79552
0.80862
0.8044
0.79758
0.79908
0.79596
0.79472
0.80082
0.79702
0.79828
0.79136
0.79202
0.79976
0.7973
0.7942
0.79892
0.79456
0.7958
0.79494
0.79974
0.79882
0.80194
0.79726
0.79648
0.80156
0.81014
0.80566
0.80504
0.8097
0.80536
0.79664
0.8011
0.80212
0.79474
0.7928
0.79374
0.7994
0.79956
0.8018
0.80344
0.7985
0.80792
0.80348
0.80172
0.80052
0.80346
0.80268
0.80456
0.80118
0.79892
0.80422
0.80282
0.80416
0.8023
0.80034
0.8041
0.79384
0.79252
0.79516
0.80464
0.79442
0.80276
0.80586
0.80524
0.80364
0.8011
0.80206
0.80132
0.7972
0.80022
0.7993
0.79646
0.8019
0.79068
0.79144
0.8014
0.79628
0.7912
0.79578
0.79594
0.79112
0.80256
0.80108
0.80282
0.79516
0.80414
0.80036
0.7991
0.7994
0.7976
0.7913
0.79078
0.79556
0.7939
0.79508
0.79144
0.79208
0.79404
0.78768
0.79272
0.79226
0.798
0.78928
0.78934
0.79016
0.79464
0.79048
0.78746
0.79682
0.79332
0.79698
0.80566
0.80556
0.80416
0.80306
0.79348
0.79102
0.79886
0.8002
0.80602
0.80112
0.80422
0.80402
0.79998
0.80248
0.79878
0.8019
0.79932
0.80666
0.79614
0.79826
0.79488
0.79194
0.8037
0.7951
0.80354
0.78828
0.7863
0.79312
0.79942
0.79426
0.7937
0.79922
0.79996
0.8078
0.79932
0.79702
0.79886
0.7964
0.80412
0.80394
0.80548
0.8056
0.79992
0.79564
0.80448
0.8006
0.79946
0.8001
0.79382
0.79944
0.80664
0.80342
0.80496
0.79764
0.80068
0.79992
0.8057
0.79952
0.80376
0.8023
0.80732
0.80496
0.79772
0.7925
0.80258
0.79642
0.79152
0.8
0.79956
0.79162
0.7954
0.80568
0.79464
0.80158
0.79844
0.79786
0.79576
0.80074
0.7968
0.8084
0.8073
0.80378
0.80326
0.8086
0.80968
0.80082
0.80116
0.80108
0.80596
0.79994
0.79816
0.80508
0.80228
0.80408
0.8021
0.80048
0.7994
0.80448
0.8014
0.78672
0.79074
0.79246
0.80022
0.79794
0.79818
0.78802
0.7897
0.79742
0.79212
0.79298
0.79324
0.79486
0.7939
0.79704
0.80912
0.80518
0.7951
0.7946
0.79746
0.79372
0.79736
0.79028
0.79276
0.78766
0.79016
0.79382
0.79824
0.79738
0.79136
0.79466
0.79448
0.79246
0.79672
0.80386
0.8102
0.8057
0.8032
0.8013
0.8067
0.80186
0.8043
0.80618
0.80376
0.8054
0.80136
0.79556
0.80244
0.80618
0.80244
0.80586
0.80284
0.81066
0.80536
0.81272
0.79436
0.80224
0.80392
0.7931
0.79628
0.80128
0.80264
0.795
0.79714
0.79136
0.79958
0.8024
0.80478
0.80268
0.80188
0.79806
0.79972
0.80096
0.79488
0.80198
0.80216
0.80766
0.80964
0.80482
0.8074
0.80384
0.79532
0.8039
0.8098
0.7997
0.7983
0.7992
0.80116
0.80542
0.80032
0.80446
0.79238
0.78862
0.7932
0.79462
0.7975
0.79632
0.80504
0.80396
0.79694
0.79988
0.8059
0.80228
0.80446
0.80198
0.80074
0.79904
0.79892
0.79726
0.79396
0.79724
0.7939
0.80192
0.80754
0.8012
0.80184
0.79678
0.79286
0.80024
0.80274
0.80748
0.8093
0.80478
0.796
0.79576
0.79366
0.7936
0.79534
0.79164
0.79474
0.79712
0.8061
0.7994
0.80076
0.80526
0.80698
0.80234
0.79076
0.7976
0.80514
0.8049
0.81012
0.80722
0.81454
0.8043
0.79702
0.7956
0.79548
0.79048
0.79708
0.80544
0.79676
0.79558
0.8007
0.80056
0.80404
0.79916
0.80334
0.80788
0.80004
0.80496
0.80126
0.8053
0.80456
0.79784
0.79056
0.79386
0.79356
0.78966
0.7875
0.7913
0.78972
0.79434
0.7943
0.79986
0.80594
0.79834
0.7994
0.80422
0.79894
0.79988
0.79854
0.79664
0.79502
0.8004
0.7975
0.80144
0.80224
0.7936
0.7898
0.79918
0.8008
0.79888
0.80268
0.80866
0.7952
0.79102
0.79224
0.80044
0.8039
0.8025
0.80204
0.79978
0.80086
0.79646
0.7951
0.79572
0.80286
0.80062
0.80212
0.79568
0.79496
0.8005
0.80522
0.79838
0.79954
0.79654
0.7955
0.7953
0.78876
0.79134
0.79326
0.79424
0.79752
0.80098
0.8023
0.79678
0.7935
0.78728
0.7911
0.79762
0.79844
0.79736
0.79404
0.80008
0.8015
0.7916
0.7887
0.79322
0.80094
0.8007
0.79208
0.80068
0.79644
0.79138
0.79526
0.79978
0.80582
0.8041
0.79746
0.80128
0.79354
0.79742
0.79268
0.79644
0.80022
0.79976
0.7917
0.79546
0.7919
0.79142
0.79402
0.80128
0.80694
0.80748
0.80862
0.8069
0.80442
0.80146
0.7967
0.79548
0.8002
0.80252
0.80548
0.80334
0.79196
0.79028
0.80058
0.7944
0.79122
0.78908
0.79746
0.79642
0.79206
0.79764
0.7923
0.79878
0.79684
0.79672
0.79902
0.79702
0.79118
0.7937
0.79842
0.8006
0.79666
0.80302
0.79906
0.80184
0.79508
0.7942
0.79074
0.79728
0.79338
0.7941
0.8027
0.79432
0.79602
0.78652
0.80186
0.7933
0.79504
0.8059
0.80096
0.80316
0.79858
0.80008
0.79536
0.79376
0.7926
0.79446
0.79982
0.79836
0.7919
0.78146
0.78724
0.79998
0.79486
0.78768
0.7931
0.7954
0.7935
0.80612
0.79604
0.7961
0.79076
0.79306
0.8017
0.79218
0.7955
0.7917
0.79252
0.79264
0.79516
0.79906
0.79566
0.80074
0.7962
0.79592
0.79286
0.7956
0.79078
0.79418
0.79972
0.79424
0.79338
0.79006
0.79008
0.78574
0.7928
0.78526
0.79118
0.79322
0.8028
0.7962
0.79196
0.80426
0.7968
0.8036
0.80402
0.80582
0.81298
0.80868
0.808
0.8088
0.80304
0.80638
0.80278
0.8102
0.80636
0.80234
0.80046
0.79558
0.79086
0.7879
0.8001
0.80512
0.80504
0.80496
0.80284
0.80612
0.80432
0.79952
0.80008
0.8023
0.7979
0.80844
0.8072
0.8021
0.8006
0.80176
0.8019
0.80682
0.80414
0.80598
0.79422
0.79944
0.80146
0.8004
0.79474
0.80054
0.79736
0.80068
0.79712
0.79112
0.79608
0.80068
0.80436
0.7994
0.80052
0.8011
0.80484
0.80452
0.80722
0.80082
0.80156
0.79778
0.7998
0.80076
0.81222
0.8044
0.80156
0.80554
0.80112
0.8084
0.79762
0.79692
0.79874
0.80116
0.80386
0.79252
0.80486
0.80398
0.80258
0.80072
0.7968
0.8043
0.79392
0.79488
0.79828
0.80164
0.80018
0.8028
0.80364
0.80172
0.79458
0.79932
0.80076
0.79386
0.78986
0.79712
0.79978
0.79932
0.79892
0.7965
0.80652
0.80058
0.80086
0.8076
0.80618
0.80678
0.80626
0.80378
0.80694
0.80216
0.79726
0.8031
0.80374
0.79844
0.79352
0.79602
0.8059
0.80594
0.8001
0.8001
0.80248
0.80222
0.79666
0.79176
0.78962
0.79802
0.79576
0.79838
0.80178
0.8004
0.79786
0.79384
0.78956
0.78892
0.79296
0.79564
0.8008
0.79872
0.79446
0.79558
0.79374
0.79762
0.78802
0.79116
0.78896
0.7925
0.79592
0.80054
0.79782
0.79528
0.80168
0.7939
0.79482
0.78998
0.79836
0.79628
0.7946
0.79584
0.80126
0.80044
0.79902
0.8051
0.80866
0.80412
0.80414
0.8037
0.79936
0.80072
0.79106
0.79904
0.79702
0.8038
0.80514
0.79826
0.80424
0.7967
0.7955
0.80024
0.79752
0.80792
0.7965
0.79976
0.79928
0.79016
0.7942
0.79252
0.79566
0.78476
0.7853
0.78328
0.7867
0.79034
0.79776
0.79526
0.79118
0.79708
0.79594
0.79764
0.78848
0.80508
0.80054
0.8098
0.80784
0.80292
0.80348
0.79966
0.8038
0.80288
0.79876
0.79824
0.79592
0.7952
0.7976
0.79984
0.79348
0.79802
0.80776
0.79968
0.80274
0.80346
0.79996
0.80726
0.8058
0.8062
0.79172
0.8029
0.80522
0.80462
0.79298
0.80272
0.80468
0.80336
0.80606
0.8088
0.80166
0.79876
0.7989
0.80172
0.79614
0.80012
0.79594
0.79892
0.80806
0.80086
0.79296
0.79674
0.79204
0.79536
0.79516
0.7884
0.7856
0.78768
0.79568
0.79904
0.79904
0.80356
0.80228
0.80502
0.7946
0.80246
0.80032
0.80028
0.81084
0.80026
0.80346
0.80758
0.80276
0.80332
0.80382
0.80436
0.80754
0.80268
0.80872
0.80548
0.80634
0.8019
0.80102
0.79534
0.80186
0.8011
0.80504
0.80728
0.804
0.8051
0.80992
0.80294
0.79458
0.79902
0.79242
0.80304
0.80712
0.80144
0.80018
0.7957
0.78582
0.79238
0.8
0.80376
0.7942
0.80046
0.7984
0.80074
0.80328
0.79756
0.80824
0.8092
0.8081
0.80728
0.8093
0.80626
0.80636
0.79666
0.80644
0.80432
0.79422
0.80292
0.80272
0.78826
0.79252
0.79442
0.79974
0.80084
0.80648
0.79966
0.804
0.80336
0.7996
0.80132
0.79652
0.79736
0.80312
0.80066
0.7998
0.79554
0.80586
0.81184
0.80478
0.81434
0.80468
0.80606
0.80178
0.8046
0.80512
0.8018
0.79598
0.7988
0.79432
0.79024
0.80412
0.79286
0.79634
0.805
0.80232
0.80532
0.80474
0.79542
0.79888
0.80224
0.8039
0.80302
0.79824
0.80084
0.80482
0.80486
0.8009
0.80216
0.7956
0.79842
0.8023
0.8038
0.80368
0.8054
0.80896
0.80958
0.80962
0.80082
0.80226
0.80016
0.79622
0.79886
0.79424
0.8019
0.7992
0.80144
0.80318
0.8023
0.80102
0.80264
0.79646
0.79554
0.79138
0.80516
0.79996
0.8071
0.8075
0.80438
0.80752
0.79878
0.79414
0.79786
0.79664
0.79932
0.79354
0.80186
0.79798
0.79982
0.79574
0.7968
0.79734
0.7935
0.7986
0.79448
0.79774
0.79838
0.8035
0.8023
0.79668
0.80006
0.80134
0.79798
0.79568
0.79934
0.79276
0.79056
0.79296
0.79098
0.79112
0.79564
0.79124
0.79334
0.79522
0.79822
0.80068
0.8045
0.8026
0.80588
0.79362
0.8024
0.7983
0.79828
0.8002
0.79404
0.79988
0.8119
0.80524
0.80268
0.79826
0.79774
0.79602
0.78962
0.7979
0.80078
0.79798
0.79536
0.79942
0.79718
0.78948
0.79006
0.79352
0.78766
0.7942
0.80676
0.804
0.79704
0.80892
0.8047
0.79986
0.79822
0.79732
0.7952
0.7994
0.80312
0.812
0.79792
0.79468
0.80816
0.80032
0.80498
0.80232
0.80474
0.81052
0.79728
0.8007
0.79498
0.8039
0.8034
0.79712
0.80082
0.80812
0.80224
0.79376
0.802
0.80168
0.7924
0.80162
0.79636
0.79018
0.7905
0.79236
0.7949
0.79086
0.8003
0.80472
0.80694
0.80582
0.8008
0.80308
0.79986
0.801
0.79806
0.802
0.80298
0.79684
0.79918
0.80022
0.79844
0.79914
0.79376
0.79988
0.79298
0.79364
0.79748
0.80598
0.80112
0.79726
0.79596
0.78458
0.7892
0.79528
0.79824
0.80302
0.79722
0.79258
0.79378
0.80262
0.80854
0.803
0.80254
0.7961
0.7972
0.80012
0.7959
0.79386
0.7954
0.80074
0.7913
0.7896
0.7921
0.7939
0.7913
0.798
0.7973
0.79888
0.80788
0.8095
0.80634
0.8028
0.80262
0.79638
0.7976
0.80272
0.80814
0.79532
0.79552
0.79728
0.8015
0.80124
0.8044
0.80078
0.79726
0.79664
0.80822
0.81016
0.8101
0.80204
0.79592
0.80148
0.79756
0.7996
0.80232
0.80294
0.80236
0.79384
0.7945
0.79496
0.80094
0.79802
0.8031
0.8031
0.80588
0.80256
0.80362
0.80628
0.80218
0.79118
0.79862
0.79466
0.80752
0.79708
0.7959
0.79182
0.79122
0.78898
0.8004
0.7972
0.78396
0.79596
0.80156
0.80452
0.81296
0.80936
0.80328
0.8105
0.80958
0.8
0.79812
0.79976
0.80116
0.7935
0.79676
0.79902
0.80672
0.80898
0.79968
0.80272
0.80342
0.80008
0.79526
0.80572
0.80232
0.79902
0.80314
0.80192
0.81046
0.80888
0.80334
0.80482
0.79936
0.79562
0.7978
0.79602
0.79942
0.80336
0.80046
0.78828
0.79412
0.7962
0.79946
0.7996
0.79858
0.80414
0.79696
0.8025
0.8039
0.79754
0.79942
0.79346
0.79844
0.79012
0.797
0.79804
0.79818
0.79422
0.79572
0.79712
0.80152
0.80568
0.79408
0.79558
0.80318
0.80622
0.80278
0.79852
0.79528
0.80182
0.79338
0.79562
0.79878
0.7927
0.7905
0.7835
0.7906
0.79748
0.80008
0.79822
0.7904
0.80016
0.8034
0.80076
0.80078
0.8013
0.79766
0.7992
0.79418
0.78164
0.79662
0.7974
0.79548
0.79856
0.79776
0.7957
0.80074
0.80026
0.79394
0.80754
0.8018
0.79706
0.80208
0.7974
0.80286
0.80052
0.80456
0.81008
0.81916
0.81426
0.80594
0.80402
0.81004
0.80546
0.80202
0.7961
0.7978
0.79936
0.7993
0.80232
0.80066
0.80916
0.80186
0.80258
0.79572
0.78876
0.80078
0.79194
0.795
0.80258
0.80384
0.80638
0.79316
0.79328
0.79124
0.79014
0.80386
0.80058
0.79256
0.79746
0.8009
0.79874
0.79604
0.79994
0.79528
0.80176
0.79858
0.80032
0.80216
0.80286
0.80368
0.80186
0.79976
0.79456
0.79914
0.79458
0.79366
0.79156
0.78978
0.79636
0.79932
0.793
0.79798
0.79934
0.79554
0.79704
0.80712
0.80136
0.79558
0.8016
0.80086
0.80256
0.8076
0.8024
0.8035
0.79778
0.79456
0.79406
0.79266
0.78928
0.79788
0.80532
0.7987
0.80462
0.79994
0.80186
0.80224
0.79608
0.79032
0.79784
0.79926
0.80202
0.7936
0.797
0.80252
0.79768
0.79828
0.7962
0.80602
0.80838
0.80432
0.79856
0.79812
0.79904
0.80336
0.80558
0.80658
0.80278
0.80472
0.79602
0.80374
0.79832
0.80728
0.79968
0.79762
0.8028
0.80178
0.79686
0.79746
0.80304
0.79828
0.79836
0.79952
0.80556
0.7974
0.7988
0.79616
0.80136
0.8004
0.8008
0.79938
0.80194
0.80852
0.80098
0.7995
0.80468
0.80536
0.79632
0.79416
0.79774
0.78954
0.797
0.79696
0.80414
0.80072
0.80186
0.79546
0.80332
0.80164
0.8033
0.80294
0.80074
0.79644
0.79558
0.79752
0.79926
0.79668
0.80072
0.79214
0.7951
0.79812
0.79952
0.80028
0.80258
0.8054
0.80614
0.80898
0.80354
0.7966
0.80148
0.80076
0.80432
0.79428
0.79548
0.79596
0.78994
0.79366
0.79824
0.78722
0.79866
0.80374
0.8014
0.79936
0.7912
0.79608
0.79772
0.79568
0.79362
0.79006
0.78988
0.79722
0.79494
0.79364
0.79744
0.79364
0.79546
0.79924
0.80818
0.80274
0.79864
0.79238
0.8038
0.80794
0.80238
0.8022
0.79978
0.79948
0.80236
0.79824
0.79642
0.8034
0.79842
0.7995
0.80142
0.80828
0.80742
0.7981
0.8047
0.8037
0.79488
0.79742
0.78878
0.80322
0.80204
0.8113
0.79626
0.80046
0.796
0.80428
0.80344
0.8069
0.8056
0.8049
0.80888
0.80152
0.80128
0.79984
0.8022
0.80104
0.7984
0.79744
0.7907
0.79594
0.79618
0.79884
0.79202
0.7949
0.7938
0.79784
0.7918
0.7946
0.79556
0.80222
0.79186
0.79014
0.78766
0.78638
0.7928
0.78954
0.79224
0.79644
0.7975
0.8021
0.79968
0.80038
0.8049
0.79974
0.79848
0.80314
0.79864
0.79618
0.79458
0.78954
0.79498
0.79714
0.79332
0.79452
0.80254
0.81066
0.8047
0.80398
0.8028
0.8032
0.79448
0.80436
0.80934
0.80756
0.80036
0.80094
0.7947
0.79686
0.8054
0.80826
0.80086
0.80066
0.80356
0.8027
0.80232
0.8007
0.79886
0.80384
0.80348
0.80318
0.79728
0.7941
0.80364
0.802
0.79882
0.80642
0.80716
0.8061
0.7955
0.80044
0.80608
0.80854
0.80922
0.79988
0.80516
0.80616
0.80514
0.79898
0.80046
0.80306
0.80194
0.7946
0.79446
0.79724
0.79806
0.80482
0.79902
0.7991
0.80124
0.80004
0.79638
0.8081
0.809
0.80754
0.81234
0.8047
0.8042
0.80772
0.80154
0.79084
0.78846
0.79228
0.79008
0.79532
0.7983
0.80326
0.7906
0.79796
0.79738
0.7903
0.80096
0.79892
0.7967
0.80064
0.79564
0.79004
0.7933
0.78944
0.78338
0.77882
0.78398
0.78606
0.79132
0.80042
0.79492
0.79828
0.79456
0.804
0.7961
0.7985
0.79806
0.79968
0.79292
0.79798
0.79754
0.79954
0.8008
0.79912
0.79954
0.79326
0.80034
0.80418
0.80124
0.8006
0.80458
0.79496
0.79214
0.7991
0.80264
0.80596
0.8035
0.79008
0.78328
0.7967
0.80042
0.7996
0.80142
0.80334
0.80466
0.80276
0.80936
0.8075
0.8025
0.80294
0.80828
0.80316
0.80782
0.81046
0.80896
0.81646
0.80494
0.80206
0.79718
0.79604
0.80094
0.7979
0.79738
0.79956
0.79898
0.79772
0.80906
0.80836
0.8003
0.80886
0.81198
0.7969
0.8008
0.79954
0.79406
0.79492
0.79314
0.78922
0.78866
0.78902
0.79486
0.79394
0.79518
0.79436
0.79286
0.7996
0.79964
0.80122
0.7984
0.79746
0.79594
0.79442
0.81316
0.80066
0.80692
0.80336
0.80828
0.8052
0.81014
0.80288
0.80288
