0.9001
0.89506
0.90014
0.89898
0.8958
0.89822
0.89836
0.90014
0.89574
0.89784
0.90088
0.89686
0.89684
0.89376
0.89304
0.89964
0.90032
0.9016
0.89816
0.89402
0.8949
0.90126
0.89414
0.8964
0.8972
0.89848
0.8976
0.8972
0.89986
0.89762
0.89932
0.89746
0.8959
0.89606
0.90074
0.89568
0.89682
0.89726
0.89194
0.90118
0.89956
0.90214
0.9007
0.89932
0.89276
0.88962
0.89496
0.89392
0.8977
0.90116
0.89474
0.9024
0.89484
0.89118
0.89796
0.89842
0.9019
0.89644
0.89414
0.89662
0.89554
0.89494
0.89542
0.89768
0.8987
0.89838
0.8947
0.89694
0.89592
0.89704
0.89762
0.89726
0.89406
0.8954
0.89426
0.89424
0.89854
0.89692
0.90202
0.9015
0.90256
0.90006
0.89606
0.90374
0.90738
0.8985
0.8961
0.90018
0.8913
0.89938
0.89244
0.89936
0.8967
0.89412
0.90064
0.8948
0.89694
0.89398
0.89328
0.8988
0.90038
0.89834
0.89936
0.89392
0.8949
0.90114
0.89406
0.89592
0.89948
0.8956
0.90016
0.88898
0.89672
0.89892
0.90112
0.89746
0.89358
0.89106
0.89316
0.8972
0.89186
0.89518
0.89612
0.89774
0.89458
0.89694
0.89398
0.89524
0.89828
0.89888
0.89658
0.89804
0.90168
0.89994
0.89158
0.8995
0.90014
0.89682
0.89832
0.89406
0.89646
0.89456
0.89848
0.9046
0.90258
0.89894
0.89764
0.8943
0.89318
0.8966
0.89476
0.90142
0.89918
0.89576
0.8955
0.8953
0.89774
0.89142
0.89504
0.8929
0.897
0.89468
0.89544
0.8911
0.90086
0.89798
0.90088
0.8953
0.89754
0.89632
0.89622
0.89206
0.89568
0.8984
0.89108
0.8942
0.8974
0.89416
0.89694
0.89766
0.89642
0.89752
0.90014
0.89606
0.89516
0.8994
0.89612
0.89898
0.89222
0.89588
0.89318
0.89762
0.89354
0.89742
0.89668
0.89806
0.90066
0.8983
0.90156
0.89594
0.89506
0.8951
0.89958
0.89602
0.89534
0.89798
0.9011
0.89542
0.89294
0.89384
0.90026
0.89568
0.89732
0.89768
0.90016
0.89658
0.8945
0.89718
0.89492
0.90164
0.89938
0.89432
0.89756
0.89646
0.89258
0.89548
0.89206
0.89372
0.89318
0.90136
0.89734
0.8949
0.89312
0.89436
0.89538
0.89494
0.89946
0.89712
0.89674
0.89492
0.89988
0.89596
0.89912
0.89544
0.89898
0.89778
0.89854
0.89882
0.895
0.89262
0.89294
0.8994
0.89818
0.89658
0.90108
0.90012
0.89568
0.89666
0.89086
0.89346
0.89488
0.89294
0.89936
0.89286
0.8942
0.89764
0.8967
0.89648
0.9025
0.89318
0.89584
0.8954
0.8979
0.8979
0.89658
0.89646
0.89694
0.89692
0.89956
0.89546
0.89842
0.89748
0.89294
0.89272
0.89544
0.89354
0.8994
0.89658
0.89536
0.89608
0.89258
0.89116
0.89128
0.89176
0.89588
0.89612
0.8942
0.89986
0.898
0.8978
0.89478
0.89884
0.8979
0.89882
0.89844
0.89664
0.8956
0.89642
0.8982
0.9014
0.89612
0.8986
0.89584
0.89806
0.8983
0.89594
0.89774
0.8994
0.90234
0.90078
0.8983
0.89286
0.89638
0.89352
0.88866
0.8901
0.8967
0.89656
0.8953
0.899
0.89826
0.89546
0.896
0.89584
0.89806
0.89886
0.89622
0.90114
0.89582
0.89906
0.89398
0.89516
0.89764
0.89714
0.90116
0.90216
0.90162
0.89396
0.8928
0.89654
0.89372
0.89836
0.89954
0.90288
0.8962
0.9012
0.8996
0.89928
0.9005
0.89428
0.89852
0.89728
0.89512
0.89894
0.89578
0.89804
0.8933
0.8907
0.89768
0.90052
0.89596
0.8941
0.89466
0.89674
0.89758
0.8988
0.8971
0.89506
0.8914
0.89376
0.89742
0.89312
0.89846
0.89782
0.89356
0.89916
0.8992
0.8939
0.89726
0.8911
0.89914
0.898
0.90086
0.89704
0.89958
0.89602
0.9019
0.89326
0.89766
0.89686
0.89118
0.89628
0.90252
0.89902
0.89884
0.89398
0.90008
0.89812
0.89836
0.89806
0.8998
0.89556
0.90106
0.89224
0.89182
0.89464
0.89524
0.8955
0.89954
0.90014
0.89762
0.90054
0.90114
0.89766
0.89474
0.8963
0.89212
0.89812
0.89376
0.89434
0.89366
0.89138
0.89376
0.89218
0.89502
0.89834
0.90062
0.8961
0.8975
0.8965
0.8969
0.89366
0.89642
0.90018
0.89542
0.89598
0.89314
0.89878
0.89406
0.89912
0.89858
0.89372
0.89656
0.89952
0.89326
0.8984
0.89804
0.90068
0.8997
0.89756
0.89834
0.89454
0.89604
0.90032
0.8989
0.89394
0.89916
0.90254
0.89814
0.89522
0.89542
0.89928
0.89514
0.89576
0.89612
0.8986
0.89764
0.896
0.89552
0.90038
0.899
0.8966
0.9004
0.89838
0.8974
0.90014
0.89286
0.89782
0.89588
0.89702
0.89976
0.8956
0.89644
0.8952
0.89948
0.8978
0.8987
0.8969
0.8936
0.8905
0.8971
0.89864
0.89928
0.89704
0.89734
0.89758
0.89288
0.89628
0.8936
0.89566
0.8979
0.8978
0.89924
0.89828
0.8972
0.89958
0.89892
0.89766
0.89764
0.89756
0.90132
0.89806
0.90074
0.89306
0.89672
0.89804
0.90372
0.8938
0.89646
0.89602
0.89694
0.89762
0.8971
0.89334
0.8975
0.89876
0.89778
0.89548
0.89976
0.89988
0.89476
0.9022
0.89956
0.90256
0.898
0.89958
0.89824
0.89992
0.89924
0.8946
0.89544
0.89836
0.89294
0.89396
0.89602
0.8975
0.89478
0.89862
0.90114
0.89954
0.89512
0.89566
0.89896
0.89976
0.89788
0.90036
0.90088
0.89126
0.89612
0.90254
0.90026
0.8979
0.89882
0.90374
0.90278
0.89362
0.89668
0.89724
0.89076
0.8973
0.8987
0.89716
0.8963
0.89458
0.8984
0.89718
0.89642
0.89686
0.89082
0.89036
0.89638
0.895
0.89692
0.90106
0.89874
0.8982
0.8984
0.89736
0.90332
0.8949
0.89822
0.89608
0.90118
0.90088
0.8974
0.89538
0.89744
0.89666
0.89594
0.89776
0.89962
0.89866
0.89648
0.89806
0.89668
0.89702
0.89732
0.89422
0.89508
0.898
0.89848
0.89626
0.89902
0.89746
0.89712
0.90184
0.90324
0.89766
0.89678
0.89454
0.89674
0.89992
0.8968
0.89366
0.89014
0.89664
0.8954
0.89464
0.894
0.89552
0.89668
0.8994
0.89976
0.8996
0.89678
0.8974
0.89362
0.8971
0.89424
0.89098
0.89972
0.89694
0.90206
0.9027
0.89694
0.89852
0.89392
0.89486
0.89352
0.89424
0.8926
0.89638
0.89588
0.89542
0.8965
0.9033
0.89772
0.90266
0.89672
0.8951
0.89838
0.89856
0.89356
0.89704
0.89602
0.8972
0.8996
0.89794
0.90024
0.90052
0.89518
0.89616
0.89534
0.89794
0.89872
0.89852
0.89604
0.89154
0.89714
0.89958
0.895
0.89572
0.89854
0.90062
0.89706
0.89642
0.8992
0.8953
0.896
0.89668
0.89616
0.89998
0.89924
0.89358
0.89682
0.89904
0.89552
0.89856
0.89948
0.89674
0.89972
0.89646
0.8951
0.89252
0.90146
0.8972
0.89778
0.89976
0.8992
0.89838
0.89506
0.89844
0.89498
0.89252
0.88936
0.8956
0.89486
0.9021
0.90148
0.9001
0.89816
0.89478
0.89468
0.89542
0.89782
0.8976
0.89296
0.89844
0.90214
0.89662
0.89554
0.90126
0.89754
0.89672
0.89722
0.89886
0.89856
0.89902
0.89544
0.89554
0.89864
0.89148
0.90306
0.89884
0.89842
0.89592
0.89628
0.89794
0.89666
0.89528
0.89778
0.90132
0.89748
0.89982
0.89922
0.89896
0.89836
0.8968
0.89462
0.8958
0.896
0.89638
0.89572
0.90234
0.89956
0.9
0.89546
0.89276
0.89706
0.89164
0.89596
0.8972
0.89712
0.89612
0.896
0.8941
0.89632
0.89656
0.8951
0.89498
0.89684
0.89542
0.89686
0.89588
0.89954
0.90018
0.89708
0.89838
0.90016
0.89512
0.8969
0.89852
0.90102
0.90266
0.90186
0.89838
0.89856
0.89726
0.8978
0.89752
0.89942
0.89684
0.9017
0.89624
0.89702
0.90282
0.89864
0.8988
0.901
0.89684
0.89428
0.89674
0.90038
0.90012
0.90216
0.89806
0.89876
0.90028
0.89592
0.90044
0.90052
0.89764
0.89764
0.90148
0.89848
0.8946
0.89376
0.89738
0.89726
0.9007
0.8961
0.89378
0.89858
0.8963
0.89532
0.89166
0.89416
0.89842
0.8975
0.8911
0.90092
0.9001
0.89506
0.8922
0.89544
0.90114
0.89538
0.89924
0.89698
0.89564
0.89464
0.89776
0.89942
0.89828
0.89744
0.89368
0.89352
0.89414
0.8987
0.89448
0.89712
0.89834
0.8966
0.90102
0.89222
0.89272
0.89456
0.89512
0.89748
0.89156
0.8934
0.90176
0.89628
0.89046
0.8927
0.89368
0.8943
0.89064
0.89916
0.89248
0.89102
0.89846
0.89552
0.89484
0.90028
0.89828
0.89472
0.89374
0.89572
0.89692
0.89914
0.8936
0.89402
0.89988
0.89828
0.90012
0.89824
0.89762
0.89614
0.89668
0.8991
0.89946
0.89642
0.90012
0.89798
0.89826
0.89632
0.89744
0.89814
0.90072
0.8987
0.89734
0.89976
0.8968
0.8916
0.89634
0.894
0.8927
0.89706
0.89984
0.89462
0.89634
0.89976
0.8973
0.89888
0.90016
0.9004
0.89714
0.89286
0.89378
0.89622
0.89458
0.89618
0.89324
0.89428
0.89856
0.89832
0.90154
0.89582
0.89418
0.89502
0.89334
0.89522
0.8929
0.8995
0.89992
0.89634
0.90048
0.89754
0.89604
0.89992
0.89616
0.90092
0.90068
0.89894
0.89898
0.90036
0.90016
0.8983
0.89852
0.89966
0.90132
0.90244
0.89816
0.89818
0.89182
0.89594
0.8957
0.8949
0.8927
0.8908
0.8943
0.89826
0.90278
0.90044
0.89428
0.8972
0.8975
0.89356
0.8903
0.89094
0.89318
0.89768
0.89596
0.89506
0.89422
0.89574
0.8968
0.89148
0.89042
0.90252
0.89636
0.90028
0.9005
0.90008
0.89992
0.89722
0.89554
0.89936
0.8908
0.89506
0.89564
0.89274
0.89328
0.89708
0.89674
0.88722
0.89596
0.89804
0.89264
0.89582
0.90248
0.89532
0.89542
0.89686
0.89778
0.90112
0.89354
0.89416
0.89706
0.89878
0.89622
0.89422
0.89798
0.9008
0.9008
0.89776
0.89868
0.90058
0.8934
0.89836
0.89586
0.89318
0.895
0.89924
0.90042
0.90022
0.90158
0.89924
0.90074
0.89846
0.89248
0.8962
0.89618
0.89476
0.89844
0.89554
0.90004
0.90168
0.89984
0.8967
0.89242
0.89922
0.89752
0.89898
0.89962
0.89946
0.89964
0.89544
0.89678
0.89642
0.9004
0.90196
0.8952
0.89332
0.89566
0.89444
0.89448
0.89378
0.89472
0.89652
0.9001
0.902
0.89446
0.89338
0.89782
0.90014
0.89622
0.89664
0.89256
0.8987
0.89838
0.89206
0.8996
0.89664
0.89374
0.89368
0.89108
0.89274
0.89128
0.89882
0.89722
0.8962
0.89578
0.89448
0.8989
0.8983
0.8985
0.89982
0.89926
0.90078
0.90012
0.89512
0.89684
0.89484
0.89552
0.89122
0.89272
0.89922
0.89232
0.89282
0.89326
0.88934
0.89436
0.8935
0.8964
0.9002
0.8999
0.8983
0.89714
0.89746
0.89676
0.8931
0.89562
0.89964
0.90138
0.8964
0.90106
0.89426
0.8983
0.90168
0.89866
0.8977
0.89704
0.89414
0.89644
0.89582
0.89566
0.89412
0.8956
0.89622
0.89926
0.90032
0.90038
0.89992
0.89694
0.89728
0.8887
0.89808
0.8945
0.89402
0.90068
0.90038
0.89688
0.90012
0.89924
0.89862
0.89736
0.89518
0.8981
0.89754
0.90038
0.896
0.8975
0.8989
0.89878
0.89326
0.89888
0.89632
0.8997
0.89676
0.89844
0.90138
0.89788
0.89562
0.89458
0.89634
0.8923
0.89758
0.89594
0.8946
0.89386
0.89516
0.8969
0.89772
0.89724
0.89698
0.9002
0.89198
0.89456
0.89342
0.89976
0.8993
0.9
0.89644
0.897
0.90048
0.90036
0.90202
0.90092
0.8988
0.89884
0.89722
0.89664
0.90042
0.89734
0.89996
0.8949
0.8942
0.8958
0.89878
0.89534
0.89768
0.8989
0.89508
0.89838
0.8954
0.90008
0.8967
0.89426
0.8968
0.89562
0.8953
0.89994
0.8987
0.90168
0.8973
0.89842
0.89608
0.89882
0.90026
0.89624
0.89894
0.89478
0.89796
0.89534
0.89588
0.89544
0.8987
0.89952
0.89712
0.89872
0.89796
0.89594
0.90228
0.8996
0.89652
0.894
0.89196
0.89958
0.89886
0.89452
0.89578
0.89702
0.90066
0.90054
0.89596
0.8929
0.89556
0.89212
0.8991
0.9006
0.89378
0.89232
0.89504
0.89486
0.88674
0.8998
0.89418
0.89862
0.89498
0.8987
0.8994
0.89368
0.89982
0.89708
0.8991
0.89588
0.90176
0.90122
0.89332
0.89736
0.89722
0.90532
0.89986
0.8995
0.89768
0.9004
0.89782
0.89594
0.89794
0.8994
0.89656
0.8951
0.89454
0.89284
0.89266
0.89452
0.8977
0.89726
0.89726
0.89686
0.89562
0.89716
0.89658
0.89794
0.89718
0.8973
0.90054
0.89894
0.8953
0.89366
0.89408
0.8981
0.89374
0.89554
0.89314
0.89294
0.89842
0.9002
0.90064
0.90226
0.89294
0.89802
0.89914
0.89672
0.89418
0.89698
0.89738
0.89964
0.90244
0.90354
0.8978
0.89408
0.89706
0.90038
0.8958
0.89624
0.89738
0.89694
0.89686
0.9011
0.89852
0.89528
0.90042
0.89714
0.89718
0.89818
0.89612
0.8936
0.89494
0.8938
0.89566
0.8976
0.89382
0.89698
0.89734
0.89674
0.89566
0.8993
0.90052
0.90062
0.89596
0.89966
0.89908
0.89772
0.8961
0.8989
0.9026
0.8979
0.89816
0.89986
0.89982
0.8945
0.89798
0.89596
0.8974
0.89548
0.89972
0.89672
0.89828
0.89556
0.89904
0.89708
0.89188
0.8946
0.895
0.8997
0.89754
0.8968
0.8944
0.89754
0.89526
0.89804
0.89786
0.8981
0.89194
0.8953
0.8937
0.89892
0.8992
0.89956
0.89582
0.8923
0.89808
0.896
0.8974
0.89508
0.89156
0.8965
0.89824
0.89664
0.89446
0.89404
0.89772
0.90086
0.89776
0.89736
0.8943
0.89728
0.89376
0.89574
0.89772
0.8948
0.89568
0.89586
0.90244
0.90206
0.89752
0.89674
0.9007
0.89594
0.89754
0.89952
0.8925
0.89712
0.89124
0.89484
0.89576
0.89096
0.8925
0.90088
0.89978
0.89478
0.89644
0.89682
0.89702
0.89572
0.8957
0.90132
0.89422
0.8938
0.88814
0.8944
0.89824
0.89666
0.89678
0.89798
0.90076
0.89858
0.89752
0.89626
0.89636
0.90538
0.8995
0.90144
0.90146
0.90024
0.89748
0.89702
0.89546
0.89556
0.89544
0.8966
0.8991
0.90042
0.89776
0.89554
0.8949
0.89482
0.89598
0.9018
0.8967
0.8952
0.89312
0.90122
0.9001
0.8999
0.89992
0.90026
0.89608
0.89164
0.89628
0.89358
0.89788
0.90086
0.89306
0.89806
0.89654
0.89326
0.89296
0.90144
0.89922
0.90014
0.89866
0.89622
0.89826
0.89542
0.89886
0.90024
0.89566
0.8953
0.89436
0.89304
0.89862
0.89732
0.89838
0.89446
0.89816
0.89756
0.89798
0.89814
0.89442
0.90018
0.89254
0.89062
0.8958
0.89236
0.89716
0.8969
0.89696
0.89982
0.89492
0.89474
0.89588
0.89884
0.89808
0.90038
0.89678
0.8977
0.8956
0.8909
0.89808
0.89396
0.90002
0.89598
0.90032
0.89954
0.89784
0.90146
0.8991
0.89572
0.9006
0.89678
0.89592
0.89484
0.8967
0.89432
0.89592
0.89598
0.89572
0.89544
0.89212
0.8976
0.89888
0.89764
0.8977
0.90268
0.89808
0.89902
0.89704
0.90176
0.8966
0.89056
0.89008
0.89728
0.89474
0.89656
0.8983
0.89054
0.8931
0.89486
0.89882
0.8967
0.9018
0.8967
0.90052
0.8978
0.89442
0.8976
0.8987
0.89968
0.8964
0.8993
0.89762
0.89842
0.89596
0.89658
0.8974
0.89674
0.89754
0.90232
0.89954
0.89316
0.899
0.89694
0.89638
0.89842
0.89896
0.90156
0.89996
0.89874
0.89778
0.89814
0.89402
0.89588
0.90516
0.90096
0.8977
0.8978
0.89322
0.89622
0.89446
0.89388
0.89264
0.89446
0.89592
0.90082
0.8979
0.89516
0.8973
0.89874
0.89854
0.89932
0.89504
0.89834
0.8989
0.89496
0.89654
0.8922
0.8903
0.89412
0.89328
0.89534
0.89996
0.89884
0.89518
0.89314
0.89746
0.89672
0.90026
0.90074
0.89382
0.89552
0.89554
0.8991
0.89716
0.8951
0.89476
0.89492
0.89812
0.8948
0.90002
0.8952
0.89644
0.89504
0.8954
0.8973
0.90074
0.90118
0.89426
0.89904
0.89672
0.90308
0.89994
0.89698
0.89608
0.89758
0.89606
0.89778
0.89384
0.89504
0.89608
0.89678
0.89444
0.9028
0.89988
0.8979
0.89508
0.89834
0.8979
0.89428
0.89592
0.89688
0.8986
0.8947
0.89592
0.89744
0.89148
0.89458
0.89498
0.90232
0.89852
0.8941
0.89276
0.89434
0.89684
0.89684
0.89958
0.90056
0.8985
0.89836
0.89224
0.89726
0.8943
0.9001
0.90268
0.89892
0.89718
0.90462
0.90168
0.8963
0.89398
0.8939
0.89474
0.89326
0.89544
0.89898
0.89708
0.89626
0.8949
0.89708
0.89856
0.90334
0.89678
0.89482
0.89522
0.89856
0.90086
0.89536
0.89502
0.89734
0.89268
0.89646
0.89478
0.89252
0.90032
0.89344
0.89886
0.90072
0.8973
0.90024
0.89742
0.89562
0.89576
0.89724
0.90086
0.90528
0.898
0.90142
0.90026
0.9034
0.89886
0.89912
0.89652
0.89216
0.89598
0.89144
0.89482
0.89236
0.8932
0.89252
0.8885
0.89012
0.89202
0.89432
0.89472
0.89182
0.89192
0.89578
0.89806
0.89864
0.89014
0.89624
0.8974
0.8944
0.8937
0.89936
0.89766
0.89684
0.89398
0.8913
0.89404
0.89482
0.8943
0.8973
0.89614
0.89936
0.89864
0.89502
0.89684
0.9015
0.89828
0.89742
0.90266
0.9
0.90004
0.90184
0.90216
0.89768
0.89784
0.89666
0.89504
0.89512
0.8976
0.8905
0.8967
0.89516
0.89522
0.8938
0.8982
0.89904
0.8993
0.9021
0.89604
0.89604
0.90228
0.8975
0.89658
0.89828
0.89646
0.89596
0.89616
0.89974
0.8985
0.89602
0.89604
0.89948
0.89362
0.89976
0.89756
0.89776
0.89458
0.89418
0.8939
0.89638
0.8919
0.89422
0.89396
0.8988
0.8935
0.89962
0.8991
0.8939
0.89904
0.89642
0.90118
0.89916
0.89858
0.89752
0.89794
0.89756
0.89472
0.89536
0.89094
0.89464
0.8959
0.89646
0.8987
0.89888
0.89776
0.8982
0.89542
0.8943
0.89778
0.8968
0.898
0.89554
0.89704
0.89808
0.8967
0.89568
0.89394
0.89672
0.89586
0.892
0.89568
0.90318
0.89732
0.89658
0.89086
0.89172
0.89704
0.89612
0.89714
0.89116
0.89416
0.89904
0.89654
0.892
0.8963
0.8974
0.89808
0.89322
0.89462
0.89782
0.8979
0.89674
0.89504
0.90118
0.89654
0.89478
0.89614
0.89478
0.89296
0.89236
0.89566
0.89588
0.90022
0.89818
0.8937
0.89728
0.89936
0.89536
0.89864
0.89904
0.89448
0.90366
0.89948
0.9004
0.89842
0.8995
0.89592
0.89744
0.89844
0.90136
0.89694
0.89798
0.8954
0.89532
0.90102
0.8979
0.89638
0.89894
0.89768
0.8981
0.90336
0.89816
0.90072
0.89508
0.89848
0.89818
0.89532
0.896
0.8956
0.90052
0.90098
0.89458
0.89892
0.90046
0.90012
0.89582
0.89542
0.8999
0.89692
0.8986
0.89334
0.8929
0.89108
0.90148
0.90016
0.89602
0.9019
0.8945
0.89722
0.90324
0.89898
0.89914
0.8949
0.8977
0.89704
0.89718
0.89786
0.8989
0.89476
0.89434
0.8951
0.8963
0.89902
0.90076
0.89694
0.8971
0.89844
0.89984
0.89766
0.89966
0.90152
0.89796
0.9002
0.89976
0.89836
0.89878
0.90026
0.89888
0.89858
0.89326
0.8927
0.89588
0.8956
0.89636
0.89792
0.901
0.8973
0.89684
0.90176
0.89984
0.8945
0.89208
0.89636
0.8975
0.89344
0.89786
0.90124
0.90108
0.90132
0.89296
0.89476
0.89804
0.89816
0.89554
0.8959
0.8913
0.89532
0.89624
0.89738
0.89332
0.89692
0.89794
0.90088
0.89576
0.89398
0.89692
0.89704
0.8999
0.89808
0.90044
0.90434
0.89574
0.89956
0.89884
0.89848
0.89646
0.89446
0.89636
0.89458
0.89742
0.8943
0.8981
0.8983
0.89726
0.8946
0.89522
0.8978
0.8964
0.89448
0.89486
0.89686
0.8942
0.89692
0.89722
0.90366
0.90404
0.9
0.90408
0.89704
0.89856
0.88996
0.90226
0.90074
0.90152
0.90444
0.89934
0.89654
0.89728
0.89784
0.89888
0.89844
0.9005
0.89594
0.89608
0.89762
0.89972
0.90156
0.9001
0.89756
0.90176
0.8946
0.89564
0.89994
0.9005
0.89776
0.89498
0.89472
0.89728
0.8915
0.89556
0.8961
0.8967
0.89452
0.89444
0.8999
0.89704
0.89632
0.89934
0.894
0.89482
0.89542
0.89512
0.8981
0.89748
0.89946
0.89652
0.8967
0.89624
0.89304
0.90038
0.90384
0.89618
0.89208
0.89436
0.8923
0.89976
0.89338
0.89282
0.89422
0.8993
0.89682
0.89916
0.89852
0.8945
0.89426
0.8985
0.89492
0.89638
0.89468
0.88688
0.89386
0.89424
0.89462
0.888
0.89218
0.90034
0.89688
0.89564
0.89514
0.89934
0.89382
0.89686
0.89962
0.89852
0.90068
0.90048
0.89654
0.89918
0.89714
0.89792
0.89456
0.899
0.89704
0.89372
0.89822
0.89476
0.89722
0.8946
0.90204
0.89724
0.89586
0.89462
0.89788
0.89552
0.89342
0.89724
0.89894
0.89874
0.89408
0.89616
0.89178
0.89508
0.897
0.8997
0.89808
0.89562
0.90104
0.89884
0.89468
0.89358
0.89518
0.89424
0.89386
0.8918
0.89644
0.89496
0.89644
0.89652
0.9011
0.90072
0.8936
0.89746
0.89396
0.89718
0.89858
0.897
0.90146
0.89778
0.8982
0.8995
0.90098
0.8992
0.89672
0.89264
0.8941
0.89618
0.89288
0.90008
0.89596
0.89384
0.8976
0.89262
0.89764
0.89428
0.8951
0.89668
0.89336
0.89466
0.89386
0.89794
0.89234
0.89452
0.90016
0.89464
0.89368
0.89724
0.89728
0.89724
0.89634
0.89502
0.89686
0.89708
0.89556
0.89866
0.89788
0.89522
0.90028
0.89988
0.89644
0.89642
0.90076
0.89512
0.89674
0.89876
0.89954
0.89312
0.89962
0.89644
0.89928
0.89188
0.89402
0.8977
0.89532
0.89416
0.89498
0.89876
0.9004
0.89666
0.89454
0.89982
0.895
0.89712
0.9004
0.8966
0.90038
0.89422
0.89318
0.90018
0.89638
0.8971
0.9012
0.89652
0.89336
0.8975
0.89862
0.89914
0.89818
0.90042
0.89746
0.8988
0.90004
0.8922
0.89034
0.89382
0.8974
0.8997
0.89732
0.89998
0.89772
0.89968
0.89564
0.90062
0.90084
0.89804
0.8991
0.8964
0.89628
0.89612
0.89468
0.89658
0.89638
0.8968
0.89938
0.89534
0.89532
0.89546
0.89756
0.89884
0.89526
0.89936
0.89248
0.89346
0.89124
0.89682
0.89734
0.8939
0.9013
0.89054
0.89506
0.8955
0.89576
0.89236
0.89576
0.8952
0.8987
0.89906
0.89768
0.89534
0.90034
0.89286
0.89744
0.896
0.8943
0.89578
0.89916
0.89846
0.89832
0.89926
0.89952
0.90092
0.89876
0.89484
0.8985
0.89756
0.89878
0.89728
0.89586
0.89826
0.90036
0.90044
0.90388
0.8983
0.89628
0.89422
0.89688
0.8955
0.89944
0.9001
0.89862
0.9017
0.89758
0.89896
0.90162
0.8994
0.89802
0.89648
0.89782
0.89646
0.90058
0.90206
0.8948
0.8984
0.89364
0.8964
0.90062
0.89752
0.90364
0.89688
0.90048
0.89804
0.89852
0.89954
0.89758
0.89402
0.89356
0.89396
0.89528
0.894
0.9005
0.89504
0.89714
0.89596
0.89592
0.8976
0.90042
0.89638
0.89662
0.8955
0.89522
0.90052
0.898
0.8948
0.89218
0.89474
0.90036
0.89938
0.89932
0.9058
0.8996
0.89764
0.8965
0.89688
0.89654
0.89892
0.89876
0.89324
0.9025
0.89818
0.8959
0.89704
0.90012
0.8937
0.89542
0.89474
0.8949
0.89842
0.8964
0.89512
0.90008
0.9025
0.89944
0.8986
0.89276
0.89852
0.8965
0.89454
0.89524
0.89858
0.89832
0.899
0.89898
0.89622
0.89544
0.8938
0.89724
0.89922
0.89942
0.90196
0.8987
0.90048
0.89848
0.89998
0.89822
0.89632
0.8962
0.8924
0.89574
0.8974
0.89996
0.89798
0.89266
0.89682
0.89502
0.8958
0.89178
0.89378
0.89598
0.89358
0.8956
0.89308
0.8931
0.89636
0.89582
0.89614
0.89838
0.89704
0.89402
0.89742
0.89614
0.89686
0.90094
0.88904
0.9007
0.89678
0.8943
0.892
0.89366
0.89452
0.89612
0.89022
0.89154
0.89302
0.89782
0.88902
0.89816
0.89702
0.8989
0.897
0.90116
0.90214
0.8958
0.89292
0.89926
0.89912
0.89852
0.89762
0.89992
0.8975
0.89628
0.89676
0.89466
0.89604
0.89838
0.89862
0.89862
0.89866
0.89676
0.899
0.90014
0.89956
0.89842
0.90154
0.89604
0.90068
0.89994
0.89908
0.90374
0.89692
0.89656
0.89662
0.89876
0.89614
0.90088
0.89964
0.89746
0.89562
0.88884
0.8922
0.89354
0.89452
0.89376
0.89468
0.89574
0.89604
0.90188
0.8987
0.90034
0.90012
0.89676
0.89714
0.89646
0.89742
0.89692
0.89908
0.89866
0.89298
0.89544
0.89488
0.8974
0.89806
0.89126
0.89652
0.8971
0.89774
0.89642
0.8978
0.89692
0.89648
0.88902
0.8947
0.89522
0.897
0.898
0.89582
0.89904
0.89688
0.89802
0.89924
0.89626
0.89626
0.89676
0.89978
0.89862
0.89724
0.89764
0.8989
0.8966
0.894
0.8977
0.90026
0.89962
0.89816
0.89612
0.89494
0.89738
0.89704
0.90006
0.89794
0.89578
0.89836
0.89654
0.89796
0.89324
0.89218
0.89458
0.89616
0.89432
0.9024
0.89868
0.90028
0.9028
0.8951
0.8984
0.9003
0.89864
0.89502
0.90126
0.89596
0.8972
0.9011
0.90074
0.90268
0.89944
0.89254
0.89254
0.89522
0.89416
0.8909
0.89634
0.89268
0.89884
0.90112
0.90076
0.89838
0.89382
0.8987
0.89408
0.90068
0.89656
0.89654
0.89802
0.89466
0.89684
0.90052
0.89568
0.89672
0.89416
0.89576
0.8996
0.89772
0.896
0.89242
0.90368
0.90054
0.89946
0.9005
0.89946
0.89872
0.89344
0.89978
0.89822
0.90054
0.8974
0.9007
0.88956
0.89736
0.89794
0.90038
0.8995
0.90178
0.89418
0.89632
0.89288
0.89878
0.89814
0.8971
0.89752
0.89454
0.8968
0.89592
0.89438
0.89326
0.89472
0.89694
0.89424
0.8972
0.89948
0.89548
0.9026
0.89964
0.89838
0.90194
0.89814
0.89812
0.89692
0.89968
0.89484
0.89124
0.90058
0.89448
0.9006
0.89958
0.898
0.89644
0.8966
0.90002
0.89642
0.89274
0.89484
0.90368
0.89594
0.8934
0.89186
0.89718
0.9032
0.89744
0.89736
0.8975
0.90026
0.89938
0.89916
0.89678
0.8994
0.89542
0.89968
0.90078
0.9013
0.89872
0.8976
0.8954
0.89276
0.89756
0.89544
0.89922
0.89568
0.89534
0.89866
0.9001
0.9007
0.89854
0.89734
0.89802
0.89754
0.9013
0.89842
0.89886
0.89682
0.8974
0.89978
0.89792
0.90018
0.89868
0.90212
0.89668
0.89832
0.89752
0.89726
0.8994
0.90044
0.90208
0.89772
0.89746
0.89778
0.9012
0.89886
0.90344
0.89752
0.89442
0.89584
0.89744
0.89656
0.8933
0.8969
0.89976
0.89696
0.8972
0.89336
0.89164
0.89194
0.89472
0.8951
0.89848
0.8986
0.90138
0.90172
0.90228
0.89874
0.8998
0.89978
0.89726
0.89344
0.89866
0.89396
0.89492
0.8942
0.89608
0.90144
0.89472
0.90086
0.89752
0.89798
0.90182
0.89034
0.89644
0.90166
0.8956
0.89506
0.89124
0.8888
0.89972
0.89594
0.89374
0.89526
0.89656
0.89698
0.89794
0.89682
0.89972
0.90078
0.89964
0.89668
0.90226
0.89946
0.89872
0.8969
0.90078
0.89452
0.89424
0.89688
0.89678
0.89676
0.90088
0.8929
0.89602
0.8948
0.90176
0.90168
0.89824
0.89794
0.89704
0.89658
0.89938
0.89794
0.90202
0.8975
0.89778
0.89464
0.89824
0.89952
0.89714
0.89638
0.8998
0.89728
0.89428
0.89742
0.89916
0.89906
0.89498
0.89078
0.89396
0.88914
0.89598
0.8966
0.89454
0.89616
0.89252
0.8936
0.89182
0.89866
0.89982
0.89768
0.89954
0.89576
0.89752
0.89792
0.89874
0.89868
0.89854
0.89978
0.9025
0.90152
0.89848
0.8954
0.89596
0.89654
0.89896
0.897
0.89728
0.8933
0.8934
0.90026
0.90066
0.89668
0.89404
0.89674
0.89458
0.89282
0.8961
0.89222
0.8973
0.89672
0.89302
0.8916
0.89242
0.89704
0.89332
0.89766
0.89126
0.8988
0.89542
0.89442
0.89688
0.90016
0.90094
0.90056
0.90066
0.89806
0.89734
0.9001
0.90012
0.89654
0.89414
0.89724
0.896
0.90102
0.89932
0.89382
0.89526
0.89276
0.90002
0.89664
0.89984
0.89294
0.89426
0.8962
0.89648
0.89248
0.8969
0.89598
0.90362
0.8977
0.89758
0.897
0.89966
0.8981
0.89622
0.89378
0.89536
0.89736
0.89508
0.8941
0.89692
0.89662
0.8958
0.89462
0.89628
0.8967
0.89458
0.89468
0.8956
0.89328
0.8968
0.89238
0.89798
0.89798
0.89712
0.8959
0.90064
0.89456
0.90066
0.89438
0.89746
0.895
0.89696
0.8952
0.89144
0.89442
0.89466
0.89486
0.8917
0.89566
0.89478
0.89774
0.89628
0.89708
0.8974
0.89962
0.89468
0.89496
0.89432
0.89568
0.89484
0.8973
0.89872
0.89902
0.89806
0.90056
0.90004
0.89788
0.89704
0.89652
0.89374
0.8946
0.90464
0.90472
0.8987
0.89776
0.895
0.89906
0.89576
0.89666
0.89878
0.89672
0.89612
0.8928
0.8953
0.90384
0.90122
0.89676
0.89846
0.89742
0.90034
0.89972
0.8998
0.89772
0.9019
0.8998
0.89924
0.8976
0.90112
0.89952
0.89718
0.89868
0.90164
0.90114
0.89528
0.89458
0.89868
0.89504
0.89436
0.8977
0.89776
0.8973
0.8996
0.89642
0.897
0.89918
0.8988
0.895
0.89386
0.89762
0.89758
0.89696
0.89708
0.90036
0.89862
0.89706
0.89262
0.89078
0.89408
0.90206
0.90088
0.8968
0.90214
0.8894
0.89572
0.89878
0.90104
0.9016
0.90226
0.8998
0.89544
0.89184
0.89474
0.8955
0.89358
0.89272
0.8948
0.89664
0.8933
0.89116
0.89456
0.89684
0.89858
0.89792
0.89444
0.8974
0.89558
0.89704
0.89814
0.89296
0.89814
0.89474
0.89862
0.90066
0.89546
0.89616
0.89588
0.89368
0.89438
0.89348
0.89648
0.8976
0.89992
0.89436
0.89322
0.89924
0.89682
0.89754
0.8982
0.89566
0.89588
0.89446
0.89626
0.89432
0.89208
0.89148
0.8972
0.89972
0.90084
0.89728
0.90032
0.9015
0.89794
0.9054
0.90026
0.89486
0.89784
0.89656
0.89958
0.89684
0.89982
0.89664
0.89534
0.8985
0.89388
0.89714
0.89808
0.90202
0.89732
0.89608
0.89408
0.89784
0.89986
0.89552
0.89258
0.89492
0.89924
0.89628
0.89844
0.89932
0.89424
0.89512
0.89766
0.90052
0.89602
0.8969
0.90038
0.89698
0.89642
0.89848
0.89498
0.89052
0.895
0.89732
0.89664
0.89308
0.89326
0.89094
0.8947
0.89414
0.8941
0.89636
0.89484
0.8979
0.89724
0.89734
0.89466
0.89956
0.89168
0.89438
0.8985
0.89626
0.89214
0.89888
0.89732
0.89708
0.89516
0.89184
0.89608
0.89424
0.89048
0.89848
0.90284
0.89384
0.89766
0.901
0.8988
0.89726
0.8935
0.88774
0.90128
0.8993
0.89916
0.90328
0.9017
0.89786
0.90006
0.9
0.89956
0.89512
0.89742
0.89886
0.9019
0.89454
0.89672
0.89658
0.8943
0.8965
0.90034
0.89936
0.8987
0.89458
0.89736
0.89726
0.8945
0.89436
0.89848
0.89774
0.89702
0.89562
0.8956
0.89748
0.89606
0.89554
0.8982
0.8983
0.8938
0.89358
0.89508
0.90258
0.89568
0.89646
0.89144
0.8908
0.89326
0.8945
0.89228
0.89752
0.8986
0.8987
0.89838
0.89506
0.89594
0.89728
0.8997
0.89784
0.89796
0.89826
0.89816
0.893
0.90076
0.89788
0.90046
0.89914
0.89416
0.90322
0.90124
0.9002
0.89882
0.89972
0.8969
0.89516
0.89298
0.89714
0.89656
0.9002
0.89586
0.89652
0.89866
0.89386
0.9004
0.8937
0.8941
0.90088
0.90302
0.89622
0.89924
0.8933
0.89586
0.89672
0.8987
0.89828
0.90144
0.90672
0.9008
0.89766
0.89062
0.89244
0.88966
0.8904
0.89222
0.89398
0.89288
0.89794
0.89898
0.89944
0.89726
0.89776
0.89726
0.89924
0.89792
0.90058
0.89662
0.89996
0.89798
0.8937
0.89244
0.89516
0.90274
0.9012
0.89904
0.89816
0.89536
0.8983
0.89746
0.89498
0.8945
0.89318
0.89296
0.89408
0.8903
0.8905
0.89994
0.89286
0.8959
0.89168
0.89508
0.89728
0.89714
0.8961
0.89504
0.89592
0.89816
0.899
0.8992
0.89528
0.89908
0.89366
0.89748
0.9014
0.8962
0.89788
0.89268
0.89616
0.89182
0.89956
0.89826
0.897
0.89964
0.89626
0.89542
0.89806
0.9005
0.90038
0.89948
0.90034
0.90346
0.8996
0.89374
0.8947
0.89454
0.89996
0.8978
0.89648
0.8953
0.8982
0.89778
0.90126
0.89606
0.89086
0.89816
0.89706
0.89622
0.8924
0.89614
0.89336
0.89256
0.89274
0.89952
0.89636
0.89492
0.89412
0.89816
0.89832
0.8928
0.89802
0.89554
0.89846
0.90216
0.89978
0.89906
0.89902
0.8997
0.89956
0.89848
0.89764
0.8915
0.89462
0.896
0.89414
0.89644
0.8958
0.89912
0.89996
0.89528
0.89156
0.89668
0.89796
0.89502
0.89526
0.89708
0.89792
0.89392
0.89686
0.89906
0.8979
0.89784
0.89566
0.89646
0.89342
0.88946
0.89876
0.89716
0.90052
0.89538
0.89846
0.8976
0.89736
0.8965
0.89276
0.89244
0.8969
0.90058
0.89724
0.90066
0.89474
0.8974
0.89798
0.89574
0.8963
0.89888
0.89686
0.89592
0.8995
0.9021
0.90248
0.89654
0.8997
0.90032
0.89312
0.90022
0.89716
0.89572
0.89856
0.89842
0.89852
0.89498
0.89474
0.89512
0.8977
0.89744
0.8984
0.89836
0.89404
0.89856
0.89788
0.89764
0.8977
0.89516
0.89572
0.89448
0.89528
0.89486
0.898
0.90078
0.90204
0.89896
0.89884
0.89618
0.89578
0.90012
0.89998
0.89848
0.89564
0.89898
0.89864
0.89506
0.90004
0.90082
0.89476
0.8975
0.89938
0.90298
0.89884
0.89584
0.8974
0.902
0.8973
0.89758
0.89886
0.89946
0.89892
0.89314
0.8945
0.89678
0.90042
0.8945
0.8983
0.9053
0.90104
0.8945
0.89652
0.8961
0.8948
0.8933
0.89462
0.89878
0.89746
0.8954
0.89548
0.89812
0.89676
0.89088
0.8904
0.89504
0.89538
0.90226
0.89716
0.89488
0.89284
0.89396
0.89636
0.8977
0.89718
0.89726
0.89992
0.89758
0.90144
0.89592
0.90096
0.89622
0.90052
0.90066
0.89738
0.89452
0.8976
0.9002
0.89994
0.89782
0.8956
0.90172
0.89788
0.89718
0.89428
0.89644
0.89578
0.89772
0.89884
0.89862
0.89836
0.89954
0.9021
0.897
0.90064
0.8969
0.89928
0.89334
0.90016
0.89812
0.89956
0.89522
0.89802
0.89218
0.89434
0.89948
0.89666
0.89598
0.8939
0.89744
0.8961
0.8935
0.89798
0.89738
0.89792
0.89706
0.89798
0.89756
0.895
0.89072
0.89584
0.89572
0.89554
0.89646
0.89214
0.89132
0.9005
0.89554
0.89706
0.90244
0.89984
0.89566
0.89402
0.89348
0.89644
0.89564
0.89276
0.8951
0.8949
0.89982
0.89754
0.8966
0.89522
0.89834
0.89868
0.89592
0.90206
0.89206
0.89656
0.89878
0.89878
0.89732
0.89542
0.89702
0.89464
0.899
0.89846
0.90178
0.90052
0.89634
0.89316
0.89882
0.90018
0.89718
0.89756
0.89426
0.89612
0.89266
0.89806
0.89388
0.898
0.89598
0.90022
0.90072
0.90096
0.89962
0.89582
0.89698
0.89786
0.8983
0.90034
0.8913
0.8947
0.89636
0.89292
0.89514
0.89194
0.89358
0.8974
0.89256
0.896
0.89672
0.89198
0.897
0.8976
0.89786
0.89656
0.90032
0.89704
0.89836
0.89834
0.90038
0.89476
0.89776
0.89348
0.8953
0.89602
0.8998
0.90108
0.89804
0.89842
0.89644
0.89616
0.89612
0.89584
0.89742
0.8951
0.90042
0.89826
0.89916
0.9009
0.901
0.89958
0.89768
0.89804
0.89712
0.8971
0.90024
0.9001
0.89726
0.89696
0.89548
0.89914
0.89948
0.89726
0.89836
0.89604
0.8987
0.89816
0.89884
0.89308
0.90022
0.90032
0.89628
0.89436
0.89396
0.89918
0.89856
0.90078
0.89736
0.895
0.89544
0.89756
0.89804
0.90312
0.89576
0.89766
0.8952
0.9006
0.90164
0.8991
0.89348
0.89728
0.90092
0.89504
0.89618
0.89354
0.89848
0.90068
0.89836
0.8939
0.89464
0.89722
0.89854
0.89494
0.89548
0.89402
0.88912
0.89728
0.8932
0.89852
0.89982
0.89986
0.90174
0.89546
0.89376
0.8984
0.89694
0.8989
0.89982
0.89752
0.89788
0.89736
0.8958
0.89926
0.89416
0.89906
0.89488
0.90444
0.89506
0.89666
0.90224
0.8991
0.89918
0.89698
0.89944
0.90052
0.90078
0.89626
0.89684
0.89928
0.90108
0.89942
0.89936
0.89808
0.90326
0.90052
0.89928
0.89952
0.89948
0.8984
0.89708
0.9008
0.90112
0.8999
0.89912
0.8985
0.90014
0.8958
0.89766
0.8906
0.89744
0.899
0.89636
0.89684
0.90188
0.89844
0.896
0.89722
0.8989
0.90052
0.89086
0.89248
0.89246
0.89292
0.90044
0.90068
0.89694
0.89498
0.89882
0.8975
0.89898
0.89436
0.88868
0.89466
0.89548
0.8979
0.89818
0.89964
0.8979
0.89774
0.89468
0.89788
0.898
0.89284
0.8963
0.89524
0.89682
0.89724
0.89608
0.89286
0.89812
0.89622
0.89662
0.89342
0.89372
0.89782
0.89856
0.90034
0.89874
0.89898
0.90046
0.89338
0.89706
0.89856
0.89638
0.8998
0.89432
0.89984
0.8968
0.8962
0.89848
0.89428
0.89454
0.89254
0.89684
0.89442
0.89758
0.89676
0.89834
0.89548
0.89356
0.8935
0.89452
0.89544
0.89944
0.89606
0.89732
0.89968
0.9022
0.89356
0.8944
0.89304
0.8975
0.9035
0.89614
0.89754
0.90066
0.89934
0.89208
0.89792
0.89368
0.89662
0.89792
0.89544
0.89994
0.89272
0.89896
0.9026
0.89598
0.8974
0.89464
0.89564
0.89124
0.89372
0.89684
0.89928
0.8972
0.8985
0.89444
0.89948
0.89684
0.89704
0.89546
0.8972
0.89898
0.89862
0.8963
0.89942
0.89538
0.89606
0.89532
0.89956
0.89822
0.8954
0.8911
0.89582
0.8995
0.89504
0.89342
0.89562
0.89802
0.89438
0.89454
0.89152
0.89858
0.8987
0.8946
0.89612
0.89722
0.90178
0.89998
0.90036
0.89914
0.895
0.89652
0.89746
0.8955
0.89548
0.89486
0.9012
0.89848
0.89132
0.8979
0.89792
0.89548
0.90064
0.89564
0.89468
0.89572
0.89746
0.89622
0.89446
0.89604
