0.95932
0.95896
0.9597
0.95952
0.95864
0.95832
0.95814
0.95786
0.96068
0.96046
0.95856
0.95964
0.95968
0.95776
0.95952
0.95932
0.9605
0.9591
0.95808
0.95776
0.95702
0.95988
0.9602
0.95806
0.95796
0.95802
0.95976
0.95964
0.95892
0.95876
0.9587
0.96088
0.95744
0.95812
0.96058
0.95998
0.95908
0.9601
0.95956
0.9598
0.95734
0.96026
0.95934
0.95752
0.95878
0.9558
0.95856
0.95884
0.95956
0.9594
0.95836
0.95828
0.95938
0.9583
0.95654
0.95954
0.95884
0.95948
0.95916
0.95818
0.9615
0.96074
0.95986
0.95988
0.95838
0.95982
0.95826
0.96176
0.96058
0.95884
0.96
0.95924
0.96052
0.95962
0.9577
0.9575
0.95858
0.95898
0.96044
0.95828
0.95876
0.96166
0.95972
0.95996
0.9597
0.95908
0.95862
0.9601
0.9602
0.95872
0.95898
0.95968
0.9604
0.96064
0.95864
0.9597
0.95854
0.9594
0.96008
0.96238
0.95934
0.95962
0.95944
0.95946
0.96024
0.96102
0.96116
0.95918
0.95742
0.95956
0.9599
0.96046
0.95896
0.95918
0.9593
0.96028
0.95822
0.95942
0.95938
0.9573
0.95828
0.95884
0.95474
0.96022
0.95822
0.9603
0.9595
0.95872
0.95772
0.9601
0.95996
0.9583
0.95896
0.96014
0.96016
0.9605
0.95778
0.9597
0.95838
0.95802
0.95868
0.95938
0.95894
0.96094
0.95984
0.95908
0.9603
0.96002
0.95924
0.95916
0.95922
0.95772
0.95774
0.95816
0.95908
0.96032
0.9591
0.96066
0.96058
0.9586
0.95766
0.9612
0.95884
0.95788
0.95832
0.95792
0.95966
0.96008
0.95746
0.9571
0.95776
0.9576
0.95964
0.95932
0.96046
0.9584
0.95886
0.95762
0.95704
0.95976
0.95926
0.95798
0.95918
0.9595
0.95768
0.96046
0.95888
0.95872
0.96016
0.95994
0.9579
0.9576
0.95976
0.95852
0.95896
0.95946
0.96038
0.95848
0.95918
0.95786
0.95878
0.95966
0.96076
0.95978
0.95884
0.95964
0.95954
0.95784
0.9591
0.9582
0.96188
0.95924
0.9588
0.95918
0.95888
0.9601
0.96052
0.95884
0.95888
0.9593
0.9588
0.95898
0.95826
0.95916
0.95944
0.95936
0.95852
0.95948
0.96002
0.95892
0.95796
0.95894
0.96028
0.95866
0.95952
0.95832
0.9585
0.96166
0.9594
0.9589
0.95878
0.95876
0.95926
0.95874
0.95802
0.95626
0.95712
0.96
0.95858
0.95988
0.95746
0.96008
0.96118
0.96018
0.95992
0.95974
0.95956
0.95992
0.95882
0.96036
0.95618
0.95906
0.9603
0.95888
0.95982
0.95988
0.9577
0.95832
0.95958
0.95762
0.96034
0.95894
0.95848
0.9597
0.95806
0.96052
0.9569
0.9594
0.95948
0.95974
0.9598
0.96012
0.95968
0.95744
0.9595
0.95772
0.9585
0.95836
0.96036
0.95756
0.96024
0.95994
0.95728
0.96008
0.95852
0.95996
0.96058
0.95702
0.9583
0.95778
0.9604
0.95962
0.95884
0.95832
0.95832
0.96024
0.95962
0.9594
0.95752
0.9597
0.9614
0.95788
0.95948
0.95808
0.959
0.95804
0.95774
0.9577
0.96104
0.96052
0.95892
0.95908
0.95898
0.95986
0.9597
0.95838
0.95956
0.95998
0.95794
0.95872
0.96048
0.9593
0.95762
0.95738
0.95668
0.95916
0.96094
0.95976
0.95826
0.95968
0.95836
0.95908
0.9583
0.95952
0.95854
0.95746
0.95644
0.95922
0.95858
0.9594
0.95732
0.95928
0.95836
0.95716
0.9597
0.95984
0.95908
0.95934
0.95848
0.9596
0.9581
0.95878
0.95972
0.95876
0.95844
0.9587
0.95978
0.95952
0.96128
0.95866
0.96046
0.95846
0.95894
0.95834
0.95996
0.95892
0.95826
0.95908
0.95604
0.96042
0.95746
0.9576
0.96052
0.95946
0.95918
0.95986
0.95684
0.95856
0.95848
0.9583
0.95982
0.95846
0.9598
0.95736
0.95958
0.96046
0.96002
0.9598
0.95928
0.9595
0.95958
0.9598
0.95962
0.95498
0.9602
0.95962
0.95922
0.95966
0.9592
0.9571
0.96072
0.96018
0.95904
0.95956
0.95908
0.95784
0.96024
0.95736
0.95834
0.95976
0.95886
0.9587
0.95744
0.95796
0.95854
0.95708
0.95938
0.95898
0.96114
0.95804
0.96072
0.95904
0.95912
0.95956
0.95824
0.95892
0.95704
0.96112
0.95844
0.96062
0.96012
0.95812
0.961
0.95854
0.96006
0.96028
0.95732
0.95822
0.96172
0.95974
0.96168
0.96072
0.9602
0.9581
0.95986
0.95856
0.95938
0.95936
0.96034
0.96046
0.95538
0.95854
0.95998
0.95824
0.95698
0.95922
0.95872
0.95936
0.95952
0.9601
0.95798
0.959
0.95878
0.95874
0.95954
0.96126
0.9601
0.95844
0.9587
0.95936
0.95874
0.96068
0.96116
0.9601
0.96106
0.96058
0.95814
0.95712
0.95944
0.95798
0.9591
0.95692
0.95836
0.9572
0.95938
0.95808
0.95968
0.95824
0.95846
0.95752
0.9583
0.95672
0.95958
0.95908
0.95968
0.95718
0.96022
0.95858
0.95922
0.96152
0.95836
0.9591
0.9589
0.95972
0.96188
0.95946
0.95686
0.95722
0.95822
0.9595
0.95938
0.95978
0.9599
0.9578
0.9591
0.95774
0.96002
0.96024
0.95786
0.95882
0.9562
0.95884
0.9584
0.9588
0.95856
0.95814
0.95968
0.95964
0.96042
0.95828
0.9587
0.95816
0.9587
0.9583
0.9592
0.95898
0.95972
0.96008
0.95768
0.95986
0.95866
0.95882
0.95928
0.96028
0.95728
0.95848
0.9602
0.96096
0.95808
0.95814
0.95878
0.95936
0.95954
0.9596
0.95918
0.9584
0.95754
0.95816
0.96008
0.9602
0.9589
0.9568
0.95974
0.9581
0.96038
0.9579
0.9569
0.9611
0.95998
0.95912
0.95992
0.96238
0.95828
0.95932
0.95962
0.95976
0.96118
0.95944
0.96002
0.96054
0.95854
0.95736
0.9599
0.95882
0.9595
0.95854
0.95938
0.95892
0.95968
0.95884
0.9569
0.95718
0.95808
0.95966
0.95872
0.9589
0.95854
0.9592
0.95852
0.9593
0.95924
0.95786
0.95734
0.9609
0.9588
0.95848
0.95782
0.95872
0.95916
0.95658
0.9602
0.9583
0.96098
0.95994
0.95758
0.95878
0.95942
0.95878
0.95992
0.96022
0.95774
0.95914
0.9588
0.95794
0.96032
0.95828
0.95754
0.95886
0.95954
0.95964
0.9588
0.95998
0.95948
0.95896
0.95848
0.96022
0.95808
0.9605
0.96022
0.96062
0.95916
0.95888
0.959
0.961
0.95864
0.9599
0.95972
0.95822
0.9588
0.96034
0.9603
0.95922
0.95824
0.9605
0.95744
0.95938
0.95974
0.95818
0.96042
0.96068
0.96104
0.959
0.96
0.96114
0.95756
0.95746
0.9587
0.95884
0.95846
0.9591
0.9598
0.95834
0.95968
0.9588
0.95956
0.9587
0.95774
0.9585
0.95822
0.96012
0.9599
0.95984
0.95792
0.95986
0.95864
0.95894
0.95888
0.95904
0.95922
0.9589
0.96118
0.95976
0.96094
0.95902
0.9585
0.95882
0.95826
0.9589
0.95676
0.95924
0.96082
0.9571
0.95712
0.95862
0.95894
0.9596
0.9583
0.9587
0.9597
0.95838
0.95916
0.96024
0.95838
0.95898
0.96034
0.96208
0.96026
0.9603
0.95978
0.95854
0.95938
0.9601
0.958
0.96058
0.96008
0.95946
0.95774
0.96034
0.96122
0.95632
0.95776
0.95982
0.95958
0.96018
0.95904
0.95872
0.9598
0.9592
0.95932
0.96068
0.95932
0.95984
0.95732
0.95934
0.95984
0.95878
0.9583
0.95968
0.9592
0.95858
0.95972
0.9585
0.9598
0.95858
0.9583
0.95682
0.96006
0.95984
0.95964
0.95838
0.95836
0.95936
0.95836
0.95912
0.96092
0.95942
0.95988
0.96044
0.95854
0.95892
0.95946
0.95942
0.96004
0.95744
0.96
0.96078
0.96074
0.95966
0.95966
0.9586
0.9586
0.95938
0.95848
0.96038
0.9582
0.95828
0.96128
0.96108
0.9612
0.95992
0.95858
0.95846
0.95668
0.9575
0.95862
0.96006
0.95856
0.95774
0.95884
0.95914
0.9597
0.95898
0.95802
0.95956
0.95856
0.95988
0.95864
0.9588
0.9596
0.95858
0.95964
0.95826
0.95946
0.95952
0.95892
0.9598
0.95836
0.95934
0.96156
0.96022
0.95926
0.95982
0.96058
0.9606
0.95854
0.95824
0.95954
0.9595
0.95818
0.95704
0.9583
0.95984
0.95742
0.95852
0.96032
0.9606
0.95998
0.95966
0.96028
0.95836
0.95804
0.96058
0.95822
0.9557
0.95812
0.96132
0.95946
0.95852
0.95868
0.95794
0.95746
0.96006
0.96014
0.95874
0.95752
0.95942
0.9573
0.95872
0.9598
0.9599
0.95864
0.95884
0.95924
0.95936
0.95618
0.95992
0.95872
0.95704
0.958
0.95902
0.96164
0.96022
0.96104
0.95896
0.95764
0.95742
0.96104
0.95872
0.96094
0.95848
0.95784
0.95976
0.96014
0.95784
0.95756
0.95938
0.95888
0.95816
0.96046
0.95898
0.95998
0.96002
0.95736
0.95996
0.95582
0.9602
0.95938
0.95792
0.95976
0.96078
0.96034
0.95924
0.958
0.95804
0.95996
0.95906
0.96042
0.96026
0.96036
0.95932
0.9582
0.95888
0.95804
0.961
0.96012
0.9595
0.95692
0.95794
0.9604
0.95922
0.95806
0.9572
0.95782
0.9615
0.9582
0.96018
0.95758
0.95992
0.95942
0.9612
0.95964
0.95908
0.95944
0.95938
0.95904
0.95802
0.95992
0.95802
0.9573
0.96014
0.95838
0.95832
0.96002
0.96146
0.96086
0.95994
0.95992
0.95966
0.9586
0.96066
0.96056
0.9579
0.9606
0.95998
0.95766
0.96012
0.96018
0.9591
0.95656
0.95824
0.95882
0.95646
0.95894
0.9591
0.95762
0.95766
0.95924
0.9577
0.95826
0.95906
0.9585
0.9593
0.95958
0.95942
0.95812
0.95814
0.96116
0.95834
0.96038
0.9593
0.9585
0.95984
0.9569
0.95714
0.95938
0.95768
0.9592
0.95828
0.96138
0.95884
0.9585
0.95786
0.95748
0.95952
0.95936
0.95814
0.95908
0.95746
0.96008
0.95958
0.95808
0.95982
0.95722
0.9609
0.95898
0.9589
0.96032
0.95952
0.9599
0.9561
0.95904
0.9601
0.9588
0.96022
0.95848
0.95736
0.95874
0.95966
0.9595
0.96058
0.95886
0.95794
0.95788
0.96004
0.95976
0.95908
0.9596
0.9584
0.95952
0.9573
0.9592
0.9604
0.96134
0.95904
0.95916
0.95806
0.959
0.95668
0.95796
0.95972
0.95662
0.95828
0.95974
0.95918
0.96018
0.95974
0.9599
0.9588
0.9588
0.95798
0.95828
0.95716
0.95904
0.9597
0.96026
0.95866
0.95954
0.95824
0.95808
0.95814
0.95968
0.96034
0.95832
0.96064
0.96058
0.95894
0.95846
0.95798
0.96006
0.95942
0.95834
0.95774
0.95946
0.96094
0.9562
0.96024
0.96248
0.95942
0.95912
0.95986
0.96122
0.95996
0.9586
0.95832
0.95992
0.95958
0.96114
0.95994
0.95856
0.95912
0.96112
0.95818
0.95966
0.96038
0.95848
0.9594
0.95954
0.96016
0.9591
0.95908
0.95784
0.95984
0.95892
0.96004
0.95936
0.9589
0.9579
0.9587
0.96
0.95988
0.96074
0.95802
0.96094
0.9604
0.95978
0.95926
0.95978
0.95696
0.96006
0.96096
0.95968
0.95988
0.95862
0.95764
0.96038
0.95852
0.96112
0.96046
0.95974
0.95726
0.95748
0.96006
0.9584
0.95872
0.95808
0.95764
0.96086
0.9565
0.96064
0.95814
0.95836
0.95892
0.96
0.95816
0.9596
0.95914
0.9587
0.9606
0.95918
0.95662
0.95924
0.95874
0.95924
0.9577
0.96018
0.95932
0.96034
0.95692
0.95858
0.96076
0.96048
0.96024
0.95862
0.95854
0.95966
0.95922
0.96142
0.95746
0.95834
0.95854
0.95798
0.95864
0.96002
0.95986
0.9608
0.95836
0.9584
0.96124
0.96074
0.95836
0.9574
0.95958
0.96084
0.95716
0.95856
0.95818
0.95808
0.95784
0.959
0.95846
0.95786
0.95962
0.95934
0.95832
0.96096
0.95996
0.95966
0.95896
0.95862
0.95892
0.95994
0.95964
0.95866
0.95998
0.95872
0.95756
0.95816
0.95952
0.96156
0.96072
0.958
0.95736
0.95828
0.95822
0.95784
0.9609
0.95932
0.95694
0.96094
0.9582
0.96016
0.95876
0.95914
0.9584
0.95816
0.95858
0.959
0.96132
0.96056
0.96012
0.95818
0.95772
0.95864
0.96038
0.96004
0.95652
0.95708
0.9599
0.95706
0.95872
0.95988
0.9591
0.95786
0.95846
0.95948
0.95834
0.95752
0.9589
0.95874
0.96112
0.9581
0.9576
0.95692
0.9579
0.96018
0.95836
0.95992
0.95848
0.96012
0.9598
0.95866
0.95794
0.96038
0.95752
0.9609
0.95858
0.95792
0.95928
0.95952
0.95884
0.96022
0.95894
0.95808
0.9605
0.95988
0.95932
0.95784
0.96084
0.9596
0.95792
0.95764
0.9586
0.95998
0.95868
0.95964
0.95994
0.9585
0.9604
0.958
0.957
0.95852
0.9584
0.95928
0.95806
0.95954
0.95832
0.9589
0.96016
0.9597
0.9587
0.958
0.95802
0.96056
0.95882
0.95824
0.95702
0.95926
0.95788
0.95944
0.95968
0.95936
0.95978
0.96052
0.95856
0.95792
0.95868
0.95952
0.95974
0.95892
0.95924
0.9574
0.96014
0.9583
0.95832
0.95894
0.96102
0.9593
0.95716
0.95796
0.96024
0.95982
0.95998
0.95844
0.95832
0.95896
0.9594
0.95912
0.95948
0.9572
0.95784
0.95902
0.95902
0.9591
0.95798
0.96126
0.95724
0.95878
0.95862
0.95762
0.9565
0.95914
0.95844
0.95912
0.95888
0.95834
0.9588
0.9576
0.95962
0.95886
0.95734
0.95938
0.95886
0.95932
0.9601
0.9591
0.9585
0.96004
0.95984
0.95976
0.95938
0.96168
0.95896
0.95846
0.9589
0.9591
0.95904
0.959
0.95932
0.95862
0.95812
0.95976
0.9585
0.95704
0.96144
0.95944
0.95726
0.95844
0.95882
0.9582
0.95992
0.95952
0.95832
0.9591
0.96052
0.9605
0.96038
0.95844
0.96102
0.95858
0.95764
0.95774
0.9593
0.95868
0.9613
0.95772
0.96058
0.95896
0.95858
0.9573
0.95856
0.95938
0.9605
0.95956
0.95984
0.95856
0.95798
0.96028
0.9589
0.96072
0.96092
0.9577
0.95916
0.96076
0.95862
0.95836
0.9586
0.958
0.95896
0.95958
0.96098
0.96004
0.95932
0.9598
0.95768
0.95818
0.95912
0.95976
0.96004
0.95992
0.9584
0.9605
0.95944
0.95792
0.95796
0.95844
0.95766
0.95596
0.9592
0.96078
0.95878
0.95848
0.9601
0.95902
0.9598
0.95902
0.95824
0.9614
0.95982
0.96034
0.96054
0.95994
0.9607
0.95884
0.95788
0.95896
0.96076
0.96002
0.95966
0.95912
0.95928
0.95844
0.95584
0.95976
0.96028
0.9583
0.95818
0.95918
0.95878
0.95964
0.95796
0.95812
0.95862
0.96006
0.9572
0.9596
0.95882
0.95886
0.95884
0.96122
0.95868
0.95938
0.95836
0.9586
0.95932
0.95894
0.95902
0.95892
0.95906
0.95866
0.96034
0.95988
0.95874
0.96006
0.95812
0.959
0.95882
0.95728
0.95662
0.9583
0.95972
0.95884
0.95896
0.95874
0.959
0.9584
0.95816
0.95954
0.96094
0.95798
0.95894
0.95962
0.95976
0.96076
0.95846
0.96046
0.95902
0.95814
0.96
0.95738
0.95782
0.95912
0.95972
0.96088
0.95936
0.95868
0.95878
0.96048
0.95834
0.95782
0.9612
0.957
0.9594
0.96184
0.9581
0.9589
0.95992
0.95918
0.95942
0.95872
0.95952
0.95918
0.95586
0.95934
0.95758
0.9593
0.95986
0.96004
0.95948
0.96004
0.959
0.95864
0.96114
0.95916
0.96136
0.95932
0.96048
0.95888
0.95846
0.95904
0.9589
0.95644
0.95882
0.95974
0.958
0.96012
0.95868
0.9564
0.96092
0.95926
0.95832
0.95936
0.9586
0.9612
0.9587
0.9591
0.95998
0.96112
0.95844
0.95846
0.95986
0.95852
0.95944
0.95946
0.96114
0.95838
0.95882
0.95992
0.9587
0.96028
0.9573
0.95876
0.95792
0.95744
0.95896
0.96074
0.96038
0.9587
0.95834
0.95898
0.95898
0.95998
0.9592
0.95876
0.95904
0.95886
0.9589
0.95862
0.95992
0.95832
0.95992
0.95976
0.95974
0.9578
0.95952
0.95772
0.96052
0.95948
0.95934
0.95724
0.95952
0.95848
0.95868
0.95768
0.95772
0.96038
0.957
0.9591
0.96038
0.95726
0.9612
0.95966
0.95892
0.95886
0.95724
0.95882
0.9563
0.96068
0.96062
0.96124
0.95804
0.95766
0.959
0.95958
0.95982
0.95716
0.95902
0.95826
0.95932
0.95538
0.95856
0.96002
0.95834
0.95704
0.96052
0.96038
0.959
0.96038
0.95864
0.9591
0.95954
0.96148
0.96132
0.9583
0.95878
0.95782
0.95886
0.9595
0.96002
0.95774
0.96072
0.95894
0.96018
0.95888
0.95936
0.95794
0.95858
0.95842
0.9586
0.95988
0.95944
0.9584
0.95862
0.95782
0.95748
0.95928
0.96092
0.9589
0.9602
0.96182
0.96008
0.9582
0.9581
0.96126
0.95858
0.95982
0.95752
0.95858
0.96158
0.95842
0.9574
0.95996
0.95992
0.9603
0.95752
0.95888
0.95932
0.95982
0.95996
0.96114
0.95828
0.9592
0.96042
0.95962
0.95924
0.95922
0.95844
0.95946
0.95836
0.95924
0.9608
0.9574
0.95962
0.95946
0.95828
0.95958
0.95908
0.95964
0.95906
0.96008
0.96118
0.96016
0.95936
0.95906
0.95962
0.95848
0.96026
0.9594
0.95722
0.96068
0.95982
0.95962
0.96118
0.9571
0.95908
0.95992
0.9578
0.95974
0.95788
0.95902
0.95842
0.96064
0.96022
0.96088
0.95904
0.9595
0.95836
0.9582
0.96
0.95894
0.96136
0.96078
0.95952
0.95716
0.95926
0.95994
0.95792
0.96116
0.9595
0.96048
0.96076
0.95976
0.95954
0.95884
0.95982
0.95836
0.9595
0.9597
0.95884
0.95998
0.95828
0.95934
0.95644
0.95644
0.95866
0.95894
0.9565
0.95824
0.95948
0.96026
0.95838
0.95888
0.95892
0.95714
0.96044
0.95918
0.95974
0.95934
0.95966
0.9607
0.9618
0.95994
0.96
0.95804
0.95824
0.95818
0.95842
0.95892
0.9608
0.95818
0.95834
0.9573
0.95974
0.95818
0.95754
0.95976
0.95984
0.96
0.95932
0.9601
0.95634
0.95916
0.96008
0.9591
0.95934
0.95954
0.95878
0.96064
0.95902
0.96124
0.9604
0.95884
0.95862
0.95678
0.95628
0.9587
0.9594
0.95858
0.95838
0.95984
0.9595
0.95932
0.95936
0.95828
0.95914
0.95846
0.96022
0.95712
0.96108
0.96012
0.95902
0.95882
0.95766
0.95886
0.95948
0.95768
0.96018
0.95864
0.96062
0.95626
0.96052
0.9589
0.95912
0.95778
0.96102
0.95854
0.95998
0.95876
0.9587
0.9582
0.95896
0.9603
0.96008
0.96066
0.95954
0.95954
0.95938
0.95932
0.95942
0.95994
0.9581
0.95856
0.95886
0.95978
0.95774
0.95922
0.95802
0.95906
0.95732
0.95962
0.96124
0.96094
0.95964
0.9588
0.95948
0.95984
0.9603
0.95784
0.95924
0.95932
0.95888
0.95718
0.96012
0.95928
0.95852
0.95952
0.95906
0.95664
0.95884
0.9585
0.9578
0.95978
0.95852
0.96052
0.95966
0.96
0.95856
0.95676
0.95778
0.95746
0.95864
0.95786
0.95952
0.9593
0.95892
0.9585
0.95754
0.96094
0.95968
0.95932
0.95886
0.95946
0.96108
0.95816
0.95754
0.9591
0.95778
0.9589
0.95798
0.95948
0.96014
0.95842
0.95876
0.9596
0.95956
0.96118
0.95618
0.95796
0.95798
0.96018
0.95908
0.95854
0.95788
0.95882
0.95666
0.95782
0.95824
0.96046
0.96052
0.95968
0.96068
0.96084
0.95874
0.95944
0.95886
0.96002
0.95944
0.9598
0.95876
0.96004
0.95936
0.96024
0.96036
0.95922
0.95962
0.95968
0.96188
0.9579
0.9581
0.95896
0.96034
0.95892
0.9588
0.9606
0.95912
0.9588
0.95794
0.95684
0.95994
0.95892
0.95776
0.95968
0.95792
0.95956
0.9594
0.96004
0.95974
0.96196
0.95862
0.95794
0.95958
0.96024
0.96166
0.95676
0.95998
0.96014
0.96084
0.96008
0.96066
0.95952
0.96062
0.95774
0.9599
0.96032
0.95828
0.95882
0.95794
0.95668
0.9581
0.95894
0.95816
0.9582
0.96052
0.95876
0.9584
0.959
0.95778
0.9602
0.96
0.96088
0.96052
0.95964
0.9579
0.95886
0.95966
0.95834
0.9601
0.96206
0.95972
0.96094
0.96084
0.9604
0.95928
0.95986
0.95908
0.95862
0.95868
0.95636
0.95736
0.96084
0.96296
0.95982
0.9596
0.95866
0.95962
0.95906
0.95978
0.9589
0.95938
0.96032
0.95914
0.95864
0.95788
0.95974
0.9574
0.95952
0.95856
0.95956
0.95774
0.95842
0.9603
0.96004
0.95838
0.95928
0.9595
0.9593
0.95788
0.95986
0.95754
0.95962
0.95966
0.95996
0.96082
0.95816
0.95748
0.95944
0.95896
0.95936
0.96048
0.95858
0.9585
0.95802
0.96066
0.9592
0.95884
0.95938
0.95984
0.95852
0.95868
0.9575
0.96022
0.95846
0.95904
0.95866
0.95876
0.95874
0.95918
0.95912
0.95844
0.95882
0.95728
0.95884
0.95998
0.96004
0.95736
0.95844
0.95948
0.9591
0.9613
0.96078
0.95804
0.96054
0.96096
0.95998
0.95932
0.9588
0.95874
0.95934
0.9601
0.95986
0.9596
0.95856
0.95714
0.95758
0.95858
0.96002
0.95896
0.95824
0.95874
0.96016
0.95908
0.957
0.96048
0.95774
0.95904
0.95814
0.96036
0.95904
0.96088
0.95886
0.95736
0.95968
0.95948
0.95934
0.96018
0.95976
0.95734
0.95964
0.9592
0.95986
0.95952
0.95794
0.9591
0.96232
0.9599
0.9598
0.95854
0.95866
0.95706
0.95786
0.95848
0.96128
0.96134
0.95928
0.95866
0.95872
0.95782
0.95964
0.95916
0.95686
0.95736
0.9585
0.96038
0.96012
0.95928
0.95876
0.95982
0.95918
0.9579
0.9597
0.959
0.95816
0.96022
0.95936
0.95968
0.95948
0.9588
0.96
0.9607
0.95808
0.95906
0.95914
0.96006
0.9608
0.95796
0.95792
0.95946
0.95984
0.95914
0.95724
0.95926
0.95928
0.95972
0.96002
0.96106
0.96028
0.95816
0.95858
0.95864
0.95896
0.9602
0.95906
0.95846
0.95868
0.95834
0.9574
0.95832
0.96036
0.95872
0.9584
0.9583
0.96098
0.96018
0.95862
0.96012
0.96054
0.95922
0.95728
0.95758
0.96084
0.95982
0.96156
0.95844
0.95914
0.95978
0.9574
0.95624
0.96006
0.95808
0.95894
0.95884
0.95852
0.9605
0.95978
0.96108
0.95916
0.95826
0.95966
0.95866
0.9579
0.95868
0.95968
0.959
0.95932
0.96
0.95776
0.96066
0.95784
0.95966
0.95922
0.95754
0.95752
0.95968
0.961
0.95948
0.96026
0.95934
0.95942
0.959
0.95916
0.95924
0.95992
0.9588
0.95862
0.9601
0.9602
0.95872
0.95808
0.95994
0.95902
0.95864
0.9601
0.95832
0.9583
0.9596
0.95964
0.95996
0.95924
0.95818
0.96164
0.9592
0.95826
0.95894
0.9595
0.96046
0.9611
0.9581
0.95886
0.95944
0.95932
0.95776
0.96024
0.9592
0.9579
0.95828
0.96028
0.96118
0.95966
0.95938
0.96076
0.95922
0.95768
0.9594
0.96
0.96174
0.95878
0.9599
0.95848
0.95796
0.9576
0.95966
0.95824
0.95934
0.95986
0.9592
0.95876
0.95964
0.9611
0.95904
0.95988
0.95878
0.9589
0.95786
0.95872
0.95768
0.95924
0.9591
0.96168
0.95846
0.96042
0.95878
0.96014
0.95766
0.95744
0.95874
0.96004
0.95802
0.9595
0.95742
0.95886
0.95952
0.9598
0.9604
0.95926
0.95866
0.95984
0.9601
0.95874
0.96
0.95688
0.95948
0.96116
0.95712
0.95816
0.961
0.95804
0.95946
0.96008
0.9557
0.9589
0.95898
0.95912
0.95944
0.9576
0.95776
0.95988
0.96018
0.95762
0.95982
0.95742
0.95884
0.95692
0.95948
0.95752
0.95954
0.95782
0.95926
0.9588
0.95836
0.96022
0.95984
0.9584
0.95908
0.95834
0.9571
0.95834
0.95858
0.95956
0.9598
0.9594
0.95892
0.95726
0.95936
0.95874
0.96042
0.9591
0.9598
0.95788
0.95834
0.95902
0.96128
0.9576
0.96096
0.95926
0.95804
0.95858
0.96082
0.96296
0.96052
0.95818
0.95948
0.96016
0.95974
0.96108
0.95962
0.95872
0.95992
0.9578
0.95838
0.95894
0.9593
0.96002
0.95788
0.96062
0.9589
0.96024
0.95988
0.95932
0.9602
0.95944
0.95722
0.95818
0.95988
0.95902
0.9608
0.9584
0.95986
0.95894
0.95786
0.9597
0.95914
0.9586
0.96126
0.96042
0.95934
0.95916
0.9588
0.95862
0.95784
0.95842
0.9606
0.95792
0.95842
0.95952
0.9593
0.95838
0.95944
0.95986
0.959
0.95818
0.95792
0.95778
0.9599
0.96046
0.95886
0.95854
0.95954
0.95818
0.95918
0.9607
0.96208
0.95892
0.95792
0.96166
0.95772
0.95998
0.95874
0.95826
0.95892
0.95866
0.95898
0.9595
0.9578
0.9572
0.9581
0.95868
0.96006
0.96052
0.95972
0.9591
0.95936
0.95852
0.96028
0.95836
0.9606
0.95972
0.95884
0.95922
0.96126
0.95978
0.95842
0.96084
0.95778
0.959
0.95936
0.9595
0.9587
0.95906
0.96
0.95728
0.95856
0.95746
0.95774
0.95984
0.961
0.9591
0.9592
0.95812
0.95898
0.96066
0.96086
0.9584
0.95852
0.95754
0.95856
0.95576
0.95762
0.96034
0.9598
0.95834
0.9594
0.96022
0.95872
0.9584
0.9573
0.9605
0.95966
0.9593
0.96056
0.95946
0.9599
0.96014
0.9606
0.95854
0.96092
0.95766
0.9594
0.96018
0.9593
0.9596
0.95826
0.9593
0.95916
0.95996
0.95904
0.9592
0.9604
0.96016
0.95864
0.95926
0.95964
0.95804
0.95932
0.9598
0.9598
0.95876
0.95932
0.96086
0.95984
0.96206
0.9574
0.95804
0.95938
0.9605
0.95612
0.95938
0.95934
0.95908
0.95942
0.95854
0.9595
0.95974
0.9589
0.96032
0.95872
0.95876
0.95866
0.95898
0.95702
0.96028
0.95978
0.95854
0.95884
0.95838
0.95754
0.95878
0.96
0.95908
0.96188
0.95828
0.95818
0.95988
0.95932
0.95948
0.95938
0.96024
0.96
0.96032
0.96038
0.95808
0.95734
0.95888
0.95838
0.9586
0.96054
0.95872
0.9587
0.95996
0.9588
0.95954
0.961
0.95926
0.95858
0.95894
0.95892
0.9573
0.9585
0.95772
0.958
0.958
0.96002
0.95876
0.95838
0.95934
0.95962
0.95898
0.9595
0.95932
0.9594
0.95862
0.9576
0.95894
0.95846
0.9588
0.95988
0.95998
0.96112
0.95974
0.96078
0.96126
0.95954
0.95822
0.95986
0.95896
0.95748
0.9599
0.9575
0.95776
0.96038
0.95876
0.95782
0.96024
0.95802
0.9603
0.95872
0.96062
0.95804
0.95966
0.95964
0.95618
0.95876
0.95828
0.96012
0.9583
0.95914
0.95708
0.95832
0.95988
0.9607
0.95554
0.95918
0.95976
0.95962
0.95952
0.95938
0.96146
0.95982
0.95946
0.95948
0.95962
0.9602
0.95984
0.9571
0.959
0.95946
0.961
0.9588
0.9598
0.95834
0.96134
0.95914
0.95818
0.95912
0.96022
0.95992
0.95978
0.95918
0.95956
0.95926
0.95868
0.96008
0.95824
0.9569
0.95976
0.9601
0.95766
0.95876
0.95838
0.9585
0.95884
0.95776
0.96156
0.95908
0.95784
0.95922
0.95958
0.96024
0.95966
0.96142
0.95942
0.95782
0.9583
0.95954
0.9628
0.9595
0.96054
0.95816
0.959
0.9585
0.95868
0.95838
0.95836
0.9603
0.95898
0.96044
0.95904
0.95818
0.95966
0.96124
0.96072
0.95796
0.95972
0.96038
0.95928
0.95784
0.95956
0.96026
0.95954
0.95812
0.95918
0.95924
0.9599
0.95948
0.95984
0.96016
0.9604
0.96084
0.9591
0.9595
0.9603
0.95906
0.95904
0.95874
0.95882
0.95732
0.95904
0.95924
0.95872
0.95878
0.95732
0.95918
0.95822
0.96046
0.9599
0.95932
0.96094
0.95944
0.95968
0.96092
0.961
0.9596
0.95884
0.95878
0.96006
0.95836
0.95894
0.95922
0.96056
0.95784
0.95788
0.95906
0.95968
0.95974
0.95698
0.95912
0.95718
0.957
0.95848
0.9611
0.9606
0.95836
0.96048
0.96058
0.95802
0.95946
0.96048
0.9591
0.9596
0.95968
0.95854
0.95908
0.95828
0.96118
0.95876
0.96046
0.9613
0.95698
0.9597
0.95976
0.95912
0.9573
0.95916
0.95892
0.96026
0.95832
0.95826
0.96044
0.95868
0.95726
0.95966
0.95886
0.9587
0.95994
0.96062
0.95776
0.95986
0.95918
0.9604
0.95964
0.95748
0.95896
0.95854
0.95886
0.96046
0.95924
0.95612
0.95852
0.95828
0.96114
0.95924
0.95922
0.96078
0.95818
0.9587
0.95708
0.95952
0.96
0.9596
0.95874
0.96
0.95948
0.96008
0.95886
0.95884
0.96092
0.95844
0.95916
0.95894
0.9575
0.95762
0.95888
0.95956
0.96018
0.95964
0.95838
0.9617
0.95758
0.95844
0.9578
0.96052
0.95776
0.95786
0.9608
0.9583
0.95864
0.95728
0.95768
0.9568
0.96002
0.9601
0.95676
0.95862
0.95944
0.95922
0.95934
0.9589
0.9588
0.95994
0.95994
0.95936
0.9579
0.95938
0.96028
0.95846
0.95828
0.95792
0.95808
0.96004
0.95978
0.9591
0.95894
0.96004
0.95888
0.95744
0.95858
0.95664
0.95848
0.9587
0.95938
0.95926
0.95904
0.95766
0.95798
0.95982
0.9581
0.95946
0.95916
0.9584
0.95998
0.95978
0.95764
0.9593
0.95814
0.95954
0.95898
0.95986
0.9594
0.95754
0.9589
0.95822
0.95922
0.95788
0.95878
0.9601
0.95826
0.95602
0.9598
0.95854
0.95758
0.96156
0.95904
0.95826
0.95706
0.96062
0.96008
0.95814
0.95848
0.95872
0.9606
0.95988
0.95882
0.95832
0.9592
0.95978
0.96004
0.95644
0.95894
0.96224
0.95864
0.9607
0.9579
0.95902
0.95982
0.95896
0.95896
0.95772
0.96034
0.95902
0.95864
0.95744
0.95772
0.9603
0.95986
0.95876
0.95922
0.95788
0.9579
0.9599
0.95926
0.9593
0.95874
0.9597
0.95644
0.95858
0.95984
0.9572
0.96018
0.95936
0.95798
0.96042
0.95888
0.95748
0.95944
0.95986
0.96014
0.96098
0.95914
0.95978
0.96002
0.96094
0.95914
0.9588
0.96114
0.95806
0.95818
0.95866
0.95792
0.95914
0.95822
0.95816
0.959
0.9601
0.96038
0.95866
0.95906
0.95924
0.95948
0.9578
0.9607
0.9591
0.95974
0.9596
0.95732
0.96114
0.95836
0.95808
0.95742
0.95798
0.9607
0.95914
0.96068
0.9588
0.95646
0.9587
0.95822
0.95774
0.95948
0.95926
0.96032
0.95874
0.9572
0.95912
0.95758
0.95798
0.96018
0.95718
0.95948
0.95936
0.9576
0.96048
0.95854
0.95964
0.96034
0.95888
0.95998
0.95966
0.95872
0.95836
0.95864
0.958
0.95806
0.95992
0.95916
0.959
0.95926
0.95802
0.95984
0.95836
0.95916
0.95954
0.95932
0.9583
0.9597
0.95936
0.95934
0.95804
0.96212
0.95986
0.9582
0.95772
0.9589
0.95974
0.95924
0.95898
0.95732
0.96014
0.95908
0.95874
0.95996
0.95766
0.95834
0.95938
0.95734
0.96072
0.95954
0.95794
0.95812
0.9613
0.95812
0.95944
0.95972
0.95826
0.9589
0.9601
0.95928
0.95858
0.95906
0.95762
0.95714
0.96002
0.96136
0.95974
0.96022
0.95992
0.95784
0.95916
0.95932
0.95932
0.95808
0.96008
0.95704
0.95908
0.95868
0.9585
0.9591
0.95882
0.9614
0.96046
0.95804
0.9589
0.96006
0.95854
0.95908
0.95904
0.96002
0.95802
0.95876
0.95856
0.95924
0.9593
0.9583
0.96028
0.95858
0.95768
0.95936
0.96048
0.96022
0.95822
0.95986
0.9598
0.95966
0.95944
0.9591
0.95944
0.95946
0.95758
0.95884
0.959
0.95846
0.96044
0.9593
0.95928
0.96046
0.96084
0.96008
0.95912
0.96
0.95794
0.95908
0.9602
0.96044
0.95804
0.96126
0.95798
0.95888
0.95936
0.95614
0.9603
0.9598
0.95762
0.95984
0.96112
0.95846
0.9582
0.9578
0.95818
0.95864
0.95868
0.95856
0.95834
0.95882
0.96046
0.95882
0.95914
0.95956
0.95982
0.96006
0.95832
0.95792
0.95922
0.95922
0.95746
0.95868
0.95862
0.95782
0.95998
0.96034
0.95828
0.95836
0.95748
0.95836
0.95922
0.9584
0.9587
0.95894
0.95684
0.9583
0.96032
0.95816
0.958
0.95812
0.95824
0.95966
0.95838
0.95896
0.95884
0.96148
0.95736
0.9585
0.9586
0.96082
0.95952
0.95964
0.95782
0.95876
0.95874
0.95686
0.95988
0.95884
0.9597
0.95822
0.95784
0.96062
0.95876
0.9583
0.95828
0.95976
0.95966
0.95784
0.9594
0.96046
0.96024
0.95936
0.9588
0.95886
0.96044
0.95866
0.95924
0.9582
0.95942
0.95742
0.95992
0.95878
0.95954
0.95816
0.96032
0.95814
0.95884
0.95844
0.95916
0.95888
0.95716
0.95898
0.9609
0.95904
0.96042
0.96024
0.95622
0.95742
0.95918
0.96172
0.95704
0.9596
0.95918
0.9582
0.95982
0.95856
0.95794
0.96138
0.96008
0.9587
0.958
0.95896
0.95946
0.95994
0.95722
0.95986
0.95884
0.95928
0.95974
0.95818
0.95874
0.95894
0.96012
0.95888
0.9579
0.95852
0.95882
0.96002
0.96008
0.95992
0.9593
0.96112
0.95978
0.95974
0.95942
0.9607
0.95908
0.95862
0.95966
0.95796
0.95834
0.95806
0.95684
0.95876
0.96132
0.95826
0.959
0.95996
0.9599
0.95824
0.9578
0.95922
0.95906
0.95904
0.95842
0.9595
0.95846
0.95828
0.96044
0.95912
0.95924
0.95984
0.96048
0.95966
0.958
0.95902
0.95852
0.95782
0.95854
0.95928
0.96144
0.95882
0.9598
0.95998
0.95878
0.9593
0.95862
0.95886
0.95984
0.9602
0.95774
0.9577
0.95826
0.96002
0.96004
0.9597
0.95838
0.95998
0.95962
0.9602
0.95832
0.95972
0.9607
0.96088
0.95696
0.95692
0.9592
0.95958
0.95766
0.9582
0.9575
0.95866
0.95938
0.95754
0.95856
0.95802
0.95948
0.96152
0.95828
0.95824
0.95738
0.9587
0.95974
0.956
0.95868
0.95976
0.96024
0.95924
0.96026
0.95944
0.95968
0.9585
0.95864
0.9571
0.9608
0.9602
0.96076
0.96052
0.9574
0.95898
0.95858
0.95922
0.9599
0.95914
0.95764
0.96106
0.95826
0.9596
0.95996
0.95788
0.96036
0.95794
0.9589
0.96098
0.9592
0.958
0.95806
0.96082
0.96034
0.95868
0.95792
0.95682
0.95736
0.95902
0.96064
0.95874
0.95896
0.95896
0.96014
0.9596
0.95912
0.95876
0.9623
0.9592
0.96166
0.9582
0.96016
0.96006
0.9597
0.95986
0.96012
0.95868
0.95668
0.9586
0.95704
0.9594
0.95992
0.95978
0.95858
0.95846
0.95862
0.95766
0.95966
0.95874
0.95998
0.95998
0.95744
0.95898
0.95896
0.95988
0.95812
0.9561
0.95978
0.95784
0.95724
0.962
0.95866
0.95952
0.95988
0.95812
0.95988
0.96084
0.96004
0.96098
0.95998
0.95858
0.96008
0.9576
0.959
0.95866
0.95858
0.95922
0.96042
0.96004
0.95894
0.95938
0.95784
0.95938
0.95814
0.95872
0.95888
0.95946
0.9579
0.95816
0.9585
0.95808
0.9596
0.95882
0.95766
0.9583
0.95826
0.95936
0.96016
0.95948
0.95718
0.95926
0.95898
0.959
0.96036
0.96134
0.95942
0.95884
0.96118
0.95764
0.95822
0.95912
0.96004
0.95836
0.95808
0.95934
0.95848
0.95902
0.95966
0.95698
0.9599
0.95834
0.95806
0.95942
0.95738
0.95942
0.95988
0.95954
0.95994
0.95936
0.959
0.95722
0.95688
0.9607
0.95822
0.95878
0.95968
0.95886
0.96014
0.95898
0.96012
0.96002
0.95792
0.9585
0.95936
0.95906
0.9577
0.95898
0.9581
0.95926
0.9583
0.96096
0.95944
0.95952
0.9578
0.95694
0.96026
0.95736
0.95924
0.95874
0.95712
0.95738
0.95962
0.9601
0.9589
0.9603
0.9596
0.958
0.95854
0.95892
0.95904
0.9607
0.95766
0.9574
0.95948
0.95998
0.95866
0.95778
0.95942
0.96042
0.9588
0.9594
0.9602
0.96014
0.9589
0.95922
0.95888
0.95916
0.9587
0.95914
0.96026
0.9588
0.9594
0.95938
0.95802
0.96012
0.9597
0.95794
0.95868
0.95982
0.95926
0.9602
0.95906
0.95762
0.95972
0.95884
0.95966
0.9588
0.95778
0.95862
0.96048
0.95882
0.96072
0.95962
0.95764
0.95858
0.95768
0.96124
0.95914
0.95958
0.95756
0.95926
0.95958
0.95834
0.95972
0.95786
0.95872
0.95824
0.9604
0.95908
0.9591
0.95886
0.95894
0.9578
0.96074
0.9611
0.9561
0.96056
0.95794
0.9599
0.96084
0.96002
0.96068
0.9605
0.95974
0.95732
0.95884
0.95724
0.95866
0.95858
0.96008
0.9572
0.95806
0.95882
0.95894
0.9582
0.95828
0.95914
0.95938
0.95912
0.9583
0.95926
0.95966
0.95926
0.95972
0.95808
0.95864
0.96094
0.9585
0.95764
0.95742
0.95952
0.96054
0.95872
0.95838
0.95932
0.95974
0.96084
0.9589
0.96036
0.95974
0.95934
0.96022
0.96016
0.96072
0.95936
0.95802
0.95774
0.96132
0.95922
0.95914
0.95988
0.96114
0.95958
0.95912
0.95962
0.95924
0.95938
0.96028
0.9586
0.95858
0.96018
0.95918
0.95824
0.9588
0.9586
0.96154
0.95878
0.95918
0.95984
0.95984
0.95864
0.95756
0.95908
0.96084
0.96042
0.96086
0.95918
0.95784
0.95964
0.96004
0.9578
0.95976
0.95868
0.9568
0.95872
0.96036
0.95924
0.95778
0.95918
0.9621
0.95846
0.95938
0.95772
0.95886
0.9602
0.95848
0.95898
0.95946
0.96052
0.9587
0.96136
0.9589
0.95742
0.96242
0.96072
0.96048
0.95826
0.95976
0.95984
0.95784
0.95894
0.95928
0.96018
0.95934
0.96062
0.96038
0.9595
0.9589
0.95734
0.95934
0.962
0.95978
0.95978
0.9599
0.95894
0.95874
0.9596
0.95972
0.95882
0.96122
0.95958
0.9573
0.95738
0.9594
0.95828
0.95828
0.96082
0.9588
0.95852
0.95746
0.95776
0.95856
0.95708
0.95844
0.96124
0.95776
0.96124
0.95918
0.95774
0.95924
0.95842
0.95778
0.9592
0.95752
0.95712
0.9587
0.9597
0.95914
0.95776
0.95896
0.95966
0.95952
0.96102
0.95936
0.9592
0.9591
0.95872
0.95966
0.95988
0.95812
0.95882
0.95952
0.95956
0.95906
0.9594
0.9625
0.96068
0.95786
0.96072
0.95962
0.95712
0.95906
0.96056
0.9592
0.95766
0.9602
0.9587
0.95952
0.9597
0.96024
0.95912
0.95946
0.95966
0.96046
0.95952
0.96088
0.95922
0.95908
0.95818
0.95794
0.95754
0.9597
0.95922
0.95984
0.95874
0.95864
0.95884
0.96012
0.95856
0.95852
0.95802
0.95896
0.95978
0.96038
0.9591
0.95978
0.95918
0.95858
0.9596
0.95878
0.95872
0.95924
0.95944
0.95692
0.95942
0.95968
0.95764
0.95982
0.95928
0.95984
0.95886
0.95784
0.96038
0.95846
0.95956
0.95744
0.9594
0.95824
0.95918
0.9578
0.95942
0.95794
0.96058
0.9583
0.95712
0.95978
0.9597
0.96038
0.9572
0.95986
0.96044
0.95846
0.95978
0.9593
0.96166
0.96064
0.95874
0.95952
0.95738
0.95798
0.9571
0.95746
0.95966
0.96036
0.95932
0.96212
0.95894
0.96082
0.95908
0.958
0.95902
0.9599
0.96138
0.95874
0.95878
0.9614
0.95808
0.96078
0.9589
0.95764
0.95832
0.95968
0.9572
0.96042
0.95748
