0.9894
0.98894
0.98968
0.98844
0.98974
0.98906
0.98854
0.98952
0.9893
0.9889
0.98918
0.98926
0.9889
0.98846
0.98924
0.98998
0.9891
0.9897
0.98968
0.98798
0.98924
0.98794
0.98884
0.98952
0.98918
0.98902
0.98876
0.9885
0.98854
0.98846
0.98884
0.98982
0.98924
0.98882
0.98796
0.98988
0.98862
0.9888
0.98908
0.98812
0.9885
0.98902
0.98892
0.98866
0.98834
0.98842
0.98872
0.98814
0.98794
0.98972
0.98864
0.98872
0.98712
0.98994
0.98896
0.9882
0.98766
0.9891
0.98784
0.98952
0.98886
0.9883
0.98992
0.98866
0.98892
0.98856
0.9892
0.98882
0.9888
0.98964
0.9879
0.9895
0.98906
0.98918
0.9886
0.98948
0.988
0.98922
0.9876
0.98934
0.9893
0.98852
0.98926
0.98878
0.9887
0.98844
0.9894
0.98844
0.98902
0.98926
0.98872
0.98978
0.98886
0.99026
0.9882
0.989
0.98862
0.98994
0.9886
0.98926
0.9895
0.98886
0.98892
0.98844
0.98906
0.98928
0.98922
0.9884
0.98868
0.9885
0.98852
0.9891
0.9885
0.9881
0.98952
0.98766
0.9886
0.98856
0.98908
0.98902
0.9879
0.98952
0.98856
0.98944
0.9892
0.98912
0.98852
0.98882
0.9889
0.98878
0.9888
0.9896
0.9883
0.98836
0.98958
0.98836
0.9891
0.98998
0.98874
0.98906
0.98924
0.98978
0.98912
0.9884
0.98932
0.98918
0.98846
0.98828
0.98916
0.98856
0.9881
0.989
0.98884
0.9886
0.9884
0.98864
0.98918
0.98908
0.98894
0.98862
0.98894
0.98966
0.98908
0.98898
0.98882
0.98906
0.98828
0.9885
0.98746
0.98914
0.98862
0.98902
0.98932
0.98926
0.98894
0.98888
0.98834
0.98898
0.98934
0.98912
0.98918
0.9882
0.98928
0.98888
0.98852
0.98828
0.9883
0.98824
0.98918
0.98938
0.9894
0.98868
0.98898
0.99018
0.98816
0.98916
0.98814
0.98892
0.98894
0.98874
0.98968
0.98918
0.98834
0.98818
0.98836
0.98914
0.98832
0.98892
0.98918
0.98992
0.98852
0.98848
0.98806
0.98902
0.9884
0.98836
0.98876
0.9895
0.98928
0.98848
0.98876
0.98858
0.98848
0.98856
0.98832
0.98902
0.9881
0.989
0.98948
0.98864
0.98962
0.98966
0.98938
0.988
0.98824
0.98816
0.98816
0.98888
0.98832
0.9893
0.98864
0.98886
0.98952
0.9889
0.98846
0.98786
0.98954
0.98802
0.98998
0.98848
0.9887
0.98958
0.98992
0.98876
0.98904
0.98946
0.98762
0.98876
0.98926
0.98794
0.99002
0.98826
0.98978
0.98834
0.98904
0.98858
0.98952
0.98862
0.98854
0.98914
0.99018
0.9881
0.9897
0.98848
0.98838
0.98914
0.98968
0.98948
0.98832
0.9882
0.98848
0.98934
0.98996
0.98878
0.98914
0.98838
0.98834
0.98962
0.9898
0.9896
0.98836
0.98818
0.99016
0.98928
0.98932
0.98914
0.98904
0.9886
0.98926
0.98824
0.98968
0.98888
0.9884
0.98972
0.98826
0.98886
0.98862
0.9877
0.98884
0.9885
0.98884
0.98882
0.98886
0.9892
0.9891
0.98984
0.98874
0.98906
0.98964
0.98964
0.98918
0.9882
0.98848
0.98898
0.98846
0.98864
0.98886
0.98832
0.98858
0.98978
0.9888
0.98866
0.98792
0.9887
0.98814
0.9887
0.98946
0.98906
0.98762
0.98868
0.98908
0.98924
0.98768
0.98968
0.98892
0.98894
0.9889
0.988
0.98902
0.98904
0.98882
0.98982
0.98862
0.98854
0.98932
0.98868
0.98852
0.98946
0.98888
0.98866
0.9896
0.98968
0.98858
0.98952
0.98876
0.98924
0.98876
0.98916
0.98942
0.98868
0.98872
0.98822
0.98878
0.98904
0.98958
0.98848
0.99014
0.98902
0.98848
0.98922
0.98844
0.98928
0.98732
0.9887
0.98866
0.98802
0.98872
0.98942
0.98852
0.98934
0.98898
0.98834
0.98926
0.98986
0.99
0.98898
0.98932
0.98926
0.98854
0.98934
0.98926
0.98946
0.98868
0.98994
0.9892
0.98916
0.98818
0.98874
0.9883
0.98982
0.9888
0.9892
0.98836
0.98898
0.98944
0.98954
0.9882
0.98818
0.98894
0.98872
0.9889
0.9895
0.9892
0.98934
0.98918
0.98852
0.9885
0.98942
0.98882
0.98886
0.98888
0.98818
0.98814
0.98912
0.98716
0.98812
0.98964
0.98802
0.98866
0.9896
0.98848
0.98876
0.98858
0.98858
0.9899
0.9893
0.98836
0.98808
0.98922
0.9889
0.98822
0.98834
0.989
0.98868
0.98892
0.98952
0.99002
0.98798
0.98848
0.98828
0.98842
0.98946
0.98942
0.9885
0.989
0.98854
0.98762
0.98938
0.98912
0.98896
0.98832
0.98876
0.98966
0.98906
0.98898
0.98836
0.98916
0.98848
0.98864
0.98838
0.98946
0.98934
0.98842
0.98874
0.98946
0.9885
0.98892
0.98856
0.98896
0.98784
0.98954
0.98818
0.98894
0.98808
0.98886
0.98902
0.9883
0.98898
0.98984
0.98924
0.9888
0.98948
0.98954
0.98844
0.98936
0.98952
0.9893
0.98804
0.98758
0.98986
0.98826
0.98892
0.98936
0.9883
0.98876
0.9893
0.98858
0.98826
0.98896
0.989
0.98898
0.98862
0.98922
0.98888
0.9886
0.98876
0.98954
0.98888
0.98934
0.98852
0.98792
0.98896
0.98878
0.98912
0.989
0.9899
0.98852
0.98874
0.9885
0.98952
0.98908
0.98896
0.9889
0.98938
0.98842
0.98858
0.98892
0.98904
0.98888
0.98998
0.98942
0.98918
0.98852
0.9899
0.9888
0.98956
0.9887
0.98784
0.98842
0.98866
0.98896
0.98886
0.98834
0.98948
0.98884
0.988
0.98864
0.98896
0.9882
0.98864
0.9895
0.9889
0.98906
0.98822
0.98842
0.99
0.9878
0.98814
0.98956
0.9885
0.98904
0.9889
0.98802
0.98906
0.9884
0.98906
0.98844
0.9888
0.98878
0.98884
0.98882
0.98942
0.98914
0.98882
0.98934
0.98908
0.98872
0.98936
0.98702
0.98862
0.98946
0.98832
0.98826
0.988
0.98794
0.98806
0.98934
0.98912
0.98958
0.98874
0.9885
0.99002
0.98896
0.98874
0.98896
0.98882
0.98874
0.98938
0.989
0.9895
0.98958
0.98884
0.98846
0.98998
0.98842
0.98912
0.98882
0.98836
0.98958
0.98862
0.98908
0.98886
0.98922
0.9896
0.98934
0.98816
0.98904
0.98956
0.98908
0.98938
0.98846
0.98912
0.9888
0.99006
0.98942
0.98862
0.98738
0.98952
0.9888
0.98924
0.98842
0.98968
0.98772
0.98968
0.98912
0.98926
0.98944
0.98862
0.9883
0.98808
0.98956
0.98996
0.98934
0.98984
0.98956
0.98812
0.98888
0.98922
0.98846
0.98846
0.98924
0.98926
0.98874
0.98964
0.9889
0.98866
0.98924
0.9892
0.98828
0.9877
0.9889
0.98854
0.98768
0.98848
0.989
0.98812
0.98846
0.98972
0.98862
0.98832
0.9886
0.98886
0.9887
0.98962
0.98916
0.98886
0.98912
0.98914
0.98798
0.98894
0.9896
0.9885
0.9889
0.98884
0.98878
0.98874
0.98864
0.98878
0.98952
0.98908
0.98896
0.98846
0.98988
0.98952
0.98816
0.9896
0.9883
0.98956
0.9892
0.98898
0.9884
0.9893
0.9889
0.9881
0.98836
0.99002
0.9889
0.98892
0.98948
0.98924
0.98902
0.98894
0.98864
0.98976
0.98926
0.98922
0.98906
0.98978
0.98924
0.989
0.98924
0.98906
0.98894
0.98826
0.98892
0.98854
0.9888
0.98806
0.98926
0.98892
0.98918
0.98906
0.98852
0.9891
0.98858
0.98892
0.98814
0.98994
0.98862
0.989
0.98888
0.98858
0.98844
0.98892
0.98806
0.98914
0.9889
0.98888
0.98838
0.98796
0.98964
0.98786
0.98894
0.98856
0.98928
0.98834
0.98918
0.9888
0.9883
0.98872
0.98964
0.98792
0.9882
0.98908
0.98998
0.98946
0.98932
0.98846
0.98968
0.98908
0.98792
0.98878
0.9892
0.98874
0.98944
0.98842
0.98834
0.9903
0.98898
0.98858
0.99046
0.98928
0.98874
0.98842
0.98834
0.98896
0.98892
0.98904
0.98834
0.98814
0.98882
0.9887
0.98918
0.98926
0.9876
0.9883
0.98822
0.9885
0.98854
0.98934
0.9891
0.98942
0.9882
0.98974
0.98834
0.98926
0.98942
0.98848
0.98804
0.98864
0.98854
0.9884
0.98916
0.98788
0.98864
0.98918
0.98886
0.98894
0.98972
0.98858
0.9888
0.99
0.9886
0.98896
0.98974
0.98764
0.9875
0.98918
0.9889
0.98902
0.98896
0.9892
0.98918
0.9892
0.98884
0.98866
0.98826
0.9898
0.98932
0.98852
0.98832
0.98956
0.98882
0.98934
0.9891
0.9885
0.98922
0.9894
0.9886
0.98812
0.98914
0.98788
0.98876
0.98934
0.98858
0.98858
0.98784
0.99026
0.98786
0.98974
0.9887
0.98908
0.98882
0.9882
0.98852
0.9896
0.98834
0.98826
0.98898
0.98814
0.98876
0.98928
0.98852
0.98792
0.98776
0.98904
0.98914
0.98858
0.98896
0.99004
0.98908
0.98934
0.9892
0.98962
0.98974
0.98828
0.98824
0.98866
0.9891
0.9881
0.98842
0.98894
0.98792
0.98968
0.98912
0.98878
0.98814
0.98818
0.98884
0.9899
0.98926
0.98838
0.99002
0.98876
0.98892
0.9879
0.98918
0.98958
0.9892
0.98912
0.98796
0.9896
0.98832
0.98828
0.98884
0.98818
0.98876
0.98818
0.9887
0.9889
0.98952
0.98832
0.98924
0.98808
0.9894
0.98918
0.98882
0.9888
0.98918
0.98888
0.98914
0.9894
0.9898
0.9891
0.98892
0.98946
0.98874
0.98842
0.98916
0.9877
0.98898
0.98842
0.9887
0.98772
0.98768
0.99
0.9889
0.98982
0.9883
0.98834
0.9889
0.98856
0.98864
0.98946
0.98954
0.98838
0.99026
0.98984
0.98852
0.9895
0.98816
0.98864
0.9895
0.98928
0.98872
0.98908
0.98888
0.98832
0.98952
0.98986
0.98872
0.98802
0.98846
0.9887
0.98868
0.98938
0.98854
0.98854
0.9878
0.98916
0.98848
0.98976
0.98804
0.98918
0.98934
0.98852
0.98862
0.98786
0.98916
0.98894
0.98898
0.989
0.98822
0.98778
0.98936
0.98868
0.98854
0.98802
0.98948
0.98854
0.98846
0.9888
0.9895
0.9887
0.98846
0.98894
0.98888
0.98884
0.9895
0.9882
0.98898
0.98778
0.98908
0.98844
0.98948
0.98972
0.9891
0.98936
0.98924
0.98824
0.98878
0.9896
0.98852
0.98948
0.98844
0.98904
0.9884
0.98936
0.98824
0.98926
0.98988
0.98908
0.98902
0.98866
0.98792
0.9892
0.98922
0.98842
0.98996
0.98988
0.989
0.9891
0.98804
0.98822
0.98826
0.98922
0.98902
0.98978
0.9886
0.98826
0.98806
0.98828
0.98894
0.98888
0.98948
0.98928
0.98996
0.98934
0.98876
0.98892
0.98886
0.98896
0.98802
0.98938
0.98798
0.98808
0.98896
0.98856
0.9889
0.98968
0.98852
0.98926
0.9888
0.98936
0.9885
0.98804
0.99006
0.98884
0.9892
0.98822
0.98752
0.98862
0.98762
0.98926
0.98914
0.98882
0.98806
0.98896
0.9889
0.989
0.98852
0.98884
0.98812
0.98832
0.98916
0.98852
0.98854
0.98836
0.98894
0.9886
0.98796
0.98892
0.9894
0.98892
0.9886
0.9886
0.98826
0.98842
0.9896
0.98874
0.98952
0.98898
0.9883
0.98882
0.98896
0.98868
0.98918
0.98796
0.9885
0.98848
0.98932
0.9897
0.989
0.98958
0.9885
0.98838
0.9889
0.98924
0.98824
0.9901
0.98968
0.98858
0.98914
0.98906
0.98882
0.98902
0.98776
0.98894
0.98914
0.98856
0.98874
0.98928
0.9884
0.98904
0.98898
0.9878
0.98914
0.98896
0.989
0.9888
0.98934
0.98944
0.98912
0.9887
0.9881
0.9888
0.98916
0.9893
0.9892
0.98838
0.9885
0.98884
0.9889
0.98848
0.98854
0.98914
0.98886
0.98888
0.98828
0.98934
0.9883
0.9886
0.9883
0.98884
0.9889
0.98906
0.98936
0.98816
0.9891
0.9877
0.98984
0.98898
0.98908
0.98896
0.98864
0.98902
0.98884
0.98916
0.9901
0.9888
0.98924
0.98954
0.98958
0.9886
0.98948
0.98866
0.98764
0.98834
0.98864
0.98914
0.98856
0.98842
0.98848
0.98856
0.98976
0.98958
0.98974
0.98788
0.9896
0.98952
0.9895
0.98816
0.98958
0.98856
0.9888
0.98994
0.98864
0.98886
0.98874
0.98774
0.98898
0.98808
0.98848
0.98848
0.98912
0.98896
0.98932
0.98908
0.98908
0.98882
0.98998
0.98762
0.9885
0.98898
0.98956
0.98922
0.98916
0.98912
0.98874
0.98978
0.99106
0.98956
0.98928
0.9883
0.98918
0.98848
0.98944
0.98904
0.98986
0.98866
0.98906
0.98898
0.9885
0.98906
0.98844
0.9891
0.9896
0.98912
0.989
0.98918
0.9895
0.98902
0.98966
0.98862
0.98876
0.98816
0.98998
0.98882
0.98926
0.98936
0.9889
0.98834
0.98886
0.98866
0.98846
0.98878
0.98846
0.98884
0.98834
0.98898
0.98854
0.98878
0.98836
0.98828
0.98898
0.98908
0.9898
0.98936
0.98828
0.98904
0.98856
0.98966
0.98822
0.98922
0.98838
0.98928
0.98902
0.98984
0.98998
0.98918
0.9889
0.9897
0.98914
0.98938
0.98942
0.98964
0.98898
0.98878
0.98844
0.98912
0.98772
0.98954
0.98886
0.98934
0.98852
0.98938
0.98868
0.98938
0.9887
0.98908
0.9888
0.98844
0.98932
0.98964
0.98868
0.9885
0.98956
0.9885
0.98916
0.98888
0.98828
0.98906
0.98998
0.98932
0.9888
0.98896
0.98858
0.98788
0.98806
0.98944
0.99004
0.98852
0.98912
0.9893
0.98896
0.98878
0.98874
0.98854
0.98836
0.98912
0.98792
0.9892
0.98958
0.98762
0.98812
0.98732
0.98864
0.98888
0.98898
0.98946
0.98952
0.98874
0.98824
0.98806
0.98938
0.98858
0.98892
0.98972
0.98882
0.98964
0.98848
0.98812
0.98918
0.98868
0.98886
0.9882
0.98916
0.98932
0.98902
0.98874
0.9881
0.98786
0.98906
0.98876
0.98972
0.98968
0.9888
0.98866
0.9892
0.98882
0.9886
0.98888
0.98878
0.98938
0.98912
0.98934
0.98974
0.98806
0.98824
0.98854
0.98882
0.98848
0.98918
0.98892
0.98826
0.98958
0.98814
0.9889
0.98852
0.98904
0.9892
0.98924
0.9883
0.98914
0.98886
0.98866
0.98762
0.98958
0.98854
0.98906
0.9882
0.98896
0.98892
0.98778
0.98926
0.98914
0.98872
0.9899
0.99028
0.98864
0.98826
0.98826
0.98988
0.98938
0.98844
0.98844
0.98752
0.98984
0.98886
0.98806
0.9883
0.98934
0.98898
0.98944
0.98914
0.98874
0.98862
0.98942
0.98938
0.9885
0.98848
0.98694
0.98834
0.9886
0.98948
0.98816
0.98956
0.9888
0.98922
0.98914
0.98886
0.9894
0.9897
0.98926
0.9885
0.98932
0.9898
0.98886
0.98926
0.9882
0.988
0.9892
0.9887
0.98858
0.98906
0.98888
0.98916
0.98918
0.9896
0.9892
0.98876
0.98872
0.99062
0.9881
0.98948
0.98954
0.98894
0.98928
0.98868
0.98826
0.98956
0.98832
0.9895
0.98856
0.98936
0.98864
0.988
0.98878
0.98916
0.98946
0.99
0.98874
0.9879
0.98918
0.9883
0.99044
0.98808
0.98886
0.98952
0.9883
0.989
0.98886
0.98956
0.98938
0.98832
0.98818
0.98832
0.98854
0.98868
0.9898
0.98898
0.9894
0.9885
0.9882
0.98958
0.98882
0.98866
0.98838
0.98852
0.9888
0.98952
0.98912
0.98852
0.98848
0.98872
0.98862
0.98968
0.98802
0.9892
0.98854
0.98888
0.98828
0.98832
0.98892
0.98716
0.98958
0.98886
0.98876
0.9885
0.98926
0.9882
0.98778
0.988
0.98866
0.98908
0.98866
0.98856
0.98932
0.98846
0.98898
0.98818
0.98862
0.98874
0.98916
0.98856
0.98908
0.98898
0.98812
0.98842
0.98814
0.98926
0.9894
0.98866
0.98882
0.9891
0.98754
0.98962
0.98842
0.98934
0.98822
0.9882
0.98836
0.98904
0.98946
0.98848
0.9894
0.98932
0.98892
0.98856
0.98776
0.98812
0.98932
0.98838
0.98934
0.98904
0.98824
0.98884
0.98872
0.98838
0.98966
0.98782
0.9899
0.98872
0.98824
0.98956
0.98798
0.98914
0.98914
0.98794
0.98936
0.99
0.98906
0.98892
0.98832
0.9892
0.9895
0.98872
0.98922
0.98832
0.98878
0.98902
0.98952
0.98868
0.98928
0.98896
0.98888
0.98896
0.98814
0.98886
0.98884
0.9893
0.98978
0.98876
0.98886
0.98908
0.98854
0.98898
0.98902
0.98872
0.98932
0.98836
0.98882
0.98872
0.9886
0.98908
0.98832
0.9891
0.98876
0.98916
0.98988
0.98944
0.98966
0.9894
0.98892
0.98866
0.98862
0.98918
0.98932
0.98846
0.98874
0.9891
0.98912
0.98904
0.98814
0.9899
0.98874
0.9888
0.98874
0.98876
0.9889
0.98868
0.98868
0.98782
0.9885
0.98848
0.98968
0.98914
0.98884
0.989
0.9883
0.98828
0.9883
0.989
0.98812
0.9892
0.98924
0.98926
0.98884
0.98908
0.98916
0.98796
0.99036
0.98826
0.98866
0.98874
0.9887
0.98932
0.98808
0.98886
0.98824
0.98908
0.98942
0.9888
0.98918
0.9886
0.98892
0.98946
0.98882
0.98892
0.9882
0.98914
0.9886
0.98788
0.98834
0.98918
0.98928
0.9885
0.98912
0.98946
0.98878
0.99032
0.98882
0.98886
0.98886
0.98912
0.98882
0.98936
0.98958
0.98918
0.98846
0.98864
0.98944
0.98898
0.98922
0.98942
0.9889
0.9885
0.98896
0.98866
0.98912
0.9889
0.98838
0.98912
0.98968
0.98906
0.98882
0.98844
0.98958
0.9878
0.98852
0.98908
0.98924
0.98912
0.98868
0.98842
0.98876
0.98942
0.9883
0.98808
0.98996
0.9877
0.98914
0.98968
0.9897
0.98932
0.98976
0.98918
0.98916
0.98958
0.98918
0.98918
0.98842
0.98898
0.98922
0.98852
0.98798
0.98874
0.98826
0.9883
0.98884
0.98828
0.98832
0.98818
0.98818
0.9882
0.9887
0.9884
0.9892
0.9889
0.98794
0.98836
0.98874
0.98834
0.98898
0.98848
0.98872
0.98848
0.9894
0.98824
0.98908
0.98938
0.98918
0.98836
0.98894
0.9893
0.9894
0.98922
0.98834
0.98928
0.98896
0.98908
0.98812
0.98932
0.9887
0.98942
0.98932
0.9889
0.98824
0.98942
0.98946
0.989
0.98806
0.98824
0.98896
0.98874
0.98896
0.98866
0.98834
0.9886
0.98924
0.98876
0.98872
0.98874
0.98968
0.98922
0.98938
0.98934
0.98896
0.98932
0.9883
0.9891
0.98946
0.9885
0.98822
0.98918
0.98912
0.98862
0.98866
0.9884
0.9885
0.98832
0.98942
0.98872
0.98872
0.9886
0.98934
0.98782
0.98958
0.98966
0.98886
0.98838
0.98868
0.98916
0.98848
0.98932
0.99002
0.98896
0.98852
0.98884
0.9888
0.98784
0.98898
0.9885
0.98864
0.98876
0.98988
0.98906
0.98898
0.98874
0.9892
0.98874
0.98908
0.98966
0.9883
0.98858
0.98894
0.98764
0.98914
0.98978
0.98838
0.99014
0.98946
0.98898
0.98792
0.98922
0.98778
0.9896
0.98898
0.9891
0.9882
0.98936
0.98874
0.98924
0.98892
0.98886
0.98948
0.98958
0.98752
0.9886
0.98894
0.98892
0.98794
0.9887
0.98862
0.98726
0.9878
0.9888
0.9891
0.98902
0.98894
0.98948
0.9892
0.98906
0.9889
0.98928
0.98818
0.98854
0.98858
0.98908
0.9885
0.9886
0.98858
0.98882
0.98892
0.98852
0.9886
0.98834
0.98876
0.9883
0.98956
0.98816
0.98914
0.98868
0.98928
0.98888
0.9893
0.98946
0.98848
0.98868
0.9893
0.98922
0.98954
0.9898
0.98862
0.99006
0.9884
0.98874
0.98758
0.98854
0.98882
0.98904
0.98914
0.98862
0.98888
0.98862
0.98852
0.9886
0.98856
0.9891
0.98862
0.98954
0.98838
0.98812
0.9898
0.98792
0.9887
0.98836
0.98714
0.98796
0.98894
0.98936
0.9876
0.98876
0.98878
0.98938
0.98896
0.9892
0.98806
0.98926
0.98954
0.98878
0.98862
0.98918
0.98902
0.9885
0.98836
0.98906
0.99032
0.9892
0.9895
0.98842
0.98762
0.98916
0.98924
0.98832
0.98992
0.98892
0.98888
0.98964
0.98924
0.98908
0.99006
0.98878
0.989
0.9899
0.98808
0.98924
0.98818
0.98874
0.98934
0.98838
0.989
0.98918
0.98944
0.98896
0.98926
0.98926
0.98946
0.98822
0.98874
0.98924
0.9889
0.98882
0.98918
0.9885
0.98896
0.9888
0.98904
0.98882
0.9895
0.98948
0.98868
0.98884
0.98866
0.98814
0.98854
0.9889
0.9891
0.98886
0.9889
0.98872
0.98866
0.98874
0.98874
0.9887
0.98778
0.98834
0.98864
0.9877
0.9889
0.98918
0.98912
0.98856
0.9897
0.98906
0.98898
0.98892
0.98902
0.9883
0.98932
0.98928
0.98838
0.98826
0.98976
0.98934
0.98892
0.9889
0.98932
0.98832
0.9879
0.98814
0.98966
0.9882
0.98918
0.98874
0.98976
0.98796
0.98988
0.98952
0.98834
0.98888
0.98784
0.98882
0.9884
0.98908
0.9881
0.98918
0.98784
0.98838
0.98874
0.98906
0.9888
0.9904
0.98936
0.98896
0.98886
0.9893
0.9903
0.98896
0.98878
0.98972
0.989
0.98986
0.98848
0.98884
0.98768
0.98894
0.98956
0.98912
0.98864
0.9896
0.98842
0.99004
0.98884
0.98898
0.98916
0.98874
0.989
0.9896
0.9892
0.98892
0.98942
0.98864
0.9882
0.98812
0.98892
0.98858
0.9894
0.98818
0.9888
0.989
0.98844
0.98886
0.98988
0.98852
0.98852
0.9888
0.98976
0.98804
0.98932
0.98874
0.9892
0.9892
0.98976
0.98816
0.98898
0.98858
0.98848
0.9891
0.9891
0.98934
0.98858
0.98952
0.98876
0.98804
0.98878
0.98878
0.98846
0.98932
0.98776
0.98924
0.989
0.98932
0.98852
0.98852
0.9888
0.9894
0.98984
0.98928
0.98956
0.98946
0.98974
0.989
0.9892
0.98854
0.98874
0.9885
0.98866
0.98852
0.98866
0.98842
0.98932
0.98866
0.98902
0.98936
0.98828
0.98836
0.98928
0.9899
0.98974
0.9889
0.98826
0.98886
0.98882
0.98894
0.98852
0.9891
0.9888
0.98986
0.98934
0.9892
0.98894
0.98808
0.98916
0.98822
0.98998
0.98872
0.98992
0.98912
0.98924
0.98912
0.9893
0.9888
0.98892
0.98926
0.98752
0.98906
0.9896
0.98844
0.9889
0.98932
0.98872
0.9887
0.9887
0.98842
0.9889
0.99006
0.9886
0.98958
0.98922
0.98972
0.98882
0.9891
0.98834
0.98892
0.9894
0.9885
0.98868
0.98914
0.98904
0.98862
0.9889
0.9888
0.98812
0.98834
0.98842
0.98948
0.98928
0.989
0.98954
0.98866
0.98802
0.98918
0.9885
0.98894
0.98854
0.9889
0.98796
0.9879
0.98944
0.98878
0.98912
0.98904
0.98826
0.98876
0.98904
0.9897
0.9887
0.98936
0.98984
0.98876
0.98884
0.9896
0.98828
0.98972
0.98938
0.98852
0.98916
0.988
0.9897
0.98922
0.98836
0.98902
0.98966
0.98908
0.98916
0.98862
0.98934
0.98838
0.98964
0.98992
0.98922
0.98868
0.98894
0.9895
0.98886
0.98854
0.9885
0.98932
0.98802
0.98916
0.9891
0.98982
0.98974
0.98898
0.98918
0.9889
0.98922
0.98906
0.98824
0.98876
0.98976
0.98838
0.9892
0.98872
0.98914
0.98854
0.98886
0.98878
0.989
0.98894
0.98898
0.98972
0.98848
0.98904
0.98934
0.98876
0.9889
0.98818
0.98902
0.98808
0.98878
0.988
0.98878
0.98902
0.98886
0.98882
0.98936
0.98894
0.98872
0.98948
0.989
0.98876
0.98886
0.9887
0.98852
0.98906
0.98918
0.98912
0.98912
0.9885
0.9894
0.98756
0.98836
0.98822
0.99022
0.98866
0.9887
0.98904
0.98842
0.98888
0.98784
0.98706
0.98848
0.98952
0.98834
0.9886
0.98892
0.98914
0.989
0.98966
0.98922
0.98866
0.98816
0.98936
0.98902
0.98928
0.98922
0.98918
0.98812
0.98876
0.98866
0.9889
0.98822
0.98894
0.9895
0.98946
0.98924
0.98836
0.9891
0.98882
0.98934
0.98878
0.98936
0.98884
0.9895
0.98786
0.98854
0.98898
0.99054
0.98852
0.98764
0.98888
0.98852
0.989
0.9889
0.98926
0.98934
0.98852
0.98886
0.98834
0.98968
0.98918
0.98854
0.98902
0.98848
0.98826
0.9887
0.98954
0.98984
0.98996
0.98828
0.98874
0.98958
0.9885
0.98888
0.98818
0.98864
0.98826
0.98856
0.98896
0.98842
0.98912
0.9885
0.98856
0.98838
0.98916
0.9899
0.98864
0.99014
0.9898
0.98834
0.9887
0.98874
0.9885
0.98858
0.98862
0.98974
0.98968
0.98952
0.9889
0.98892
0.98916
0.98922
0.98962
0.9886
0.9885
0.98792
0.9889
0.98854
0.98868
0.9888
0.9879
0.98826
0.98968
0.98908
0.98788
0.98918
0.98836
0.98776
0.98916
0.98824
0.98882
0.98914
0.98886
0.98896
0.98812
0.98772
0.98968
0.9889
0.98886
0.98908
0.98922
0.98872
0.98842
0.98948
0.9882
0.98988
0.9885
0.9894
0.98882
0.98972
0.9888
0.9888
0.98906
0.98824
0.99022
0.9889
0.98924
0.98872
0.98852
0.98874
0.98858
0.98796
0.98774
0.98848
0.9892
0.9886
0.98884
0.98836
0.98774
0.98742
0.98804
0.98898
0.98904
0.98944
0.98868
0.99002
0.98916
0.98992
0.98882
0.98892
0.98948
0.98872
0.98956
0.98914
0.98894
0.98886
0.98904
0.98854
0.98868
0.98816
0.98932
0.98992
0.98894
0.98854
0.98948
0.98908
0.98934
0.98894
0.98846
0.98864
0.98862
0.9887
0.98932
0.9878
0.98822
0.98852
0.98818
0.9892
0.98858
0.98864
0.9893
0.98976
0.98834
0.98882
0.98856
0.98902
0.9895
0.98864
0.98918
0.98934
0.98886
0.9894
0.98844
0.98704
0.98838
0.98838
0.98922
0.98852
0.98812
0.98924
0.98878
0.98956
0.99004
0.9892
0.9884
0.98894
0.9899
0.98884
0.9883
0.9899
0.98848
0.98774
0.98814
0.99004
0.98758
0.98908
0.98912
0.98888
0.98892
0.9879
0.98898
0.98932
0.9881
0.98932
0.98862
0.98914
0.98844
0.98828
0.98944
0.9886
0.98928
0.9895
0.98796
0.98826
0.98976
0.98904
0.9886
0.98894
0.98912
0.98846
0.9888
0.9885
0.98938
0.98932
0.9883
0.9892
0.98918
0.98996
0.98786
0.98934
0.9888
0.98964
0.9884
0.98876
0.98888
0.9888
0.9884
0.9888
0.98902
0.98872
0.9892
0.98782
0.98808
0.9895
0.98866
0.98874
0.99008
0.98906
0.98838
0.98906
0.9891
0.98926
0.98974
0.98904
0.98942
0.98898
0.9883
0.9888
0.98978
0.9889
0.9893
0.989
0.9892
0.98942
0.98934
0.98878
0.98904
0.98826
0.98904
0.98978
0.98884
0.98844
0.98844
0.98908
0.98904
0.9888
0.98912
0.98934
0.98912
0.98814
0.98892
0.9894
0.98938
0.98912
0.98872
0.98966
0.98882
0.98842
0.98952
0.98912
0.98862
0.98796
0.98872
0.99028
0.98948
0.98736
0.98894
0.98884
0.98874
0.98886
0.98962
0.98822
0.9891
0.98926
0.98826
0.9889
0.98854
0.98868
0.98838
0.98854
0.98976
0.98884
0.98866
0.98886
0.98774
0.98908
0.98848
0.98888
0.98944
0.98836
0.98914
0.98838
0.9888
0.98928
0.98936
0.98938
0.9891
0.98918
0.98782
0.98846
0.98842
0.9883
0.98834
0.98886
0.98908
0.98988
0.98798
0.98906
0.98808
0.98882
0.9885
0.98956
0.98924
0.98878
0.98794
0.98926
0.989
0.98904
0.9893
0.98998
0.98872
0.98882
0.98862
0.9884
0.9896
0.98906
0.9893
0.98898
0.98882
0.98852
0.98968
0.98828
0.98862
0.98926
0.98864
0.98868
0.9889
0.9884
0.98868
0.98786
0.98772
0.98832
0.98946
0.98926
0.98948
0.9894
0.98852
0.98916
0.98802
0.9887
0.98902
0.98894
0.9903
0.9891
0.98966
0.9884
0.9889
0.9884
0.98946
0.98924
0.98834
0.98832
0.98992
0.98886
0.98898
0.98922
0.98922
0.9889
0.98944
0.98874
0.98808
0.98974
0.9895
0.98884
0.9895
0.98786
0.98898
0.98924
0.9891
0.98894
0.98882
0.98874
0.98968
0.9891
0.99002
0.98866
0.98824
0.9884
0.9886
0.98848
0.98834
0.98948
0.98788
0.98948
0.9891
0.98822
0.98926
0.9888
0.9885
0.98852
0.98978
0.98882
0.98768
0.98876
0.9888
0.98946
0.98906
0.9882
0.98984
0.98914
0.9886
0.98792
0.98898
0.98908
0.98804
0.98836
0.98784
0.98938
0.98884
0.98902
0.98878
0.98922
0.98956
0.98826
0.98774
0.98824
0.98906
0.9886
0.98916
0.98854
0.98906
0.98902
0.98914
0.98818
0.9889
0.98984
0.98858
0.99028
0.98794
0.98956
0.9889
0.98816
0.98884
0.98988
0.98916
0.98926
0.98932
0.98772
0.9876
0.98908
0.9888
0.98924
0.9891
0.98828
0.98948
0.98912
0.9884
0.98922
0.98942
0.98908
0.9887
0.98942
0.98938
0.98846
0.9884
0.98994
0.98864
0.98834
0.98946
0.98888
0.98838
0.98962
0.98802
0.98914
0.98858
0.98856
0.98934
0.98888
0.9887
0.9893
0.98862
0.98908
0.98848
0.98996
0.98904
0.98774
0.98814
0.98888
0.98836
0.98846
0.98964
0.98796
0.98896
0.9885
0.9888
0.98686
0.98916
0.98966
0.98908
0.98922
0.98778
0.98874
0.98934
0.98934
0.98878
0.99002
0.9901
0.98906
0.98872
0.98826
0.9893
0.98912
0.98736
0.98904
0.989
0.9892
0.9893
0.98908
0.98844
0.98844
0.98894
0.98894
0.98862
0.98822
0.9892
0.989
0.989
0.98862
0.98912
0.9889
0.98872
0.98822
0.98984
0.98852
0.98998
0.98946
0.98878
0.98852
0.9889
0.98784
0.98846
0.98894
0.98966
0.98982
0.98878
0.98918
0.98918
0.98868
0.9894
0.98888
0.98872
0.98838
0.98826
0.9903
0.98786
0.98868
0.98838
0.98834
0.98888
0.98964
0.98858
0.9888
0.98794
0.98876
0.98858
0.98966
0.9891
0.98794
0.98912
0.98874
0.98856
0.98936
0.98852
0.98954
0.98832
0.98838
0.98942
0.98716
0.9896
0.98892
0.989
0.98844
0.98912
0.98752
0.9887
0.98788
0.9888
0.98856
0.98862
0.98888
0.98894
0.9889
0.98986
0.989
0.9891
0.9888
0.98904
0.9886
0.98854
0.98812
0.98836
0.98822
0.9885
0.98932
0.98962
0.98938
0.98892
0.9892
0.98818
0.99
0.98868
0.98824
0.98852
0.98874
0.98948
0.98954
0.9885
0.98904
0.98874
0.98948
0.98848
0.98916
0.98884
0.9894
0.98936
0.9898
0.98898
0.9888
0.9893
0.98894
0.98898
0.9884
0.98928
0.98902
0.99048
0.98822
0.9883
0.98856
0.98854
0.98894
0.98818
0.98916
0.98874
0.98884
0.98892
0.98834
0.98908
0.98868
0.98926
0.98822
0.98894
0.989
0.98882
0.98928
0.98924
0.98926
0.98776
0.98854
0.98852
0.9882
0.98912
0.98822
0.98902
0.9893
0.98862
0.98862
0.98892
0.9882
0.98952
0.98904
0.98906
0.98906
0.98866
0.98982
0.98868
0.98892
0.9892
0.98942
0.98856
0.98896
0.98896
0.98744
0.98896
0.98914
0.98874
0.98976
0.98866
0.98896
0.98836
0.9891
0.98912
0.9877
0.9887
0.98868
0.98902
0.9894
0.98878
0.98802
0.98946
0.98884
0.98924
0.98858
0.9887
0.98908
0.9891
0.98842
0.98978
0.98832
0.98986
0.98826
0.98844
0.98844
0.98868
0.98824
0.98934
0.98912
0.98916
0.98908
0.98848
0.989
0.98948
0.98862
0.9885
0.9887
0.98866
0.98906
0.99008
0.98972
0.98924
0.98896
0.98914
0.98842
0.98902
0.98846
0.98866
0.98864
0.98918
0.98808
0.9888
0.989
0.98878
0.98916
0.98924
0.98848
0.98922
0.98858
0.99026
0.9896
0.98882
0.98886
0.98976
0.98886
0.98838
0.9889
0.9883
0.98868
0.98958
0.9891
0.98828
0.98914
0.9895
0.9889
0.98992
0.98788
0.98852
0.98868
0.98882
0.98886
0.98774
0.9882
0.98742
0.98916
0.9889
0.98844
0.98942
0.98812
0.98816
0.9887
0.98968
0.98926
0.98836
0.98876
0.9883
0.98954
0.98854
0.98878
0.98912
0.98886
0.98928
0.98926
0.9886
0.98806
0.98832
0.98876
0.98994
0.98908
0.98842
0.98864
0.98882
0.98868
0.9893
0.98908
0.98862
0.98922
0.98958
0.98858
0.98794
0.98952
0.98848
0.98864
0.9893
0.98894
0.9892
0.98772
0.98906
0.98866
0.989
0.98908
0.98818
0.98908
0.98912
0.98906
0.98816
0.98832
0.98812
0.98934
0.98898
0.98924
0.9882
0.9892
0.98836
0.98892
0.98946
0.9899
0.98794
0.9901
0.9884
0.98832
0.98912
0.98922
0.98918
0.98814
0.98924
0.99004
0.98874
0.989
0.98932
0.98834
0.98918
0.98856
0.98876
0.98862
0.98778
0.98902
0.9889
0.98862
0.98866
0.98898
0.9884
0.98846
0.98892
0.98894
0.98902
0.98946
0.98888
0.98764
0.9891
0.98894
0.98806
0.9888
0.98896
0.98786
0.9884
0.98872
0.98902
0.99002
0.98842
0.98842
0.98904
0.9891
0.98848
0.98984
0.9891
0.9894
0.98868
0.98942
0.98902
0.9894
0.98902
0.98782
0.98882
0.98936
0.98862
0.98876
0.98948
0.98906
0.98878
0.98906
0.9882
0.98862
0.98964
0.9892
0.98916
0.98888
0.98836
0.98802
0.9882
0.98994
0.98828
0.98868
0.9888
0.98932
0.98962
0.98834
0.98894
0.98862
0.98884
0.98908
0.98932
0.98882
0.98922
0.98856
0.9893
0.98988
0.98914
0.98904
0.98894
0.98822
0.98734
0.9896
0.98884
0.98806
0.98938
0.98916
0.9885
0.98902
0.99028
0.98856
0.98934
0.98914
0.9884
0.9878
0.98964
0.98896
0.98906
0.98944
0.98968
0.98906
0.9896
0.98862
0.9891
0.98914
0.98862
0.98878
0.98848
0.98818
0.98832
0.9889
0.9885
0.9888
0.9885
0.98894
0.98928
0.98916
0.98966
0.989
0.98918
0.98914
0.98914
0.98824
0.98928
0.98914
0.98842
0.98824
0.98796
0.98882
0.98846
0.98914
0.98932
0.9884
0.98884
0.98896
0.98856
0.98834
0.9888
0.98874
0.98842
0.98858
0.98906
0.98852
0.98892
0.98868
0.98988
0.98844
0.98858
0.98806
0.98996
0.98802
0.98954
0.98864
0.9901
0.98934
0.98916
0.98932
0.9887
0.98918
0.98916
0.98798
0.98912
0.98912
0.9884
0.98876
0.98952
0.98908
0.98874
0.98836
0.98922
0.98894
0.98898
0.98818
0.98926
0.98894
0.98914
0.9891
0.98946
0.98914
0.9883
0.9888
0.98838
0.9883
0.98884
0.98844
0.98876
0.98898
0.98924
0.98798
0.98872
0.98872
0.98788
0.98874
0.98874
0.99006
0.98826
0.98856
0.98756
0.9888
0.98928
0.98942
0.98946
0.9878
0.98886
0.9885
0.9882
0.98862
0.9876
0.989
0.98826
0.98872
0.98946
0.98882
0.98878
0.98944
0.98856
0.9881
0.99038
0.98936
0.98864
0.98828
0.98902
0.98912
0.9898
0.98932
0.98846
0.98762
0.98882
0.98904
0.98902
0.98846
0.98824
0.98864
0.98894
0.98944
0.98896
0.98824
0.98906
0.99088
0.98848
0.9883
0.98908
0.98874
0.98996
0.98874
0.989
0.98936
0.98886
0.9889
0.98964
0.9886
0.98972
0.98878
0.988
0.98832
0.98904
0.98822
0.98882
0.98888
0.98926
0.98814
0.98914
0.98858
0.9894
0.98892
0.98898
0.98854
0.98916
0.98828
0.98894
0.98992
0.98886
0.9897
0.98846
0.98918
0.9889
0.98874
0.98784
0.9877
0.9892
0.9896
0.98876
0.98838
0.98912
0.98848
0.98884
0.98876
0.98864
0.98826
0.98916
0.9895
0.98968
0.98812
0.98952
0.98916
0.98824
0.98866
0.98886
0.98848
0.98934
0.98916
0.98918
0.98912
0.98924
0.98942
0.98864
0.9892
0.98916
0.98892
0.98842
0.98866
0.9891
0.98846
0.98976
0.98902
0.99014
0.98876
0.98848
0.98832
0.98828
0.98886
0.9895
0.98868
0.98868
0.98878
0.98938
0.9892
0.98928
0.98938
0.98866
0.98864
0.98904
0.98784
0.98898
0.98812
0.98938
0.98878
0.98912
0.9901
0.99014
0.98842
0.98994
0.98842
0.98846
0.98918
0.98882
0.9878
0.98876
0.98872
0.98926
0.9885
0.98878
0.98938
0.98872
0.9886
0.98856
0.98926
0.9898
0.98896
0.9875
0.98886
0.98878
0.98798
0.98902
0.98904
0.9892
0.98832
0.98808
0.98932
0.98792
0.98932
0.9886
0.98874
0.98858
0.989
0.9883
0.98802
0.98862
0.98852
0.98886
0.98842
0.98816
0.98896
0.98824
0.98888
0.98928
0.98932
0.98948
0.9888
0.9883
0.98946
0.99038
0.9895
0.98934
0.98802
0.98838
0.98902
0.98902
0.98872
0.9893
0.9887
0.98944
0.98892
0.98842
0.98866
0.98894
0.98922
0.9898
0.98968
0.9897
0.98856
0.9885
0.98934
0.98938
0.9896
0.98866
0.98768
0.9895
0.9883
0.98836
0.98856
0.98928
0.98854
0.98906
0.98956
0.98856
0.98806
0.9893
0.98922
0.98952
0.98838
0.9886
0.987
0.98914
0.98898
0.98976
0.98976
0.98952
0.989
0.98842
0.98932
0.98954
0.98864
0.98852
0.98828
0.98906
0.9892
0.98956
0.98802
0.98882
0.989
0.98838
0.98896
0.98956
0.9888
0.98782
0.98818
0.98746
0.9884
0.98882
0.98872
0.98872
0.98904
0.98932
0.9889
0.98946
0.9894
0.9895
0.98966
0.98708
0.98848
0.9883
0.98912
0.98834
0.98884
0.9896
0.98898
0.98882
0.98908
0.9889
0.9879
0.98908
0.98956
0.98936
0.98812
0.98894
0.98832
0.98826
0.98908
0.98916
0.98944
0.98932
0.98906
0.98918
0.98898
0.98924
0.98828
0.98846
0.98922
0.98836
0.9888
0.98934
0.98908
0.98878
0.98956
0.98864
0.98914
0.98982
0.98882
0.98882
0.9891
0.98852
0.9886
0.98834
0.9876
0.98804
0.98884
0.98864
0.9894
0.98818
0.9885
0.98862
0.98976
0.98826
0.98874
0.98916
0.98774
0.98888
0.98848
0.98768
0.98888
0.98908
0.98914
0.98912
0.98868
0.9892
0.98788
0.98944
0.98854
0.9886
0.98846
0.98966
0.98966
0.9879
0.98964
0.98914
0.98934
0.9879
0.989
0.98922
0.9898
0.98904
0.98782
0.98874
0.98922
0.98884
0.98872
0.98908
0.98898
0.98964
0.98938
0.9887
0.9884
0.9889
0.98906
0.98828
0.98888
0.98924
0.98894
0.98852
0.98842
0.99038
0.98898
0.98954
0.9883
0.9892
0.98926
0.98934
0.98832
0.98928
0.9892
0.98846
0.98942
0.9884
0.98894
0.98964
0.989
0.9888
0.98916
0.98918
0.9887
0.98942
0.9883
0.98958
0.98766
0.98866
0.9889
0.98922
0.98932
0.9895
0.98956
0.98802
0.9885
0.98894
0.98958
0.98918
0.9877
0.98872
0.98802
0.9891
0.9887
0.98986
0.98864
0.98886
0.98844
0.98746
0.98856
0.98818
0.98884
0.9892
0.9886
0.98942
0.98922
0.98756
0.98848
0.98862
0.98864
0.98874
0.98936
0.9881
0.98852
0.98854
0.98854
0.98948
0.98848
0.98918
0.9888
0.98898
0.98922
0.98888
0.98924
0.98922
0.98916
0.98938
0.98942
0.98824
0.98874
0.98896
0.98852
0.9885
0.9891
0.98814
0.98918
0.9881
0.98902
0.9882
0.98856
0.9882
0.9898
0.98862
0.98834
0.98918
0.98922
0.98846
0.98816
0.98902
0.98902
0.98942
0.98956
0.9888
0.9899
0.98966
0.98864
0.989
0.98792
0.98828
0.98826
0.9894
0.98928
0.98888
0.98838
0.98818
0.98788
0.98926
0.98962
0.98902
0.98866
0.98788
0.98908
0.98852
0.98884
0.98874
0.98822
0.9886
0.9887
0.98942
0.98902
0.98888
0.98846
0.98952
0.9889
