0.97892
0.97836
0.97858
0.97856
0.97938
0.97978
0.97742
0.97876
0.9785
0.97948
0.9777
0.9775
0.97886
0.97918
0.97978
0.97882
0.97886
0.9781
0.97894
0.97844
0.97932
0.97812
0.97854
0.9788
0.97958
0.97838
0.97928
0.97908
0.97846
0.97848
0.9784
0.97832
0.979
0.97876
0.97942
0.97966
0.97872
0.97928
0.97864
0.97852
0.97764
0.97828
0.97958
0.97762
0.97978
0.97854
0.97976
0.9784
0.9791
0.97862
0.97898
0.97856
0.97904
0.97936
0.97878
0.97922
0.97974
0.97976
0.97818
0.97846
0.97714
0.97802
0.97912
0.98044
0.97874
0.9784
0.97938
0.97802
0.97758
0.9779
0.98042
0.97974
0.979
0.97972
0.97896
0.97926
0.97728
0.97994
0.97936
0.97926
0.97858
0.97944
0.97954
0.97834
0.9789
0.97916
0.9794
0.97788
0.97908
0.97724
0.97864
0.97888
0.97716
0.97888
0.97852
0.97948
0.97892
0.97854
0.97926
0.97824
0.97884
0.98004
0.97888
0.97818
0.9791
0.97982
0.97854
0.97816
0.97836
0.9782
0.9778
0.97846
0.97892
0.97944
0.97788
0.9787
0.97968
0.98034
0.97926
0.97816
0.97862
0.97894
0.97922
0.97802
0.97832
0.97834
0.97962
0.9787
0.97942
0.97964
0.97868
0.97774
0.9799
0.97884
0.97728
0.97996
0.97894
0.97714
0.97902
0.97934
0.97912
0.9797
0.97836
0.97932
0.978
0.97818
0.97864
0.97656
0.97794
0.97988
0.9794
0.9784
0.979
0.9793
0.97856
0.97924
0.97912
0.979
0.97972
0.97958
0.98012
0.97964
0.97908
0.97894
0.97894
0.9786
0.97782
0.9784
0.97756
0.97792
0.97838
0.9785
0.97882
0.9788
0.9776
0.97866
0.97894
0.97784
0.9808
0.9782
0.97908
0.9791
0.9782
0.97922
0.97822
0.97734
0.9799
0.97882
0.9796
0.97904
0.9802
0.97904
0.97804
0.97896
0.97954
0.97904
0.97856
0.97916
0.97912
0.97908
0.9783
0.9788
0.97922
0.979
0.97914
0.978
0.97848
0.9788
0.97778
0.97848
0.97964
0.97932
0.9793
0.97808
0.97804
0.9785
0.9797
0.97838
0.97974
0.97778
0.97784
0.97976
0.97888
0.98
0.97796
0.979
0.9804
0.97862
0.97818
0.97898
0.97874
0.9781
0.97974
0.97918
0.97868
0.98016
0.979
0.97924
0.97912
0.97844
0.97854
0.97864
0.97866
0.97942
0.97798
0.9788
0.97796
0.9787
0.97898
0.97872
0.9778
0.97942
0.9783
0.97964
0.97952
0.97764
0.97756
0.9785
0.97862
0.97822
0.97942
0.97778
0.9797
0.97874
0.97962
0.97844
0.97808
0.97906
0.97868
0.9798
0.97884
0.97908
0.97798
0.97912
0.9781
0.97852
0.97876
0.97928
0.97852
0.9794
0.97976
0.97856
0.97736
0.97864
0.97892
0.98014
0.97804
0.9781
0.9796
0.97848
0.97802
0.97974
0.97904
0.97902
0.98006
0.9781
0.97946
0.97846
0.97802
0.9777
0.97952
0.97882
0.97964
0.97918
0.97816
0.97848
0.97856
0.9797
0.9798
0.97754
0.9788
0.97856
0.97858
0.97926
0.97818
0.97886
0.97864
0.97792
0.97924
0.978
0.97764
0.97928
0.97838
0.97878
0.97976
0.97858
0.97762
0.97934
0.97892
0.9786
0.97776
0.97862
0.9791
0.97888
0.97942
0.9791
0.97874
0.9786
0.97944
0.97878
0.97844
0.97974
0.9793
0.97946
0.97916
0.9793
0.97896
0.9785
0.97866
0.97832
0.97908
0.97832
0.9793
0.97894
0.97754
0.979
0.9786
0.97934
0.97862
0.97714
0.9788
0.97852
0.97912
0.97942
0.97892
0.97932
0.97938
0.97914
0.97878
0.9792
0.97986
0.97782
0.97784
0.9796
0.97788
0.98014
0.97872
0.97826
0.97792
0.97996
0.97872
0.9785
0.97704
0.9788
0.97998
0.97836
0.97906
0.97852
0.97884
0.9786
0.97932
0.97962
0.97878
0.97808
0.9803
0.97932
0.97892
0.97884
0.97852
0.97856
0.97824
0.9799
0.9786
0.97952
0.9792
0.97866
0.97906
0.97892
0.97888
0.97966
0.97824
0.98002
0.98004
0.97886
0.97918
0.978
0.97988
0.97876
0.97916
0.97854
0.97842
0.979
0.97832
0.9776
0.98022
0.97806
0.9786
0.97822
0.97886
0.97854
0.97982
0.97868
0.97796
0.97974
0.97932
0.9781
0.97814
0.9804
0.97962
0.97894
0.97918
0.97874
0.97866
0.9795
0.97946
0.9787
0.97834
0.97988
0.979
0.9785
0.97854
0.97966
0.9781
0.97964
0.97796
0.9781
0.97946
0.98042
0.97976
0.9797
0.97848
0.97816
0.97842
0.97806
0.97928
0.97868
0.98052
0.97752
0.97926
0.97696
0.97796
0.97846
0.97936
0.97854
0.97856
0.97798
0.9781
0.97888
0.97908
0.97892
0.97864
0.97694
0.97946
0.97906
0.97844
0.97974
0.97936
0.97824
0.97926
0.97904
0.97886
0.97888
0.979
0.97956
0.97844
0.9784
0.97904
0.98024
0.98004
0.97812
0.9791
0.97886
0.9787
0.98044
0.97772
0.97664
0.97998
0.97938
0.97816
0.9792
0.97914
0.97924
0.9783
0.97808
0.97946
0.97862
0.97886
0.9792
0.97786
0.97812
0.97982
0.97994
0.97826
0.97794
0.97904
0.97886
0.9802
0.97816
0.97868
0.97804
0.97818
0.97924
0.97866
0.98
0.9777
0.9791
0.97924
0.98002
0.97944
0.9795
0.97752
0.97878
0.97938
0.97854
0.97842
0.97884
0.9787
0.97866
0.9777
0.9799
0.9775
0.9792
0.97964
0.97936
0.97916
0.97768
0.979
0.97968
0.97746
0.9784
0.97806
0.9791
0.97698
0.9793
0.97846
0.97944
0.97868
0.9787
0.97898
0.97928
0.97802
0.97878
0.97876
0.9785
0.9803
0.97752
0.97844
0.97812
0.97852
0.97892
0.97982
0.98028
0.97948
0.97768
0.97886
0.97894
0.97992
0.9783
0.9796
0.97968
0.9786
0.97964
0.9791
0.9784
0.97868
0.97884
0.97834
0.97902
0.978
0.9786
0.97884
0.97696
0.9784
0.9776
0.97902
0.9785
0.97756
0.97812
0.97914
0.97864
0.97868
0.97988
0.97838
0.97976
0.97902
0.9789
0.97834
0.97844
0.97868
0.97804
0.97898
0.97952
0.97802
0.97844
0.97946
0.9793
0.98008
0.97742
0.9788
0.9784
0.97896
0.9786
0.97862
0.9793
0.9778
0.97874
0.9773
0.97778
0.97828
0.97776
0.97838
0.979
0.97958
0.97886
0.97846
0.9794
0.97896
0.97948
0.97876
0.978
0.97904
0.97858
0.97738
0.97992
0.9794
0.97884
0.97882
0.979
0.97884
0.97954
0.97882
0.97848
0.97808
0.97896
0.9785
0.97906
0.97944
0.97834
0.97864
0.97858
0.97864
0.97804
0.97922
0.98024
0.97698
0.97842
0.97838
0.97928
0.97792
0.9793
0.97916
0.97912
0.97846
0.97868
0.97928
0.97812
0.97754
0.97872
0.97938
0.97906
0.97978
0.97836
0.97854
0.9799
0.97978
0.98016
0.97962
0.97968
0.97854
0.97732
0.97908
0.97956
0.97864
0.97868
0.97796
0.97864
0.9794
0.97834
0.9798
0.97898
0.97782
0.98
0.97864
0.97916
0.97968
0.97968
0.97996
0.97922
0.97774
0.98006
0.97942
0.9792
0.97984
0.9795
0.97812
0.97858
0.97904
0.97816
0.97916
0.97754
0.97976
0.97868
0.97896
0.97872
0.97838
0.97944
0.97914
0.97836
0.98008
0.97892
0.97862
0.97976
0.97858
0.97884
0.979
0.97802
0.97918
0.97856
0.97998
0.97884
0.9801
0.97896
0.97862
0.9803
0.97876
0.98026
0.97826
0.97748
0.97708
0.9787
0.97998
0.97932
0.97742
0.97828
0.9789
0.97876
0.97972
0.97932
0.97872
0.97964
0.97966
0.97892
0.97918
0.9781
0.97892
0.9804
0.97866
0.97816
0.9785
0.97836
0.9795
0.97866
0.98012
0.97868
0.97864
0.9796
0.97892
0.97886
0.97888
0.97954
0.97892
0.9784
0.97812
0.9798
0.9786
0.97888
0.97826
0.97928
0.9788
0.97846
0.97886
0.97938
0.97894
0.9796
0.97826
0.979
0.98056
0.98
0.97802
0.97942
0.97848
0.97832
0.97964
0.9781
0.9788
0.97866
0.98028
0.97868
0.9792
0.97772
0.97792
0.97928
0.97848
0.97838
0.97892
0.97984
0.97954
0.97984
0.97806
0.9795
0.97838
0.97924
0.979
0.97854
0.97904
0.97898
0.97894
0.97916
0.9772
0.97694
0.97864
0.97846
0.97846
0.97926
0.97778
0.97808
0.97828
0.9784
0.97892
0.97866
0.9783
0.97978
0.97846
0.9794
0.9795
0.97966
0.97866
0.97816
0.97914
0.9789
0.97898
0.97844
0.97916
0.9782
0.9797
0.97908
0.97954
0.9785
0.97838
0.9794
0.97762
0.97732
0.97828
0.97788
0.97876
0.9782
0.97894
0.97832
0.97924
0.97804
0.97778
0.9786
0.97742
0.97954
0.97828
0.97898
0.97994
0.97884
0.97878
0.97752
0.97794
0.97874
0.97894
0.97848
0.97868
0.98026
0.97894
0.97804
0.979
0.97936
0.97858
0.97848
0.9792
0.97854
0.9794
0.97854
0.97992
0.97872
0.97886
0.97884
0.97912
0.97772
0.97906
0.9779
0.9776
0.97846
0.9798
0.97856
0.97892
0.97914
0.97886
0.97956
0.97944
0.97824
0.97866
0.97834
0.97914
0.9777
0.97776
0.9779
0.97958
0.97862
0.97902
0.97784
0.97982
0.97936
0.9791
0.97876
0.97984
0.97854
0.9781
0.97842
0.9789
0.9789
0.97936
0.97804
0.9796
0.97834
0.97898
0.97886
0.97824
0.97968
0.97848
0.97912
0.97898
0.97994
0.97758
0.97938
0.97934
0.97916
0.97864
0.9777
0.97724
0.9783
0.97738
0.97986
0.97822
0.97798
0.97992
0.97788
0.97828
0.9793
0.9776
0.97942
0.97864
0.97774
0.97888
0.97824
0.97894
0.97868
0.97862
0.97812
0.97774
0.97902
0.97864
0.9779
0.97946
0.97866
0.97806
0.97806
0.9779
0.97922
0.97928
0.97968
0.97914
0.97962
0.97964
0.97828
0.97868
0.97918
0.97888
0.97806
0.97858
0.9794
0.98014
0.97924
0.97902
0.979
0.97798
0.97808
0.9794
0.97942
0.97854
0.97862
0.97858
0.97832
0.97844
0.97976
0.97884
0.97812
0.97842
0.97716
0.97788
0.97926
0.97924
0.97882
0.97904
0.97708
0.97662
0.97964
0.97934
0.9793
0.97824
0.97946
0.97878
0.9799
0.98054
0.97874
0.98018
0.97888
0.9791
0.97942
0.97966
0.97868
0.9779
0.9792
0.97844
0.97804
0.97974
0.97888
0.97876
0.9803
0.97944
0.9788
0.97972
0.97938
0.9798
0.97806
0.97912
0.97996
0.98014
0.97782
0.97906
0.9805
0.97822
0.97936
0.97978
0.9779
0.97818
0.9795
0.97906
0.97906
0.97922
0.97972
0.9801
0.97904
0.97888
0.97822
0.97894
0.9793
0.97832
0.978
0.97766
0.9793
0.97924
0.9786
0.97926
0.97896
0.97756
0.97898
0.97884
0.9782
0.97878
0.97824
0.97812
0.97854
0.9783
0.9782
0.97992
0.97992
0.9785
0.97986
0.97802
0.97904
0.97838
0.9785
0.9792
0.97944
0.97848
0.978
0.97822
0.97864
0.9791
0.97926
0.97828
0.97972
0.97866
0.97764
0.97866
0.97784
0.97986
0.9782
0.9783
0.97846
0.97854
0.97796
0.97956
0.9785
0.97948
0.97864
0.979
0.97836
0.9793
0.97914
0.97824
0.97866
0.97772
0.97802
0.97846
0.97802
0.97918
0.97904
0.9781
0.97872
0.97884
0.9786
0.9789
0.97926
0.97918
0.97818
0.97792
0.97766
0.9794
0.97848
0.97858
0.97948
0.98026
0.9785
0.97746
0.97866
0.97904
0.97766
0.97888
0.97862
0.97718
0.97922
0.97926
0.97866
0.97818
0.97824
0.97896
0.97844
0.97952
0.97964
0.97948
0.97964
0.97874
0.97946
0.97946
0.9792
0.9788
0.9782
0.97868
0.97896
0.98026
0.9785
0.97884
0.97728
0.97832
0.97924
0.97932
0.97888
0.9783
0.97894
0.97836
0.97974
0.97844
0.9784
0.97938
0.9788
0.97894
0.97982
0.97858
0.97812
0.97866
0.97962
0.97898
0.97882
0.9789
0.9787
0.97886
0.9796
0.97956
0.98012
0.97862
0.97956
0.97952
0.97862
0.97934
0.97768
0.9785
0.97944
0.97906
0.97852
0.97858
0.97778
0.9778
0.97854
0.9785
0.97872
0.97862
0.97982
0.9783
0.9798
0.97924
0.97912
0.9783
0.97912
0.97934
0.97826
0.98006
0.97946
0.9787
0.9788
0.97872
0.97904
0.97954
0.97912
0.97992
0.97822
0.97906
0.97786
0.97754
0.97844
0.97864
0.97838
0.97814
0.9799
0.97826
0.97922
0.9772
0.9787
0.97968
0.97764
0.97964
0.97818
0.97924
0.97904
0.97842
0.97902
0.97744
0.97908
0.97678
0.9779
0.97808
0.97944
0.9797
0.9787
0.97888
0.9797
0.97924
0.97776
0.97844
0.97934
0.97836
0.9774
0.97906
0.9768
0.9778
0.97818
0.97898
0.97992
0.9779
0.97806
0.97792
0.97918
0.9794
0.9792
0.9797
0.97936
0.97938
0.97888
0.97856
0.9784
0.97854
0.97972
0.97978
0.97866
0.97926
0.97872
0.97936
0.97818
0.97766
0.97814
0.97814
0.97934
0.97928
0.97818
0.97856
0.9792
0.97844
0.9773
0.97864
0.97892
0.97864
0.98004
0.97766
0.978
0.9801
0.97966
0.97918
0.98042
0.97984
0.97884
0.97872
0.97924
0.97968
0.97948
0.9787
0.97904
0.97858
0.97896
0.97902
0.97858
0.97902
0.97878
0.97788
0.97922
0.97918
0.97928
0.97894
0.97898
0.97916
0.9795
0.97742
0.97788
0.97918
0.97916
0.97764
0.97886
0.97794
0.9787
0.9785
0.97994
0.9777
0.97814
0.98018
0.97926
0.9794
0.97882
0.97776
0.9782
0.97862
0.97868
0.97818
0.97966
0.97998
0.97956
0.97974
0.97854
0.9791
0.97852
0.9788
0.97958
0.98004
0.9802
0.97954
0.97926
0.9791
0.97914
0.978
0.97762
0.9801
0.97876
0.9779
0.97826
0.97806
0.97796
0.97906
0.97752
0.9776
0.9777
0.97964
0.9781
0.9808
0.97908
0.97828
0.97874
0.97972
0.97826
0.9779
0.97822
0.97878
0.979
0.97904
0.97964
0.97782
0.97888
0.9788
0.97724
0.9787
0.97982
0.97922
0.9795
0.9786
0.97972
0.97972
0.97998
0.979
0.97828
0.9799
0.97874
0.97956
0.98034
0.97856
0.97872
0.98088
0.9785
0.97986
0.97854
0.97936
0.97894
0.98006
0.97854
0.97896
0.97922
0.97922
0.97932
0.9785
0.9775
0.98018
0.97928
0.97988
0.97948
0.97862
0.9784
0.97934
0.97922
0.97972
0.97836
0.97906
0.97904
0.97914
0.97836
0.97846
0.97844
0.97882
0.97942
0.97884
0.97888
0.97952
0.978
0.979
0.97878
0.97948
0.9776
0.98068
0.97934
0.9793
0.97956
0.97838
0.97892
0.97796
0.97844
0.979
0.97942
0.9791
0.97862
0.9795
0.97896
0.9797
0.97842
0.97932
0.9778
0.97792
0.97818
0.97884
0.97796
0.9772
0.97934
0.97844
0.97942
0.97818
0.97812
0.9778
0.97854
0.97828
0.97866
0.97864
0.97872
0.97864
0.978
0.9785
0.97776
0.97846
0.97898
0.97944
0.9793
0.98036
0.97896
0.97958
0.97766
0.97862
0.98006
0.97988
0.97786
0.97944
0.97876
0.97896
0.9788
0.98012
0.97934
0.979
0.97974
0.9792
0.98064
0.97884
0.97834
0.97826
0.97898
0.97736
0.97876
0.9776
0.978
0.97842
0.97868
0.97934
0.9784
0.9781
0.97974
0.97842
0.9793
0.9772
0.97982
0.97746
0.97872
0.97926
0.97882
0.97972
0.97892
0.97846
0.97876
0.9787
0.97832
0.97738
0.97948
0.9788
0.97866
0.9804
0.97982
0.97878
0.97698
0.97918
0.97736
0.97942
0.97848
0.97976
0.97924
0.9793
0.98018
0.97838
0.97908
0.9783
0.97928
0.97896
0.97952
0.97836
0.97936
0.97776
0.97866
0.97808
0.97994
0.97844
0.97796
0.9787
0.9797
0.9782
0.9773
0.97836
0.9789
0.97964
0.9784
0.97902
0.9784
0.97864
0.97816
0.97968
0.97916
0.97776
0.97866
0.97862
0.97958
0.97856
0.98024
0.97818
0.97818
0.97864
0.97886
0.97872
0.97812
0.97778
0.97782
0.97898
0.9791
0.97918
0.97874
0.97858
0.9777
0.97886
0.97994
0.97862
0.97842
0.9773
0.97808
0.97802
0.97984
0.97954
0.97998
0.97794
0.9779
0.97712
0.97838
0.97714
0.97794
0.97874
0.97884
0.97902
0.97932
0.9795
0.97868
0.97906
0.97812
0.98012
0.97936
0.9804
0.97742
0.97854
0.97812
0.9787
0.97944
0.97896
0.97852
0.9787
0.97918
0.97814
0.97908
0.97792
0.97894
0.97814
0.97934
0.97858
0.97934
0.97924
0.97938
0.97848
0.97928
0.97902
0.9793
0.97954
0.9793
0.97832
0.97988
0.9776
0.9784
0.97718
0.97846
0.97848
0.9798
0.97874
0.97702
0.97948
0.97836
0.97814
0.97906
0.97834
0.97764
0.97978
0.97778
0.9786
0.97982
0.97778
0.9772
0.97854
0.97976
0.9767
0.97904
0.97838
0.97976
0.97926
0.9782
0.97936
0.97944
0.97928
0.97988
0.97888
0.97828
0.9778
0.97844
0.97984
0.97772
0.97804
0.97888
0.97862
0.9783
0.9776
0.97902
0.97978
0.97816
0.9785
0.97924
0.97756
0.97932
0.97874
0.97782
0.97902
0.97908
0.97864
0.9798
0.97962
0.97878
0.97866
0.97882
0.97828
0.97804
0.97886
0.97864
0.97966
0.9793
0.9784
0.97814
0.97782
0.97886
0.97852
0.9796
0.978
0.97902
0.9783
0.98118
0.97844
0.9792
0.97974
0.97946
0.97866
0.97892
0.97822
0.97832
0.97958
0.9791
0.97718
0.9812
0.97976
0.97832
0.9785
0.9794
0.97994
0.9779
0.97854
0.97848
0.9789
0.97908
0.97788
0.97808
0.97856
0.97834
0.97922
0.97962
0.9773
0.97772
0.97828
0.97946
0.97908
0.97818
0.97772
0.98004
0.97854
0.97912
0.97906
0.9789
0.97882
0.979
0.9786
0.97948
0.97918
0.97982
0.9781
0.97898
0.9783
0.97796
0.97832
0.97928
0.9779
0.9798
0.97854
0.97794
0.97972
0.9778
0.97934
0.97868
0.97936
0.97862
0.97882
0.97996
0.98078
0.97818
0.98028
0.9777
0.97848
0.97882
0.9788
0.97928
0.9782
0.97868
0.9778
0.97894
0.97852
0.97972
0.97904
0.97852
0.97918
0.9786
0.97874
0.97996
0.97958
0.97948
0.97788
0.97856
0.9783
0.97894
0.97796
0.97912
0.97906
0.97848
0.97834
0.97868
0.97818
0.97796
0.97792
0.97902
0.979
0.97882
0.978
0.98002
0.97946
0.97796
0.979
0.97848
0.97928
0.9785
0.97884
0.97868
0.97832
0.97892
0.97766
0.97866
0.97856
0.97774
0.9782
0.97742
0.9787
0.97968
0.97964
0.97752
0.97884
0.9788
0.97818
0.97802
0.97766
0.97886
0.9778
0.9796
0.97744
0.97898
0.97976
0.97808
0.97868
0.97908
0.97836
0.979
0.97872
0.98068
0.97738
0.9788
0.98016
0.98026
0.97912
0.97856
0.97994
0.97884
0.97832
0.97858
0.97984
0.98052
0.9787
0.97848
0.97936
0.97948
0.98054
0.97866
0.97938
0.97976
0.98038
0.97916
0.98026
0.9787
0.97814
0.9795
0.97856
0.97912
0.97744
0.97902
0.97848
0.97918
0.97836
0.97924
0.9794
0.97816
0.97848
0.97964
0.97832
0.978
0.97846
0.97924
0.97904
0.97904
0.97794
0.97866
0.97684
0.97882
0.9787
0.9788
0.97864
0.97718
0.9807
0.97864
0.97906
0.97654
0.97842
0.9795
0.97846
0.97818
0.97864
0.97912
0.97838
0.97908
0.97946
0.97912
0.97872
0.97932
0.9785
0.97812
0.97924
0.9778
0.9786
0.97784
0.97958
0.97854
0.97898
0.98056
0.97924
0.9794
0.97972
0.9778
0.97892
0.9785
0.97874
0.97908
0.97888
0.97854
0.97904
0.97898
0.97912
0.97806
0.97816
0.97952
0.97902
0.9791
0.97868
0.97786
0.97894
0.97986
0.97792
0.97886
0.97894
0.97896
0.978
0.979
0.97842
0.97908
0.9796
0.9787
0.97738
0.97814
0.97824
0.97964
0.97838
0.97806
0.98002
0.97928
0.97944
0.97842
0.97908
0.9788
0.97862
0.97964
0.9772
0.9805
0.97794
0.97838
0.97906
0.97726
0.97972
0.9785
0.9777
0.9792
0.97946
0.9797
0.97896
0.97894
0.97984
0.97872
0.97928
0.97854
0.97868
0.97916
0.9787
0.9788
0.97988
0.9788
0.97806
0.97858
0.9781
0.97792
0.97952
0.97926
0.97858
0.9788
0.979
0.9784
0.97974
0.979
0.9795
0.97788
0.9777
0.97758
0.97744
0.97824
0.97942
0.97898
0.97686
0.97914
0.9797
0.9791
0.97896
0.97742
0.97918
0.97782
0.97884
0.97752
0.97964
0.97774
0.9797
0.9794
0.97946
0.97792
0.97914
0.9795
0.98002
0.97806
0.97906
0.9794
0.97758
0.97842
0.97924
0.97928
0.97854
0.97868
0.97902
0.97896
0.9783
0.97944
0.97844
0.97994
0.97866
0.97802
0.98014
0.97946
0.97766
0.97848
0.97854
0.97958
0.97874
0.9795
0.97916
0.98024
0.9784
0.97902
0.97746
0.97864
0.97952
0.97902
0.9782
0.9786
0.97834
0.97838
0.9784
0.97858
0.97888
0.97866
0.97942
0.97862
0.97828
0.97924
0.97982
0.97774
0.97778
0.97898
0.97902
0.97938
0.9791
0.98
0.97732
0.97848
0.97898
0.9785
0.9781
0.9786
0.97882
0.9782
0.97748
0.9785
0.97788
0.97868
0.97824
0.97768
0.97898
0.97876
0.97894
0.97942
0.97984
0.9783
0.97764
0.97938
0.9782
0.97772
0.97898
0.97782
0.97942
0.97992
0.97758
0.97842
0.97722
0.97974
0.9781
0.97812
0.9793
0.98036
0.97766
0.97792
0.98006
0.97888
0.97844
0.97972
0.9787
0.97926
0.97842
0.97944
0.97862
0.98032
0.97842
0.9796
0.97866
0.97942
0.979
0.97766
0.9777
0.97844
0.9787
0.98014
0.97818
0.97814
0.97802
0.97958
0.9777
0.97878
0.97882
0.97902
0.97894
0.97846
0.97918
0.9786
0.97864
0.9797
0.97952
0.97984
0.97946
0.97838
0.97906
0.97894
0.97852
0.97976
0.97854
0.97878
0.97842
0.97812
0.9797
0.97758
0.97944
0.97792
0.9783
0.97948
0.97924
0.97912
0.97812
0.97812
0.97964
0.9786
0.97954
0.98054
0.9781
0.98008
0.97958
0.9789
0.9789
0.97808
0.9786
0.9789
0.97942
0.9786
0.97848
0.97926
0.97832
0.97838
0.97832
0.97866
0.97934
0.97814
0.9788
0.9782
0.97812
0.97812
0.97942
0.978
0.97946
0.97914
0.97984
0.97748
0.97896
0.9789
0.97718
0.97912
0.97778
0.97866
0.97778
0.97936
0.97932
0.97922
0.9804
0.9789
0.978
0.97896
0.97788
0.97782
0.98074
0.97904
0.97956
0.97862
0.97862
0.98002
0.98104
0.97906
0.98008
0.97778
0.97884
0.97758
0.9792
0.979
0.97934
0.97788
0.97852
0.97836
0.97926
0.9793
0.97828
0.97868
0.97986
0.97902
0.9779
0.9794
0.9784
0.97938
0.97994
0.9785
0.97788
0.97872
0.97914
0.97868
0.97734
0.97986
0.97932
0.97936
0.97918
0.98024
0.9792
0.97902
0.97836
0.97718
0.97932
0.97952
0.97818
0.9791
0.97798
0.97642
0.9783
0.97924
0.97836
0.97848
0.97856
0.97804
0.97786
0.97874
0.97906
0.97852
0.97754
0.9793
0.97734
0.97904
0.97828
0.9775
0.9789
0.97942
0.97996
0.97772
0.9776
0.97854
0.9779
0.97886
0.9787
0.97786
0.97888
0.97816
0.97964
0.97786
0.97922
0.97888
0.97798
0.97842
0.97858
0.97756
0.97918
0.97884
0.97872
0.9779
0.9784
0.9791
0.97942
0.97978
0.97746
0.97804
0.97894
0.9795
0.9789
0.98086
0.97856
0.97844
0.9779
0.97908
0.97878
0.97816
0.9774
0.97942
0.97876
0.9801
0.9789
0.97984
0.97748
0.97846
0.97904
0.97812
0.97992
0.97908
0.97766
0.9792
0.97876
0.97868
0.97848
0.97812
0.97924
0.97982
0.97848
0.97864
0.97876
0.97896
0.97946
0.97796
0.97902
0.97958
0.9787
0.97894
0.97732
0.9798
0.98042
0.98002
0.97844
0.97848
0.9776
0.97962
0.9801
0.97768
0.97934
0.97946
0.97978
0.97782
0.9782
0.9786
0.97928
0.97792
0.97806
0.97852
0.97946
0.97878
0.97846
0.9794
0.9786
0.9787
0.97954
0.97832
0.97968
0.97906
0.97896
0.9791
0.9779
0.97866
0.97884
0.9807
0.97796
0.97778
0.97868
0.9779
0.97846
0.9787
0.97952
0.97748
0.97922
0.97828
0.97854
0.97938
0.9796
0.97986
0.97928
0.9779
0.97974
0.97928
0.97958
0.97898
0.97974
0.97972
0.97808
0.97836
0.97828
0.9787
0.97888
0.97854
0.9792
0.9789
0.97844
0.9801
0.9794
0.97894
0.97858
0.97916
0.97854
0.9786
0.97982
0.97874
0.97898
0.97806
0.97982
0.97842
0.98006
0.97838
0.97936
0.98012
0.97716
0.978
0.97954
0.97898
0.97894
0.97806
0.97778
0.97874
0.9785
0.97924
0.97846
0.97834
0.97924
0.97882
0.97844
0.97974
0.9786
0.97918
0.97836
0.97888
0.97834
0.97942
0.97916
0.97848
0.97716
0.97944
0.97842
0.97806
0.97844
0.97784
0.97742
0.97868
0.97848
0.97888
0.9789
0.97934
0.97834
0.97706
0.97898
0.97824
0.9801
0.97974
0.97784
0.97884
0.97836
0.97892
0.97992
0.97814
0.97822
0.9782
0.9789
0.97964
0.97982
0.97866
0.97876
0.97912
0.97906
0.97834
0.97838
0.97954
0.97778
0.97908
0.98042
0.97838
0.97752
0.97962
0.97862
0.97906
0.97884
0.9784
0.97926
0.9785
0.9785
0.97874
0.9792
0.9783
0.97746
0.97868
0.98018
0.97814
0.97904
0.9788
0.97838
0.97808
0.9776
0.98
0.97716
0.97852
0.97812
0.97798
0.97814
0.97844
0.97856
0.97798
0.97878
0.97944
0.97822
0.97944
0.97864
0.97736
0.9781
0.97842
0.97922
0.97906
0.97854
0.97898
0.97934
0.97956
0.97906
0.97794
0.97924
0.97802
0.98026
0.97848
0.97878
0.97946
0.97922
0.9782
0.97914
0.97986
0.97934
0.97736
0.97924
0.97884
0.97884
0.97974
0.97936
0.97818
0.97792
0.97928
0.97842
0.97872
0.9785
0.97834
0.97914
0.9792
0.97906
0.9787
0.9786
0.979
0.9795
0.9787
0.97922
0.9802
0.9788
0.97922
0.97988
0.97898
0.9808
0.97822
0.97878
0.9783
0.97826
0.97876
0.97838
0.9792
0.97814
0.97846
0.9789
0.979
0.97864
0.97924
0.97872
0.9788
0.9781
0.97924
0.97948
0.97958
0.97942
0.97908
0.98002
0.97842
0.97916
0.97862
0.97706
0.97946
0.9793
0.98028
0.9791
0.9792
0.97842
0.9785
0.97812
0.98014
0.97888
0.97806
0.98016
0.98052
0.97828
0.98004
0.97864
0.97778
0.97874
0.97714
0.97886
0.97976
0.9791
0.97894
0.97906
0.9782
0.97882
0.97942
0.97868
0.97942
0.97852
0.9781
0.97914
0.97928
0.97834
0.97852
0.98018
0.97898
0.97806
0.97838
0.97978
0.9792
0.9793
0.97876
0.98008
0.97944
0.97856
0.9791
0.9779
0.97866
0.97754
0.9789
0.97876
0.97828
0.9792
0.97844
0.97822
0.97938
0.97836
0.97754
0.98068
0.97946
0.97924
0.97872
0.98026
0.9802
0.97838
0.97928
0.97804
0.9781
0.9784
0.97944
0.97732
0.97826
0.97858
0.9788
0.9781
0.97958
0.97798
0.97822
0.97784
0.97814
0.97806
0.97712
0.97798
0.97914
0.97722
0.97856
0.97696
0.97928
0.97864
0.98028
0.97906
0.9804
0.9785
0.97826
0.97932
0.9793
0.978
0.97858
0.97862
0.97968
0.97844
0.97862
0.97808
0.97878
0.9782
0.97874
0.9775
0.9789
0.9787
0.9785
0.97846
0.9777
0.97874
0.9791
0.97926
0.97846
0.97862
0.9795
0.97886
0.97854
0.97834
0.97908
0.97834
0.9786
0.97902
0.97838
0.97832
0.97834
0.97786
0.97852
0.97864
0.97942
0.98036
0.97806
0.9794
0.97918
0.97748
0.97858
0.97962
0.98044
0.9783
0.9784
0.97868
0.97918
0.9785
0.98
0.97802
0.97844
0.97934
0.97876
0.97808
0.97934
0.98006
0.9801
0.97892
0.97868
0.97834
0.97776
0.9797
0.97846
0.9794
0.97758
0.9793
0.97838
0.9794
0.97926
0.97852
0.97974
0.97808
0.97794
0.97796
0.97896
0.97866
0.98042
0.97836
0.9782
0.97796
0.98066
0.97916
0.9794
0.97696
0.97844
0.97888
0.9792
0.97876
0.97944
0.97776
0.97824
0.98006
0.9796
0.97904
0.97882
0.97842
0.9782
0.97902
0.9781
0.97768
0.97926
0.97866
0.97918
0.9789
0.979
0.97838
0.9789
0.97836
0.97862
0.98074
0.97884
0.97794
0.97788
0.97724
0.98006
0.97866
0.97886
0.97926
0.9788
0.97986
0.97756
0.9793
0.9791
0.97902
0.97904
0.9792
0.97882
0.97742
0.97818
0.97828
0.97826
0.97802
0.97782
0.9801
0.98016
0.97968
0.9789
0.97946
0.97994
0.97832
0.97878
0.97892
0.97906
0.97778
0.97856
0.9794
0.97952
0.97846
0.97854
0.98008
0.97896
0.97868
0.9802
0.97734
0.97896
0.97966
0.97886
0.98034
0.97968
0.97942
0.97922
0.97864
0.97996
0.97874
0.97984
0.97962
0.97896
0.97846
0.97886
0.97908
0.9782
0.97834
0.97824
0.97786
0.97932
0.97852
0.9806
0.9796
0.97842
0.97976
0.9779
0.97966
0.9785
0.9781
0.9789
0.97962
0.97812
0.97902
0.97834
0.97744
0.97862
0.97852
0.97884
0.97924
0.97874
0.9792
0.97938
0.97834
0.97812
0.97792
0.97952
0.9792
0.97864
0.97858
0.97822
0.97934
0.97886
0.977
0.9791
0.97928
0.9794
0.97858
0.98004
0.97908
0.98014
0.97898
0.9787
0.97908
0.97788
0.97804
0.97834
0.97822
0.9792
0.97862
0.97842
0.97916
0.97968
0.97968
0.97798
0.97888
0.97924
0.97934
0.97884
0.97902
0.97802
0.97808
0.97872
0.97916
0.97806
0.97948
0.97934
0.97994
0.9786
0.97884
0.97866
0.97974
0.97832
0.97818
0.9798
0.97944
0.97876
0.97924
0.97812
0.98
0.97962
0.97902
0.98012
0.97872
0.97892
0.97836
0.97952
0.9802
0.97924
0.97916
0.97842
0.97908
0.97834
0.9811
0.97852
0.97782
0.97882
0.97806
0.97884
0.9798
0.97814
0.97972
0.97882
0.97938
0.97934
0.97892
0.9778
0.97922
0.9802
0.97896
0.97966
0.97914
0.97898
0.97902
0.97936
0.97884
0.98032
0.97844
0.97868
0.97906
0.97948
0.9791
0.97912
0.9772
0.9771
0.97978
0.97856
0.97802
0.97908
0.97794
0.97978
0.98056
0.97812
0.9796
0.97916
0.97954
0.97948
0.97984
0.97714
0.9797
0.97852
0.97746
0.97908
0.9777
0.97884
0.97932
0.97844
0.97906
0.97766
0.97954
0.97824
0.97844
0.97746
0.97898
0.97978
0.9783
0.97962
0.97896
0.97902
0.978
0.977
0.97842
0.97922
0.9788
0.9789
0.97774
0.97782
0.9793
0.9778
0.97886
0.97882
0.97808
0.97952
0.97844
0.9781
0.97868
0.97896
0.9793
0.97986
0.97842
0.9795
0.97778
0.9789
0.97946
0.97912
0.979
0.97926
0.98018
0.97834
0.97908
0.97942
0.9798
0.97842
0.9782
0.979
0.9797
0.97908
0.97948
0.97854
0.9776
0.97788
0.9786
0.97916
0.97838
0.9783
0.97784
0.9779
0.97848
0.97774
0.97696
0.97858
0.97934
0.97978
0.97918
0.97936
0.97918
0.9787
0.9797
0.97966
0.97952
0.97732
0.97916
0.97922
0.97866
0.9788
0.9781
0.97928
0.97916
0.97702
0.97926
0.97852
0.97764
0.97964
0.979
0.9789
0.97932
0.97898
0.97804
0.97862
0.97788
0.97728
0.97878
0.97828
0.97876
0.9785
0.97846
0.97936
0.97888
0.97856
0.97842
0.97844
0.97974
0.97758
0.97816
0.97976
0.9787
0.97788
0.98016
0.9779
0.97914
0.97872
0.97882
0.97972
0.97944
0.97808
0.97908
0.97872
0.9782
0.98042
0.97874
0.97872
0.97936
0.97816
0.97826
0.97804
0.97844
0.97902
0.97824
0.97854
0.97974
0.97846
0.97784
0.9783
0.97888
0.97928
0.97792
0.97948
0.97832
0.97814
0.9794
0.97858
0.97948
0.9794
0.97878
0.97996
0.9782
0.97936
0.97882
0.97734
0.9791
0.97898
0.97888
0.97918
0.97892
0.97754
0.9766
0.97992
0.9786
0.9787
0.97916
0.97732
0.97922
0.97748
0.97902
0.97938
0.97824
0.97904
0.97944
0.97828
0.97772
0.97828
0.97988
0.97962
0.97884
0.9789
0.97912
0.97754
0.97884
0.97904
0.97954
0.97834
0.97826
0.97942
0.97912
0.97998
0.97974
0.97732
0.97998
0.97854
0.97864
0.97916
0.97922
0.97952
0.97796
0.97848
0.97898
0.97874
0.97738
0.97782
0.97804
0.97858
0.97948
0.97888
0.97994
0.97866
0.97962
0.9784
0.97922
0.97956
0.97802
0.9786
0.9792
0.9799
0.97844
0.9786
0.97936
0.97988
0.97922
0.9788
0.97912
0.97902
0.979
0.97784
0.97806
0.97838
0.98098
0.9796
0.97866
0.97902
0.97888
0.97894
0.97918
0.97882
0.97972
0.97806
0.97914
0.97908
0.97884
0.97882
0.98048
0.9791
0.97732
0.9805
0.97834
0.97854
0.97824
0.97844
0.97986
0.97884
0.9782
0.97998
0.9785
0.97932
0.9781
0.97816
0.98008
0.97894
0.97884
0.97812
0.97792
0.97778
0.9799
0.97998
0.9773
0.97858
0.97908
0.9787
0.97896
0.9797
0.97812
0.97836
0.97832
0.97778
0.97956
0.97878
0.9784
0.97752
0.97814
0.97886
0.98002
0.97902
0.9785
0.9774
0.97944
0.97896
0.97862
0.97958
0.97784
0.97822
0.97938
0.97842
0.97786
0.97898
0.97946
0.97892
0.9789
0.97938
0.97992
0.97898
0.97862
0.97952
0.97798
0.97836
0.97842
0.98016
0.97846
0.97928
0.97894
0.978
0.97936
0.97888
0.97918
0.97738
0.97888
0.97846
0.97998
0.97864
0.97918
0.97982
0.9791
0.97888
0.9783
0.97866
0.97712
0.97704
0.97914
0.97886
0.97936
0.97956
0.97794
0.97824
0.97976
0.97838
0.97734
0.97874
0.97846
0.97876
0.978
0.97732
0.97954
0.97734
0.9783
0.97804
0.97826
0.97924
0.97942
0.97894
0.97852
0.97838
0.97864
0.97898
0.9791
0.97816
0.97816
0.9787
0.97906
0.97814
0.9784
0.97894
0.97946
0.9781
0.97908
0.9788
0.97942
0.97724
0.97814
0.98008
0.97882
0.97918
0.9788
0.97916
0.9772
0.97874
0.9796
0.97912
0.97948
0.97852
0.97936
0.97822
0.9804
0.97798
0.97788
0.97692
0.98032
0.97872
0.97934
0.9784
0.9783
0.98008
0.97894
0.97788
0.97812
0.97794
0.97892
0.97852
0.97928
0.9783
0.97898
0.9789
0.97912
0.97778
0.97856
0.97954
0.97954
0.97896
0.97826
0.97954
0.979
0.97936
0.9785
0.97864
0.97958
0.97828
0.97952
0.9783
0.9792
0.97856
0.97724
0.97704
0.97914
0.97856
0.97794
0.97898
0.97842
0.97968
0.9793
0.97864
0.97812
0.9783
0.97784
0.9784
0.97854
0.979
0.97874
0.97934
0.9788
0.9786
0.9795
0.97846
0.97884
0.97974
0.979
0.98008
0.98034
0.97884
0.9788
0.9793
0.97772
0.9798
0.97898
0.97854
0.97856
0.97906
0.97852
0.97836
0.9785
0.97808
0.9803
0.9803
0.9784
0.97884
0.97906
0.97896
0.97962
0.979
0.97916
0.9781
0.97802
0.97948
0.97894
0.97808
0.97854
0.97778
0.97884
0.97796
0.97868
0.9785
0.97814
0.9789
0.97794
0.9792
0.97936
0.98024
0.98018
0.97912
0.98046
0.9788
0.9789
0.97876
0.97904
0.97896
0.97864
0.97884
0.97956
0.97886
0.97872
0.98066
0.97894
0.97836
0.97864
0.97864
0.97888
0.97826
0.97754
0.97824
0.97952
0.97894
0.97836
0.97974
0.9767
0.97914
0.97966
0.97918
0.97966
0.97974
0.97906
0.97912
0.97874
0.97862
0.97924
0.97994
0.97678
0.97874
0.97884
0.97896
0.97944
0.97942
0.9795
0.97888
0.97846
0.98034
0.97954
0.97802
0.97758
0.97892
0.97914
0.97878
0.97922
0.97774
0.97896
0.97892
0.97822
0.9788
0.98016
0.97804
0.97824
0.97864
0.97886
0.9794
0.97952
0.97814
0.97902
0.9788
0.97772
0.97798
0.9781
0.97852
0.97896
0.97876
0.97876
0.97782
0.9798
0.97958
0.97862
0.97908
0.97872
0.97768
0.97848
0.97828
0.97844
0.9791
0.97898
0.97894
0.9786
0.9803
0.97784
0.98006
0.97912
0.97828
0.97888
0.9782
0.97862
0.9771
0.97806
0.97858
0.97968
0.97904
0.97858
0.9782
0.97988
0.97926
0.97932
0.97932
0.97828
0.97912
0.9792
0.97888
0.97822
0.98072
0.97878
0.97828
0.97878
0.97736
0.97728
0.97774
0.97908
0.9794
0.97844
0.97934
0.97902
0.97864
0.9791
0.9803
0.97862
0.97948
0.97982
0.97968
0.9776
0.97912
0.9793
0.97768
0.97804
0.9782
0.97786
0.97822
0.97866
0.97848
0.97862
0.97792
0.97954
0.98072
0.97864
0.97966
0.97892
0.97754
0.98008
0.97864
0.97884
0.97932
0.97884
0.9776
0.9779
0.97706
0.97866
0.97796
0.9781
0.97838
0.97974
0.97904
0.97882
0.97868
0.97922
0.98002
0.97896
0.9782
0.97864
0.9802
0.97918
0.97876
0.97846
0.97836
0.9788
0.97872
0.97762
0.97846
0.9784
0.9786
0.97762
0.97876
0.97878
0.97772
0.97822
0.9793
0.97774
0.97938
0.97946
0.97772
0.9791
0.97842
0.97876
0.98042
0.97844
0.97992
0.97858
0.9784
0.97946
0.97892
0.97718
0.97988
0.9784
0.97792
0.97854
0.97608
0.97748
0.97768
0.97776
0.97864
0.978
0.97802
0.97824
0.97906
0.97838
0.97888
0.97886
0.97932
0.97824
0.9791
0.97774
0.97826
0.979
0.97936
0.97874
0.97766
0.97832
0.97814
0.97842
0.98016
0.9784
0.97864
0.9796
0.97898
0.97766
0.9796
0.97964
0.97716
0.97784
0.97848
0.9797
0.97844
0.9789
0.9773
0.97814
0.97848
0.97868
0.97846
0.97758
0.97812
0.978
0.9786
0.97904
0.97924
0.9791
0.97864
0.97886
0.97932
0.97928
0.97858
0.9781
0.97892
0.97994
0.97842
0.97992
0.97636
0.97908
0.97904
0.97822
0.97842
0.97894
0.97774
0.98022
0.97948
0.9784
0.97894
0.9793
0.9796
0.97852
0.97984
0.97802
0.97836
0.97878
0.97832
0.9783
0.98028
0.97964
0.9788
0.9796
0.97792
0.97938
0.97866
0.9792
0.97834
0.97888
0.97818
0.97898
0.98002
0.97964
0.97748
0.9789
0.97906
0.9796
0.97942
0.97928
0.97974
0.97824
0.9781
0.97822
0.97956
0.97884
0.97782
0.9773
0.97972
0.97914
0.97912
0.9797
0.97942
0.97884
0.97812
0.97944
0.97974
0.97828
0.9792
0.97932
0.9785
0.98074
0.97886
0.97878
0.97986
0.9792
0.97932
0.9789
0.9786
0.97958
0.97862
0.97806
0.97876
0.9774
0.97964
0.97972
0.97836
0.97882
0.979
0.9798
0.97852
0.97876
0.97848
0.97842
0.97758
0.9789
0.97808
0.97998
0.97836
0.97884
0.97808
0.97978
0.97928
0.98062
0.97896
0.97972
0.97828
0.97798
0.97774
0.97938
0.97824
0.97976
0.979
0.97932
0.98012
0.97928
0.97764
0.97788
0.97932
0.97898
0.97884
0.97832
0.97758
0.97898
0.97872
0.9781
0.9786
0.9794
0.97898
0.97862
0.97806
0.97814
0.97942
0.97856
0.97728
0.97884
0.97762
0.97836
0.9796
0.97888
0.97828
0.97906
0.97904
0.97848
0.97924
0.9793
0.97774
0.97902
0.97954
0.97974
0.97756
0.97904
0.9781
0.979
0.97822
0.97948
0.97938
0.97948
0.97806
