-0.1379
-0.14686
-0.14564
-0.1461
-0.15326
-0.16204
-0.14464
-0.15564
-0.142
-0.13674
-0.14984
-0.1421
-0.15342
-0.17972
-0.16718
-0.15498
-0.15358
-0.15588
-0.15432
-0.1607
-0.14476
-0.14418
-0.14122
-0.14806
-0.1483
-0.15792
-0.1588
-0.15122
-0.16076
-0.16774
-0.16274
-0.16326
-0.1594
-0.15122
-0.15426
-0.14786
-0.15362
-0.1606
-0.1534
-0.1511
-0.14446
-0.15626
-0.1505
-0.15118
-0.1498
-0.1591
-0.15398
-0.15758
-0.14782
-0.14094
-0.14778
-0.1505
-0.15018
-0.14178
-0.1512
-0.15344
-0.15594
-0.16972
-0.15022
-0.16384
-0.15158
-0.1404
-0.15278
-0.15806
-0.15272
-0.14732
-0.16428
-0.164
-0.166
-0.17414
-0.15242
-0.16256
-0.1567
-0.15736
-0.15168
-0.15012
-0.15414
-0.14616
-0.15236
-0.1321
-0.13538
-0.14678
-0.14104
-0.15066
-0.16486
-0.17072
-0.16414
-0.16158
-0.1502
-0.15332
-0.14662
-0.13962
-0.15254
-0.1504
-0.14398
-0.14742
-0.14682
-0.1652
-0.14658
-0.16546
-0.15422
-0.1607
-0.17108
-0.16204
-0.16522
-0.14934
-0.15072
-0.14476
-0.1443
-0.1462
-0.14974
-0.13752
-0.1449
-0.1443
-0.13352
-0.1513
-0.15738
-0.15518
-0.15538
-0.1627
-0.16516
-0.14998
-0.15996
-0.15924
-0.14786
-0.14052
-0.15916
-0.1469
-0.16332
-0.15152
-0.15564
-0.1422
-0.14582
-0.14698
-0.16128
-0.14748
-0.15354
-0.1537
-0.1507
-0.14936
-0.14976
-0.1573
-0.1438
-0.14796
-0.1486
-0.15998
-0.16376
-0.157
-0.17754
-0.1681
-0.15084
-0.15216
-0.15338
-0.15954
-0.16172
-0.15632
-0.1553
-0.15364
-0.15224
-0.14858
-0.15332
-0.1433
-0.1389
-0.14086
-0.16132
-0.15964
-0.16182
-0.16132
-0.16106
-0.16598
-0.16482
-0.15878
-0.16204
-0.15658
-0.15052
-0.15366
-0.14518
-0.16074
-0.1529
-0.1473
-0.14996
-0.14308
-0.13232
-0.15198
-0.15218
-0.15712
-0.1495
-0.14432
-0.15046
-0.15448
-0.15078
-0.14046
-0.13964
-0.1493
-0.16542
-0.17406
-0.16738
-0.15468
-0.15758
-0.15512
-0.16012
-0.15462
-0.152
-0.1513
-0.15926
-0.15182
-0.13806
-0.15958
-0.16458
-0.16572
-0.14928
-0.16292
-0.15276
-0.14884
-0.14574
-0.15558
-0.14732
-0.14714
-0.16134
-0.16314
-0.16634
-0.16064
-0.15754
-0.14878
-0.18158
-0.1684
-0.16014
-0.15542
-0.15262
-0.15326
-0.15466
-0.14788
-0.15368
-0.14632
-0.15694
-0.15316
-0.14008
-0.15418
-0.1505
-0.1602
-0.16354
-0.15888
-0.14066
-0.13198
-0.14654
-0.14844
-0.14974
-0.14172
-0.14628
-0.15126
-0.15278
-0.14396
-0.14952
-0.15524
-0.16116
-0.15356
-0.15012
-0.15358
-0.15754
-0.15358
-0.14496
-0.16218
-0.15962
-0.15452
-0.15768
-0.16178
-0.15508
-0.14568
-0.15458
-0.1491
-0.14368
-0.1473
-0.15064
-0.1445
-0.152
-0.1481
-0.15838
-0.15652
-0.1541
-0.15844
-0.16532
-0.15222
-0.15132
-0.13482
-0.14742
-0.16398
-0.16742
-0.17428
-0.16152
-0.168
-0.16606
-0.15234
-0.1437
-0.15356
-0.15108
-0.15986
-0.15062
-0.13888
-0.14494
-0.15072
-0.15836
-0.15784
-0.15126
-0.14136
-0.15492
-0.14176
-0.14262
-0.1552
-0.17172
-0.15826
-0.16144
-0.15762
-0.15334
-0.17096
-0.15672
-0.15778
-0.15908
-0.15912
-0.15342
-0.16322
-0.15048
-0.1659
-0.1835
-0.16414
-0.15144
-0.15794
-0.17174
-0.16232
-0.15302
-0.15114
-0.16124
-0.15228
-0.13678
-0.12794
-0.14332
-0.15126
-0.14034
-0.13092
-0.15856
-0.1597
-0.1652
-0.16462
-0.1655
-0.13782
-0.15654
-0.15928
-0.1497
-0.16346
-0.15746
-0.15696
-0.17876
-0.16174
-0.16878
-0.16408
-0.1664
-0.15238
-0.1461
-0.15176
-0.1619
-0.14958
-0.15766
-0.14996
-0.15134
-0.15338
-0.14006
-0.13894
-0.15694
-0.15058
-0.14958
-0.16576
-0.15886
-0.15714
-0.1617
-0.14834
-0.15124
-0.14824
-0.14424
-0.14978
-0.14678
-0.1614
-0.17002
-0.15792
-0.16038
-0.15674
-0.15994
-0.16194
-0.15946
-0.15796
-0.16872
-0.15904
-0.15438
-0.1702
-0.15946
-0.15776
-0.1533
-0.15274
-0.1544
-0.16268
-0.16938
-0.15974
-0.15584
-0.1547
-0.15724
-0.15708
-0.16322
-0.1482
-0.13686
-0.13984
-0.1485
-0.13522
-0.15366
-0.15466
-0.16506
-0.16844
-0.1684
-0.16632
-0.16688
-0.16736
-0.15526
-0.16536
-0.16784
-0.1771
-0.17082
-0.17226
-0.17128
-0.1671
-0.16212
-0.16198
-0.16434
-0.16088
-0.14578
-0.15258
-0.15068
-0.14176
-0.15374
-0.1529
-0.13464
-0.15652
-0.15204
-0.16768
-0.1635
-0.1587
-0.1635
-0.15314
-0.1564
-0.16242
-0.15646
-0.14918
-0.14222
-0.1535
-0.16108
-0.15142
-0.15184
-0.14806
-0.14232
-0.13546
-0.15248
-0.15294
-0.15922
-0.1655
-0.16522
-0.1524
-0.14148
-0.1384
-0.16276
-0.14296
-0.1543
-0.15696
-0.1525
-0.13824
-0.1378
-0.1431
-0.1525
-0.16668
-0.1655
-0.13894
-0.13148
-0.13398
-0.1441
-0.15348
-0.15648
-0.16694
-0.15818
-0.15894
-0.15798
-0.15846
-0.1634
-0.16814
-0.16106
-0.14952
-0.1474
-0.15294
-0.15148
-0.1505
-0.14914
-0.13894
-0.13058
-0.1434
-0.14982
-0.14676
-0.16336
-0.14488
-0.1574
-0.1611
-0.166
-0.17134
-0.15786
-0.16488
-0.1632
-0.147
-0.14174
-0.13374
-0.1344
-0.1515
-0.14652
-0.14598
-0.14778
-0.15992
-0.14962
-0.14922
-0.15584
-0.15288
-0.15044
-0.15796
-0.1473
-0.1537
-0.15686
-0.15444
-0.15212
-0.16832
-0.15454
-0.16152
-0.17346
-0.1646
-0.14778
-0.14946
-0.13688
-0.14442
-0.14248
-0.14724
-0.14386
-0.15206
-0.14146
-0.15412
-0.1521
-0.14048
-0.139
-0.1297
-0.14372
-0.15978
-0.14256
-0.12862
-0.1325
-0.1413
-0.14704
-0.1511
-0.14432
-0.14244
-0.13624
-0.14048
-0.15746
-0.15656
-0.16044
-0.14898
-0.13842
-0.13944
-0.15072
-0.136
-0.14402
-0.13322
-0.15114
-0.14946
-0.15546
-0.1517
-0.15996
-0.151
-0.15094
-0.16124
-0.15732
-0.15768
-0.15278
-0.16494
-0.17392
-0.17504
-0.16954
-0.16624
-0.16038
-0.16666
-0.17526
-0.14984
-0.15066
-0.13716
-0.1615
-0.15574
-0.1562
-0.16438
-0.14106
-0.14352
-0.1535
-0.15484
-0.17108
-0.16024
-0.16066
-0.15902
-0.14082
-0.14578
-0.14456
-0.16122
-0.15522
-0.15808
-0.1567
-0.144
-0.1387
-0.14376
-0.14792
-0.15688
-0.16062
-0.17306
-0.17204
-0.16376
-0.15872
-0.15012
-0.15224
-0.15678
-0.15594
-0.1517
-0.14518
-0.15022
-0.13058
-0.1433
-0.15016
-0.13914
-0.1536
-0.15184
-0.15526
-0.14756
-0.15734
-0.1643
-0.15644
-0.14352
-0.15934
-0.15592
-0.1356
-0.1635
-0.16334
-0.16366
-0.1553
-0.15528
-0.15886
-0.15124
-0.14756
-0.14538
-0.14972
-0.14998
-0.14032
-0.1493
-0.15598
-0.17012
-0.14716
-0.14466
-0.14622
-0.15338
-0.14998
-0.14814
-0.14544
-0.14998
-0.15134
-0.1541
-0.16194
-0.14954
-0.15158
-0.14504
-0.15572
-0.15954
-0.1551
-0.15072
-0.1568
-0.15342
-0.15436
-0.15662
-0.14894
-0.15924
-0.15004
-0.15358
-0.1584
-0.16914
-0.15116
-0.15812
-0.16902
-0.16942
-0.16136
-0.15064
-0.16862
-0.15798
-0.15904
-0.1545
-0.16004
-0.14078
-0.13434
-0.14038
-0.14894
-0.15224
-0.16444
-0.15384
-0.14126
-0.1466
-0.1389
-0.14846
-0.1468
-0.14614
-0.14702
-0.15318
-0.159
-0.1751
-0.16026
-0.148
-0.15628
-0.1653
-0.15704
-0.15946
-0.14662
-0.14388
-0.16136
-0.1577
-0.1445
-0.1643
-0.15524
-0.1686
-0.16958
-0.16994
-0.15214
-0.1488
-0.15362
-0.1583
-0.16812
-0.15404
-0.14622
-0.14772
-0.14266
-0.14678
-0.15646
-0.16176
-0.16352
-0.14962
-0.14688
-0.14512
-0.14676
-0.15248
-0.14574
-0.1504
-0.15668
-0.16422
-0.1493
-0.1664
-0.1506
-0.15676
-0.1677
-0.159
-0.14804
-0.13928
-0.16902
-0.17748
-0.1599
-0.1635
-0.15478
-0.14908
-0.13838
-0.13796
-0.14242
-0.14784
-0.15896
-0.15454
-0.15308
-0.15172
-0.14046
-0.14026
-0.1327
-0.12602
-0.14146
-0.13978
-0.16196
-0.14848
-0.14092
-0.14266
-0.14144
-0.15428
-0.15446
-0.15684
-0.14648
-0.1397
-0.135
-0.14184
-0.13748
-0.1495
-0.1507
-0.14998
-0.14216
-0.14878
-0.16572
-0.16744
-0.14984
-0.14442
-0.14764
-0.15946
-0.15064
-0.16414
-0.17158
-0.16208
-0.15124
-0.15036
-0.16702
-0.17236
-0.17812
-0.16922
-0.14744
-0.14506
-0.14074
-0.15674
-0.16206
-0.16532
-0.15182
-0.14618
-0.14668
-0.15424
-0.16446
-0.15736
-0.15282
-0.15538
-0.1623
-0.15734
-0.15518
-0.15548
-0.15712
-0.1569
-0.15432
-0.13942
-0.15402
-0.14208
-0.14084
-0.13878
-0.13842
-0.14364
-0.15508
-0.15892
-0.1602
-0.16118
-0.16206
-0.14948
-0.15446
-0.15548
-0.15
-0.1601
-0.15338
-0.1409
-0.13768
-0.14884
-0.14348
-0.14132
-0.14778
-0.1374
-0.14604
-0.14978
-0.14318
-0.15376
-0.1513
-0.15966
-0.15728
-0.15326
-0.1349
-0.14772
-0.1411
-0.1524
-0.15074
-0.15432
-0.15302
-0.1629
-0.1595
-0.16102
-0.14818
-0.1469
-0.15684
-0.1468
-0.14026
-0.15832
-0.15422
-0.14104
-0.13512
-0.15228
-0.1484
-0.14154
-0.14144
-0.14808
-0.14574
-0.14564
-0.14592
-0.15442
-0.16082
-0.142
-0.1501
-0.17296
-0.16366
-0.16282
-0.17036
-0.15688
-0.14896
-0.14772
-0.1543
-0.1609
-0.16018
-0.156
-0.15442
-0.15654
-0.15524
-0.16134
-0.15676
-0.16782
-0.17218
-0.1545
-0.15796
-0.15406
-0.15126
-0.17252
-0.16246
-0.1515
-0.14678
-0.14828
-0.1423
-0.15882
-0.15528
-0.15582
-0.16272
-0.15236
-0.15174
-0.14572
-0.16122
-0.15962
-0.16326
-0.15646
-0.1559
-0.1562
-0.1533
-0.14256
-0.13962
-0.13398
-0.13364
-0.14736
-0.15336
-0.15056
-0.1551
-0.14976
-0.14246
-0.15086
-0.15506
-0.14934
-0.1518
-0.16206
-0.1611
-0.15576
-0.15752
-0.1605
-0.15468
-0.15364
-0.1706
-0.15272
-0.15184
-0.15618
-0.15702
-0.16208
-0.14488
-0.1388
-0.14956
-0.14902
-0.14582
-0.15242
-0.1453
-0.14326
-0.16464
-0.1715
-0.1661
-0.15878
-0.1701
-0.1711
-0.1757
-0.16398
-0.14772
-0.14978
-0.15204
-0.14714
-0.14748
-0.15582
-0.15976
-0.16698
-0.16524
-0.17616
-0.1715
-0.16794
-0.16486
-0.17018
-0.14688
-0.15526
-0.1585
-0.15226
-0.14392
-0.15488
-0.15056
-0.14926
-0.15204
-0.16896
-0.16524
-0.16808
-0.16246
-0.15894
-0.15738
-0.153
-0.14958
-0.1455
-0.15038
-0.14062
-0.16
-0.15222
-0.15736
-0.15172
-0.15498
-0.14244
-0.14274
-0.15178
-0.13988
-0.14606
-0.16502
-0.14424
-0.14164
-0.15024
-0.15332
-0.15742
-0.15282
-0.14912
-0.1504
-0.14782
-0.1507
-0.1413
-0.15798
-0.14744
-0.14014
-0.14274
-0.16332
-0.1656
-0.1551
-0.15226
-0.16208
-0.14002
-0.14574
-0.15286
-0.14806
-0.1494
-0.14414
-0.14812
-0.13868
-0.132
-0.13136
-0.13548
-0.1496
-0.15618
-0.15876
-0.17006
-0.15572
-0.15366
-0.15894
-0.1668
-0.16222
-0.16686
-0.15928
-0.15468
-0.15702
-0.16246
-0.16364
-0.1748
-0.17008
-0.16538
-0.1574
-0.14962
-0.1519
-0.16042
-0.14584
-0.15988
-0.16494
-0.17878
-0.16376
-0.16156
-0.16192
-0.1514
-0.1588
-0.1424
-0.1517
-0.14476
-0.15596
-0.16572
-0.14974
-0.16402
-0.15556
-0.16568
-0.16656
-0.16416
-0.1484
-0.14044
-0.14276
-0.14554
-0.14992
-0.14748
-0.14488
-0.15274
-0.15498
-0.14626
-0.15662
-0.15006
-0.15588
-0.15656
-0.15902
-0.16062
-0.16388
-0.15266
-0.15458
-0.14842
-0.1563
-0.1582
-0.14294
-0.16566
-0.15466
-0.15578
-0.16094
-0.16384
-0.16524
-0.16074
-0.14872
-0.15576
-0.165
-0.15994
-0.15786
-0.15434
-0.1597
-0.14746
-0.1518
-0.15776
-0.14934
-0.16594
-0.1613
-0.15906
-0.16702
-0.144
-0.14334
-0.14486
-0.14616
-0.14984
-0.16006
-0.15624
-0.15364
-0.15346
-0.16354
-0.15192
-0.16976
-0.16764
-0.15982
-0.16206
-0.16302
-0.15738
-0.1566
-0.14866
-0.13702
-0.15506
-0.15384
-0.15062
-0.15746
-0.15388
-0.1565
-0.14988
-0.14734
-0.1592
-0.15306
-0.16564
-0.15356
-0.1588
-0.1642
-0.1634
-0.14956
-0.16046
-0.15502
-0.14806
-0.15064
-0.15686
-0.1531
-0.16172
-0.15954
-0.17126
-0.15094
-0.15812
-0.14578
-0.1532
-0.15668
-0.16028
-0.16158
-0.15244
-0.15222
-0.16276
-0.15094
-0.15964
-0.1494
-0.14986
-0.14904
-0.1541
-0.15142
-0.1383
-0.15012
-0.15484
-0.15684
-0.15268
-0.1547
-0.16078
-0.15644
-0.15378
-0.14802
-0.1381
-0.14934
-0.16642
-0.15836
-0.1427
-0.15286
-0.15076
-0.14938
-0.15446
-0.16118
-0.15536
-0.14866
-0.15998
-0.14964
-0.15046
-0.16866
-0.16348
-0.14968
-0.15222
-0.15458
-0.1577
-0.16166
-0.15326
-0.15004
-0.16936
-0.17158
-0.16944
-0.17136
-0.16622
-0.15652
-0.16736
-0.15342
-0.15492
-0.16728
-0.17004
-0.16082
-0.1597
-0.15888
-0.16428
-0.16326
-0.15922
-0.1568
-0.16458
-0.15768
-0.14092
-0.13624
-0.14334
-0.14856
-0.15426
-0.16074
-0.14238
-0.15938
-0.1528
-0.16266
-0.17318
-0.16448
-0.1483
-0.15168
-0.16164
-0.16688
-0.17224
-0.16932
-0.17262
-0.16528
-0.14992
-0.15082
-0.13738
-0.15188
-0.16158
-0.15836
-0.15078
-0.15266
-0.15408
-0.16348
-0.15282
-0.15426
-0.1692
-0.17486
-0.15142
-0.16798
-0.16474
-0.1535
-0.16116
-0.1658
-0.15878
-0.15874
-0.16426
-0.15864
-0.15582
-0.15414
-0.15142
-0.1502
-0.1608
-0.15728
-0.17908
-0.15412
-0.1555
-0.15276
-0.1376
-0.15148
-0.1624
-0.16346
-0.14856
-0.14932
-0.15248
-0.16554
-0.1618
-0.15658
-0.1547
-0.15194
-0.15958
-0.162
-0.15212
-0.14236
-0.15508
-0.16234
-0.14782
-0.1474
-0.15536
-0.13774
-0.13208
-0.14438
-0.15152
-0.15108
-0.16082
-0.16744
-0.16732
-0.16198
-0.14824
-0.14656
-0.14088
-0.14398
-0.15162
-0.14434
-0.1541
-0.1414
-0.14922
-0.15144
-0.1474
-0.15354
-0.15442
-0.14156
-0.16612
-0.1465
-0.15602
-0.1574
-0.1516
-0.16264
-0.1595
-0.16324
-0.15732
-0.15402
-0.15334
-0.15836
-0.14114
-0.15136
-0.1468
-0.16072
-0.15494
-0.15926
-0.16954
-0.1526
-0.1524
-0.15942
-0.15552
-0.14404
-0.13988
-0.14284
-0.14422
-0.16314
-0.16354
-0.158
-0.15366
-0.14852
-0.14274
-0.14502
-0.14508
-0.1499
-0.15718
-0.15976
-0.15734
-0.15756
-0.17014
-0.14982
-0.13742
-0.1466
-0.14712
-0.15308
-0.14998
-0.1394
-0.13622
-0.13988
-0.13252
-0.15244
-0.1515
-0.14466
-0.15748
-0.1573
-0.1618
-0.15282
-0.17412
-0.16926
-0.15028
-0.15656
-0.15778
-0.1529
-0.16928
-0.15792
-0.15082
-0.14318
-0.14628
-0.15426
-0.14058
-0.15546
-0.14904
-0.15114
-0.15008
-0.16356
-0.16196
-0.1484
-0.14146
-0.13226
-0.14802
-0.16056
-0.15756
-0.14914
-0.14416
-0.14786
-0.14934
-0.15086
-0.14324
-0.15278
-0.15942
-0.14638
-0.14426
-0.14592
-0.16636
-0.15022
-0.15724
-0.15204
-0.14038
-0.13696
-0.13574
-0.13994
-0.16192
-0.16222
-0.14996
-0.16562
-0.14496
-0.15006
-0.15114
-0.14584
-0.1386
-0.1517
-0.15932
-0.1574
-0.15484
-0.17584
-0.16298
-0.14854
-0.1554
-0.16504
-0.16226
-0.1555
-0.15608
-0.1637
-0.14246
-0.14734
-0.15304
-0.14398
-0.15062
-0.14466
-0.1723
-0.15454
-0.14502
-0.14192
-0.13856
-0.1559
-0.14292
-0.16844
-0.15888
-0.15456
-0.14862
-0.1446
-0.13996
-0.13786
-0.15116
-0.15794
-0.1632
-0.1628
-0.1681
-0.17042
-0.15182
-0.1591
-0.15942
-0.15224
-0.1537
-0.15706
-0.155
-0.14314
-0.14854
-0.1624
-0.16214
-0.15176
-0.16054
-0.15844
-0.14744
-0.1539
-0.14542
-0.15542
-0.1545
-0.14256
-0.15468
-0.16302
-0.1594
-0.1552
-0.16018
-0.14798
-0.1492
-0.1559
-0.1491
-0.15638
-0.15802
-0.15918
-0.16666
-0.15942
-0.1669
-0.1663
-0.17452
-0.15916
-0.1648
-0.15064
-0.1587
-0.15764
-0.16184
-0.16446
-0.17398
-0.16494
-0.15606
-0.14434
-0.1526
-0.15888
-0.15386
-0.14232
-0.14318
-0.13812
-0.14488
-0.15216
-0.15392
-0.15372
-0.14448
-0.15208
-0.15918
-0.14712
-0.14398
-0.16964
-0.16832
-0.17434
-0.16014
-0.15454
-0.15608
-0.15854
-0.1539
-0.1545
-0.16356
-0.1408
-0.13888
-0.14688
-0.14638
-0.15584
-0.14978
-0.14628
-0.14886
-0.1607
-0.15724
-0.15944
-0.16146
-0.15234
-0.15556
-0.14358
-0.14444
-0.15006
-0.1505
-0.15434
-0.15004
-0.14372
-0.15298
-0.15128
-0.1372
-0.16754
-0.15512
-0.14892
-0.14838
-0.14398
-0.14656
-0.15636
-0.15244
-0.16456
-0.1667
-0.15154
-0.15692
-0.15716
-0.15564
-0.1466
-0.16924
-0.17836
-0.17594
-0.15702
-0.16162
-0.1728
-0.18508
-0.17848
-0.17856
-0.17844
-0.16178
-0.16252
-0.16846
-0.15862
-0.1665
-0.16186
-0.15842
-0.15858
-0.15122
-0.1544
-0.15854
-0.1473
-0.14296
-0.13224
-0.13794
-0.13116
-0.1463
-0.16618
-0.15382
-0.17298
-0.16306
-0.15554
-0.16464
-0.16876
-0.15398
-0.15674
-0.15964
-0.16232
-0.1563
-0.14632
-0.14226
-0.14634
-0.15328
-0.15356
-0.1564
-0.1559
-0.15422
-0.14624
-0.15662
-0.1573
-0.16616
-0.15644
-0.15274
-0.14556
-0.14598
-0.14938
-0.13734
-0.1305
-0.13086
-0.14306
-0.14312
-0.1547
-0.16214
-0.15242
-0.1583
-0.15174
-0.16492
-0.16022
-0.15792
-0.16028
-0.1533
-0.14288
-0.14774
-0.15274
-0.14346
-0.14272
-0.15824
-0.14302
-0.14572
-0.1436
-0.16498
-0.15728
-0.15844
-0.15176
-0.1653
-0.15714
-0.15256
-0.1666
-0.17274
-0.16032
-0.16626
-0.16382
-0.1524
-0.15556
-0.15042
-0.149
-0.16398
-0.15584
-0.15752
-0.17514
-0.16564
-0.15684
-0.15036
-0.14292
-0.13962
-0.13644
-0.13882
-0.15656
-0.15888
-0.16612
-0.16538
-0.16398
-0.15628
-0.1579
-0.15124
-0.14424
-0.1402
-0.14184
-0.1437
-0.16132
-0.16292
-0.15288
-0.15324
-0.16262
-0.17252
-0.14862
-0.15242
-0.16838
-0.14822
-0.156
-0.1451
-0.14924
-0.16266
-0.15546
-0.14926
-0.15366
-0.16198
-0.16578
-0.15944
-0.16136
-0.15678
-0.15664
-0.15004
-0.15236
-0.14818
-0.15494
-0.16322
-0.1654
-0.15422
-0.15084
-0.14764
-0.15864
-0.1627
-0.16174
-0.1566
-0.15032
-0.15132
-0.1517
-0.1372
-0.13768
-0.15266
-0.14234
-0.14372
-0.15068
-0.1451
-0.14282
-0.1509
-0.16168
-0.1509
-0.1379
-0.14648
-0.13776
-0.14726
-0.15054
-0.15322
-0.14862
-0.15572
-0.15658
-0.15266
-0.14406
-0.14232
-0.14816
-0.14506
-0.1297
-0.132
-0.14166
-0.14366
-0.16182
-0.15694
-0.16564
-0.15414
-0.13956
-0.1467
-0.1522
-0.17026
-0.17474
-0.16404
-0.16996
-0.16072
-0.16496
-0.14776
-0.14706
-0.15662
-0.15466
-0.14714
-0.14992
-0.15242
-0.15536
-0.15952
-0.148
-0.15554
-0.1567
-0.15508
-0.15978
-0.15786
-0.1491
-0.14774
-0.16584
-0.17292
-0.16508
-0.1677
-0.16128
-0.16726
-0.17236
-0.15374
-0.15348
-0.16706
-0.15078
-0.16864
-0.151
-0.14542
-0.14604
-0.14988
-0.15008
-0.16216
-0.15246
-0.14324
-0.1382
-0.15008
-0.15368
-0.1554
-0.15834
-0.15108
-0.15666
-0.1641
-0.17324
-0.15742
-0.14654
-0.14242
-0.1464
-0.14548
-0.14984
-0.16352
-0.15038
-0.15504
-0.14162
-0.15176
-0.1538
-0.15144
-0.15256
-0.15994
-0.15268
-0.1537
-0.13598
-0.14716
-0.15876
-0.16904
-0.17204
-0.15626
-0.15804
-0.1387
-0.15674
-0.16798
-0.1752
-0.1578
-0.14496
-0.15078
-0.16514
-0.16998
-0.16078
-0.16008
-0.1546
-0.15232
-0.15506
-0.1472
-0.15986
-0.16608
-0.1556
-0.1506
-0.14986
-0.15604
-0.16936
-0.16064
-0.17494
-0.15322
-0.15936
-0.14248
-0.13438
-0.1448
-0.16294
-0.16304
-0.1634
-0.17504
-0.1736
-0.15818
-0.16704
-0.15014
-0.15802
-0.14188
-0.15132
-0.1558
-0.15886
-0.14238
-0.16068
-0.17218
-0.17278
-0.1652
-0.16204
-0.1506
-0.15188
-0.14104
-0.14042
-0.13928
-0.13442
-0.13346
-0.13032
-0.14474
-0.15536
-0.15548
-0.15294
-0.14544
-0.1387
-0.14804
-0.1586
-0.14672
-0.14386
-0.14676
-0.1541
-0.15826
-0.16144
-0.15408
-0.16156
-0.16106
-0.15152
-0.15824
-0.15796
-0.14722
-0.14616
-0.14052
-0.15392
-0.17586
-0.17044
-0.1724
-0.16046
-0.1604
-0.1609
-0.16298
-0.15734
-0.15184
-0.15018
-0.15482
-0.1635
-0.15492
-0.16416
-0.16468
-0.1667
-0.14288
-0.1447
-0.15544
-0.14704
-0.15258
-0.1485
-0.14584
-0.14602
-0.1653
-0.1653
-0.15698
-0.13736
-0.15078
-0.15254
-0.15002
-0.14264
-0.14432
-0.1313
-0.1487
-0.15558
-0.16116
-0.15716
-0.17478
-0.15622
-0.15208
-0.15162
-0.16196
-0.15268
-0.15916
-0.1534
-0.14718
-0.15208
-0.1404
-0.14902
-0.14516
-0.13656
-0.14344
-0.14288
-0.14322
-0.17504
-0.16898
-0.15876
-0.16034
-0.16726
-0.15174
-0.16934
-0.15248
-0.16038
-0.15496
-0.16354
-0.16154
-0.14452
-0.15456
-0.1482
-0.16116
-0.16184
-0.15918
-0.14848
-0.14728
-0.15994
-0.15952
-0.16308
-0.1537
-0.14796
-0.15592
-0.14988
-0.1644
-0.14748
-0.13844
-0.14702
-0.15334
-0.14396
-0.16324
-0.1586
-0.16026
-0.15312
-0.1621
-0.158
-0.1507
-0.1535
-0.16366
-0.1694
-0.15842
-0.15182
-0.14488
-0.16356
-0.1611
-0.16268
-0.14596
-0.15178
-0.1433
-0.14662
-0.15586
-0.15688
-0.15112
-0.15074
-0.15534
-0.16162
-0.16278
-0.15428
-0.16388
-0.14244
-0.14546
-0.16048
-0.15508
-0.13326
-0.14026
-0.14392
-0.14516
-0.1594
-0.15664
-0.1707
-0.1518
-0.1457
-0.15094
-0.14528
-0.14582
-0.14856
-0.1395
-0.13688
-0.14508
-0.1483
-0.16422
-0.16886
-0.15492
-0.15394
-0.1625
-0.15822
-0.14018
-0.13952
-0.15384
-0.13732
-0.12594
-0.1413
-0.13618
-0.14622
-0.14958
-0.15264
-0.15032
-0.14164
-0.13972
-0.13966
-0.14498
-0.15434
-0.15064
-0.15538
-0.15946
-0.14838
-0.14644
-0.14462
-0.1609
-0.15792
-0.16508
-0.15878
-0.17602
-0.15726
-0.16698
-0.15988
-0.1477
-0.15986
-0.15234
-0.15964
-0.16204
-0.16496
-0.16714
-0.1613
-0.16022
-0.15786
-0.15052
-0.1606
-0.17038
-0.17282
-0.17938
-0.15836
-0.14658
-0.15432
-0.16946
-0.16844
-0.1654
-0.161
-0.16404
-0.16462
-0.16712
-0.17592
-0.1791
-0.17832
-0.1654
-0.15188
-0.1562
-0.15182
-0.135
-0.1451
-0.15378
-0.15214
-0.14408
-0.14626
-0.14656
-0.15858
-0.15802
-0.1466
-0.12948
-0.14632
-0.15594
-0.15644
-0.15086
-0.15346
-0.13066
-0.14768
-0.14156
-0.14948
-0.1386
-0.14488
-0.15598
-0.14884
-0.146
-0.16746
-0.16234
-0.1662
-0.15196
-0.155
-0.16522
-0.16558
-0.16802
-0.15018
-0.1501
-0.1392
-0.1661
-0.16318
-0.15728
-0.15782
-0.15962
-0.1648
-0.16302
-0.17164
-0.14724
-0.15104
-0.15596
-0.16358
-0.15676
-0.14868
-0.15014
-0.16318
-0.15356
-0.1651
-0.1637
-0.1677
-0.15486
-0.16166
-0.16294
-0.15802
-0.14142
-0.13238
-0.13648
-0.14976
-0.1563
-0.15796
-0.15744
-0.14462
-0.16856
-0.16344
-0.15726
-0.16402
-0.16248
-0.17058
-0.18304
-0.16466
-0.15708
-0.16084
-0.15488
-0.16142
-0.1496
-0.15436
-0.15638
-0.14686
-0.1519
-0.1547
-0.15868
-0.16064
-0.14558
-0.14498
-0.14444
-0.15172
-0.1619
-0.16526
-0.16898
-0.16312
-0.15912
-0.16516
-0.15902
-0.16068
-0.14654
-0.1383
-0.14568
-0.1613
-0.15854
-0.16562
-0.14768
-0.14888
-0.14502
-0.15526
-0.15846
-0.1598
-0.166
-0.15628
-0.1611
-0.15094
-0.15528
-0.15138
-0.14722
-0.14662
-0.14752
-0.1431
-0.16034
-0.15756
-0.15702
-0.15804
-0.16144
-0.15648
-0.15818
-0.16486
-0.1718
-0.16096
-0.16212
-0.16768
-0.15814
-0.15082
-0.1602
-0.15578
-0.14346
-0.16558
-0.15538
-0.1634
-0.15264
-0.14072
-0.1534
-0.15008
-0.14924
-0.15622
-0.16066
-0.15656
-0.16892
-0.1773
-0.1697
-0.15466
-0.16022
-0.15766
-0.1601
-0.15406
-0.14768
-0.1516
-0.1534
-0.14904
-0.14238
-0.14364
-0.15208
-0.14396
-0.14628
-0.1359
-0.14162
-0.14566
-0.1427
-0.15018
-0.14092
-0.14636
-0.15646
-0.16822
-0.16296
-0.14966
-0.15088
-0.1565
-0.1511
-0.15872
-0.1653
-0.16448
-0.15602
-0.15244
-0.15088
-0.16206
-0.15512
-0.16098
-0.15808
-0.1657
-0.16048
-0.14222
-0.1432
-0.14316
-0.12976
-0.14818
-0.15046
-0.16204
-0.14928
-0.15104
-0.15656
-0.14882
-0.13604
-0.14054
-0.14816
-0.1518
-0.16086
-0.16212
-0.141
-0.15794
-0.16356
-0.1652
-0.15818
-0.16004
-0.16066
-0.15764
-0.13636
-0.14854
-0.13792
-0.15074
-0.1492
-0.15248
-0.14374
-0.14008
-0.14812
-0.1416
-0.13926
-0.13268
-0.13346
-0.13798
-0.15104
-0.161
-0.1593
-0.14342
-0.15444
-0.16272
-0.16706
-0.17932
-0.16662
-0.16056
-0.155
-0.158
-0.16782
-0.16204
-0.1532
-0.15626
-0.16046
-0.16372
-0.1573
-0.14906
-0.14156
-0.15306
-0.16244
-0.1609
-0.16586
-0.16164
-0.17936
-0.16324
-0.151
-0.1496
-0.1614
-0.1569
-0.14622
-0.13342
-0.16208
-0.17058
-0.16518
-0.1614
-0.15242
-0.15848
-0.15804
-0.13786
-0.13698
-0.15232
-0.15062
-0.1455
-0.1595
-0.15176
-0.1626
-0.15556
-0.13858
-0.14516
-0.161
-0.14738
-0.14602
-0.16308
-0.1568
-0.14324
-0.14322
-0.136
-0.1432
-0.16204
-0.15274
-0.14972
-0.15168
-0.15678
-0.148
-0.1499
-0.1521
-0.1635
-0.16932
-0.15934
-0.16174
-0.16226
-0.15398
-0.14866
-0.14292
-0.13982
-0.14716
-0.13968
-0.14146
-0.14872
-0.1594
-0.15694
-0.15844
-0.1566
-0.14646
-0.1562
-0.16158
-0.1495
-0.14346
-0.15714
-0.15592
-0.1416
-0.14942
-0.14144
-0.14994
-0.16132
-0.15564
-0.15378
-0.15266
-0.1642
-0.15592
-0.1644
-0.1501
-0.15484
-0.16888
-0.16392
-0.16232
-0.15192
-0.16364
-0.16394
-0.15258
-0.1545
-0.16918
-0.15576
-0.1539
-0.15174
-0.14834
-0.15484
-0.15242
-0.15966
-0.15798
-0.16768
-0.15114
-0.15808
-0.1597
-0.1591
-0.15984
-0.16562
-0.17588
-0.17148
-0.15816
-0.16408
-0.15794
-0.17116
-0.16494
-0.1651
-0.16422
-0.15168
-0.15964
-0.167
-0.15946
-0.15344
-0.14916
-0.14256
-0.143
-0.14396
-0.12948
-0.13672
-0.14874
-0.16258
-0.15608
-0.14542
-0.16018
-0.15716
-0.15888
-0.14956
-0.14476
-0.14722
-0.16678
-0.14746
-0.15976
-0.15444
-0.15528
-0.16194
-0.14858
-0.14236
-0.13968
-0.13478
-0.14738
-0.17402
-0.15812
-0.1757
-0.16158
-0.14736
-0.1463
-0.1634
-0.14054
-0.1533
-0.15998
-0.16132
-0.15908
-0.14518
-0.1562
-0.14934
-0.16038
-0.15554
-0.17242
-0.1564
-0.14882
-0.1608
-0.1621
-0.16104
-0.15682
-0.16442
-0.15822
-0.14316
-0.14942
-0.15128
-0.15176
-0.16546
-0.17414
-0.16148
-0.15512
-0.14886
-0.14158
-0.14658
-0.13772
-0.15014
-0.1427
-0.1453
-0.16178
-0.151
-0.15458
-0.16214
-0.1635
-0.16186
-0.15762
-0.15888
-0.17122
-0.1621
-0.15742
-0.16462
-0.15756
-0.14632
-0.1544
-0.1588
-0.15796
-0.1729
-0.16594
-0.16918
-0.1598
-0.15624
-0.15128
-0.15262
-0.13784
-0.15568
-0.17206
-0.16328
-0.15452
-0.15812
-0.1518
-0.14564
-0.14856
-0.1542
-0.16122
-0.15398
-0.15596
-0.16396
-0.156
-0.14274
-0.1557
-0.15618
-0.1647
-0.14822
-0.15084
-0.15078
-0.14478
-0.13928
-0.14892
-0.13758
-0.14418
-0.1358
-0.14726
-0.16094
-0.15862
-0.14284
-0.14258
-0.13204
-0.14822
-0.14612
-0.14366
-0.14086
-0.15904
-0.1478
-0.13822
-0.13124
-0.14738
-0.15026
-0.13926
-0.15622
-0.16258
-0.14966
-0.15388
-0.13954
-0.14948
-0.1591
-0.16198
-0.1579
-0.16732
-0.15496
-0.13154
-0.13742
-0.14966
-0.15432
-0.15046
-0.16318
-0.1632
-0.16326
-0.15976
-0.16486
-0.16072
-0.1511
-0.15038
-0.14506
-0.1535
-0.14358
-0.13222
-0.15408
-0.15878
-0.1494
-0.14898
-0.1601
-0.14612
-0.14854
-0.1311
-0.14144
-0.15584
-0.15944
-0.16132
-0.15392
-0.16202
-0.15186
-0.16318
-0.16216
-0.15556
-0.14916
-0.1525
-0.17036
-0.15396
-0.15328
-0.14202
-0.14746
-0.15734
-0.1668
-0.16368
-0.16932
-0.16718
-0.1619
-0.16044
-0.15154
-0.15102
-0.15332
-0.16586
-0.1672
-0.15636
-0.1394
-0.15244
-0.157
-0.1572
-0.14436
-0.14858
-0.16462
-0.15274
-0.16506
-0.15094
-0.14082
-0.14154
-0.15128
-0.15668
-0.14218
-0.1515
-0.14812
-0.15608
-0.16062
-0.15922
-0.16336
-0.15654
-0.17596
-0.17464
-0.16476
-0.1642
-0.13644
-0.13616
-0.15146
-0.14694
-0.15386
-0.15256
-0.15026
-0.14484
-0.15674
-0.16818
-0.16222
-0.1491
-0.1669
-0.15276
-0.15994
-0.15146
-0.15662
-0.1436
-0.1454
-0.13678
-0.14308
-0.1515
-0.1591
-0.17346
-0.16062
-0.16862
-0.15248
-0.15716
-0.162
-0.15658
-0.13984
-0.15674
-0.1529
-0.15386
-0.1609
-0.16242
-0.13742
-0.13824
-0.14398
-0.16122
-0.15752
-0.1477
-0.14964
-0.16502
-0.15042
-0.15424
-0.15818
-0.15574
-0.15884
-0.15284
-0.15454
-0.1558
-0.15352
-0.15296
-0.1548
-0.15882
-0.1448
-0.1456
-0.15946
-0.1598
-0.1578
-0.15806
-0.14546
-0.1478
-0.14654
-0.13668
-0.14296
-0.14998
-0.14676
-0.15216
-0.16892
-0.15684
-0.1763
-0.16094
-0.16026
-0.15452
-0.13956
-0.15768
-0.1506
-0.15506
-0.14912
-0.1404
-0.13938
-0.1439
-0.14666
-0.1522
-0.1592
-0.1539
-0.14568
-0.1638
-0.15776
-0.15176
-0.15194
-0.14276
-0.14252
-0.13832
-0.1448
-0.1455
-0.14034
-0.15466
-0.15522
-0.17622
-0.16942
-0.15994
-0.15562
-0.15658
-0.16288
-0.15094
-0.1601
-0.16196
-0.15852
-0.15694
-0.15056
-0.15226
-0.1603
-0.13566
-0.15488
-0.1509
-0.14432
-0.13804
-0.13104
-0.13964
-0.15206
-0.15218
-0.16194
-0.16198
-0.16452
-0.15076
-0.15614
-0.15888
-0.147
-0.1638
-0.16384
-0.16222
-0.16334
-0.16042
-0.15552
-0.1478
-0.14694
-0.13954
-0.14546
-0.14952
-0.15386
-0.1685
-0.16654
-0.1546
-0.1542
-0.1568
-0.16092
-0.1525
-0.14492
-0.14488
-0.1406
-0.15216
-0.14848
-0.1417
-0.12902
-0.14408
-0.13858
-0.15438
-0.15184
-0.1512
-0.14448
-0.15668
-0.16992
-0.16046
-0.15922
-0.15732
-0.16248
-0.14592
-0.15944
-0.15438
-0.14614
-0.14568
-0.1647
-0.15584
-0.15592
-0.14576
-0.15098
-0.14898
-0.1618
-0.1436
-0.15852
-0.16418
-0.16342
-0.14462
-0.13688
-0.1388
-0.1413
-0.14372
-0.14516
-0.16004
-0.1542
-0.14534
-0.13996
-0.16392
-0.14144
-0.13202
-0.14514
-0.16074
-0.1499
-0.14826
-0.15342
-0.15434
-0.15886
-0.17248
-0.15438
-0.15528
-0.16988
-0.15948
-0.16238
-0.16782
-0.16452
-0.17138
-0.16568
-0.16392
-0.15636
-0.1618
-0.15788
-0.16956
-0.16138
-0.16374
-0.15912
-0.15962
-0.16644
-0.15184
-0.1408
-0.15008
-0.15536
-0.1491
-0.15228
-0.14216
-0.1551
-0.15598
-0.14796
-0.15312
-0.16102
-0.15432
-0.14988
-0.14622
-0.13672
-0.14038
-0.12872
-0.15528
-0.1487
-0.15294
-0.14904
-0.1575
-0.16296
-0.16574
-0.16656
-0.15392
-0.14656
-0.15056
-0.15982
-0.15512
-0.1651
-0.16676
-0.16888
-0.16914
-0.1614
-0.1629
-0.15288
-0.15212
-0.14974
-0.14872
-0.14836
-0.15492
-0.14936
-0.14716
-0.1649
-0.1705
-0.18158
-0.16542
-0.1647
-0.16256
-0.15442
-0.16288
-0.16072
-0.1517
-0.15758
-0.15616
-0.1683
-0.16262
-0.15422
-0.1623
-0.15562
-0.15892
-0.13896
-0.15666
-0.15886
-0.16176
-0.16718
-0.16834
-0.16764
-0.15666
-0.15184
-0.14692
-0.15998
-0.1429
-0.17126
-0.14574
-0.1621
-0.18018
-0.16666
-0.16574
-0.15084
-0.14636
-0.15572
-0.14912
-0.14916
-0.15176
-0.15526
-0.17458
-0.16438
-0.1621
-0.16498
-0.17188
-0.16096
-0.15842
-0.16092
-0.16536
-0.16326
-0.16412
-0.15358
-0.16068
-0.1716
-0.17138
-0.1771
-0.15242
-0.16292
-0.14118
-0.15658
-0.1645
-0.1689
-0.15516
-0.15236
-0.1435
-0.144
-0.1445
-0.14582
-0.15494
-0.16018
-0.1455
-0.15756
-0.14438
-0.15692
-0.1668
-0.15298
-0.15454
-0.1522
-0.16046
-0.16564
-0.16438
-0.13782
-0.13682
-0.13692
-0.15242
-0.1528
-0.1551
-0.15536
-0.15812
-0.15354
-0.1508
-0.14784
-0.1406
-0.13982
-0.15054
-0.15048
-0.15852
-0.1592
-0.16382
-0.16498
-0.1664
-0.15544
-0.16922
-0.15244
-0.14862
-0.14878
-0.1464
-0.1469
-0.14004
-0.12902
-0.136
-0.1469
-0.1513
-0.14426
-0.14218
-0.15378
-0.15658
-0.15648
-0.13882
-0.1402
-0.13738
-0.1475
-0.14928
-0.16282
-0.15888
-0.16624
-0.16728
-0.15728
-0.15634
-0.1655
-0.1571
-0.14466
-0.1474
-0.15694
-0.1553
-0.1509
-0.13868
-0.1406
-0.14884
-0.15576
-0.14948
-0.14076
-0.15234
-0.14588
-0.15074
-0.1593
-0.15534
-0.15304
-0.14836
-0.15442
-0.16372
-0.15466
-0.1582
-0.15688
-0.16152
-0.15552
-0.1564
-0.16716
-0.16528
-0.17576
-0.16834
-0.15922
-0.1521
-0.1514
-0.15482
-0.15324
-0.13984
-0.12964
-0.13904
-0.15192
-0.15778
-0.15786
-0.14846
-0.15708
-0.15062
-0.13756
-0.15276
-0.14034
-0.14172
-0.1559
-0.15978
-0.16024
-0.16002
-0.15378
-0.14754
-0.14094
-0.15294
-0.14736
-0.16502
-0.15282
-0.15052
-0.1539
-0.14206
-0.15228
-0.13836
-0.14344
-0.15362
-0.15144
-0.14236
-0.14904
-0.15366
-0.14368
-0.13708
-0.13466
-0.13478
-0.15198
-0.15992
-0.13452
-0.14676
-0.14806
-0.15202
-0.1652
-0.17438
-0.17248
-0.17652
-0.16768
-0.14976
-0.1605
-0.15974
-0.1621
-0.16398
-0.16308
-0.17416
-0.1565
-0.16238
-0.176
-0.16198
-0.16298
-0.16022
-0.1661
-0.16764
-0.17028
-0.17076
-0.16104
-0.1551
-0.16232
-0.16956
-0.15174
-0.15262
-0.14632
-0.14422
-0.1473
-0.15682
-0.16044
-0.15722
-0.15834
-0.15736
-0.15236
-0.15
-0.14712
-0.15778
-0.16498
-0.15824
-0.15396
-0.15676
-0.15306
-0.15176
-0.15524
-0.1534
-0.14926
-0.13902
-0.15124
-0.16224
-0.15538
-0.1654
-0.165
-0.1307
-0.14224
-0.1458
-0.15926
-0.16938
-0.15206
-0.14882
-0.13396
-0.14748
-0.15216
-0.16362
-0.14218
-0.14934
-0.14422
-0.15868
-0.15434
-0.14406
-0.14764
-0.16846
-0.1633
-0.15952
-0.14324
-0.15224
-0.16222
-0.15864
-0.16072
-0.14924
-0.14268
-0.1505
-0.14806
-0.1528
-0.16124
-0.1669
-0.17024
-0.17798
-0.15644
-0.16698
-0.16488
-0.15374
-0.15632
-0.13788
-0.1446
-0.15288
-0.1545
-0.17138
-0.16856
-0.16626
-0.14574
-0.15798
-0.1578
-0.16074
-0.15468
-0.14908
-0.16014
-0.16086
-0.15752
-0.14902
-0.1609
-0.16584
-0.16948
-0.15858
-0.16854
-0.16106
-0.14148
-0.1559
-0.15042
-0.14112
-0.15688
-0.15712
-0.15968
-0.15
-0.1619
-0.15052
-0.16032
-0.16464
-0.1617
-0.15386
-0.13984
-0.15082
-0.14686
-0.15248
-0.15912
-0.15772
-0.14488
-0.15724
-0.15834
-0.13954
-0.14804
-0.17568
-0.17252
-0.17856
-0.1762
-0.17268
-0.17282
-0.16308
-0.15214
-0.15646
-0.14758
-0.14538
-0.14574
-0.15066
-0.14888
-0.14432
-0.15324
-0.15358
-0.15796
-0.14636
-0.14884
-0.15968
-0.15812
-0.15848
-0.16244
-0.15096
-0.1563
-0.1682
-0.1644
-0.15192
-0.15144
-0.15872
-0.16796
-0.1634
-0.16244
-0.1541
-0.1451
-0.15256
-0.15186
-0.14778
-0.14558
-0.13584
-0.15844
-0.15186
-0.16066
-0.15706
-0.16434
-0.17646
-0.15828
-0.1614
-0.15826
-0.16536
-0.1582
-0.14552
-0.16166
-0.15172
-0.1433
-0.15166
-0.15034
-0.1478
-0.1454
-0.15228
-0.14766
-0.14642
-0.1539
-0.15336
-0.15402
-0.1578
-0.14746
-0.15792
-0.16482
-0.16006
-0.15812
-0.14736
-0.1483
-0.13816
-0.14684
-0.16342
-0.16052
-0.16168
-0.171
-0.16662
-0.16644
-0.1681
-0.17976
-0.17654
-0.15916
-0.164
-0.15414
-0.1554
-0.14574
-0.14904
-0.13366
-0.14392
-0.1407
-0.1407
-0.14204
-0.13484
-0.13336
-0.15024
-0.13476
-0.14822
-0.14528
-0.16194
-0.17802
-0.17176
-0.15316
-0.17
-0.16954
-0.16478
-0.15848
-0.15334
-0.16342
-0.16866
-0.16626
-0.14982
-0.1481
-0.1693
-0.1631
-0.13526
-0.15678
-0.14974
-0.14738
-0.15572
-0.16078
-0.15858
-0.16406
-0.16592
-0.1763
-0.151
-0.15766
-0.1583
-0.14814
-0.178
-0.1801
-0.16678
-0.15886
-0.17852
-0.1668
-0.15968
-0.1542
-0.15656
-0.16738
-0.15636
-0.14958
-0.14872
-0.15718
-0.14546
-0.14096
-0.16324
-0.15154
-0.14376
-0.15066
-0.14868
-0.1372
-0.1545
-0.16
-0.15694
-0.15924
-0.16382
-0.16368
-0.15408
-0.1628
-0.1493
-0.13936
-0.14632
-0.14966
-0.15436
-0.1544
-0.15322
-0.15412
-0.15246
-0.14334
-0.13154
-0.13546
-0.13186
-0.13556
-0.14604
-0.1504
-0.1528
-0.15088
-0.1558
-0.1601
-0.15506
-0.15968
-0.1748
-0.16152
-0.16196
-0.14274
-0.14314
-0.14076
-0.14744
-0.15352
-0.1717
-0.1597
-0.15752
-0.15378
-0.15816
-0.15088
-0.14912
-0.16234
-0.16984
-0.18292
-0.1765
-0.16882
-0.15722
-0.15248
-0.15156
-0.16882
-0.1505
-0.1525
-0.15294
-0.1505
-0.15186
-0.16044
-0.15028
-0.14652
-0.15148
-0.15352
-0.15676
-0.1568
-0.14882
-0.14568
-0.14648
-0.13382
-0.13318
-0.15074
-0.15736
-0.1574
-0.16428
-0.14458
-0.14404
-0.1379
-0.14436
-0.1465
-0.14996
-0.16806
-0.17356
-0.16768
-0.1674
-0.15682
-0.15526
-0.16068
-0.15938
-0.15596
-0.1547
-0.14764
-0.13958
-0.13148
-0.13478
-0.1422
-0.15392
-0.13628
-0.12778
-0.13282
-0.13574
-0.14512
-0.15612
-0.16492
-0.15526
-0.1678
-0.15816
-0.17144
-0.16356
-0.17742
-0.15398
-0.16012
-0.16114
-0.15924
-0.16156
-0.13262
-0.15342
-0.15296
-0.15738
-0.15106
-0.14436
-0.1436
-0.15326
-0.1609
-0.16444
-0.16308
-0.15556
-0.15126
-0.15814
-0.14988
-0.14552
-0.1446
-0.1568
-0.15954
-0.1614
-0.18192
-0.15708
-0.15566
-0.15908
-0.14942
-0.14734
-0.14754
-0.15674
-0.1472
-0.1462
-0.1434
-0.12342
-0.13372
-0.14944
-0.17322
-0.16784
-0.16138
-0.17528
-0.15516
-0.1676
-0.15666
-0.1605
-0.16398
-0.138
-0.13584
-0.1405
-0.14692
-0.14842
-0.15646
-0.13442
-0.14636
-0.15634
-0.1599
-0.16334
-0.16224
-0.17174
-0.16936
-0.166
-0.16698
-0.1717
-0.17146
-0.16876
-0.16452
-0.14376
-0.15358
-0.1536
-0.15542
-0.15292
-0.15712
-0.15802
-0.15154
-0.16316
-0.16472
-0.15766
-0.15598
-0.1445
-0.1414
-0.14068
-0.161
-0.17246
-0.15128
-0.14234
-0.13728
-0.15024
-0.16704
-0.16622
-0.16878
-0.17466
-0.15458
-0.16294
-0.15766
-0.1499
-0.15756
-0.15166
-0.14216
-0.14604
-0.13122
-0.13846
-0.15204
-0.14848
-0.1657
-0.1517
-0.1626
-0.14492
-0.14986
-0.15184
-0.15354
-0.15072
-0.13728
-0.14326
-0.148
-0.15068
-0.16078
-0.15828
-0.15464
-0.15144
-0.1514
-0.1508
-0.16256
-0.15976
-0.15978
-0.14788
-0.1382
-0.14078
-0.14378
-0.14252
-0.14666
-0.16662
-0.16754
-0.1642
-0.16408
-0.15718
-0.15516
-0.15618
-0.1669
-0.16754
-0.15004
-0.15296
-0.14822
-0.15026
-0.16866
-0.14142
-0.14864
-0.16318
-0.16788
-0.16546
-0.15668
-0.17166
-0.1559
-0.1611
-0.17638
-0.16542
-0.16638
-0.17324
-0.17628
-0.16886
-0.17616
-0.15858
-0.14672
-0.13824
-0.1606
-0.16282
-0.1571
-0.15174
-0.15928
-0.14656
-0.14856
-0.15542
-0.1529
-0.16164
-0.15922
-0.14418
-0.1444
-0.14514
-0.13184
-0.1419
-0.15538
-0.15502
-0.16522
-0.1706
-0.17278
-0.17976
-0.1611
-0.15974
-0.15976
-0.1669
-0.15584
-0.14944
-0.15538
-0.1572
-0.16688
-0.15216
-0.15464
-0.15816
-0.15864
-0.15882
-0.15324
-0.14922
-0.14418
-0.16042
-0.15258
-0.16006
-0.15894
-0.1522
-0.155
-0.171
-0.17924
-0.16852
-0.16594
-0.16514
-0.1466
-0.14982
-0.15656
-0.14668
-0.14338
-0.13926
-0.14308
-0.14738
-0.16554
-0.1566
-0.15288
-0.16516
-0.16542
-0.17004
-0.16104
-0.144
-0.13502
-0.14876
-0.14256
-0.1511
-0.15366
-0.16278
-0.14448
-0.14598
-0.15114
-0.16624
-0.15648
-0.16106
-0.14986
-0.15176
-0.1638
-0.1675
-0.15254
-0.15448
-0.15692
-0.16404
-0.17538
-0.15584
-0.14916
-0.14352
-0.1439
-0.14718
-0.15726
-0.14314
-0.1333
-0.14166
-0.15822
-0.15286
-0.15364
-0.14718
-0.1528
-0.15522
-0.15924
-0.14718
-0.1602
-0.16206
-0.16776
-0.16842
-0.16024
-0.1684
-0.1626
-0.17026
-0.17366
-0.17916
-0.14568
-0.15212
-0.16978
-0.15884
-0.16348
-0.1434
-0.13886
-0.13304
-0.14538
-0.14218
-0.1474
-0.1596
-0.15316
-0.16468
-0.16618
-0.15506
-0.15362
-0.15612
-0.15418
-0.16236
-0.16288
-0.16494
-0.15938
-0.17062
-0.15416
-0.15936
-0.1566
-0.15618
-0.15632
-0.166
-0.16174
-0.16544
-0.1789
-0.17014
-0.1672
-0.16314
-0.14602
-0.13324
-0.15528
-0.15284
-0.15028
-0.14548
-0.15906
-0.16036
-0.14862
-0.1612
