0.26578
0.25656
0.27038
0.26854
0.26954
0.25514
0.27316
0.2555
0.26632
0.26238
0.253
0.26186
0.2651
0.25846
0.27082
0.2743
0.26072
0.25548
0.26174
0.2666
0.26926
0.26828
0.2453
0.2735
0.2776
0.26228
0.26322
0.26256
0.2688
0.2723
0.27338
0.27712
0.27258
0.26778
0.25664
0.25716
0.26074
0.26908
0.2598
0.25622
0.25838
0.25664
0.26028
0.26154
0.24658
0.25376
0.25478
0.26104
0.26878
0.27344
0.27198
0.26512
0.2704
0.27216
0.263
0.27478
0.26474
0.28052
0.26868
0.25534
0.26336
0.27072
0.26596
0.26172
0.25786
0.26172
0.26286
0.26278
0.25926
0.26398
0.26926
0.2783
0.26522
0.27304
0.26686
0.26048
0.27402
0.25846
0.25294
0.2653
0.27896
0.26566
0.27066
0.2645
0.25912
0.2614
0.25162
0.26184
0.26346
0.26484
0.26014
0.2659
0.26404
0.26476
0.26182
0.28014
0.26624
0.26462
0.27174
0.25898
0.2627
0.2695
0.26576
0.26212
0.26054
0.25912
0.25914
0.2721
0.27292
0.26404
0.2649
0.26708
0.25996
0.25486
0.2708
0.2664
0.26336
0.26732
0.26358
0.2634
0.26748
0.25994
0.27158
0.27756
0.26792
0.2647
0.2589
0.26496
0.2614
0.27626
0.269
0.26174
0.25736
0.26016
0.26522
0.2684
0.26424
0.2577
0.26538
0.26428
0.26582
0.26772
0.26022
0.26868
0.2568
0.26442
0.26446
0.2654
0.26276
0.27142
0.27214
0.25988
0.26254
0.26458
0.2671
0.26896
0.26642
0.2716
0.2618
0.26792
0.26956
0.255
0.27596
0.27238
0.27044
0.26718
0.26424
0.25966
0.26754
0.26678
0.26238
0.26064
0.2731
0.26352
0.27992
0.27514
0.2614
0.2695
0.26848
0.25766
0.25634
0.26984
0.2668
0.27298
0.26608
0.26294
0.2691
0.27596
0.26326
0.26014
0.2565
0.27228
0.26534
0.25824
0.26516
0.26614
0.27144
0.27002
0.26628
0.26386
0.27246
0.26876
0.27626
0.26672
0.26424
0.26638
0.24826
0.2603
0.26948
0.27438
0.26756
0.27032
0.26974
0.25986
0.2597
0.263
0.25296
0.26582
0.27198
0.27858
0.27146
0.26218
0.26046
0.26904
0.26576
0.25478
0.26094
0.26298
0.26356
0.26766
0.25466
0.2662
0.2646
0.26178
0.25752
0.2678
0.26488
0.26776
0.2685
0.27598
0.26702
0.27266
0.2616
0.25004
0.25598
0.25624
0.25856
0.26438
0.25972
0.26094
0.27534
0.2679
0.26324
0.27328
0.26704
0.25714
0.2615
0.2731
0.2539
0.25792
0.2536
0.26626
0.268
0.26012
0.2525
0.24968
0.26362
0.26412
0.26396
0.25948
0.26272
0.2727
0.26126
0.26392
0.2706
0.26458
0.25534
0.25962
0.26286
0.25746
0.2592
0.2598
0.27542
0.28206
0.27902
0.2556
0.25638
0.2583
0.2634
0.27034
0.2736
0.25236
0.25788
0.27814
0.26408
0.26816
0.27602
0.27158
0.2605
0.26598
0.25146
0.26518
0.27006
0.27436
0.27048
0.27264
0.2677
0.26818
0.25828
0.26738
0.2659
0.26036
0.26724
0.27266
0.26492
0.27216
0.2575
0.25932
0.27744
0.26236
0.2677
0.25846
0.2555
0.26472
0.26164
0.27322
0.26372
0.2645
0.26842
0.25942
0.2753
0.2733
0.25534
0.26632
0.26062
0.24794
0.25988
0.2578
0.2702
0.27818
0.26728
0.25778
0.25726
0.25804
0.26836
0.26948
0.26682
0.24888
0.25416
0.2576
0.2696
0.26702
0.25234
0.25512
0.26186
0.26322
0.26908
0.2715
0.2649
0.26774
0.26338
0.26692
0.27736
0.27062
0.26742
0.2734
0.26102
0.2555
0.2549
0.25998
0.26974
0.2791
0.27186
0.25806
0.2553
0.27108
0.267
0.27668
0.26694
0.26918
0.25848
0.2711
0.2696
0.26686
0.25894
0.2692
0.26652
0.27052
0.27202
0.26708
0.26378
0.26878
0.26992
0.25644
0.2672
0.27522
0.2696
0.27326
0.26326
0.2675
0.26676
0.26948
0.2643
0.26938
0.26062
0.26496
0.27412
0.2757
0.26274
0.26682
0.2694
0.27592
0.26986
0.2545
0.25176
0.2603
0.26174
0.26032
0.2644
0.26322
0.26392
0.26236
0.27768
0.27434
0.26184
0.25974
0.26592
0.26608
0.2643
0.25222
0.26296
0.2614
0.27108
0.25382
0.26596
0.27918
0.2651
0.27036
0.25364
0.271
0.28042
0.2772
0.26968
0.26088
0.26424
0.25928
0.25866
0.2675
0.25632
0.25626
0.25854
0.26432
0.26156
0.2672
0.26264
0.27366
0.2686
0.2692
0.26462
0.26592
0.26796
0.26948
0.2684
0.25098
0.2611
0.2678
0.26276
0.26596
0.27316
0.26688
0.25936
0.26948
0.2623
0.2677
0.26604
0.27632
0.26216
0.27248
0.26922
0.2658
0.27016
0.26132
0.25552
0.2812
0.26992
0.26804
0.27324
0.26312
0.26654
0.2582
0.26334
0.27192
0.26674
0.26974
0.26404
0.26908
0.26876
0.2713
0.2607
0.26472
0.27392
0.26432
0.26564
0.27522
0.27318
0.2666
0.2531
0.26078
0.27032
0.2594
0.27036
0.25768
0.27308
0.27012
0.26536
0.27022
0.26934
0.25814
0.25922
0.2739
0.25736
0.26482
0.2803
0.26408
0.26634
0.26636
0.2719
0.27764
0.2666
0.2632
0.26382
0.26558
0.25498
0.27082
0.28252
0.26968
0.26248
0.25484
0.26256
0.26282
0.2601
0.2635
0.26284
0.26282
0.25938
0.27406
0.26306
0.2544
0.26458
0.26398
0.2594
0.26116
0.26098
0.27732
0.26854
0.2818
0.26108
0.26016
0.25926
0.26558
0.26494
0.26866
0.26732
0.26188
0.27204
0.25882
0.26554
0.26044
0.27284
0.26036
0.26026
0.26354
0.26058
0.26952
0.26806
0.25994
0.27354
0.2496
0.26054
0.2699
0.27114
0.2595
0.25528
0.25878
0.26972
0.26602
0.27518
0.27408
0.26724
0.25978
0.26502
0.267
0.26234
0.27082
0.267
0.26282
0.2718
0.27108
0.26504
0.25642
0.26348
0.26656
0.27748
0.26116
0.26286
0.26088
0.2817
0.26934
0.26226
0.2751
0.2726
0.25956
0.25662
0.26896
0.272
0.26806
0.2546
0.2636
0.25384
0.26952
0.26794
0.27898
0.27166
0.26766
0.27644
0.26188
0.25572
0.25132
0.26244
0.26466
0.2579
0.25712
0.25582
0.25954
0.26434
0.25882
0.26662
0.26348
0.25904
0.26784
0.26926
0.26526
0.26304
0.2802
0.26598
0.26912
0.2771
0.26944
0.26224
0.27224
0.26648
0.27098
0.26168
0.26778
0.25964
0.26674
0.2608
0.26294
0.25972
0.27146
0.27668
0.26054
0.26334
0.2616
0.26328
0.2767
0.26794
0.25232
0.2542
0.25788
0.25554
0.26596
0.26842
0.26456
0.2786
0.27058
0.26196
0.27102
0.27394
0.2634
0.25754
0.26534
0.26438
0.2656
0.26374
0.25992
0.25716
0.26634
0.26772
0.26664
0.26278
0.278
0.26108
0.24814
0.25274
0.26768
0.26172
0.25544
0.2735
0.27286
0.27164
0.26186
0.26436
0.26464
0.26594
0.26446
0.27298
0.26174
0.26768
0.2716
0.2591
0.26978
0.2609
0.26562
0.26248
0.25672
0.2727
0.24982
0.26444
0.26424
0.2555
0.25338
0.26856
0.26878
0.2554
0.2639
0.25764
0.26726
0.2554
0.26158
0.26156
0.2546
0.2596
0.26214
0.27366
0.25332
0.2471
0.25938
0.26708
0.25892
0.26606
0.26572
0.26816
0.27218
0.26408
0.27426
0.2725
0.27762
0.26372
0.26758
0.27228
0.25516
0.264
0.26614
0.26394
0.27908
0.26536
0.26756
0.26626
0.26188
0.2696
0.26166
0.27708
0.27166
0.2698
0.27094
0.25854
0.26572
0.27312
0.26632
0.27206
0.26554
0.26014
0.26688
0.26684
0.2646
0.26236
0.27534
0.25864
0.27004
0.262
0.26202
0.25586
0.25182
0.24416
0.2755
0.26188
0.26052
0.27158
0.27208
0.2527
0.25162
0.2557
0.25992
0.26206
0.25634
0.26216
0.25344
0.27506
0.26824
0.27454
0.2731
0.26654
0.26684
0.26314
0.26718
0.27038
0.26176
0.2646
0.27112
0.25864
0.26636
0.26948
0.25766
0.26032
0.26136
0.25878
0.26122
0.26694
0.26644
0.271
0.26774
0.27224
0.26996
0.27036
0.24432
0.25072
0.2622
0.26584
0.27046
0.27548
0.26318
0.26586
0.2618
0.26244
0.25184
0.25154
0.26276
0.24986
0.27788
0.27636
0.26518
0.26832
0.29126
0.27312
0.27302
0.26978
0.26578
0.23966
0.25308
0.26556
0.25822
0.25186
0.26482
0.28114
0.27204
0.26546
0.2795
0.2538
0.26794
0.26446
0.2646
0.25934
0.26072
0.25504
0.2696
0.27136
0.26814
0.27206
0.26522
0.2593
0.26192
0.26596
0.26864
0.27206
0.2634
0.26512
0.26448
0.27136
0.27844
0.26336
0.26568
0.26948
0.25442
0.2622
0.25738
0.2549
0.26778
0.27354
0.26166
0.25624
0.2585
0.26496
0.26836
0.26034
0.26092
0.25608
0.25632
0.26794
0.26812
0.25596
0.25702
0.26852
0.26196
0.25904
0.25814
0.25432
0.26784
0.25632
0.26112
0.26948
0.26342
0.26722
0.26344
0.25352
0.27012
0.26318
0.25602
0.26702
0.26572
0.26388
0.26698
0.27742
0.28402
0.27386
0.26684
0.26424
0.26444
0.25692
0.26116
0.26484
0.27294
0.26442
0.26592
0.2676
0.25868
0.2668
0.27428
0.26218
0.26298
0.26372
0.25978
0.26458
0.26506
0.26466
0.2707
0.27578
0.27434
0.27538
0.27258
0.27048
0.2684
0.26034
0.2666
0.2634
0.26478
0.27006
0.26224
0.26514
0.26584
0.261
0.27268
0.27194
0.261
0.26492
0.2682
0.26848
0.27014
0.25432
0.26488
0.27024
0.26844
0.26232
0.26856
0.27628
0.25906
0.2643
0.2722
0.266
0.27092
0.2608
0.25804
0.26768
0.26898
0.26354
0.2688
0.26058
0.2602
0.25194
0.2663
0.27144
0.26606
0.26314
0.2562
0.27202
0.2645
0.2615
0.2621
0.25494
0.25454
0.25148
0.2667
0.26542
0.26708
0.2707
0.25774
0.26578
0.26618
0.26168
0.26294
0.2749
0.27808
0.27002
0.26482
0.26646
0.26632
0.2759
0.26696
0.25506
0.25864
0.26088
0.26576
0.25872
0.26264
0.26088
0.26106
0.27302
0.26602
0.27202
0.26882
0.26526
0.27456
0.27498
0.27214
0.2652
0.263
0.25506
0.27234
0.2664
0.26592
0.26756
0.27702
0.2666
0.27444
0.26504
0.26356
0.26028
0.26186
0.26732
0.27348
0.26888
0.26106
0.27526
0.26404
0.26754
0.26996
0.27716
0.272
0.26002
0.26472
0.26178
0.26502
0.2635
0.24952
0.26492
0.26966
0.2612
0.26166
0.265
0.2635
0.25618
0.27168
0.27058
0.2667
0.27088
0.27872
0.27404
0.27068
0.26528
0.27574
0.25756
0.26914
0.2797
0.27262
0.26804
0.25858
0.26316
0.2367
0.24718
0.26108
0.25554
0.25018
0.26612
0.25894
0.26808
0.26958
0.2619
0.2612
0.25852
0.25634
0.26724
0.26108
0.2681
0.27032
0.26422
0.25914
0.27036
0.27706
0.26174
0.26452
0.26092
0.25428
0.2542
0.2701
0.26646
0.2615
0.2623
0.2734
0.26974
0.26246
0.28016
0.26674
0.26084
0.26234
0.26626
0.26998
0.26808
0.27404
0.2659
0.25502
0.27672
0.27262
0.26512
0.26164
0.24784
0.2677
0.25764
0.25472
0.2632
0.264
0.2618
0.2577
0.26238
0.2659
0.26314
0.2603
0.2642
0.26632
0.26308
0.25222
0.25872
0.26446
0.2558
0.26084
0.2575
0.26032
0.25708
0.26446
0.25916
0.2503
0.25878
0.2696
0.26712
0.25892
0.25832
0.26608
0.255
0.26332
0.2584
0.26594
0.26924
0.2555
0.26186
0.26866
0.27248
0.26498
0.2644
0.26488
0.25014
0.2661
0.25984
0.2763
0.2708
0.25888
0.26384
0.27766
0.27798
0.25522
0.2602
0.27822
0.26964
0.26084
0.2679
0.27576
0.26602
0.25844
0.26324
0.25676
0.2621
0.2772
0.27712
0.26584
0.26854
0.25914
0.26016
0.26504
0.26752
0.25746
0.26008
0.26882
0.27026
0.25774
0.26378
0.25828
0.24756
0.26068
0.2606
0.25974
0.25038
0.25828
0.2588
0.26464
0.27062
0.2664
0.27206
0.26428
0.25844
0.26532
0.26226
0.26128
0.25522
0.26402
0.26334
0.2544
0.25934
0.26598
0.26516
0.26364
0.27372
0.25894
0.26368
0.2606
0.2699
0.27366
0.2785
0.27038
0.26482
0.26472
0.2682
0.26194
0.264
0.25734
0.27224
0.25556
0.25762
0.26794
0.2684
0.27282
0.266
0.27114
0.2692
0.2576
0.26816
0.27362
0.2687
0.26088
0.26354
0.25394
0.25898
0.26214
0.26958
0.26352
0.26412
0.27468
0.28304
0.2582
0.24898
0.2522
0.27092
0.26228
0.26656
0.2538
0.266
0.26214
0.26232
0.26266
0.26678
0.2672
0.26544
0.2777
0.2808
0.26632
0.25898
0.26622
0.26446
0.2719
0.27966
0.27176
0.26212
0.2647
0.25162
0.25798
0.25656
0.26484
0.2593
0.26812
0.25752
0.26034
0.26048
0.26226
0.26444
0.25892
0.24736
0.27558
0.2607
0.26164
0.26306
0.27168
0.27642
0.26964
0.2603
0.26404
0.26504
0.27104
0.2566
0.25884
0.26632
0.25666
0.2619
0.25904
0.26652
0.26748
0.27104
0.25992
0.26704
0.2544
0.27606
0.27564
0.265
0.26518
0.25968
0.2636
0.25624
0.26894
0.25104
0.25896
0.26228
0.25986
0.25332
0.25538
0.26406
0.2681
0.26596
0.26298
0.27388
0.25698
0.25588
0.26662
0.25306
0.2557
0.27474
0.26746
0.25796
0.26078
0.26838
0.27544
0.2645
0.27274
0.26864
0.25384
0.25942
0.26838
0.2624
0.26322
0.25552
0.26154
0.26552
0.26712
0.2694
0.2583
0.26514
0.25758
0.2681
0.2603
0.26438
0.25866
0.26662
0.26556
0.27028
0.25998
0.2563
0.25946
0.25544
0.24542
0.26
0.27116
0.27032
0.26518
0.26844
0.27084
0.26334
0.26802
0.26768
0.26378
0.25976
0.25512
0.27004
0.26498
0.27054
0.26144
0.26058
0.26692
0.25924
0.27382
0.26366
0.26246
0.26546
0.26872
0.26612
0.25984
0.26644
0.2591
0.26058
0.26396
0.26956
0.25802
0.26052
0.27302
0.26022
0.26956
0.26074
0.26024
0.26246
0.26352
0.26932
0.26414
0.26498
0.2762
0.26704
0.27462
0.26544
0.27382
0.26428
0.2536
0.2715
0.27112
0.27596
0.2564
0.26556
0.25434
0.2753
0.2782
0.26684
0.26362
0.26254
0.2715
0.26286
0.26254
0.25828
0.27326
0.25948
0.26896
0.2557
0.26658
0.25914
0.2523
0.26384
0.26752
0.27098
0.27298
0.26666
0.26752
0.26576
0.263
0.26088
0.26734
0.26884
0.25514
0.27072
0.2716
0.26472
0.26878
0.2638
0.25782
0.25146
0.25964
0.27786
0.2767
0.26158
0.27042
0.26196
0.25592
0.26372
0.25796
0.26538
0.26646
0.26914
0.26968
0.2641
0.25128
0.2637
0.25956
0.27174
0.26328
0.25664
0.2632
0.26822
0.25652
0.26404
0.27186
0.25234
0.26562
0.26264
0.26336
0.26288
0.26518
0.27506
0.27736
0.2641
0.2671
0.2698
0.27234
0.26382
0.25848
0.26692
0.2572
0.26526
0.25862
0.26702
0.27982
0.2669
0.26728
0.26312
0.25828
0.26224
0.28302
0.2756
0.25852
0.27162
0.2552
0.26982
0.26414
0.25976
0.27088
0.26734
0.26242
0.26594
0.2614
0.2518
0.25042
0.25016
0.2662
0.27186
0.26658
0.26822
0.25102
0.26148
0.26778
0.2579
0.26442
0.25958
0.24854
0.2646
0.26686
0.27626
0.26568
0.25594
0.2489
0.25334
0.26526
0.26506
0.26738
0.26556
0.26652
0.26
0.25816
0.27218
0.2601
0.26952
0.27366
0.26288
0.27386
0.27516
0.2674
0.27034
0.26842
0.27342
0.25376
0.26266
0.2746
0.25386
0.26286
0.2557
0.2683
0.2622
0.2597
0.2526
0.26418
0.2516
0.26876
0.26288
0.26584
0.2653
0.26412
0.2681
0.26674
0.26792
0.2709
0.26138
0.26226
0.27118
0.27382
0.2615
0.26744
0.26254
0.26158
0.25386
0.26344
0.26842
0.27116
0.2674
0.267
0.26614
0.27876
0.25458
0.26334
0.2586
0.25556
0.26008
0.2662
0.26728
0.25564
0.25698
0.265
0.27008
0.26772
0.25268
0.26138
0.26702
0.27244
0.26284
0.26212
0.25226
0.2627
0.27706
0.27082
0.26564
0.27466
0.25726
0.27208
0.26604
0.26146
0.26192
0.27042
0.26396
0.26696
0.26594
0.2657
0.26578
0.26802
0.26826
0.26742
0.26836
0.26252
0.26462
0.26068
0.26684
0.26716
0.26576
0.2531
0.26332
0.26282
0.26098
0.26288
0.26862
0.27478
0.26522
0.27178
0.27316
0.2628
0.27018
0.26946
0.27278
0.26364
0.2597
0.2552
0.25608
0.25896
0.25612
0.25878
0.2705
0.26728
0.2514
0.25936
0.27028
0.27126
0.25952
0.25434
0.26578
0.26778
0.27384
0.2727
0.2683
0.27064
0.26616
0.2631
0.25798
0.25832
0.27044
0.25348
0.26206
0.267
0.27634
0.28104
0.26962
0.25922
0.26742
0.25858
0.257
0.27154
0.28006
0.2698
0.2763
0.27206
0.25402
0.26194
0.27098
0.26032
0.27076
0.26252
0.25274
0.26162
0.2643
0.26546
0.2664
0.2613
0.2579
0.26454
0.26432
0.2563
0.26112
0.25402
0.25612
0.25928
0.26568
0.26312
0.264
0.26228
0.26774
0.2691
0.25684
0.26494
0.26568
0.26876
0.2636
0.26526
0.27288
0.27116
0.27744
0.27258
0.2697
0.26746
0.26604
0.26108
0.26444
0.27306
0.27186
0.2578
0.27024
0.26396
0.25868
0.24318
0.26852
0.27208
0.26306
0.27142
0.27442
0.27192
0.27138
0.2744
0.28588
0.2636
0.26628
0.26608
0.27676
0.26796
0.25864
0.26248
0.25798
0.25404
0.25498
0.25722
0.2671
0.26678
0.26006
0.26038
0.26124
0.26318
0.24824
0.26754
0.26836
0.26428
0.26664
0.25884
0.25924
0.26098
0.27974
0.27156
0.26428
0.272
0.26902
0.27786
0.27574
0.26314
0.261
0.26928
0.2617
0.2635
0.26862
0.2661
0.262
0.2567
0.26826
0.2791
0.2637
0.27586
0.27218
0.26856
0.26848
0.265
0.26366
0.26472
0.26086
0.27338
0.26058
0.26332
0.27328
0.2632
0.25976
0.2709
0.25494
0.26892
0.25828
0.2674
0.25868
0.25702
0.25682
0.26896
0.28118
0.25944
0.27702
0.27152
0.27028
0.25844
0.26088
0.25764
0.26108
0.26766
0.2641
0.2553
0.25818
0.26068
0.25766
0.25422
0.25012
0.26366
0.27374
0.26428
0.27646
0.2632
0.2656
0.27114
0.27082
0.26294
0.26346
0.2696
0.26938
0.26272
0.26416
0.27384
0.2704
0.25918
0.26614
0.27572
0.26884
0.27676
0.2621
0.25366
0.25222
0.2588
0.26712
0.26242
0.25752
0.27034
0.25636
0.2654
0.25406
0.2671
0.27878
0.26222
0.26242
0.26826
0.26486
0.2645
0.27244
0.27332
0.28116
0.26546
0.25684
0.27092
0.25904
0.25468
0.2599
0.26344
0.2706
0.26482
0.26108
0.26162
0.26406
0.26472
0.27376
0.28032
0.2728
0.26714
0.2599
0.26514
0.2606
0.26442
0.2609
0.26424
0.26386
0.26246
0.25748
0.2681
0.25368
0.26414
0.26524
0.26162
0.26196
0.26378
0.2605
0.27124
0.268
0.25494
0.2611
0.2698
0.2702
0.27304
0.25836
0.26474
0.26856
0.26392
0.26092
0.26216
0.27032
0.25794
0.26886
0.26502
0.2669
0.26456
0.25902
0.25934
0.26644
0.27682
0.27014
0.25914
0.2606
0.278
0.2665
0.26404
0.2655
0.26588
0.25506
0.26126
0.26012
0.27332
0.26932
0.26772
0.26816
0.25662
0.26724
0.26618
0.26224
0.25546
0.25572
0.26154
0.27216
0.26318
0.26144
0.26876
0.26856
0.25146
0.26066
0.2552
0.25536
0.26658
0.26272
0.27448
0.2646
0.26682
0.27676
0.2648
0.2658
0.26712
0.26068
0.2585
0.2685
0.25212
0.26018
0.26434
0.2711
0.25732
0.26976
0.2536
0.25654
0.2538
0.26548
0.26444
0.2683
0.26798
0.26262
0.27592
0.26738
0.25896
0.2664
0.259
0.2457
0.26634
0.27022
0.25732
0.26352
0.27378
0.26768
0.27132
0.2698
0.26502
0.27066
0.2735
0.26138
0.26162
0.27184
0.25358
0.26052
0.27204
0.26448
0.26644
0.2666
0.26356
0.26576
0.27144
0.26714
0.26606
0.25888
0.25804
0.2613
0.26568
0.26432
0.25786
0.2653
0.26828
0.27214
0.26354
0.26574
0.26588
0.26016
0.27076
0.26648
0.26922
0.27512
0.26788
0.2624
0.26068
0.25454
0.24366
0.27126
0.2631
0.26342
0.26444
0.24934
0.26122
0.25358
0.27152
0.27264
0.265
0.26368
0.27122
0.263
0.26002
0.25714
0.26018
0.265
0.26658
0.2638
0.27168
0.26738
0.26338
0.2594
0.2565
0.26164
0.27428
0.27622
0.27402
0.27118
0.26786
0.26852
0.26712
0.2634
0.26558
0.25454
0.26
0.27094
0.2583
0.26162
0.25568
0.26628
0.26788
0.26864
0.2722
0.26872
0.27378
0.2643
0.26814
0.26958
0.25882
0.25912
0.27144
0.27358
0.26932
0.2519
0.25534
0.26682
0.25636
0.26204
0.27444
0.2652
0.26556
0.27716
0.26784
0.26416
0.27712
0.2592
0.26416
0.26026
0.26274
0.25994
0.26166
0.26538
0.27146
0.25548
0.26472
0.26628
0.26008
0.25974
0.25992
0.26544
0.26982
0.25866
0.27022
0.26616
0.26402
0.2535
0.26268
0.2489
0.25944
0.26188
0.27918
0.26608
0.26394
0.25974
0.2643
0.26906
0.25974
0.25436
0.2592
0.26306
0.27914
0.26944
0.26524
0.27418
0.26936
0.25782
0.25522
0.25548
0.26628
0.26302
0.2633
0.25882
0.25028
0.26504
0.27278
0.26382
0.2718
0.26618
0.27604
0.2661
0.25508
0.26278
0.2702
0.2602
0.26844
0.2598
0.273
0.2706
0.26616
0.26904
0.25724
0.2612
0.2591
0.2674
0.26932
0.2615
0.26174
0.2625
0.26226
0.27144
0.25908
0.26506
0.25982
0.26654
0.26984
0.26328
0.26124
0.27246
0.25828
0.25118
0.26918
0.2703
0.266
0.27248
0.26672
0.26008
0.26532
0.26936
0.26764
0.26038
0.25698
0.25146
0.26018
0.26508
0.25906
0.26732
0.26188
0.2582
0.28042
0.267
0.26016
0.2517
0.26996
0.27214
0.28314
0.27464
0.26192
0.27038
0.26744
0.27874
0.2643
0.26906
0.27132
0.26464
0.25632
0.2629
0.2626
0.26224
0.26634
0.27072
0.28342
0.26528
0.25904
0.25988
0.26658
0.25308
0.26952
0.2592
0.26204
0.26108
0.26066
0.27782
0.26804
0.26012
0.25914
0.2683
0.25706
0.24656
0.26104
0.26546
0.26862
0.2572
0.265
0.26808
0.26408
0.27428
0.26018
0.2685
0.24866
0.26796
0.26176
0.26818
0.27008
0.27648
0.26256
0.27216
0.2683
0.27036
0.26238
0.27218
0.25746
0.2662
0.26138
0.26872
0.27284
0.2669
0.26332
0.26192
0.25972
0.26828
0.27412
0.27082
0.2648
0.27086
0.27528
0.27798
0.269
0.27486
0.25968
0.26976
0.26428
0.26654
0.2739
0.27252
0.27532
0.2683
0.2641
0.26382
0.2652
0.25954
0.25776
0.26794
0.27082
0.26092
0.26484
0.27124
0.2677
0.266
0.26646
0.25944
0.25476
0.26452
0.26572
0.26114
0.25436
0.26784
0.27502
0.26008
0.25798
0.26228
0.25932
0.26566
0.26266
0.25484
0.26554
0.26444
0.25748
0.26462
0.26026
0.2693
0.28762
0.26726
0.26562
0.25806
0.25522
0.26964
0.26046
0.26512
0.26486
0.26612
0.26444
0.27196
0.26166
0.2644
0.26494
0.26528
0.26504
0.26938
0.26902
0.26654
0.26098
0.27496
0.26424
0.25906
0.27894
0.2729
0.27142
0.2702
0.2664
0.25732
0.257
0.2714
0.2789
0.26428
0.27604
0.26724
0.2658
0.26684
0.26038
0.26798
0.27558
0.27744
0.26582
0.2723
0.27722
0.27196
0.2536
0.26982
0.27112
0.2684
0.27158
0.25996
0.26798
0.26148
0.26956
0.26782
0.26308
0.27004
0.25614
0.26986
0.26188
0.26814
0.26728
0.26388
0.2719
0.26634
0.2758
0.27392
0.28
0.25916
0.26206
0.26306
0.26368
0.26334
0.26568
0.26006
0.26788
0.25796
0.26994
0.26758
0.27858
0.26682
0.26134
0.2692
0.25964
0.26616
0.26836
0.2651
0.26124
0.26292
0.26084
0.24982
0.25788
0.26436
0.26604
0.26438
0.26102
0.26954
0.27144
0.26724
0.26978
0.27444
0.26948
0.2638
0.27606
0.26152
0.26824
0.25466
0.26184
0.26168
0.2671
0.27106
0.27802
0.25862
0.26736
0.26744
0.27876
0.26762
0.27236
0.26498
0.26008
0.26476
0.25606
0.26676
0.27078
0.26868
0.27442
0.26326
0.26182
0.2628
0.2599
0.25806
0.2595
0.26756
0.26148
0.26352
0.2532
0.26608
0.2611
0.26124
0.2644
0.2594
0.27016
0.25718
0.26466
0.26498
0.2612
0.26908
0.26606
0.26646
0.26882
0.26724
0.26126
0.27356
0.26804
0.25912
0.25982
0.26176
0.2575
0.264
0.26042
0.25932
0.25372
0.25188
0.27048
0.26098
0.26256
0.26446
0.26476
0.26762
0.26524
0.25832
0.26204
0.25848
0.26764
0.25158
0.26384
0.2605
0.26838
0.27096
0.26178
0.26256
0.25954
0.26398
0.2529
0.26734
0.2478
0.25956
0.26954
0.2666
0.2536
0.26296
0.2707
0.26196
0.24786
0.26586
0.26858
0.27058
0.2735
0.26622
0.27588
0.27512
0.26282
0.2693
0.2673
0.26764
0.26178
0.26568
0.26292
0.26516
0.27216
0.26138
0.2568
0.2574
0.25698
0.27646
0.27442
0.26634
0.26312
0.26418
0.26536
0.26998
0.26812
0.26234
0.26662
0.25202
0.26752
0.26922
0.26308
0.25482
0.25544
0.25786
0.26794
0.26096
0.25606
0.26494
0.26654
0.26902
0.2631
0.26428
0.26406
0.27902
0.27952
0.26188
0.26692
0.26132
0.26694
0.26168
0.27188
0.26016
0.2542
0.25822
0.26652
0.26242
0.27036
0.27496
0.25782
0.25984
0.26536
0.26512
0.27496
0.26796
0.2668
0.26192
0.2698
0.27302
0.26818
0.26642
0.26314
0.27294
0.27356
0.26724
0.27138
0.27482
0.26378
0.27604
0.25722
0.26846
0.27954
0.27376
0.27254
0.2568
0.25354
0.25714
0.28058
0.2717
0.26246
0.2861
0.269
0.26216
0.26626
0.27288
0.26776
0.26388
0.25714
0.25788
0.26818
0.26962
0.272
0.27408
0.2754
0.26882
0.27184
0.26262
0.26362
0.25966
0.25972
0.26786
0.25672
0.24808
0.26296
0.25514
0.26792
0.26084
0.2659
0.2554
0.2638
0.26318
0.26736
0.26648
0.2587
0.25228
0.2595
0.26102
0.25402
0.27322
0.2628
0.26762
0.26892
0.26802
0.27134
0.26756
0.26428
0.26818
0.25812
0.26464
0.25636
0.2777
0.2583
0.26456
0.26652
0.26874
0.2682
0.26004
0.2644
0.261
0.28224
0.27432
0.26544
0.27458
0.27746
0.27216
0.27658
0.26828
0.25018
0.26226
0.2649
0.26612
0.25444
0.2624
0.26864
0.26098
0.25774
0.26574
0.28076
0.27866
0.26166
0.2525
0.26168
0.25968
0.26422
0.26366
0.26456
0.2588
0.26844
0.26032
0.25378
0.24364
0.25956
0.26062
0.27082
0.2608
0.25332
0.25442
0.26118
0.27088
0.27206
0.25628
0.26964
0.2518
0.2588
0.26134
0.2665
0.26438
0.26924
0.25784
0.26484
0.26224
0.27196
0.2691
0.2606
0.26704
0.26172
0.27052
0.26514
0.27048
0.27008
0.26622
0.274
0.26496
0.2584
0.2712
0.25974
0.26114
0.27152
0.2635
0.27208
0.27268
0.26764
0.27298
0.27894
0.25488
0.24812
0.26338
0.26336
0.27054
0.27112
0.26094
0.25986
0.25426
0.27
0.26698
0.2746
0.271
0.27078
0.2693
0.27008
0.26046
0.2678
0.26802
0.2622
0.26164
0.26022
0.26438
0.27048
0.27424
0.27334
0.2631
0.25724
0.2651
0.2608
0.26648
0.26756
0.26642
0.26442
0.25998
0.25864
0.27138
0.27728
0.27076
0.27112
0.26626
0.27144
0.26244
0.2659
0.26226
0.2682
0.2695
0.2488
0.25516
0.2593
0.26762
0.26722
0.26522
0.25664
0.26544
0.2673
0.2618
0.26914
0.25886
0.2648
0.2571
0.26566
0.26812
0.26806
0.2587
0.26568
0.25778
0.26914
0.2833
0.26766
0.26066
0.26932
0.26468
0.27274
0.25828
0.2737
0.26314
0.2665
0.27268
0.25596
0.26752
0.26452
0.2685
0.27032
0.26808
0.2766
0.26742
0.27586
0.27136
0.27898
0.26898
0.2637
0.26974
0.27406
0.26384
0.27694
0.26816
0.26342
0.25452
0.26108
0.26296
0.26146
0.26306
0.26464
0.25466
0.26958
0.27084
0.27274
0.2658
0.27184
0.2807
0.2646
0.26916
0.26668
0.25344
0.25252
0.26326
0.2698
0.27386
0.27056
0.25606
0.2579
0.26746
0.27042
0.2654
0.27682
0.26866
0.2644
0.26476
0.26568
0.27046
0.26392
0.26078
0.26494
0.27324
0.27028
0.26596
0.2661
0.26288
0.26176
0.25996
0.26744
0.27156
0.26972
0.2702
0.2611
0.2602
0.2747
0.26388
0.25736
0.25814
0.25936
0.25966
0.26316
0.26096
0.26322
0.26164
0.25882
0.27238
0.2742
0.2623
0.26254
0.26866
0.26728
0.2823
0.28054
0.27386
0.26346
0.26086
0.27034
0.27402
0.26624
0.26586
0.2597
0.25628
0.2632
0.25726
0.26368
0.27096
0.2647
0.26438
0.26234
0.2649
0.2711
0.26116
0.25922
0.26912
0.25608
0.26376
0.25672
0.25466
0.26832
0.26152
0.26254
0.27054
0.26574
0.26874
0.26108
0.25752
0.26112
0.26018
0.26616
0.2648
0.2647
0.26604
0.26748
0.25628
0.26366
0.25782
0.27864
0.26664
0.25982
0.26224
0.25962
0.27002
0.26824
0.26074
0.2574
0.2539
0.26544
0.26332
0.26372
0.26264
0.2634
0.26496
0.26296
0.27784
0.26994
0.27308
0.25852
0.25686
0.26536
0.27092
0.26808
0.25074
0.26862
0.26778
0.26242
0.27112
0.26736
0.26664
0.26398
0.26558
0.26448
0.27054
0.266
0.26666
0.25722
0.26086
0.2746
0.26884
0.26338
0.26808
0.27176
0.2605
0.2511
0.26628
0.27582
0.26344
0.25986
0.25606
0.25758
0.26368
0.2632
0.26192
0.2665
0.26226
0.26996
0.25872
0.27648
0.2722
0.26012
0.26704
0.26456
0.2671
0.25576
0.26786
0.25362
0.2613
0.2657
0.26368
0.25966
0.26608
0.27604
0.26962
0.27226
0.262
0.26016
0.26622
0.27474
0.25638
0.26222
0.25962
0.27894
0.27438
0.25894
0.26396
0.26344
0.27712
0.2518
0.27212
0.26494
0.26156
0.25702
0.26564
0.2823
0.26834
0.24978
0.2532
0.26998
0.26666
0.27488
0.2598
0.27472
0.26466
0.26382
0.25832
0.27814
0.25964
0.25944
0.26236
0.26058
0.26486
0.26264
0.27424
0.2672
0.26788
0.26296
0.26128
0.25972
0.2694
0.26914
0.25578
0.27852
0.25926
0.26052
0.27024
0.26256
0.25842
0.2666
0.27214
0.25242
0.25598
0.2661
0.2664
0.25662
0.26518
0.26994
0.26732
0.26654
0.26646
0.26782
0.25952
0.25284
0.26376
0.25644
0.26898
0.25642
0.267
0.26784
0.26554
0.26156
0.25642
0.26276
0.25688
0.27142
0.26572
0.26286
0.2718
0.26664
0.26868
0.2681
0.26694
0.27196
0.27482
0.27278
0.27512
0.26686
0.2676
0.24842
0.26458
0.26322
0.27762
0.27456
0.2646
0.26086
0.25818
0.2581
0.2513
0.26568
0.2755
0.26618
0.26426
0.26864
0.26438
0.26402
0.27198
0.2714
0.26256
0.25254
0.26754
0.27236
0.26778
0.25854
0.26286
0.26266
0.27028
0.26944
0.25906
0.27276
0.26896
0.26872
0.261
0.25976
0.2811
0.27234
0.26892
0.2666
0.26068
0.25972
0.25812
0.25938
0.26062
0.2674
0.2774
0.2652
0.26678
0.26382
0.26564
0.26788
0.25546
0.26758
0.26878
0.26956
0.27692
0.2821
0.26452
0.26796
0.26916
0.27786
0.2644
0.26398
0.26204
0.2539
0.26438
0.26826
0.2789
0.26636
0.25964
0.26158
0.2535
0.26434
0.26418
0.2589
0.2717
0.26288
0.26616
0.2465
0.25696
0.25392
0.26318
0.26468
0.2665
0.26212
0.2691
0.27328
0.26504
0.26266
0.26704
0.26104
0.27196
0.27052
0.2695
0.25504
0.2604
0.2604
0.25402
0.25986
0.25812
0.25278
0.25744
0.26942
0.26654
0.27308
0.27588
0.27612
0.26544
0.27054
0.26048
0.26632
0.2543
0.25346
0.26114
0.26672
0.26286
0.25992
0.26396
0.26992
0.26432
0.26378
0.25798
0.265
0.2722
0.2697
0.25952
0.2601
0.26336
0.25714
0.27328
0.28078
0.26348
0.25904
0.2746
0.26402
0.27436
0.2595
0.27818
0.26702
0.26298
0.27878
0.26948
0.26034
0.26866
0.26098
0.2796
0.27002
0.2718
0.26288
0.26688
0.27396
0.26914
0.27562
0.26076
0.26538
0.25722
0.25564
0.25822
0.2724
0.26246
0.26112
0.26114
0.27644
0.27426
0.26646
0.26344
0.2702
0.269
0.26172
0.2697
0.26456
0.26386
0.2664
0.26386
0.2541
0.26792
0.27052
0.26862
0.26492
0.2726
0.266
0.26266
0.2675
0.26482
0.25412
0.2623
0.27798
0.26884
0.2501
0.26338
0.27138
0.26456
0.26062
0.26324
0.26054
0.25696
0.25454
0.26838
0.27588
0.27164
0.27586
0.2665
0.26564
0.25778
0.27268
0.26582
0.26814
0.25852
0.27162
0.26122
0.26784
0.27582
0.27492
0.2516
0.26242
0.2696
0.27134
0.2677
0.26574
0.27788
0.26896
0.27084
0.2575
0.26928
0.26898
0.26228
0.27112
0.2712
0.25526
0.26318
0.25786
0.2624
0.2716
0.2672
0.25516
0.2682
0.2599
0.25294
0.26318
0.26686
0.27044
0.26152
0.27016
0.26358
0.26956
0.26106
0.2663
0.27016
0.26914
0.26388
0.26102
0.27346
0.27672
0.27964
0.27602
0.27002
0.25458
0.26872
0.26344
0.26358
0.27688
0.26236
0.25782
0.27214
0.26472
0.26144
0.26066
0.2778
0.26176
0.2677
0.25746
0.2665
0.27348
0.26834
0.26514
0.2616
0.2659
0.26504
0.26674
0.26366
0.26576
0.26068
0.26364
0.26482
0.27384
0.26794
0.27134
0.26332
0.26368
0.26966
0.26876
0.27532
0.27692
0.2713
0.27144
0.26614
0.28336
0.26388
0.27196
0.265
0.26824
0.27846
0.25856
0.2633
0.26302
0.27056
0.27512
0.25874
0.26298
0.26628
0.26328
0.26114
0.26388
0.25646
0.26216
0.26574
0.25602
0.26118
0.25492
0.25426
0.25536
0.26348
0.27182
0.27116
0.27336
0.27476
0.27214
0.27332
0.27642
0.27326
0.26344
0.26982
0.26872
0.26512
0.26612
0.2623
0.26528
0.26964
0.26596
0.25862
0.2604
0.26092
0.27128
0.27862
0.2661
0.27184
0.25506
0.2597
0.265
0.254
0.26582
0.27084
0.25874
0.25664
0.26034
0.26292
0.2786
0.26802
0.26628
0.2652
0.24528
0.2499
0.25508
0.26474
0.25082
0.26472
0.2724
0.27152
0.26696
0.26206
0.26276
0.2758
0.25918
0.26226
0.26662
0.25752
0.26616
0.26184
0.27334
0.27416
0.2812
0.26508
0.27026
0.2678
0.26064
0.24796
0.2573
0.2721
0.25974
0.26014
0.26198
0.25696
0.278
0.26592
0.26002
0.26422
0.26158
0.26132
0.27772
0.2652
0.26888
0.2588
0.2624
0.26432
0.25596
0.2645
0.2655
0.27042
0.2621
0.2648
0.26824
0.26054
0.26282
0.26816
0.2653
0.2659
0.26338
0.26876
0.27188
0.25688
0.26476
0.26502
0.2642
0.2664
0.27532
0.26998
0.25856
0.26646
0.26474
0.26372
0.26674
0.27128
0.25716
0.25798
0.25444
0.26678
0.27546
0.26404
0.2671
0.26404
0.27126
0.2663
0.2702
0.2642
0.25148
0.26244
0.26732
0.25336
0.26336
0.26772
0.25782
0.2617
0.26496
0.27038
0.26932
0.27294
0.27944
0.2738
0.2626
0.26346
0.2677
0.26812
0.26374
0.26918
0.26802
0.26678
0.26922
0.25594
0.25706
0.25846
0.2606
0.27712
0.2731
0.25662
0.2674
0.2615
0.2608
0.26798
0.26798
0.26328
0.2511
0.26998
0.25538
0.25552
0.2676
0.26922
0.26304
0.26474
0.25926
0.24976
0.26708
0.26822
0.26422
0.26518
0.26156
0.26432
0.26598
0.2594
0.26776
0.27086
0.26148
0.25112
0.26506
0.26434
0.27054
0.26658
0.2646
0.26718
0.26374
0.2639
0.25612
0.26376
0.27238
0.25992
0.261
0.25436
0.2629
0.25302
0.26158
0.24992
0.2508
0.26036
0.26942
0.27884
0.25752
0.2599
0.26548
0.26296
0.26446
0.2616
0.27226
0.26304
0.25718
0.25956
0.26034
0.268
0.2739
0.26656
0.26284
0.2639
0.26518
0.26388
0.27194
0.25834
0.27576
0.2657
0.25578
0.26916
0.25254
0.26764
0.26026
0.2639
0.2635
0.26464
0.2607
0.25318
0.26916
0.2541
0.2612
0.27108
0.26442
0.26458
0.26738
0.2702
0.25514
0.26532
0.26306
0.26842
0.27124
0.26794
0.25792
0.2667
0.26358
0.27524
0.27152
0.26908
0.27054
0.2663
0.25956
0.27282
0.26416
0.25818
0.26814
0.266
0.2618
0.26104
0.2662
0.2621
0.26482
0.2687
0.2582
0.26672
0.26422
0.26302
0.26744
0.27282
0.26912
0.2628
0.25794
0.26374
0.25468
0.26324
0.267
0.26312
0.27314
0.255
0.24784
0.2555
0.26752
0.27276
0.26356
0.27612
0.2658
0.2554
0.26036
0.2758
0.26136
0.26502
0.26048
0.26286
0.2608
0.27056
0.2625
0.25918
0.25862
0.25618
0.27034
0.2667
0.25768
0.263
0.26232
0.27648
0.26076
0.26304
0.26138
0.27626
0.26462
0.26656
0.2691
0.26688
0.26446
0.27918
0.26474
0.25644
0.25928
0.26204
0.25544
0.25948
0.26642
0.26024
0.266
0.27408
0.2711
0.25908
0.25996
0.2741
0.26052
0.25306
0.25634
0.26724
0.25958
0.24678
0.26246
0.2738
0.26862
0.26374
0.26232
0.26564
0.26566
0.26456
0.2568
0.25886
0.2662
0.26366
0.26572
0.26932
0.26762
0.26162
0.26646
0.26872
0.26382
0.26492
0.2697
0.2693
0.2578
0.2556
0.26114
0.26224
0.26238
0.2527
0.261
0.2798
0.26592
0.28124
0.25498
0.26304
0.27246
0.26096
0.26712
0.26698
0.25636
0.27228
0.26486
0.27166
0.2686
0.27488
0.2745
0.27226
0.26446
0.25916
0.26952
0.26574
0.26624
0.2607
0.26366
0.252
0.25754
0.2655
0.26442
0.2518
0.25788
0.25744
0.26094
0.26718
0.26998
0.25418
0.2483
0.25012
0.26892
0.27044
0.26282
0.26366
0.26248
0.26776
0.2718
0.26884
0.27158
0.25666
0.2697
0.2669
0.25454
0.26942
0.26296
0.26786
0.2784
0.26738
0.25942
0.26574
0.273
0.27252
0.2623
0.25782
0.26818
0.26308
0.25746
0.26786
0.26426
0.26194
0.2732
0.26862
0.27276
0.2654
0.27486
0.25774
0.25602
0.26304
0.27046
0.2666
0.26842
0.27922
0.26282
0.26432
0.2769
0.26172
0.26262
0.2679
0.25602
0.25542
0.26344
0.26466
0.27504
0.27182
0.26748
0.25798
0.26062
0.26662
0.2584
0.26618
0.26318
0.25128
0.26318
0.26816
0.25704
0.27278
0.25592
0.25588
0.2623
0.2636
0.2483
0.27176
0.26402
0.27128
0.25948
0.26168
0.27042
0.27072
0.27358
0.25988
0.24632
0.26418
0.26158
0.26188
0.26688
0.26726
0.26084
0.26974
0.27156
0.26546
0.27344
0.2681
0.26684
0.26354
0.26028
0.2575
0.25616
0.27106
0.26866
0.26572
0.25814
0.26656
0.2788
0.27392
0.2689
0.27526
0.27396
