0.74452
0.7404
0.75112
0.74688
0.7508
0.74816
0.74846
0.74622
0.75054
0.74978
0.74582
0.74642
0.74822
0.74558
0.74808
0.74678
0.74694
0.74344
0.74546
0.74162
0.74316
0.7451
0.74952
0.74664
0.75192
0.7487
0.75382
0.7476
0.75112
0.74878
0.74252
0.75032
0.75102
0.75124
0.74526
0.74242
0.74314
0.74724
0.74652
0.7483
0.74458
0.74274
0.74476
0.74984
0.7545
0.7474
0.74018
0.74668
0.75332
0.74848
0.74986
0.75012
0.74548
0.74848
0.74468
0.7482
0.74824
0.74748
0.75026
0.74618
0.74362
0.7512
0.74676
0.74822
0.74412
0.74958
0.74584
0.75
0.74852
0.74512
0.75052
0.74356
0.74736
0.74602
0.74546
0.74784
0.74626
0.7445
0.7482
0.74836
0.74924
0.7443
0.74944
0.74436
0.74334
0.7461
0.74892
0.75134
0.74602
0.74564
0.74798
0.74022
0.74542
0.74906
0.74982
0.74704
0.74594
0.74966
0.74494
0.74764
0.74836
0.74474
0.74688
0.74664
0.75302
0.74688
0.74764
0.74346
0.74528
0.74416
0.74856
0.7485
0.74442
0.74676
0.74934
0.74632
0.74656
0.7506
0.74704
0.74496
0.7398
0.75066
0.7481
0.74638
0.7498
0.74932
0.7443
0.74762
0.74792
0.74496
0.74862
0.7492
0.74812
0.74436
0.74678
0.74772
0.7438
0.74668
0.74994
0.74908
0.74714
0.75126
0.74778
0.74582
0.74962
0.74462
0.74368
0.74336
0.74496
0.75116
0.7431
0.74784
0.74564
0.7455
0.7495
0.74552
0.74488
0.74378
0.7469
0.74428
0.74902
0.74458
0.7417
0.7484
0.74978
0.74716
0.74996
0.74482
0.75366
0.74774
0.7443
0.75248
0.74832
0.75002
0.74724
0.7453
0.74576
0.74618
0.73992
0.75362
0.74684
0.74192
0.7431
0.7521
0.75198
0.74498
0.74738
0.74842
0.75056
0.74694
0.74906
0.74688
0.74706
0.74486
0.75112
0.74354
0.75162
0.74888
0.74044
0.74868
0.74596
0.75132
0.74928
0.74724
0.7456
0.74778
0.74506
0.74636
0.75178
0.74178
0.74088
0.747
0.75216
0.74686
0.74698
0.74982
0.74578
0.74182
0.74096
0.74862
0.74532
0.75298
0.7524
0.74534
0.74998
0.75114
0.74644
0.74634
0.74576
0.74956
0.74318
0.75392
0.74866
0.74442
0.7449
0.75282
0.75124
0.74512
0.74784
0.74662
0.74586
0.7475
0.75214
0.74522
0.74936
0.74922
0.7436
0.74686
0.74996
0.7458
0.74628
0.74934
0.74934
0.74908
0.742
0.74854
0.74214
0.74982
0.74614
0.74598
0.74786
0.74804
0.74952
0.7471
0.74304
0.74788
0.7505
0.74192
0.75678
0.74836
0.74888
0.7426
0.74138
0.74474
0.74918
0.75046
0.74384
0.7444
0.74816
0.7489
0.75028
0.7474
0.7478
0.74526
0.74284
0.7501
0.74798
0.75236
0.74442
0.74506
0.74826
0.7415
0.74578
0.74434
0.74502
0.74318
0.75266
0.75168
0.74204
0.7468
0.7432
0.74638
0.74368
0.7494
0.7492
0.7468
0.74578
0.74632
0.75162
0.75064
0.74874
0.74856
0.74796
0.74868
0.75138
0.74376
0.74332
0.74558
0.74858
0.74836
0.74322
0.74328
0.74218
0.74638
0.74906
0.74548
0.74984
0.74644
0.74928
0.74904
0.74636
0.74508
0.74338
0.7506
0.74616
0.7561
0.74558
0.7504
0.74286
0.74568
0.75
0.75134
0.74798
0.74486
0.75176
0.73928
0.7536
0.74712
0.74926
0.7502
0.74488
0.74386
0.74532
0.7487
0.7444
0.74584
0.7509
0.74672
0.74898
0.74642
0.74248
0.73916
0.74862
0.7501
0.7452
0.7487
0.74836
0.74824
0.7549
0.75204
0.74584
0.74658
0.74856
0.744
0.7453
0.74474
0.74808
0.74536
0.74684
0.74676
0.7525
0.74544
0.74616
0.74986
0.74782
0.74704
0.74934
0.74364
0.74788
0.74248
0.74792
0.74948
0.74776
0.75324
0.74708
0.75118
0.74742
0.74736
0.75044
0.74644
0.75002
0.74954
0.75036
0.74858
0.7404
0.74806
0.74694
0.74226
0.75006
0.74962
0.74322
0.75052
0.74574
0.7502
0.74356
0.74052
0.74814
0.74668
0.74754
0.74988
0.74884
0.7471
0.74334
0.74988
0.74496
0.74954
0.75
0.74472
0.7421
0.7491
0.74678
0.74636
0.74716
0.74336
0.74902
0.74216
0.74052
0.73884
0.74346
0.75164
0.74482
0.74692
0.74902
0.7473
0.7483
0.74186
0.74562
0.74746
0.74642
0.749
0.74524
0.74808
0.74198
0.74882
0.74802
0.75324
0.74228
0.74598
0.74404
0.74748
0.7415
0.751
0.74974
0.74568
0.74566
0.7468
0.74828
0.74952
0.74606
0.74558
0.74502
0.7523
0.74486
0.75244
0.74674
0.74668
0.75006
0.74794
0.7453
0.74702
0.75064
0.7491
0.74706
0.74334
0.74996
0.74486
0.74814
0.7449
0.7406
0.7484
0.74992
0.75206
0.74758
0.74596
0.74764
0.74986
0.74592
0.74824
0.75052
0.74424
0.75018
0.7489
0.7486
0.75136
0.75294
0.75042
0.74938
0.75024
0.74724
0.74714
0.74964
0.74798
0.75308
0.74386
0.7465
0.7458
0.74122
0.7509
0.74794
0.74272
0.74784
0.7491
0.7445
0.74846
0.7438
0.74984
0.74536
0.74654
0.74806
0.75232
0.7493
0.75072
0.75128
0.74584
0.7467
0.74878
0.7478
0.74706
0.75144
0.75298
0.75222
0.74574
0.7546
0.75038
0.7425
0.7456
0.7497
0.7457
0.74716
0.74566
0.74438
0.74964
0.74874
0.74388
0.74828
0.74866
0.74032
0.74782
0.75328
0.74774
0.74722
0.7487
0.74844
0.74358
0.75144
0.75106
0.74606
0.74776
0.74868
0.74402
0.7511
0.74444
0.74506
0.75152
0.74824
0.74726
0.74346
0.74922
0.75014
0.75376
0.7491
0.74542
0.73928
0.75276
0.74418
0.7538
0.75334
0.74902
0.7488
0.7473
0.74716
0.74736
0.74526
0.75044
0.74948
0.75404
0.74768
0.74278
0.74682
0.74752
0.7495
0.74352
0.74834
0.745
0.75272
0.7458
0.7451
0.74612
0.7486
0.7415
0.74988
0.74818
0.74444
0.74592
0.74564
0.7461
0.74414
0.74254
0.74532
0.74726
0.74874
0.74988
0.74692
0.74654
0.74848
0.747
0.74364
0.75054
0.75048
0.74912
0.74422
0.7482
0.7503
0.75354
0.74912
0.74986
0.74596
0.74912
0.7474
0.74358
0.74718
0.74866
0.74892
0.74822
0.7529
0.74426
0.74666
0.7498
0.74166
0.75122
0.74582
0.74164
0.7479
0.74668
0.7444
0.74586
0.75178
0.74732
0.7508
0.74784
0.75168
0.74038
0.74558
0.74976
0.75058
0.74804
0.74912
0.7438
0.74284
0.74508
0.74532
0.75204
0.74742
0.75084
0.74686
0.74778
0.74914
0.74732
0.7459
0.74764
0.74762
0.7449
0.75338
0.74712
0.7484
0.74844
0.74692
0.74856
0.75
0.73976
0.74884
0.7438
0.74174
0.748
0.74892
0.7496
0.75004
0.74824
0.74782
0.74766
0.75024
0.74612
0.7455
0.74666
0.75008
0.74738
0.74722
0.75224
0.74788
0.74456
0.75114
0.7474
0.7426
0.74316
0.74778
0.75254
0.74658
0.74566
0.75228
0.74176
0.75404
0.7525
0.75
0.7544
0.74484
0.74038
0.7449
0.74396
0.74586
0.75036
0.74388
0.74576
0.74734
0.74494
0.7501
0.74838
0.74624
0.74922
0.75074
0.74904
0.74952
0.74908
0.74508
0.7413
0.74396
0.7468
0.7466
0.74342
0.74202
0.74702
0.75104
0.74994
0.74728
0.74638
0.74862
0.75006
0.74482
0.75248
0.74444
0.74644
0.74414
0.74294
0.74532
0.74732
0.74908
0.75004
0.74736
0.74978
0.74434
0.7464
0.7495
0.74692
0.75004
0.75008
0.74782
0.74872
0.748
0.7537
0.75056
0.74678
0.75308
0.74508
0.74514
0.7464
0.74488
0.75166
0.74256
0.7433
0.75234
0.7454
0.7439
0.74714
0.74648
0.74922
0.74974
0.74842
0.75588
0.74704
0.73342
0.75524
0.74704
0.74834
0.74604
0.745
0.74246
0.74758
0.74918
0.74652
0.74248
0.7475
0.74558
0.7495
0.74568
0.7525
0.74592
0.74618
0.7493
0.74962
0.7475
0.74766
0.7467
0.74854
0.74698
0.74506
0.74288
0.75234
0.7468
0.7477
0.7462
0.7498
0.74962
0.7454
0.74928
0.74634
0.7509
0.74846
0.74646
0.75176
0.75084
0.75066
0.74832
0.74878
0.74554
0.7472
0.74882
0.74362
0.7502
0.74544
0.75008
0.74858
0.74522
0.74666
0.74306
0.74806
0.75512
0.7484
0.75522
0.75292
0.74826
0.74812
0.74906
0.7485
0.75004
0.7457
0.75248
0.75212
0.74926
0.74914
0.74856
0.74838
0.7479
0.74256
0.7473
0.75182
0.7379
0.74668
0.74406
0.74696
0.74772
0.7481
0.74926
0.7499
0.7484
0.74288
0.74666
0.74656
0.7441
0.74498
0.74296
0.74634
0.75158
0.74936
0.7469
0.75108
0.74352
0.75046
0.74908
0.75082
0.74796
0.74506
0.74846
0.74468
0.75092
0.75158
0.74992
0.74668
0.74756
0.73854
0.75162
0.74134
0.74608
0.74726
0.74292
0.74976
0.74168
0.74404
0.7494
0.7428
0.73796
0.74784
0.74704
0.74914
0.75268
0.74886
0.74712
0.74708
0.74314
0.748
0.74838
0.74942
0.75106
0.74828
0.74808
0.74674
0.75442
0.74146
0.74818
0.75256
0.74252
0.74386
0.74854
0.75004
0.74296
0.7473
0.744
0.75082
0.7474
0.7438
0.74752
0.75178
0.74724
0.7466
0.7536
0.75478
0.74916
0.7476
0.74284
0.74524
0.74796
0.7461
0.74846
0.74844
0.7513
0.74902
0.74746
0.74806
0.74316
0.74646
0.74528
0.74284
0.74494
0.74438
0.7522
0.75012
0.74412
0.7514
0.7435
0.74874
0.75336
0.7429
0.75048
0.74354
0.74188
0.74932
0.75106
0.7461
0.74768
0.74682
0.74662
0.75378
0.7442
0.751
0.75118
0.74676
0.7445
0.7522
0.7439
0.7518
0.74472
0.74464
0.7514
0.7484
0.75136
0.7491
0.7482
0.74238
0.74572
0.74504
0.7501
0.74822
0.7403
0.74832
0.74844
0.75124
0.74508
0.74822
0.7455
0.74918
0.74284
0.74474
0.74618
0.75124
0.74802
0.7455
0.7438
0.7509
0.74534
0.74418
0.75048
0.74948
0.75412
0.74818
0.74694
0.749
0.745
0.7442
0.74794
0.7467
0.74924
0.748
0.74806
0.74666
0.74924
0.74464
0.74746
0.74976
0.7497
0.7457
0.7453
0.7498
0.74466
0.74602
0.74502
0.74858
0.7451
0.748
0.75014
0.7488
0.74352
0.74692
0.75122
0.74632
0.74284
0.74744
0.75356
0.74028
0.74596
0.75192
0.75002
0.74968
0.7454
0.74188
0.74704
0.75324
0.74308
0.74514
0.74714
0.74742
0.7478
0.74696
0.74814
0.75286
0.74822
0.74882
0.74144
0.7519
0.748
0.74402
0.74642
0.7441
0.74926
0.74738
0.74948
0.74536
0.74596
0.74814
0.7453
0.75014
0.74366
0.75074
0.74856
0.74982
0.74898
0.74422
0.74478
0.74714
0.74456
0.74046
0.74768
0.74204
0.7485
0.75106
0.74674
0.74428
0.74998
0.74848
0.74848
0.7514
0.74198
0.7523
0.7474
0.74712
0.74606
0.75134
0.74728
0.74584
0.75264
0.74904
0.75292
0.74858
0.74676
0.7416
0.74948
0.74548
0.74748
0.74122
0.74918
0.74692
0.7498
0.74216
0.7477
0.75292
0.74918
0.74628
0.7472
0.74912
0.75052
0.75172
0.74326
0.74302
0.742
0.75234
0.74066
0.75206
0.74806
0.74752
0.74858
0.74974
0.75064
0.749
0.74512
0.75126
0.74806
0.7434
0.74602
0.7475
0.74488
0.74592
0.74684
0.74998
0.7516
0.74874
0.75172
0.74672
0.74686
0.74948
0.74532
0.75032
0.7514
0.74362
0.74486
0.7482
0.75086
0.74332
0.74124
0.75086
0.74534
0.7453
0.74396
0.74708
0.75256
0.75262
0.74704
0.75064
0.7477
0.74422
0.74256
0.74672
0.74564
0.74942
0.74496
0.748
0.7493
0.74776
0.75088
0.74478
0.75108
0.74534
0.7439
0.74638
0.74928
0.74932
0.74494
0.74568
0.74826
0.74498
0.7484
0.74138
0.7499
0.75006
0.74852
0.7486
0.7521
0.74554
0.74984
0.74864
0.74666
0.74604
0.74454
0.74254
0.7485
0.74848
0.74634
0.74512
0.74818
0.75044
0.75748
0.74454
0.74344
0.75116
0.75028
0.752
0.74694
0.75374
0.75068
0.751
0.7481
0.7495
0.7467
0.74922
0.7506
0.74864
0.74676
0.74112
0.74784
0.75124
0.74904
0.75002
0.74384
0.74102
0.7465
0.74816
0.74884
0.74776
0.75094
0.74596
0.7467
0.75116
0.75016
0.75398
0.74818
0.75326
0.74772
0.74738
0.7464
0.74706
0.74932
0.74468
0.7506
0.74512
0.74318
0.75004
0.74602
0.74844
0.74522
0.75206
0.75176
0.74972
0.74316
0.74748
0.74708
0.74928
0.74732
0.7522
0.74658
0.75152
0.74288
0.74862
0.74884
0.74368
0.75122
0.74552
0.74966
0.7471
0.75032
0.747
0.7473
0.74818
0.75146
0.74676
0.74996
0.75138
0.74782
0.74748
0.74452
0.74734
0.75032
0.7481
0.7447
0.75634
0.7517
0.74552
0.74494
0.74786
0.74448
0.74872
0.74666
0.74634
0.74296
0.74652
0.74606
0.74184
0.74498
0.7526
0.75042
0.74142
0.746
0.74676
0.74652
0.74918
0.7507
0.74926
0.746
0.74064
0.74766
0.747
0.74574
0.75178
0.74792
0.74766
0.74496
0.74626
0.74528
0.7446
0.75502
0.74904
0.74616
0.75072
0.7482
0.74468
0.7468
0.7471
0.74422
0.74846
0.74886
0.7478
0.74488
0.74958
0.74226
0.75176
0.74616
0.74534
0.7512
0.746
0.74256
0.74566
0.7502
0.7479
0.74914
0.74942
0.74672
0.74558
0.74646
0.74894
0.75028
0.74878
0.7524
0.74828
0.75026
0.7462
0.7436
0.74812
0.74624
0.74926
0.75192
0.74622
0.7473
0.74702
0.74998
0.74468
0.74564
0.74634
0.75356
0.74642
0.749
0.74794
0.74566
0.74812
0.74762
0.7432
0.74564
0.7422
0.7491
0.74642
0.74878
0.74298
0.7463
0.74806
0.74558
0.74424
0.74762
0.74822
0.75166
0.74654
0.74672
0.7415
0.74818
0.74782
0.74478
0.75212
0.7424
0.7456
0.74848
0.74486
0.7485
0.74652
0.74494
0.75062
0.75094
0.74888
0.75186
0.75004
0.75094
0.74594
0.74698
0.75326
0.74036
0.7463
0.75074
0.74546
0.74428
0.74612
0.74126
0.74948
0.74462
0.7458
0.74418
0.74964
0.74406
0.74926
0.74874
0.74492
0.74718
0.74944
0.7461
0.7485
0.7509
0.7504
0.74846
0.74988
0.74338
0.74446
0.74734
0.74764
0.7432
0.75138
0.75078
0.75326
0.74784
0.74436
0.748
0.74628
0.7479
0.74982
0.74922
0.7481
0.7476
0.74856
0.7458
0.74916
0.747
0.75032
0.7479
0.75218
0.74762
0.74724
0.74176
0.74868
0.74644
0.74604
0.7496
0.7464
0.75196
0.7471
0.74978
0.746
0.74674
0.74804
0.74458
0.74578
0.7439
0.7421
0.7439
0.74404
0.74668
0.74838
0.74484
0.74788
0.74678
0.74818
0.74482
0.75044
0.74718
0.74462
0.74808
0.74596
0.7411
0.74288
0.74012
0.74172
0.74898
0.75022
0.73894
0.74826
0.7481
0.74036
0.74786
0.74822
0.74586
0.74656
0.74732
0.74544
0.7493
0.74828
0.74714
0.74526
0.7471
0.74986
0.74392
0.74772
0.75322
0.74894
0.7477
0.74912
0.73882
0.75152
0.7551
0.74452
0.75022
0.74048
0.74838
0.74606
0.75274
0.7519
0.74886
0.75062
0.7498
0.74956
0.74392
0.7475
0.7456
0.7501
0.74564
0.74414
0.74524
0.74788
0.74362
0.74568
0.7481
0.74654
0.745
0.75126
0.74298
0.7439
0.7507
0.74808
0.74394
0.73932
0.74352
0.74844
0.74602
0.74596
0.75002
0.74658
0.74718
0.74426
0.74882
0.74658
0.7501
0.74144
0.74556
0.7505
0.74608
0.7476
0.74794
0.74808
0.75164
0.7439
0.74806
0.74812
0.7468
0.74728
0.75222
0.74894
0.74798
0.74786
0.75272
0.74504
0.74326
0.75016
0.75014
0.74606
0.75012
0.74722
0.7424
0.74624
0.75048
0.7484
0.74454
0.74324
0.74656
0.74894
0.74624
0.75158
0.75406
0.74664
0.75356
0.74934
0.75124
0.74564
0.74334
0.74654
0.74524
0.74758
0.73942
0.74726
0.73974
0.7491
0.75016
0.74342
0.75212
0.74742
0.74872
0.75472
0.74586
0.74458
0.748
0.7524
0.74316
0.74542
0.74118
0.74434
0.74872
0.74912
0.74692
0.74592
0.74926
0.74866
0.74808
0.74656
0.74834
0.74828
0.75012
0.74688
0.74386
0.7464
0.74748
0.74538
0.75274
0.74676
0.74782
0.74918
0.75262
0.74998
0.74888
0.74848
0.74598
0.74954
0.74922
0.74968
0.74868
0.74384
0.74908
0.74492
0.74612
0.7495
0.747
0.74308
0.74868
0.74822
0.74996
0.74784
0.7506
0.74858
0.74722
0.74414
0.74382
0.75426
0.74484
0.74952
0.74538
0.7484
0.75226
0.74654
0.74282
0.7518
0.7443
0.7436
0.74272
0.74008
0.74762
0.74526
0.74886
0.74866
0.75078
0.74972
0.7533
0.74644
0.74814
0.7475
0.74622
0.74876
0.7451
0.74934
0.74706
0.74822
0.74806
0.75114
0.74852
0.7429
0.7507
0.74442
0.7454
0.74624
0.74066
0.74318
0.7455
0.75514
0.74252
0.74736
0.74506
0.7498
0.74818
0.74998
0.75386
0.75338
0.74604
0.75034
0.7435
0.74648
0.7461
0.74528
0.74616
0.74524
0.74266
0.7447
0.74582
0.74838
0.74954
0.75028
0.74456
0.74386
0.74326
0.7439
0.74702
0.74934
0.75174
0.7407
0.74718
0.7448
0.74464
0.7498
0.74636
0.74112
0.74714
0.74942
0.74924
0.75176
0.74568
0.75132
0.75004
0.75062
0.7499
0.74894
0.74142
0.7443
0.74674
0.74542
0.7514
0.74224
0.7461
0.7496
0.74316
0.7448
0.75412
0.74794
0.74322
0.75002
0.7475
0.74178
0.74334
0.75028
0.74976
0.74748
0.75026
0.74806
0.7508
0.74582
0.74832
0.75158
0.74774
0.7459
0.74132
0.74472
0.74872
0.74936
0.7507
0.74816
0.74748
0.74966
0.7449
0.74526
0.74462
0.74268
0.74986
0.75108
0.74582
0.75234
0.74776
0.74876
0.7467
0.74364
0.73938
0.74788
0.75104
0.7456
0.74408
0.74866
0.74638
0.74586
0.75244
0.74472
0.74426
0.74732
0.75332
0.7468
0.7466
0.74846
0.7484
0.74366
0.7524
0.74492
0.75272
0.74104
0.74928
0.74738
0.7464
0.74636
0.74778
0.74602
0.74356
0.74854
0.74564
0.74566
0.7468
0.74998
0.75006
0.75206
0.75202
0.74494
0.73808
0.75008
0.74734
0.74832
0.75166
0.74662
0.7427
0.75104
0.75034
0.74934
0.74762
0.74544
0.75212
0.74668
0.74158
0.74516
0.74032
0.7465
0.74706
0.74692
0.74312
0.75448
0.74534
0.74982
0.74652
0.7474
0.74674
0.75038
0.75188
0.74934
0.74622
0.75446
0.74256
0.74784
0.74554
0.74988
0.7477
0.748
0.74988
0.74708
0.74968
0.74832
0.74676
0.74122
0.74452
0.74664
0.7466
0.7454
0.74348
0.74692
0.74958
0.74922
0.75146
0.74492
0.75192
0.7464
0.74898
0.74858
0.743
0.74512
0.75032
0.75894
0.74676
0.75278
0.75094
0.74294
0.74598
0.75206
0.75232
0.74754
0.74424
0.74886
0.74754
0.74944
0.74916
0.7467
0.7442
0.748
0.74494
0.74686
0.75156
0.74856
0.74742
0.74158
0.74404
0.74368
0.74926
0.74764
0.74098
0.74864
0.75188
0.7444
0.7475
0.74922
0.7406
0.74846
0.74768
0.74074
0.74872
0.74734
0.7495
0.75104
0.74596
0.74848
0.74712
0.7457
0.74212
0.74778
0.74308
0.74956
0.74136
0.75012
0.74958
0.74312
0.74628
0.74508
0.75046
0.7483
0.75026
0.74862
0.74952
0.74938
0.74342
0.74466
0.7436
0.74146
0.74242
0.74944
0.74934
0.74672
0.75166
0.7474
0.747
0.74714
0.74552
0.74356
0.74218
0.74374
0.74808
0.7525
0.74046
0.74416
0.74368
0.74826
0.7474
0.74998
0.74312
0.75348
0.74842
0.74444
0.7439
0.7482
0.74108
0.75374
0.74884
0.74734
0.74608
0.74686
0.74544
0.74694
0.74074
0.75344
0.74886
0.75298
0.74814
0.74598
0.7501
0.74014
0.7453
0.74876
0.74782
0.74826
0.7524
0.74164
0.74786
0.75018
0.74726
0.74642
0.75082
0.746
0.74952
0.7421
0.74794
0.74596
0.7471
0.74586
0.74504
0.7475
0.74528
0.749
0.74672
0.7496
0.7443
0.74964
0.74388
0.74538
0.74986
0.74482
0.74446
0.74448
0.74886
0.74808
0.74408
0.74582
0.74904
0.75258
0.74676
0.74818
0.74718
0.74386
0.74658
0.7493
0.74702
0.7523
0.74428
0.74226
0.74552
0.74656
0.74434
0.74696
0.7459
0.74498
0.75142
0.74736
0.75328
0.74848
0.74752
0.74712
0.74772
0.74158
0.7514
0.7458
0.74308
0.75368
0.74822
0.75542
0.7482
0.74812
0.74604
0.74872
0.74936
0.74632
0.7468
0.74626
0.75452
0.74278
0.74172
0.7516
0.749
0.74404
0.74968
0.74056
0.74834
0.7515
0.74622
0.74838
0.75282
0.74806
0.74542
0.74306
0.74598
0.74654
0.74862
0.7511
0.74818
0.74306
0.7426
0.74672
0.74826
0.74672
0.74746
0.7432
0.74908
0.74934
0.74746
0.74676
0.74642
0.7429
0.74238
0.74844
0.74998
0.74956
0.74622
0.74216
0.74322
0.75276
0.75254
0.74722
0.75264
0.74438
0.7462
0.74648
0.74992
0.74174
0.75214
0.74842
0.74858
0.74802
0.75012
0.74242
0.75
0.75308
0.74788
0.74724
0.7419
0.74888
0.74434
0.7444
0.7491
0.74482
0.75054
0.7502
0.74822
0.75252
0.748
0.74562
0.75136
0.75012
0.74606
0.74722
0.7493
0.74614
0.7455
0.74812
0.74586
0.74388
0.74988
0.75238
0.74368
0.74976
0.7439
0.74122
0.74808
0.7516
0.7488
0.74596
0.74766
0.75024
0.7516
0.74668
0.74844
0.74426
0.74518
0.74718
0.74394
0.7432
0.75072
0.7533
0.74384
0.74622
0.74216
0.75224
0.75034
0.75276
0.74408
0.74752
0.7482
0.74592
0.75414
0.7473
0.74338
0.75084
0.7513
0.75112
0.74592
0.74314
0.7488
0.74608
0.74894
0.74882
0.74972
0.74736
0.74676
0.7461
0.74364
0.74466
0.7474
0.7465
0.74888
0.7455
0.75082
0.73954
0.7496
0.74766
0.75002
0.74848
0.75028
0.74526
0.74282
0.74274
0.74612
0.74992
0.74684
0.74576
0.74846
0.74706
0.74932
0.7463
0.7505
0.75234
0.75092
0.75078
0.74904
0.73916
0.74772
0.74762
0.74764
0.74774
0.74516
0.74752
0.7461
0.74746
0.7474
0.74896
0.75234
0.74924
0.74532
0.7436
0.74892
0.74852
0.74552
0.747
0.74974
0.75134
0.75238
0.74656
0.73966
0.75426
0.74644
0.74356
0.74996
0.75156
0.7505
0.7486
0.74532
0.74634
0.74066
0.75558
0.75154
0.74854
0.74488
0.75
0.74698
0.75024
0.74704
0.74722
0.74398
0.74896
0.7419
0.7472
0.74768
0.74824
0.74818
0.74756
0.7466
0.74894
0.7481
0.74514
0.74526
0.7454
0.74354
0.74476
0.74536
0.743
0.74386
0.75004
0.74922
0.74612
0.74894
0.75086
0.75092
0.75064
0.74796
0.74712
0.7528
0.74544
0.7444
0.74546
0.74564
0.75028
0.7435
0.74764
0.7466
0.7467
0.74962
0.75386
0.7493
0.7432
0.74374
0.75044
0.7464
0.74906
0.74994
0.7417
0.74786
0.74928
0.74282
0.74392
0.74462
0.74738
0.7488
0.74696
0.74304
0.7455
0.74996
0.74934
0.73874
0.74706
0.74676
0.74762
0.75396
0.74218
0.74146
0.74836
0.74528
0.7454
0.74306
0.74788
0.74546
0.74876
0.75178
0.74446
0.74808
0.74628
0.7508
0.74818
0.74846
0.7514
0.74282
0.74982
0.74728
0.7459
0.74014
0.74448
0.74988
0.7487
0.74384
0.7471
0.74694
0.74914
0.74772
0.7464
0.74636
0.74618
0.74784
0.7466
0.74792
0.75036
0.74682
0.75198
0.74646
0.75152
0.7467
0.75008
0.74776
0.74448
0.75162
0.75262
0.74656
0.75344
0.75064
0.7453
0.74436
0.74648
0.74492
0.75098
0.74808
0.74608
0.7442
0.75402
0.74452
0.74362
0.74664
0.7481
0.74586
0.75448
0.74532
0.74484
0.75006
0.7448
0.74852
0.746
0.74736
0.74606
0.74524
0.749
0.74688
0.7458
0.7488
0.74838
0.7471
0.74944
0.74552
0.74838
0.74852
0.7447
0.74742
0.7458
0.75324
0.75034
0.74214
0.75184
0.74992
0.74458
0.7423
0.74654
0.74812
0.7479
0.7449
0.74602
0.74354
0.74566
0.75044
0.74288
0.74676
0.7441
0.7543
0.7433
0.75174
0.74354
0.74742
0.74832
0.75124
0.74658
0.74534
0.74802
0.74368
0.74548
0.7484
0.74652
0.7478
0.74244
0.74618
0.74618
0.75098
0.7456
0.74892
0.74802
0.74452
0.74634
0.74902
0.74902
0.74626
0.74806
0.74444
0.74756
0.74616
0.74296
0.75214
0.74858
0.74948
0.7461
0.7449
0.74914
0.74682
0.74472
0.7477
0.74856
0.74672
0.74558
0.74852
0.747
0.75192
0.7507
0.7443
0.74698
0.74984
0.74526
0.74538
0.74622
0.74906
0.75226
0.74756
0.75066
0.75108
0.74524
0.75036
0.74766
0.74402
0.75334
0.75066
0.75248
0.74658
0.75222
0.74816
0.74688
0.74904
0.7497
0.74472
0.75386
0.74626
0.75272
0.75204
0.7489
0.74868
0.74214
0.74224
0.745
0.75104
0.74538
0.74926
0.74876
0.74684
0.74764
0.7446
0.75264
0.74596
0.74548
0.74902
0.74334
0.74854
0.744
0.74548
0.74958
0.74772
0.75032
0.74546
0.74912
0.74232
0.75024
0.74604
0.7547
0.74826
0.74516
0.7494
0.74456
0.74896
0.74976
0.74568
0.7448
0.75022
0.74512
0.7458
0.74964
0.74394
0.74638
0.73972
0.74508
0.75002
0.75216
0.7447
0.74856
0.7463
0.74224
0.74746
0.75264
0.74242
0.74162
0.74764
0.74866
0.74694
0.74878
0.73834
0.74562
0.74468
0.74982
0.74364
0.7423
0.74656
0.74876
0.74784
0.74866
0.74684
0.74278
0.74598
0.74352
0.7542
0.7463
0.74558
0.74812
0.74612
0.75408
0.75092
0.75386
0.74142
0.75046
0.74754
0.74722
0.74866
0.747
0.74566
0.7476
0.7488
0.75342
0.74814
0.74802
0.75106
0.74868
0.74774
0.74888
0.75078
0.74578
0.74928
0.74368
0.75028
0.74356
0.7463
0.74996
0.7464
0.7488
0.7476
0.75148
0.74834
0.7497
0.74254
0.75342
0.7488
0.74344
0.74612
0.7537
0.7482
0.74658
0.74936
0.74826
0.74838
0.74644
0.74732
0.74662
0.74766
0.7487
0.75074
0.74428
0.74682
0.7485
0.74646
0.74246
0.74478
0.7495
0.74716
0.74904
0.74788
0.75198
0.73968
0.74338
0.74742
0.7514
0.74892
0.74838
0.74402
0.7521
0.74282
0.7478
0.74956
0.75062
0.74578
0.74596
0.7465
0.7488
0.75242
0.7454
0.74434
0.75034
0.7473
0.74822
0.75358
0.74256
0.7476
0.74672
0.74492
0.75258
0.74784
0.74928
0.7534
0.7477
0.74148
0.7536
0.74834
0.7491
0.75254
0.74898
0.7478
0.7383
0.7476
0.74528
0.74644
0.74564
0.7491
0.74566
0.74092
0.74674
0.74562
0.74588
0.74372
0.7492
0.74544
0.75248
0.74716
0.74038
0.75064
0.74102
0.74628
0.74494
0.74182
0.74962
0.75072
0.7458
0.74974
0.75324
0.74474
0.74682
0.74632
0.7518
0.74978
0.74704
0.74008
0.74174
0.74506
0.7466
0.74342
0.7488
0.74276
0.74242
0.74842
0.74918
0.74806
0.75004
0.74742
0.74906
0.75308
0.74698
0.74506
0.73912
0.74732
0.74718
0.74936
0.7433
0.74736
0.75202
0.749
0.7475
0.74408
0.75016
0.74698
0.74912
0.7473
0.748
0.74724
0.74996
0.7466
0.7488
0.74782
0.74384
0.74554
0.753
0.75148
0.74498
0.74692
0.74646
0.74654
0.74804
0.74882
0.75048
0.74778
0.74592
0.75164
0.74948
0.74782
0.74518
0.74906
0.74848
0.75208
0.74784
0.7485
0.74656
0.7482
0.74592
0.74406
0.74518
0.7405
0.74888
0.74296
0.75428
0.74884
0.7455
0.74652
0.74284
0.74788
0.75156
0.75156
0.752
0.74554
0.74736
0.74758
0.74914
0.7467
0.74532
0.74672
0.7484
0.74804
0.74548
0.74918
0.74706
0.7459
0.74776
0.74894
0.7484
0.74508
0.74892
0.74536
0.74956
0.74608
0.74696
0.74804
0.75072
0.74932
0.7471
0.74734
0.7462
0.74064
0.7459
0.74574
0.74772
0.74732
0.75274
0.74706
0.7448
0.75168
0.74678
0.75162
0.75256
0.74826
0.74224
0.74828
0.74378
0.75246
0.7538
0.75436
0.74746
0.7478
0.7474
0.74636
0.74162
0.74456
0.74778
0.74506
0.74286
0.75232
0.74618
0.74194
0.74494
0.75104
0.74838
0.74736
0.74606
0.74292
0.74514
0.74734
0.74752
0.75332
0.74958
0.74704
0.74476
0.7467
0.74538
0.74706
0.7451
0.74954
0.7492
0.74926
0.74726
0.7502
0.74594
0.7503
0.75116
0.74544
0.75476
0.74538
0.74878
0.74516
0.74814
0.74986
0.75258
0.74422
0.74556
0.74416
0.75234
0.74628
0.7447
0.74728
0.75426
0.74678
0.7462
0.74728
0.74472
0.74428
0.75004
0.7425
0.74776
0.7463
0.7523
0.74762
0.75136
0.74176
0.74594
0.7421
0.75026
0.75016
0.7439
0.74404
0.74812
0.75006
0.7472
0.75398
0.74572
0.74284
0.74624
0.74364
0.74438
0.74354
0.74696
0.74844
0.74866
0.74632
0.7412
0.74404
0.7454
0.74674
0.7464
0.75036
0.74022
0.74778
0.74676
0.7515
0.7475
0.74798
0.74564
0.7542
0.74892
0.75436
0.75134
0.74702
0.74646
0.74478
0.75112
0.74946
0.74892
0.75032
0.75368
0.74802
0.74784
0.7423
0.74042
0.74636
0.7519
0.74572
0.74884
0.74688
0.74508
0.74432
0.74524
0.74486
0.74282
0.74366
0.74096
0.7439
0.74788
0.7465
0.74406
0.75254
0.7497
0.74648
0.74742
0.74658
0.74982
0.74508
0.75392
0.7453
0.74814
0.74598
0.74648
0.74538
0.74702
0.74856
0.74388
0.73938
0.75116
0.74474
0.74668
0.74816
0.74682
0.74582
0.752
0.74866
0.7427
0.74464
0.75
0.75022
0.75124
0.74612
0.74612
0.74502
0.74756
0.7508
0.74878
0.7482
0.74636
0.75626
0.7519
0.75012
0.74702
0.74386
0.74328
0.74534
0.746
0.74514
0.74954
0.74972
0.74864
0.7495
0.74914
0.7425
0.74894
0.7488
0.74984
0.74788
0.74524
0.74352
0.74238
0.74976
0.74484
0.74696
0.7527
0.74166
0.74768
0.74542
0.7455
0.74692
0.75064
0.74764
0.74434
0.75182
0.74496
0.7515
0.75322
0.74626
0.74696
0.74756
0.7481
0.75106
0.74812
0.7474
0.74626
0.74894
0.75058
0.74846
0.74916
0.7449
0.74838
0.74964
0.74508
0.73492
0.75374
0.751
0.74838
0.74944
0.74864
0.7453
0.7465
0.74888
0.74494
0.74578
0.74792
0.7546
0.74562
0.74758
0.74528
0.7462
0.74048
0.74546
0.74426
0.74254
0.74498
0.74662
0.75096
0.7468
0.74666
0.74906
0.7506
0.74928
0.74182
0.75054
0.74404
0.74684
0.75304
0.74792
0.753
0.74908
0.75128
0.75084
0.7485
0.74778
0.74864
0.74436
0.7476
0.74668
0.74788
0.74736
0.75096
0.74744
0.7503
0.74936
0.74494
0.7442
0.75512
0.75288
0.74762
0.74616
0.74566
0.74372
0.74864
0.74424
0.7483
0.74548
0.7445
0.74682
0.74766
0.74924
0.74826
0.7496
0.75436
0.74676
0.7479
0.74668
0.74524
0.74406
0.74462
0.74984
0.74602
0.74208
0.74436
0.74914
0.74764
0.74932
0.7476
0.74656
0.75038
0.7479
0.74408
0.74642
0.74724
0.754
0.7466
0.75064
0.74156
0.74578
0.7437
0.7478
0.74914
0.74556
0.74736
0.74518
0.7434
0.74776
0.74098
0.74888
0.74858
0.74546
0.74844
0.74836
0.74878
0.74848
0.74988
0.74798
0.7469
0.75362
0.74568
0.74916
0.74314
0.74664
0.74804
0.74558
0.74632
0.74586
0.7414
0.747
0.75294
0.73928
0.74364
0.7413
0.75024
0.74524
0.74964
0.74162
0.74832
0.74342
0.74586
0.7481
0.74326
0.7475
0.75102
0.7458
0.74374
0.74552
0.74438
0.74656
0.74942
0.7511
0.7491
0.7461
0.74634
0.74552
0.74806
0.74482
0.74886
0.74952
0.7498
0.7478
0.75226
0.74666
0.74634
0.75214
0.74482
0.74714
0.7508
0.74798
0.7444
0.74986
0.74822
0.74822
0.74896
0.74534
0.74592
0.74622
0.74348
0.75152
0.74662
0.7454
0.74842
0.74546
0.74552
0.74582
0.74784
0.74532
0.73758
0.7537
0.74434
0.74832
0.74184
0.7492
0.73996
0.74946
0.74854
0.74738
0.75058
0.74956
0.74478
0.75654
0.74504
0.7459
0.74166
0.74458
0.74898
0.75066
0.7507
0.74784
0.74626
0.74602
0.74392
0.7449
0.74894
0.74678
0.75188
0.7454
0.74556
0.74932
0.74862
0.75096
0.75092
0.74538
0.74768
0.74534
0.74926
0.74654
0.74162
0.74662
0.7513
0.75284
0.7449
0.74818
0.75138
0.7467
0.74812
0.74704
0.74812
0.75252
0.74722
0.7485
0.74082
0.74258
0.75026
0.74684
0.74398
0.74712
0.74914
0.7509
0.73868
0.75082
0.74326
0.74698
0.74842
0.74854
0.74976
0.74722
0.74654
0.7489
0.74214
0.74582
0.75296
0.74516
0.75098
0.73964
0.74884
0.74682
0.74704
0.74612
0.74502
0.74782
0.74554
0.74438
0.74532
0.74658
0.74788
0.74014
0.74796
0.75196
0.75374
0.74706
0.74146
0.74436
0.75178
0.74406
0.7539
0.74536
0.74696
0.74742
0.75128
0.74776
0.7494
0.74776
0.7513
0.7554
0.74408
0.74636
0.74346
0.74644
0.74062
0.74752
0.7534
0.74652
0.74534
0.74342
0.75132
0.75054
0.74766
0.7423
0.74432
0.7464
0.74562
0.75136
0.7449
0.74438
0.75314
0.7503
0.7532
0.75484
0.7451
0.74632
0.7422
0.74754
0.7494
0.75204
0.74842
0.74166
0.74502
0.7523
0.74814
0.75094
0.748
0.74778
0.73954
0.7402
0.74488
0.74198
0.74398
0.74806
0.74358
0.74332
0.74632
0.74928
0.7445
0.75058
0.74292
0.75054
0.74664
0.7469
0.74488
0.74912
0.74722
0.7469
0.7465
0.7532
0.74418
0.751
0.74318
0.74918
0.74734
0.75008
0.75214
0.7497
0.74998
0.7495
0.74282
0.74872
0.74516
0.74756
0.7482
0.74452
0.74966
0.74628
0.7518
0.74186
0.74814
0.74742
0.7506
0.74638
0.74442
0.74926
0.7516
0.74936
0.74672
0.74654
0.751
0.74662
0.74586
0.74806
0.7473
0.75042
0.74542
0.74428
0.74698
0.74964
0.74372
0.7463
0.74758
0.74966
0.74702
0.7458
0.75196
0.74404
0.74566
0.74528
0.7453
0.74836
0.7469
0.74882
0.74772
0.75046
0.74578
0.74436
0.7463
0.74286
0.75022
0.74646
0.74586
0.7481
0.74688
0.7479
0.74808
0.74822
0.7492
0.7491
0.74594
0.74272
0.74798
0.74852
0.74914
0.74782
0.74654
0.7455
0.74568
0.7497
0.74884
0.75332
0.74714
0.74878
0.7427
0.74598
0.75416
0.74358
0.74614
0.7477
0.74504
0.7491
0.7439
0.74874
0.74858
0.7452
0.74512
0.74804
0.74918
0.74464
0.7455
0.74472
0.75056
0.74634
0.75598
0.74566
0.74598
0.75038
0.74436
0.74594
0.74752
0.74736
0.74124
0.74548
0.7475
0.73942
0.7458
0.74834
0.7503
0.74696
0.74858
0.74852
0.74446
0.74718
0.74636
0.74624
0.7472
0.74606
0.74746
0.74644
0.74856
0.74442
0.74524
0.74792
0.75004
0.74844
0.75014
0.74248
0.74936
0.74422
0.75424
0.74984
0.74414
0.75014
0.75134
0.74984
0.74754
0.74602
0.74838
0.74898
0.7436
0.74828
0.7496
0.74642
0.7456
0.74142
0.74272
0.74474
0.74746
0.75448
0.75016
0.74842
0.74916
0.74352
0.74914
0.74992
0.75158
0.74914
0.74722
0.74738
0.75146
0.74762
0.75208
0.74118
0.74786
0.7454
0.74734
0.74734
0.74968
0.74604
0.74884
0.74872
0.7505
0.75202
0.7431
0.7438
0.7445
0.74402
0.74646
0.74592
0.74638
0.74526
0.75116
0.75092
0.7435
0.7482
0.74654
0.74396
0.75224
0.74616
0.74558
0.73896
0.74672
0.74684
0.75164
0.74874
0.74454
0.74374
0.74774
0.75086
0.74334
0.75054
0.7504
0.74712
0.74032
0.74922
0.74942
0.7505
0.75008
0.74538
0.74538
0.74362
0.7541
0.74322
0.74212
0.7503
0.7484
0.74086
0.74784
0.74844
0.7507
0.74758
0.74472
0.75032
0.74702
0.74334
0.74346
0.7498
0.74764
0.751
0.7507
0.74528
0.74458
0.7419
0.7489
0.7448
0.74364
0.7484
0.74798
0.7513
0.753
0.74766
0.74662
0.74622
0.7474
0.7495
0.74814
0.74686
0.75044
0.74662
0.74224
0.75012
0.74994
0.74948
0.74438
0.74362
0.74596
0.74922
0.74668
0.74442
0.74432
0.75288
0.74736
0.74334
0.74596
0.74354
0.75328
0.74486
0.74844
0.7472
0.74072
0.74994
0.74728
0.74612
0.75472
0.75184
0.74962
0.74778
0.74434
0.74668
0.75026
0.74718
0.74872
0.749
0.74472
0.74522
0.747
0.74342
0.74618
0.74896
0.75058
0.74118
0.75206
0.74608
0.74508
0.7466
0.7538
0.74398
0.7484
0.74742
0.7451
0.74324
0.7433
0.74676
0.7484
0.74668
0.74914
0.74966
0.74776
0.74742
0.74548
0.74406
0.74572
0.74462
0.74848
0.7448
0.74352
0.7582
0.74388
0.7466
0.74762
0.74956
0.74238
0.74358
0.7504
0.74278
0.74676
0.74392
0.74734
0.74368
0.75268
0.74608
0.74504
0.74352
0.74826
0.74996
0.75288
0.74942
0.74586
0.74976
0.74854
0.74936
0.74928
0.74508
0.74524
0.74932
0.74524
0.74378
0.74774
0.7455
0.74784
0.74834
0.7474
0.7514
0.75064
0.74346
0.74884
0.7474
0.74608
0.75052
0.75028
0.74586
0.74172
0.74622
0.75032
0.7444
0.75342
0.7513
0.7436
0.7524
0.74826
0.7501
0.7432
0.74572
0.74592
0.74802
0.74614
0.74552
0.74612
0.74422
0.74322
0.74776
0.7469
0.74254
0.75204
0.75326
0.74882
0.74462
0.7483
0.74554
0.745
0.74924
0.74382
0.7424
0.74786
0.73986
0.74636
0.74866
0.74316
0.74668
0.75276
0.74958
0.7445
0.74274
0.74084
0.7565
0.749
0.74506
0.75386
0.74662
0.74944
0.74868
0.75058
0.74224
0.74284
0.73886
0.74654
0.74266
0.74182
0.74764
0.75158
0.74262
0.74464
0.7469
0.7504
0.74468
0.75126
0.7535
0.74322
0.74562
0.75316
0.7496
0.74588
0.74594
0.74508
0.74414
0.74484
0.74492
0.74786
0.74364
0.7475
0.74314
0.74568
0.7515
0.74734
0.74844
0.74724
0.74898
0.74454
0.74778
0.74896
0.74634
0.7469
0.74894
0.7459
0.7442
0.74922
0.75012
0.7485
0.7466
0.74682
0.74556
0.74618
0.74274
0.739
0.7446
0.74506
0.74576
0.74198
0.74558
0.74638
0.74776
0.74708
0.74298
0.74248
0.7471
0.74278
0.74498
0.75
0.74404
0.74992
0.7514
0.75182
0.74776
0.7469
0.75008
0.753
0.74652
0.74998
0.75248
0.74204
0.75184
0.74758
0.7481
0.7516
0.74372
0.7488
0.74204
0.75146
0.7473
0.74432
0.74402
0.74584
0.74376
0.74654
0.74644
0.7481
0.74744
0.74436
