0.94088
0.9392
0.94148
0.94178
0.9454
0.938
0.93984
0.94236
0.94158
0.94034
0.94112
0.93816
0.94046
0.94062
0.94006
0.943
0.94108
0.9414
0.94264
0.93846
0.93992
0.94252
0.94374
0.94346
0.94082
0.93776
0.9409
0.9403
0.93828
0.93982
0.94016
0.9382
0.94214
0.93532
0.93808
0.94086
0.94068
0.93876
0.94328
0.93936
0.9432
0.94116
0.93918
0.94204
0.94082
0.9388
0.94012
0.93786
0.93798
0.93766
0.9401
0.93696
0.93984
0.94184
0.9442
0.93926
0.94322
0.9419
0.9428
0.93906
0.93972
0.94048
0.94052
0.9417
0.94054
0.9415
0.93718
0.94116
0.94014
0.94018
0.93898
0.94038
0.93826
0.94166
0.94278
0.93784
0.93586
0.93998
0.93768
0.93932
0.94288
0.93562
0.9391
0.94046
0.9417
0.93934
0.93874
0.94014
0.94054
0.94032
0.94046
0.9389
0.94328
0.9421
0.94056
0.9405
0.94316
0.94046
0.94396
0.94118
0.94012
0.9421
0.9391
0.93842
0.94072
0.94296
0.93954
0.94092
0.94094
0.9397
0.94026
0.94164
0.93982
0.94096
0.9411
0.94006
0.94132
0.93852
0.94092
0.94002
0.93876
0.94036
0.93958
0.94074
0.94244
0.93924
0.94146
0.93914
0.93702
0.9381
0.94082
0.94124
0.93856
0.93932
0.94076
0.9383
0.94024
0.93942
0.94098
0.93954
0.94082
0.93796
0.94608
0.94402
0.94378
0.93896
0.94204
0.93836
0.93872
0.94024
0.9391
0.94256
0.94044
0.94162
0.93846
0.94136
0.94352
0.94096
0.94036
0.93944
0.93668
0.93846
0.93978
0.9415
0.94242
0.9399
0.9425
0.94318
0.94096
0.93838
0.93944
0.93918
0.94088
0.9413
0.94054
0.94194
0.94416
0.94116
0.94062
0.9427
0.94014
0.9402
0.94104
0.94036
0.93508
0.93992
0.93752
0.93936
0.94058
0.9402
0.9418
0.9405
0.94454
0.94158
0.94062
0.941
0.94052
0.94136
0.94078
0.94186
0.94046
0.94172
0.9424
0.93894
0.93934
0.94122
0.93856
0.9432
0.9403
0.9408
0.94146
0.94158
0.93848
0.94346
0.94212
0.94004
0.94028
0.93772
0.9393
0.94234
0.9409
0.93844
0.93912
0.9413
0.9402
0.93952
0.9442
0.94326
0.9393
0.94066
0.93892
0.93972
0.93812
0.93994
0.94058
0.93976
0.93972
0.93896
0.93898
0.93882
0.94066
0.93952
0.9397
0.93826
0.94352
0.94112
0.93938
0.94026
0.93996
0.93996
0.94056
0.9382
0.94366
0.94072
0.94418
0.93988
0.94048
0.94332
0.93712
0.94052
0.93926
0.93728
0.9405
0.94156
0.94118
0.94014
0.93864
0.93614
0.93706
0.93938
0.93778
0.94156
0.93958
0.9359
0.93988
0.94266
0.94
0.94326
0.94178
0.93984
0.94162
0.93768
0.93826
0.93982
0.93722
0.9431
0.94154
0.94336
0.93848
0.94218
0.93848
0.94028
0.9378
0.94136
0.93844
0.94266
0.94058
0.93686
0.94132
0.9398
0.93844
0.94024
0.93938
0.9424
0.94282
0.94098
0.94094
0.93918
0.93794
0.93746
0.93862
0.9392
0.94016
0.94252
0.9415
0.94358
0.93962
0.94118
0.94224
0.94032
0.94172
0.93764
0.94238
0.93812
0.94154
0.94132
0.93786
0.93888
0.93908
0.94024
0.93884
0.94034
0.94116
0.93904
0.93768
0.94044
0.93678
0.94138
0.94244
0.93678
0.94274
0.93868
0.93776
0.94164
0.93614
0.94004
0.93766
0.94302
0.93898
0.93774
0.942
0.94004
0.94188
0.93996
0.94082
0.93748
0.94252
0.93778
0.94062
0.94246
0.9388
0.93944
0.94236
0.94068
0.93912
0.93554
0.93924
0.94092
0.939
0.94102
0.93946
0.93874
0.94144
0.9374
0.9367
0.94192
0.94246
0.94226
0.94088
0.93892
0.93858
0.93938
0.93966
0.94116
0.93648
0.93938
0.9395
0.9427
0.9421
0.9416
0.94252
0.94126
0.94116
0.94248
0.93988
0.93956
0.9419
0.94018
0.9406
0.9401
0.94054
0.94072
0.93904
0.93982
0.93858
0.94038
0.94016
0.94238
0.93794
0.94076
0.93936
0.9414
0.9428
0.9429
0.94292
0.94256
0.94274
0.94082
0.9404
0.93532
0.93994
0.93958
0.93986
0.93962
0.94044
0.94234
0.93846
0.9371
0.94108
0.94132
0.93848
0.94032
0.93978
0.93854
0.93942
0.93984
0.94046
0.93836
0.93922
0.9373
0.93866
0.9393
0.93638
0.93968
0.9391
0.93904
0.93694
0.94132
0.93814
0.93794
0.94078
0.94252
0.94114
0.93942
0.94176
0.94024
0.93684
0.93936
0.93934
0.93934
0.94196
0.93902
0.94074
0.94146
0.9388
0.94188
0.94248
0.94266
0.94092
0.94178
0.94034
0.93868
0.94218
0.93958
0.94282
0.94264
0.94428
0.94098
0.94016
0.94124
0.94146
0.9414
0.94218
0.94064
0.9433
0.93966
0.94086
0.93948
0.94098
0.9412
0.93926
0.9382
0.94006
0.9409
0.9367
0.94028
0.9388
0.93968
0.94078
0.94084
0.94366
0.94116
0.93992
0.93926
0.94066
0.9401
0.93924
0.94398
0.94062
0.94098
0.94226
0.93836
0.94476
0.9408
0.93914
0.93966
0.9398
0.93948
0.94266
0.94074
0.94264
0.94056
0.93808
0.9409
0.94298
0.94146
0.93636
0.94092
0.93766
0.9402
0.93264
0.9403
0.94062
0.93852
0.94052
0.94158
0.93806
0.94082
0.9404
0.94148
0.93964
0.9427
0.93974
0.9406
0.9424
0.9387
0.94182
0.94032
0.93976
0.93954
0.9408
0.9416
0.9448
0.9434
0.94218
0.94146
0.93906
0.94032
0.93932
0.94102
0.93886
0.94044
0.93972
0.93886
0.94054
0.93898
0.93578
0.93864
0.9412
0.93938
0.937
0.94012
0.93972
0.93894
0.94306
0.93956
0.94022
0.94104
0.94264
0.93988
0.93918
0.93938
0.93954
0.9402
0.94044
0.94232
0.94116
0.9422
0.9401
0.94048
0.93972
0.93794
0.9396
0.93822
0.93826
0.93934
0.94082
0.94216
0.9418
0.93842
0.93994
0.93792
0.93992
0.94028
0.94102
0.94036
0.93838
0.93774
0.94036
0.94012
0.93812
0.93906
0.94148
0.93986
0.93962
0.93918
0.93754
0.93878
0.93956
0.94252
0.94102
0.94094
0.93788
0.93854
0.93752
0.94022
0.93722
0.94326
0.94136
0.94038
0.94166
0.9396
0.93936
0.9414
0.94072
0.93804
0.94304
0.94176
0.93884
0.9391
0.93964
0.93856
0.94026
0.94018
0.94048
0.93896
0.9393
0.94144
0.9392
0.93914
0.94028
0.94082
0.93872
0.94084
0.94058
0.94046
0.94222
0.94294
0.93908
0.94032
0.9401
0.93836
0.93906
0.94048
0.93742
0.9407
0.93954
0.94228
0.93862
0.94166
0.94234
0.94248
0.94024
0.94284
0.9419
0.94404
0.93994
0.94014
0.9393
0.9375
0.94054
0.94052
0.93918
0.9379
0.94092
0.9389
0.93986
0.94096
0.94064
0.9385
0.9402
0.9365
0.94348
0.94018
0.9419
0.94006
0.94308
0.94414
0.94094
0.94052
0.94158
0.94196
0.93778
0.93802
0.93798
0.93906
0.93942
0.93794
0.94106
0.94096
0.94154
0.94008
0.94126
0.93822
0.93966
0.93846
0.93942
0.94144
0.94224
0.9407
0.93812
0.94082
0.93954
0.94024
0.94394
0.9396
0.94246
0.94282
0.93916
0.93728
0.9417
0.93922
0.93932
0.94092
0.94322
0.9401
0.94104
0.94136
0.94438
0.9389
0.94132
0.94214
0.94016
0.94406
0.9409
0.94238
0.94146
0.93802
0.93852
0.94154
0.93634
0.94106
0.94326
0.93978
0.94052
0.93786
0.93648
0.93928
0.94094
0.94204
0.94264
0.9393
0.9379
0.93752
0.93976
0.93878
0.94054
0.9392
0.94012
0.94256
0.94264
0.93822
0.9382
0.9405
0.93942
0.94024
0.94142
0.94132
0.94362
0.9416
0.94222
0.9405
0.93902
0.9385
0.93954
0.94446
0.94296
0.94362
0.9436
0.94008
0.94056
0.94088
0.94146
0.93918
0.93946
0.93962
0.94262
0.94228
0.93586
0.94054
0.93966
0.93894
0.93854
0.94034
0.9427
0.93814
0.9417
0.93984
0.93978
0.93952
0.9414
0.94094
0.9392
0.94048
0.9425
0.9405
0.94246
0.93912
0.94228
0.94154
0.94236
0.94326
0.93956
0.94044
0.93874
0.94102
0.93992
0.94252
0.94168
0.9393
0.9425
0.94024
0.94136
0.9391
0.94318
0.94158
0.93954
0.9431
0.93298
0.94132
0.93798
0.93938
0.9447
0.9418
0.94138
0.9403
0.93842
0.93792
0.94158
0.94082
0.93644
0.941
0.9394
0.9428
0.93688
0.94044
0.9395
0.94022
0.93924
0.93688
0.94172
0.9401
0.93898
0.94044
0.9336
0.9386
0.93768
0.94136
0.93846
0.94
0.93926
0.94012
0.93948
0.93966
0.937
0.93988
0.93952
0.93508
0.9362
0.93942
0.93872
0.94004
0.94228
0.9412
0.93974
0.93924
0.94176
0.93748
0.93996
0.93992
0.9382
0.94076
0.93778
0.93912
0.94058
0.94134
0.94186
0.94056
0.93746
0.94098
0.94412
0.93868
0.93766
0.9391
0.9421
0.93824
0.94172
0.9398
0.9387
0.9409
0.9394
0.93546
0.94118
0.93864
0.93978
0.94034
0.93776
0.93964
0.9376
0.94096
0.94286
0.94238
0.93772
0.94136
0.93988
0.93806
0.94418
0.9414
0.9371
0.9374
0.93736
0.93588
0.94206
0.9412
0.94104
0.93802
0.93782
0.9377
0.93896
0.93828
0.93632
0.93866
0.93952
0.9413
0.94266
0.94328
0.93542
0.93926
0.93996
0.9418
0.94084
0.94076
0.94238
0.941
0.93928
0.93866
0.93866
0.93746
0.93658
0.93686
0.9366
0.93768
0.9398
0.94116
0.94004
0.9426
0.94178
0.93858
0.94292
0.93936
0.94018
0.93864
0.94048
0.94236
0.94196
0.94098
0.94022
0.93716
0.94034
0.93976
0.94162
0.94018
0.9406
0.9394
0.94154
0.93722
0.93982
0.94052
0.93848
0.938
0.94252
0.93946
0.9393
0.93692
0.93874
0.93848
0.93942
0.9401
0.94096
0.93988
0.94178
0.93788
0.93912
0.9396
0.94246
0.94284
0.93782
0.93896
0.93848
0.93974
0.94026
0.94048
0.94338
0.9429
0.94262
0.943
0.94382
0.94248
0.94044
0.93842
0.94218
0.9427
0.93568
0.94126
0.93916
0.93952
0.93934
0.94036
0.94204
0.93848
0.9402
0.93856
0.94058
0.93808
0.94096
0.94072
0.9402
0.93892
0.9442
0.94118
0.94178
0.93958
0.9416
0.93886
0.94172
0.94112
0.93964
0.93926
0.94052
0.9398
0.93876
0.93904
0.9405
0.9391
0.93884
0.9394
0.94248
0.94124
0.93982
0.9375
0.94052
0.93988
0.9377
0.93974
0.94048
0.94014
0.93946
0.94004
0.94386
0.94216
0.9409
0.9406
0.94206
0.94042
0.93954
0.94108
0.9401
0.93564
0.93586
0.94192
0.94028
0.93874
0.93902
0.93948
0.93784
0.94104
0.94114
0.93956
0.94118
0.9427
0.94174
0.93808
0.9412
0.94084
0.94062
0.94106
0.94048
0.9397
0.9358
0.94192
0.93956
0.9431
0.9383
0.94024
0.94028
0.94176
0.9388
0.94008
0.94058
0.9388
0.93932
0.93888
0.93816
0.94272
0.93844
0.93538
0.93802
0.93774
0.9425
0.93878
0.94222
0.94278
0.9415
0.94224
0.93964
0.94292
0.9416
0.94248
0.94126
0.9395
0.93832
0.9389
0.93866
0.93812
0.93736
0.93828
0.9373
0.94168
0.94142
0.93886
0.9391
0.9404
0.94074
0.94312
0.93884
0.93728
0.93432
0.93738
0.9419
0.94016
0.94028
0.94268
0.94398
0.9419
0.94232
0.93876
0.9433
0.94314
0.94348
0.93914
0.94034
0.9404
0.94298
0.93954
0.93914
0.93596
0.9392
0.94002
0.94114
0.94046
0.94194
0.94388
0.94078
0.94256
0.93886
0.9403
0.9394
0.94102
0.93716
0.93788
0.94328
0.94274
0.9364
0.9386
0.93974
0.9388
0.94076
0.94262
0.94152
0.94032
0.93972
0.94106
0.94136
0.94238
0.93778
0.94038
0.94244
0.94222
0.94052
0.94094
0.93888
0.93994
0.94136
0.93972
0.93922
0.9409
0.93842
0.93986
0.94122
0.94144
0.93766
0.94214
0.94188
0.93996
0.93942
0.93946
0.9418
0.9409
0.93982
0.93786
0.94252
0.9402
0.93696
0.94072
0.9405
0.94488
0.94172
0.93974
0.94026
0.93846
0.93968
0.93998
0.94042
0.9423
0.9385
0.93978
0.94102
0.94138
0.94308
0.94074
0.94004
0.94006
0.9409
0.94082
0.93742
0.94168
0.9421
0.94212
0.9421
0.93782
0.94462
0.94162
0.9399
0.9384
0.94368
0.94008
0.93972
0.94106
0.94352
0.94322
0.9429
0.94006
0.94152
0.94018
0.94206
0.93874
0.94026
0.93914
0.94124
0.94244
0.93942
0.93838
0.94098
0.94254
0.93924
0.94266
0.94132
0.9406
0.93826
0.94134
0.94274
0.94052
0.94194
0.93962
0.93966
0.9387
0.9402
0.94256
0.94322
0.93832
0.94068
0.93692
0.93826
0.93894
0.94384
0.94386
0.93724
0.94128
0.93884
0.94334
0.94106
0.94286
0.94364
0.94246
0.94026
0.94014
0.94318
0.94464
0.94052
0.93892
0.94064
0.9406
0.94258
0.93848
0.94118
0.93958
0.93994
0.93906
0.9408
0.93864
0.93836
0.9388
0.93754
0.93908
0.93862
0.94312
0.9428
0.93802
0.93928
0.94292
0.94278
0.94528
0.94238
0.94052
0.94036
0.93892
0.94262
0.94336
0.93926
0.94212
0.93998
0.94422
0.93898
0.93972
0.94304
0.94194
0.94202
0.9391
0.93884
0.94178
0.9401
0.93874
0.9421
0.93796
0.93814
0.93806
0.93796
0.93966
0.93774
0.94008
0.93848
0.93938
0.93908
0.9407
0.94192
0.94296
0.94126
0.94084
0.94462
0.94016
0.94434
0.94286
0.9394
0.94142
0.94036
0.94118
0.93862
0.93984
0.9409
0.94094
0.9389
0.9396
0.938
0.939
0.94294
0.93946
0.93988
0.93798
0.94228
0.93992
0.93986
0.9365
0.94138
0.9388
0.9427
0.94124
0.93974
0.93758
0.94148
0.94248
0.94094
0.94068
0.94128
0.94196
0.9411
0.93982
0.9377
0.94012
0.9426
0.94284
0.9381
0.9406
0.93944
0.94084
0.9382
0.9404
0.93864
0.94
0.9358
0.9381
0.94126
0.94336
0.94144
0.94282
0.94402
0.937
0.9387
0.94062
0.94192
0.93922
0.94086
0.94312
0.94088
0.94126
0.94074
0.93876
0.93988
0.94298
0.94488
0.94328
0.94032
0.94094
0.94082
0.94548
0.94278
0.94178
0.94382
0.94084
0.9387
0.93848
0.9378
0.94116
0.93988
0.94008
0.93984
0.94096
0.9408
0.94208
0.93974
0.94198
0.93832
0.94032
0.9407
0.94008
0.93766
0.93996
0.93888
0.94048
0.93606
0.941
0.93876
0.9394
0.93894
0.939
0.94226
0.9398
0.93896
0.93788
0.9384
0.93966
0.93772
0.93584
0.93898
0.93934
0.93938
0.9361
0.94244
0.93884
0.94098
0.9415
0.93912
0.94204
0.94146
0.93948
0.9387
0.94218
0.93898
0.93944
0.93862
0.9396
0.94104
0.9377
0.93684
0.93922
0.93988
0.93812
0.9405
0.93548
0.9364
0.9376
0.94258
0.94162
0.9427
0.9394
0.9379
0.93978
0.9372
0.94188
0.94056
0.93908
0.9404
0.94068
0.94052
0.93844
0.93928
0.9419
0.93984
0.94052
0.94142
0.9432
0.93888
0.94052
0.93582
0.93744
0.93982
0.9391
0.93636
0.94098
0.94084
0.94338
0.94164
0.93762
0.9384
0.9398
0.939
0.9391
0.94302
0.94116
0.9417
0.9421
0.93914
0.9412
0.93966
0.93746
0.93704
0.93982
0.9393
0.9395
0.9434
0.94272
0.93886
0.9407
0.93652
0.9396
0.94172
0.94236
0.93992
0.9404
0.93994
0.94146
0.93956
0.94236
0.94038
0.93864
0.94274
0.94124
0.94188
0.94182
0.94102
0.9419
0.94024
0.94016
0.93678
0.93836
0.93874
0.94258
0.94
0.9394
0.94328
0.94006
0.94206
0.94122
0.94116
0.93978
0.93736
0.94034
0.9392
0.9396
0.943
0.94034
0.94094
0.9399
0.94234
0.94006
0.94054
0.93916
0.94046
0.94176
0.94086
0.94008
0.93788
0.93728
0.93704
0.93948
0.93874
0.9369
0.94132
0.9389
0.9425
0.937
0.93982
0.9389
0.93952
0.94104
0.94386
0.93702
0.93786
0.94308
0.941
0.93996
0.94244
0.94264
0.9414
0.939
0.9416
0.93912
0.93752
0.94012
0.94004
0.93892
0.93764
0.94136
0.94084
0.9375
0.93794
0.9395
0.93906
0.94202
0.93834
0.94122
0.941
0.94144
0.94042
0.94264
0.9386
0.93886
0.93898
0.93806
0.941
0.939
0.9423
0.94014
0.93872
0.93712
0.9397
0.93986
0.94044
0.93836
0.93968
0.9408
0.94052
0.9402
0.9436
0.94066
0.9399
0.93918
0.93942
0.93798
0.9419
0.94054
0.93778
0.94048
0.94024
0.93928
0.94166
0.93904
0.9373
0.94076
0.9407
0.9389
0.93706
0.94078
0.9359
0.93894
0.9407
0.93696
0.938
0.9362
0.9422
0.941
0.943
0.94062
0.93976
0.9434
0.93888
0.94026
0.94154
0.93926
0.93792
0.93638
0.93814
0.93966
0.93946
0.93822
0.94014
0.94024
0.9404
0.93802
0.93994
0.94176
0.93758
0.9368
0.94062
0.93932
0.93676
0.93846
0.94018
0.94192
0.9383
0.9414
0.94148
0.93818
0.93952
0.93976
0.94096
0.94016
0.93696
0.93778
0.93694
0.93866
0.93954
0.94076
0.94056
0.93992
0.94012
0.9393
0.93818
0.93898
0.94016
0.9403
0.94048
0.94052
0.94192
0.9434
0.94216
0.9411
0.94208
0.9402
0.94018
0.94026
0.93892
0.94034
0.9426
0.94062
0.94186
0.93864
0.9414
0.94068
0.9387
0.94166
0.94242
0.9391
0.94222
0.93804
0.937
0.93928
0.9397
0.93838
0.93928
0.94034
0.94016
0.94078
0.9403
0.93628
0.93912
0.94114
0.94182
0.93848
0.94152
0.9425
0.9427
0.93932
0.94276
0.94058
0.94234
0.93846
0.94046
0.94164
0.93786
0.94004
0.93882
0.93876
0.94098
0.94098
0.94162
0.94092
0.9438
0.94138
0.93674
0.93834
0.94146
0.94092
0.9413
0.93928
0.9365
0.94002
0.94086
0.94076
0.93974
0.94138
0.93882
0.93932
0.94062
0.94032
0.93964
0.94158
0.93932
0.94172
0.93838
0.94174
0.93912
0.94092
0.93894
0.93838
0.94396
0.94262
0.94248
0.94098
0.9374
0.93962
0.94194
0.93872
0.94102
0.94142
0.94166
0.94146
0.9414
0.94154
0.94336
0.943
0.9379
0.94288
0.94338
0.93854
0.94192
0.9415
0.94144
0.93734
0.94098
0.9408
0.93438
0.94182
0.93996
0.9406
0.94094
0.93868
0.93934
0.94014
0.93804
0.94198
0.94122
0.93834
0.93722
0.94042
0.94124
0.9374
0.94296
0.94024
0.93784
0.93774
0.93964
0.94
0.93914
0.94186
0.94212
0.94166
0.9408
0.94132
0.94232
0.9395
0.9391
0.93874
0.9406
0.94118
0.94156
0.94182
0.9432
0.94088
0.9429
0.94086
0.94352
0.93712
0.9409
0.93788
0.94048
0.94
0.94216
0.93652
0.93856
0.93858
0.93904
0.94158
0.9388
0.942
0.93792
0.93784
0.94344
0.94098
0.94252
0.94146
0.94144
0.94204
0.94104
0.93978
0.94024
0.93756
0.9388
0.93728
0.93806
0.94042
0.93696
0.9427
0.9418
0.93984
0.93888
0.9405
0.93882
0.94182
0.93688
0.94048
0.94186
0.94514
0.93834
0.94154
0.9429
0.9402
0.94046
0.94118
0.9399
0.94
0.942
0.94114
0.93796
0.9394
0.9404
0.94166
0.93654
0.93982
0.94084
0.94102
0.93796
0.9388
0.94438
0.94302
0.94066
0.9407
0.93922
0.94138
0.94226
0.93784
0.93982
0.94006
0.93874
0.94222
0.93938
0.94008
0.94126
0.93936
0.9379
0.9403
0.93888
0.94012
0.94196
0.94126
0.93976
0.9398
0.93978
0.94152
0.9409
0.94136
0.93974
0.93858
0.94098
0.94062
0.94142
0.94074
0.93976
0.93994
0.93714
0.94102
0.94026
0.94118
0.94288
0.94202
0.94252
0.94144
0.94044
0.93894
0.93888
0.9378
0.9396
0.94006
0.94058
0.93806
0.94262
0.9384
0.94178
0.94088
0.9405
0.93952
0.94042
0.93958
0.94112
0.94152
0.94244
0.94318
0.94096
0.94198
0.93984
0.94064
0.93762
0.93988
0.93942
0.94342
0.94108
0.94076
0.94104
0.94108
0.93912
0.93974
0.94068
0.94096
0.94148
0.9419
0.94272
0.93916
0.94064
0.9392
0.9409
0.94278
0.93974
0.93758
0.93956
0.93878
0.9388
0.93934
0.93954
0.93876
0.94334
0.94008
0.94158
0.94112
0.94366
0.93912
0.93614
0.93554
0.93976
0.9387
0.9408
0.9399
0.94144
0.94202
0.94226
0.93894
0.94064
0.9397
0.94072
0.93862
0.94108
0.94024
0.93852
0.9423
0.94006
0.9386
0.93816
0.93902
0.94164
0.942
0.9395
0.94086
0.9388
0.94166
0.94016
0.94306
0.93842
0.94136
0.94178
0.93726
0.93834
0.9392
0.9437
0.9405
0.9401
0.9405
0.93984
0.94094
0.94048
0.94206
0.94328
0.94014
0.93938
0.94346
0.94374
0.93918
0.94034
0.93896
0.93872
0.94168
0.9428
0.93794
0.94048
0.94052
0.94184
0.94034
0.94046
0.94222
0.93938
0.93802
0.94054
0.9433
0.9403
0.9388
0.93982
0.94272
0.9425
0.93872
0.94104
0.9387
0.9422
0.94122
0.94184
0.94336
0.9419
0.94098
0.9361
0.93998
0.93798
0.93952
0.9398
0.9392
0.94258
0.9434
0.94312
0.94128
0.9396
0.942
0.9369
0.94052
0.93878
0.9413
0.93994
0.9373
0.94066
0.94226
0.94036
0.94064
0.94118
0.94124
0.93724
0.93754
0.93816
0.94244
0.9404
0.93894
0.93732
0.93912
0.93824
0.93754
0.9379
0.93922
0.9393
0.94038
0.94324
0.94064
0.94352
0.9365
0.93786
0.93946
0.9408
0.94156
0.94364
0.94058
0.93778
0.93968
0.94198
0.94074
0.94144
0.93794
0.93868
0.94312
0.93794
0.93988
0.94202
0.94144
0.9393
0.9406
0.94008
0.9394
0.94126
0.93938
0.93874
0.9385
0.93944
0.9373
0.94128
0.93998
0.93888
0.93914
0.93966
0.94236
0.942
0.93846
0.93972
0.93922
0.9404
0.93986
0.93988
0.9404
0.9379
0.9391
0.94114
0.94142
0.94222
0.93928
0.94112
0.93798
0.93938
0.93886
0.94034
0.9368
0.93994
0.93942
0.93972
0.94384
0.94048
0.93874
0.93874
0.93886
0.9364
0.94022
0.94058
0.93796
0.94184
0.94394
0.9407
0.94402
0.94258
0.94242
0.94068
0.93524
0.93784
0.94134
0.93892
0.93874
0.94152
0.9402
0.9375
0.94114
0.941
0.93912
0.94144
0.94304
0.94214
0.94308
0.93902
0.94384
0.9435
0.94062
0.93986
0.93928
0.93948
0.94108
0.93774
0.93746
0.94108
0.93946
0.9381
0.94094
0.93966
0.93874
0.9392
0.93956
0.9407
0.93994
0.9416
0.9396
0.94168
0.93938
0.94362
0.9419
0.94148
0.93998
0.94142
0.94104
0.9403
0.94264
0.94286
0.93988
0.93974
0.94042
0.93898
0.94076
0.93712
0.94014
0.93688
0.94026
0.93948
0.94112
0.9402
0.9425
0.94256
0.93974
0.94178
0.93792
0.94234
0.93758
0.94256
0.93932
0.9422
0.93856
0.93824
0.93994
0.94152
0.94276
0.94114
0.94088
0.9407
0.9413
0.94078
0.94012
0.94178
0.94038
0.9392
0.93972
0.94038
0.94064
0.94014
0.93848
0.93954
0.9411
0.94078
0.93832
0.93754
0.93832
0.94064
0.9377
0.9379
0.94226
0.9427
0.93826
0.93932
0.94118
0.93876
0.94078
0.93796
0.9383
0.94312
0.94134
0.93822
0.94246
0.94026
0.94184
0.942
0.94064
0.93968
0.9415
0.9421
0.942
0.93836
0.9371
0.94104
0.94124
0.94018
0.94196
0.94018
0.93908
0.94278
0.94104
0.94144
0.9406
0.93702
0.94068
0.94104
0.93934
0.93752
0.94308
0.94108
0.93856
0.94028
0.93882
0.93708
0.9388
0.94186
0.9413
0.94184
0.94408
0.94094
0.9419
0.94208
0.9405
0.94022
0.94146
0.94106
0.93798
0.93794
0.94012
0.94072
0.93798
0.94288
0.93864
0.9395
0.94224
0.93974
0.94052
0.94188
0.94184
0.9414
0.94068
0.9417
0.9401
0.93654
0.93752
0.9386
0.94388
0.94158
0.94356
0.94268
0.94088
0.93972
0.93768
0.93912
0.9396
0.9387
0.93672
0.93888
0.9399
0.94034
0.93836
0.9388
0.9413
0.93902
0.93678
0.93974
0.93838
0.93922
0.9431
0.9407
0.94028
0.93818
0.94188
0.94298
0.94016
0.93942
0.94172
0.93872
0.94078
0.938
0.94208
0.94134
0.93946
0.94208
0.93952
0.94108
0.93766
0.94036
0.94004
0.94084
0.9413
0.94026
0.9415
0.94054
0.93678
0.9401
0.93774
0.94244
0.94038
0.9411
0.94332
0.93904
0.9381
0.93684
0.93994
0.94254
0.93942
0.9379
0.9388
0.94086
0.94274
0.94188
0.9414
0.93854
0.93974
0.9372
0.9376
0.94036
0.93898
0.93902
0.94432
0.9412
0.94176
0.94008
0.93972
0.9383
0.93922
0.93988
0.938
0.93444
0.93942
0.94066
0.9408
0.9397
0.94248
0.94144
0.93932
0.9426
0.94288
0.94004
0.9424
0.94342
0.94458
0.94096
0.93972
0.93944
0.94198
0.94096
0.94056
0.94122
0.93876
0.94018
0.93658
0.94158
0.94172
0.93988
0.94246
0.9438
0.9412
0.9419
0.9422
0.94368
0.9381
0.94252
0.94144
0.94032
0.94062
0.9391
0.9383
0.93948
0.93936
0.94286
0.9412
0.93994
0.94342
0.94006
0.94216
0.94094
0.94376
0.93872
0.93836
0.9361
0.93798
0.94198
0.93934
0.9381
0.9393
0.94022
0.94004
0.93872
0.94036
0.93832
0.93814
0.93996
0.93842
0.93898
0.9371
0.93882
0.9377
0.93608
0.93994
0.94076
0.9434
0.94184
0.93836
0.93948
0.93996
0.93966
0.93834
0.94098
0.9424
0.93972
0.94128
0.93872
0.93836
0.94134
0.93796
0.93776
0.94242
0.94146
0.9429
0.93696
0.9373
0.94028
0.94048
0.94332
0.9422
0.9398
0.94248
0.94088
0.93826
0.93782
0.94026
0.93932
0.94186
0.94484
0.94456
0.94088
0.93988
0.94234
0.94064
0.93754
0.93728
0.9413
0.94142
0.94042
0.93998
0.94202
0.94066
0.93964
0.93836
0.94072
0.94084
0.9435
0.93948
0.94018
0.94194
0.94164
0.93968
0.94098
0.93836
0.94052
0.9401
0.9406
0.94022
0.93934
0.93888
0.93698
0.94404
0.94104
0.93844
0.93896
0.94272
0.94046
0.93686
0.94116
0.93762
0.93908
0.94096
0.94482
0.94312
0.94052
0.94186
0.93918
0.93832
0.94218
0.94036
0.94096
0.9389
0.94186
0.94162
0.94048
0.94194
0.94128
0.9414
0.9399
0.94322
0.94196
0.93868
0.94374
0.94166
0.9432
0.94202
0.9405
0.93762
0.93904
0.93922
0.9382
0.93804
0.93944
0.94206
0.93836
0.93944
0.93942
0.94046
0.94208
0.94224
0.9418
0.93786
0.93988
0.94168
0.94232
0.94132
0.94328
0.94376
0.93918
0.9408
0.9385
0.9397
0.93884
0.94084
0.94116
0.94044
0.93824
0.93772
0.93648
0.94004
0.93796
0.93674
0.9388
0.94076
0.93908
0.93938
0.94006
0.94198
0.94264
0.94438
0.93688
0.94086
0.94144
0.9387
0.94266
0.9416
0.93862
0.94052
0.93946
0.93666
0.93798
0.93978
0.94034
0.94216
0.9401
0.94068
0.94084
0.94116
0.94156
0.93942
0.94044
0.9372
0.94424
0.93704
0.94006
0.94078
0.94028
0.9396
0.94076
0.94046
0.9427
0.9387
0.93942
0.9364
0.9389
0.93646
0.94038
0.93772
0.93806
0.94284
0.93884
0.94022
0.9391
0.93762
0.93988
0.9454
0.94262
0.93976
0.93796
0.9364
0.93576
0.9376
0.9402
0.93962
0.9386
0.9394
0.93902
0.93916
0.93822
0.93862
0.93912
0.94122
0.94194
0.94086
0.93904
0.93764
0.9393
0.94322
0.93978
0.9376
0.93986
0.9418
0.94086
0.94162
0.93888
0.9406
0.9444
0.94344
0.93856
0.94088
0.94132
0.94188
0.94038
0.94
0.93758
0.94156
0.9382
0.93762
0.94266
0.93698
0.93766
0.94244
0.94022
0.94084
0.9415
0.94012
0.9378
0.939
0.93838
0.94002
0.94176
0.93866
0.94004
0.93868
0.94192
0.93938
0.9385
0.93718
0.93914
0.94182
0.94038
0.9392
0.93938
0.94098
0.9388
0.93852
0.93942
0.94298
0.9404
0.94308
0.94328
0.94128
0.9399
0.93876
0.94096
0.94174
0.9392
0.94006
0.94252
0.93738
0.93824
0.93836
0.94098
0.9381
0.93984
0.93872
0.9405
0.94034
0.93988
0.93814
0.94146
0.94106
0.93784
0.9397
0.9388
0.93826
0.93972
0.94458
0.93994
0.93672
0.9389
0.93752
0.94452
0.94012
0.93708
0.9376
0.94102
0.93982
0.94022
0.93902
0.94128
0.93966
0.93784
0.93878
0.9397
0.93864
0.94384
0.94098
0.94054
0.93918
0.93986
0.94036
0.94014
0.93786
0.93874
0.94112
0.93928
0.93818
0.94078
0.94052
0.94064
0.94046
0.94
0.93976
0.93824
0.93918
0.93716
0.93796
0.93932
0.93964
0.94252
0.93836
0.93942
0.93992
0.93952
0.94094
0.93992
0.93904
0.93802
0.94014
0.93692
0.93924
0.93926
0.93776
0.93964
0.93956
0.93698
0.94124
0.93962
0.93908
0.94296
0.93782
0.94244
0.93692
0.9392
0.94022
0.9416
0.93828
0.94044
0.93942
0.93696
0.94022
0.93804
0.93764
0.93698
0.93984
0.93944
0.9374
0.93714
0.9366
0.93796
0.94066
0.9392
0.94058
0.93852
0.94108
0.9354
0.9411
0.93842
0.93712
0.93868
0.94084
0.93928
0.9424
0.9408
0.94158
0.9413
0.93964
0.9406
0.9413
0.93884
0.94144
0.93898
0.9395
0.9411
0.9436
0.94138
0.93966
0.939
0.94
0.94228
0.9411
0.93992
0.94024
0.94156
0.94322
0.93932
0.94234
0.94196
0.94222
0.94668
0.94142
0.93918
0.94162
0.94212
0.94198
0.94244
0.94198
0.94024
0.93794
0.9401
0.93648
0.93984
0.93702
0.9402
0.94264
0.93818
0.93998
0.94104
0.93732
0.93488
0.93752
0.93788
0.94118
0.9403
0.94008
0.9395
0.9385
0.9396
0.93814
0.94026
0.94074
0.93794
0.93882
0.94314
0.94084
0.94054
0.94022
0.94078
0.9383
0.93956
0.93924
0.9422
0.94276
0.94224
0.93846
0.9415
0.93684
0.93964
0.94014
0.94002
0.93758
0.94004
0.93914
0.93954
0.94358
0.93804
0.93988
0.93732
0.94068
0.9366
0.94002
0.9381
0.9393
0.93936
0.93988
0.94094
0.93654
0.93868
0.9427
0.94306
0.94134
0.93438
0.9385
0.9431
0.94022
0.94422
0.93696
0.93818
0.93828
0.9384
0.94194
0.94082
0.93998
0.9402
0.9394
0.93804
0.9396
0.94018
0.9395
0.9359
0.93878
0.94132
0.93608
0.94268
0.94084
0.93958
0.93978
0.94098
0.9376
0.94118
0.94346
0.94076
0.93932
0.93876
0.94062
0.94036
0.9395
0.93806
0.93952
0.9405
0.93832
0.94208
0.9403
0.9386
0.93832
0.94096
0.9398
0.93988
0.9414
0.94086
0.9408
0.94132
0.93926
0.93692
0.9383
0.93812
0.93936
0.94232
0.9421
0.942
0.94088
0.94012
0.93746
0.93984
0.9407
0.9409
0.941
0.93898
0.93922
0.93896
0.9403
0.94154
0.9404
0.9345
0.93698
0.93974
0.93894
0.93754
0.94028
0.93998
0.93774
0.94058
0.93822
0.93844
0.94158
0.93954
0.9421
0.94004
0.94348
0.94346
0.94598
0.94192
0.94016
0.9375
0.9426
0.93862
0.94054
0.939
0.9399
0.9429
0.9384
0.93836
0.9413
0.93862
0.93624
0.93994
0.93916
0.94048
0.94148
0.93814
0.94192
0.93774
0.9405
0.94106
0.94034
0.9395
0.94076
0.9366
0.93684
0.93806
0.94012
0.9404
0.93958
0.93912
0.9405
0.93812
0.93922
0.94226
0.94186
0.94122
0.9417
0.94116
0.9376
0.93896
0.94358
0.94022
0.93972
0.93964
0.94084
0.93906
0.94112
0.93774
0.93846
0.94122
0.93926
0.9388
0.9378
0.93824
0.93864
0.94154
0.94328
0.94144
0.93998
0.94154
0.94124
0.93582
0.9402
0.94336
0.94132
0.94214
0.9391
0.94078
0.93916
0.93996
0.935
0.94172
0.94042
0.9404
0.9397
0.93968
0.93682
0.93968
0.93738
0.938
0.93722
0.94066
0.9377
0.93902
0.94092
0.94172
0.93862
0.94
0.94298
0.93824
0.94104
0.94258
0.93838
0.94412
0.93922
0.938
0.93716
0.93628
0.9388
0.93696
0.94082
0.93634
0.93962
0.94002
0.9393
0.94042
0.93942
0.94122
0.93986
0.94204
0.93876
0.94142
0.93914
0.94082
0.941
0.93902
0.94082
0.93992
0.9434
0.93778
0.94312
0.93614
0.9398
0.93936
0.9409
0.93786
0.94088
0.94132
0.94128
0.94146
0.9394
0.93928
0.94038
0.93864
0.9384
0.94134
0.942
0.9401
0.94064
0.93758
0.94128
0.94116
0.94034
0.94032
0.94062
0.9397
0.93648
0.94096
0.93974
0.94086
0.94162
0.94014
0.93952
0.94058
0.93682
0.94
0.9411
0.93784
0.94154
0.93818
0.94432
0.93944
0.9376
0.94092
0.93948
0.94028
0.94128
0.93816
0.93906
0.93798
0.9391
0.93786
0.94416
0.94118
0.94078
0.93988
0.93804
0.94038
0.9404
0.942
0.93992
0.94242
0.94108
0.9423
0.9406
0.94054
0.94038
0.93932
0.9416
0.9424
0.94202
0.9415
0.94092
0.93842
0.9377
0.94276
0.93898
0.93892
0.93882
0.9381
0.94012
0.94218
0.94066
0.93894
0.9396
0.93962
0.9376
0.93826
0.93888
0.94004
0.93976
0.93912
0.94008
0.9423
0.941
0.9404
0.94036
0.9391
0.94058
0.94088
0.93772
0.94124
0.9392
0.94118
0.93898
0.93732
0.94216
0.93948
0.93776
0.93994
0.93826
0.94014
0.94152
0.9413
0.94336
0.94024
0.9385
0.94158
0.94322
0.94334
0.94032
0.94108
0.93764
0.94038
0.93722
0.94204
0.9417
0.94186
0.94252
0.93938
0.94012
0.94212
0.94054
0.9399
0.94464
0.93736
0.94354
0.93954
0.94004
0.9415
0.93676
0.9407
0.94204
0.93948
0.93824
0.93924
0.94102
0.93748
0.94028
0.94174
0.9391
0.94352
0.9375
0.93896
0.93974
0.93562
0.94088
0.942
0.94314
0.94186
0.94006
0.94276
0.94202
0.94444
0.94386
0.9397
0.93846
0.94146
0.9428
0.93962
0.93886
0.94064
0.94162
0.9398
0.94072
0.942
0.93956
0.94058
0.94152
0.94254
0.94324
0.94142
0.9413
0.93476
0.93884
0.94212
0.94136
0.93806
0.94028
0.93704
0.94114
0.94106
0.93824
0.93726
0.94332
0.9374
0.9388
0.94082
0.94104
0.9404
0.93648
0.94108
0.9408
0.93914
0.94112
0.94018
0.94156
0.94116
0.9403
0.94104
0.94112
0.9409
0.94114
0.94124
0.93932
0.9404
0.94382
0.94074
0.943
0.94386
0.9404
0.94294
0.94134
0.94016
0.93946
0.94096
0.939
0.94036
0.93906
0.93924
0.94002
0.94002
0.94156
0.94112
0.94002
0.9415
0.9406
0.93964
0.94066
0.938
0.94074
0.93956
0.93706
0.94086
0.94164
0.9399
0.9412
0.94102
0.9417
0.94178
0.94106
0.9412
0.94176
0.9383
0.93858
0.93722
0.9438
0.94346
0.93932
0.94008
0.9395
0.94108
0.93688
0.93734
0.93976
0.93916
0.94034
0.9405
0.94278
0.9419
0.94314
0.94162
0.93736
0.93696
0.94108
0.93784
0.93836
0.93734
0.94034
0.94094
0.93832
0.94094
0.9435
0.94036
0.9417
0.94056
0.94042
0.93892
0.9388
0.94134
0.94184
0.9423
0.9407
0.94012
0.94174
0.93942
0.93956
0.93868
0.93792
0.93866
0.94204
0.9396
0.9397
0.93814
0.94076
0.94172
0.9375
0.94078
0.94124
0.9412
0.93902
0.9394
0.93892
0.9402
0.93974
0.94034
0.94222
0.93938
0.93932
0.94148
0.9389
0.94128
0.94052
0.9388
0.94192
0.93664
0.9388
0.93996
0.93744
0.9405
0.93952
0.94174
0.9403
0.94034
0.9397
0.94314
0.93974
0.93992
0.94096
0.9403
0.94332
0.93982
0.93942
0.93844
0.94126
0.93942
0.9403
0.9409
0.93958
0.93658
0.94124
0.94262
0.93706
0.93944
0.9421
0.93996
0.93656
0.94164
0.9412
0.94086
0.94006
0.93976
0.93768
0.93948
0.94254
0.94148
0.94326
0.93848
0.93926
0.93998
0.94166
0.94402
0.94214
0.94252
0.94084
0.94106
0.9368
0.9403
0.9386
0.94086
0.94138
0.94004
0.93828
0.94018
0.93744
0.93862
0.94084
0.93934
0.94156
0.94204
0.94178
0.94362
0.93818
0.93892
0.9411
0.94246
0.93874
0.93936
0.94202
0.94244
0.93848
0.93994
0.93836
0.94
0.94166
0.94032
0.94088
0.9425
0.94076
0.94044
0.94058
0.93988
0.9394
0.94084
0.93626
0.93668
0.9384
0.94028
0.93954
0.94084
0.94046
0.93914
0.94078
0.94316
0.9399
0.93972
0.9406
0.94088
0.94042
0.94234
0.94072
0.93988
0.94104
0.94082
0.94102
0.93984
0.94074
0.9369
0.93898
0.94032
0.94048
0.94134
0.94228
0.93832
0.94028
0.94172
0.94238
0.94398
0.93992
0.93698
0.93826
0.9391
0.9438
0.94062
0.93652
0.93716
0.9381
0.94096
0.93922
0.93914
0.94118
0.94144
0.94076
0.94224
0.93978
0.9374
0.93922
0.93802
0.94094
0.9418
0.94352
0.9395
0.93912
0.93938
0.9398
0.9411
0.93678
0.93904
0.94186
0.93948
0.94112
0.93688
0.9381
0.93976
0.9383
0.94058
0.93972
0.93924
0.93944
0.9438
0.94054
0.94148
0.93844
0.94176
0.941
0.94216
0.93748
0.94112
0.9416
0.94178
0.94096
0.93922
0.94366
0.94056
0.94162
0.94364
0.94342
0.94126
0.94064
0.94048
0.9384
0.9378
0.93992
0.93988
0.93988
0.94112
0.94008
0.94038
0.94248
0.94082
0.93816
0.9421
0.93988
0.94058
0.94018
0.9407
0.9408
0.93832
0.9381
0.93648
0.93832
0.93946
0.94032
0.93792
0.93764
0.93948
0.93902
0.93726
0.9432
0.94146
0.9384
0.9376
0.94044
0.9398
0.93946
0.94038
0.93772
0.94194
0.94334
0.93644
0.9392
0.94308
0.93836
0.93896
0.9419
0.94272
0.93988
0.93852
0.94142
0.94048
0.93942
0.94058
0.93724
0.94124
0.93934
0.94088
0.93682
0.93974
0.9401
0.94304
0.9404
0.93952
0.94168
0.93978
0.93802
0.9377
0.93812
0.94114
0.9441
0.94516
0.93974
0.94156
0.94168
0.93758
0.9416
0.94102
0.94008
0.94166
0.9394
0.93844
0.93842
0.94012
0.93934
0.9413
0.94338
0.94122
0.94012
0.93842
0.93826
0.93952
0.94524
0.93906
0.93848
0.93614
0.93772
0.94154
0.9399
0.93974
0.93702
0.94074
0.93918
0.94266
0.94236
0.94068
0.94022
0.94246
0.94102
0.93932
0.93978
0.94188
0.93976
0.93716
0.94096
0.9415
0.93854
0.9385
0.94022
0.94076
0.94172
0.94012
0.93964
0.94114
0.94106
0.94212
0.94316
0.94182
0.94346
0.94044
0.94324
0.94268
0.94348
0.94074
0.94106
0.93962
0.94126
0.93826
0.93828
0.9417
0.94106
0.93644
0.9396
0.93746
0.94028
0.94062
0.9406
0.9384
0.94106
0.94054
0.94186
0.94202
0.9398
0.93832
0.93854
0.93868
0.93834
0.93808
0.93934
0.94008
0.93492
0.93696
0.9406
0.94148
0.93946
0.93884
0.94078
0.93894
0.94164
0.94044
0.94106
0.9372
0.94014
0.94042
0.94118
0.9396
0.94124
0.93946
0.94332
0.9431
0.9419
0.94036
0.94092
0.94006
0.94054
0.93972
0.94034
0.94028
0.93594
0.94334
0.94054
0.94026
0.93984
0.9385
0.93938
0.94346
0.94246
0.94352
0.93866
0.93922
0.93806
0.93944
0.93896
