0.92966
0.92756
0.92508
0.9263
0.925
0.92778
0.92644
0.92248
0.925
0.92676
0.9246
0.92504
0.92662
0.9223
0.92448
0.92978
0.9244
0.92526
0.92808
0.92722
0.92604
0.92456
0.92588
0.92888
0.9248
0.9259
0.92688
0.92804
0.92628
0.92586
0.92666
0.9292
0.92664
0.92646
0.92628
0.92596
0.92458
0.9271
0.92604
0.92604
0.92782
0.92698
0.92612
0.92254
0.92446
0.9249
0.92652
0.92514
0.92516
0.9258
0.92776
0.92698
0.92766
0.92322
0.92462
0.92734
0.92386
0.92464
0.92926
0.9259
0.92532
0.92524
0.92608
0.92536
0.92568
0.92494
0.92386
0.92822
0.92482
0.9268
0.92502
0.92286
0.92406
0.92548
0.92664
0.92614
0.9255
0.92934
0.92478
0.92832
0.92552
0.92286
0.9245
0.925
0.92626
0.92544
0.9251
0.92476
0.92922
0.9252
0.92574
0.92366
0.9255
0.92732
0.92662
0.92442
0.92408
0.9268
0.92446
0.92828
0.92456
0.92596
0.925
0.92408
0.92518
0.92668
0.92794
0.92876
0.926
0.9278
0.92684
0.92766
0.9288
0.92382
0.92742
0.9278
0.92414
0.92392
0.92738
0.92436
0.9263
0.92502
0.9261
0.92712
0.92424
0.92782
0.9278
0.92296
0.9225
0.92752
0.92624
0.92318
0.92442
0.92404
0.92518
0.92706
0.92632
0.92692
0.93046
0.92436
0.92308
0.92546
0.925
0.92464
0.9257
0.92638
0.92262
0.9228
0.92718
0.92558
0.92496
0.9257
0.92714
0.9273
0.92786
0.92652
0.92578
0.92856
0.92696
0.9275
0.92766
0.92514
0.92386
0.92592
0.92612
0.92658
0.92406
0.92576
0.92588
0.9285
0.92372
0.92542
0.92464
0.92926
0.92616
0.92648
0.92586
0.92362
0.92674
0.9256
0.9241
0.92478
0.92502
0.92418
0.928
0.92448
0.92674
0.92814
0.92586
0.92404
0.92458
0.92798
0.926
0.92372
0.92696
0.92444
0.92446
0.9246
0.92478
0.92494
0.92578
0.92456
0.9245
0.92348
0.92982
0.92478
0.92648
0.92412
0.92706
0.92342
0.92582
0.927
0.92654
0.92734
0.92512
0.92506
0.92656
0.92434
0.92392
0.92508
0.92766
0.92514
0.92396
0.92712
0.92648
0.92568
0.92488
0.92388
0.9269
0.92824
0.92616
0.92548
0.92798
0.92528
0.92492
0.92642
0.92714
0.92284
0.92708
0.92594
0.9266
0.92756
0.92662
0.92418
0.9266
0.9264
0.92464
0.92606
0.9277
0.92578
0.92794
0.92378
0.92678
0.92828
0.92532
0.92406
0.92682
0.9287
0.92402
0.929
0.92702
0.92768
0.92648
0.92608
0.9272
0.92282
0.9266
0.92344
0.92524
0.92342
0.92732
0.9246
0.92584
0.924
0.92462
0.92596
0.92534
0.92212
0.9253
0.92864
0.92618
0.92644
0.9237
0.9237
0.92276
0.92586
0.92308
0.92578
0.92604
0.92506
0.92476
0.92414
0.9228
0.92772
0.92842
0.92494
0.92648
0.92582
0.92748
0.92462
0.92522
0.92662
0.92728
0.92426
0.92482
0.92834
0.92396
0.9262
0.92524
0.92638
0.92666
0.9288
0.92272
0.92926
0.92658
0.9238
0.92742
0.92518
0.92696
0.92508
0.92664
0.92476
0.92336
0.9276
0.9262
0.92374
0.92484
0.92384
0.9272
0.92304
0.92382
0.92592
0.9252
0.92562
0.92382
0.92378
0.92696
0.92506
0.92526
0.92348
0.92808
0.92474
0.92524
0.92608
0.9241
0.9233
0.92518
0.92768
0.92478
0.92512
0.92784
0.92576
0.92464
0.92794
0.92682
0.92434
0.92614
0.92466
0.92364
0.92568
0.92622
0.92408
0.92508
0.92628
0.9267
0.9256
0.92672
0.92576
0.92778
0.92792
0.9257
0.92642
0.92668
0.92384
0.9251
0.92692
0.92556
0.92314
0.92564
0.92708
0.92878
0.92594
0.92444
0.92692
0.92488
0.92714
0.9272
0.92596
0.92538
0.92682
0.92646
0.92266
0.92466
0.92468
0.9243
0.92738
0.92658
0.92456
0.92668
0.92258
0.92418
0.9273
0.92488
0.92514
0.92406
0.92718
0.9224
0.9271
0.92632
0.92844
0.92672
0.92574
0.92414
0.92696
0.9267
0.9244
0.92704
0.92434
0.92342
0.92516
0.92784
0.92284
0.9268
0.92446
0.92384
0.92272
0.9279
0.9258
0.92688
0.9245
0.9249
0.92678
0.92598
0.92598
0.9236
0.92536
0.92694
0.92488
0.92724
0.9247
0.92884
0.92542
0.92528
0.92288
0.92478
0.9225
0.92344
0.92182
0.92654
0.92278
0.92372
0.92478
0.92414
0.9242
0.92518
0.92702
0.92564
0.927
0.92634
0.9274
0.92448
0.92428
0.92758
0.92616
0.9249
0.92594
0.92554
0.92682
0.92722
0.92624
0.92554
0.92628
0.92726
0.92766
0.92318
0.92408
0.92844
0.92626
0.92958
0.92638
0.9283
0.92446
0.92414
0.92536
0.92636
0.92588
0.92374
0.92472
0.9242
0.92456
0.92516
0.92728
0.92596
0.92652
0.92822
0.92672
0.92514
0.9254
0.92364
0.92748
0.92568
0.92706
0.9269
0.92572
0.9259
0.92608
0.9272
0.92542
0.92322
0.92564
0.92534
0.92574
0.92716
0.92304
0.9264
0.92578
0.9248
0.92464
0.92414
0.92468
0.92534
0.92598
0.92442
0.9244
0.92526
0.9224
0.924
0.92432
0.92652
0.9284
0.92592
0.92738
0.9312
0.92556
0.92622
0.92712
0.92564
0.92646
0.92492
0.92692
0.92304
0.92614
0.92782
0.92836
0.92586
0.92648
0.92356
0.92772
0.92892
0.92876
0.92614
0.92678
0.9262
0.92622
0.9257
0.92664
0.92124
0.92672
0.9273
0.92616
0.92388
0.9284
0.92844
0.92546
0.92424
0.92566
0.9263
0.92546
0.92378
0.9287
0.92708
0.92664
0.92904
0.92682
0.92296
0.92584
0.92786
0.92598
0.9249
0.92222
0.926
0.92638
0.9258
0.92276
0.92664
0.92504
0.92908
0.9254
0.92608
0.92164
0.92574
0.92536
0.92836
0.92524
0.92576
0.9263
0.9281
0.92716
0.92456
0.92582
0.92722
0.9259
0.92568
0.92446
0.92532
0.92766
0.92166
0.92544
0.92484
0.926
0.92526
0.92326
0.92616
0.9245
0.92962
0.92582
0.92286
0.92536
0.92684
0.92824
0.9259
0.92624
0.92428
0.9256
0.926
0.92684
0.9271
0.9263
0.92884
0.9262
0.92486
0.9268
0.92482
0.92486
0.92468
0.927
0.92706
0.92754
0.92402
0.92362
0.92524
0.9252
0.92692
0.92528
0.92446
0.92406
0.92486
0.92486
0.92706
0.9239
0.9254
0.9244
0.92612
0.92058
0.9267
0.92778
0.92802
0.92348
0.92578
0.92266
0.92546
0.9253
0.92714
0.92604
0.92392
0.9257
0.92686
0.9257
0.92458
0.92768
0.92814
0.92282
0.9266
0.92436
0.92694
0.9256
0.92596
0.92458
0.92598
0.92558
0.92426
0.92952
0.92674
0.92546
0.92636
0.9264
0.92346
0.92288
0.92698
0.92738
0.92576
0.9271
0.9249
0.92712
0.92586
0.92792
0.92308
0.92806
0.92602
0.92842
0.9252
0.92618
0.9261
0.92472
0.92444
0.9246
0.9264
0.92576
0.92352
0.92886
0.92692
0.92518
0.92622
0.9242
0.92276
0.92474
0.92724
0.92634
0.92652
0.92606
0.92392
0.9247
0.92438
0.9249
0.92752
0.9272
0.92696
0.92742
0.92612
0.92678
0.9268
0.9252
0.9271
0.93042
0.92596
0.92466
0.9255
0.9245
0.9264
0.92468
0.92228
0.92412
0.92448
0.92592
0.92454
0.9253
0.92518
0.9252
0.92592
0.92358
0.92516
0.92434
0.92726
0.92468
0.92572
0.92566
0.9227
0.9252
0.92364
0.92628
0.92586
0.92632
0.92764
0.92526
0.9235
0.92492
0.92304
0.92476
0.92474
0.92554
0.92596
0.92646
0.92578
0.92818
0.92564
0.92518
0.9257
0.92576
0.92648
0.92524
0.92424
0.92848
0.92666
0.92588
0.92498
0.92572
0.92648
0.9265
0.92614
0.9281
0.92594
0.92632
0.92866
0.92604
0.92674
0.92792
0.92852
0.92488
0.92546
0.92476
0.92358
0.9259
0.92374
0.92422
0.9251
0.92604
0.92568
0.92702
0.92726
0.92456
0.9254
0.92696
0.92668
0.92772
0.92372
0.92466
0.9269
0.92808
0.92526
0.92362
0.9253
0.92352
0.92696
0.9272
0.92422
0.92938
0.92604
0.92706
0.92416
0.92558
0.92844
0.9233
0.92524
0.92674
0.92908
0.9273
0.9249
0.92476
0.92552
0.92538
0.92776
0.92468
0.92422
0.9251
0.92494
0.9267
0.92268
0.92552
0.92424
0.92724
0.92754
0.92672
0.92492
0.92478
0.92484
0.92524
0.92444
0.92506
0.92502
0.92728
0.9268
0.92564
0.92336
0.9264
0.92772
0.92682
0.92442
0.9231
0.92644
0.93078
0.9251
0.92604
0.926
0.92934
0.92786
0.92742
0.9253
0.92206
0.92372
0.92444
0.92452
0.92526
0.92314
0.92558
0.92708
0.92272
0.92458
0.92552
0.92538
0.92444
0.92562
0.92618
0.92718
0.92716
0.92566
0.928
0.92564
0.92514
0.92478
0.92668
0.92502
0.925
0.92584
0.92542
0.92386
0.9245
0.92418
0.92356
0.92552
0.92502
0.9259
0.92248
0.92576
0.92604
0.92692
0.92568
0.92764
0.9244
0.9247
0.92418
0.92526
0.92478
0.92596
0.92648
0.92706
0.92488
0.92386
0.92408
0.92742
0.92514
0.92658
0.92756
0.92494
0.9271
0.92492
0.92668
0.92582
0.92526
0.92812
0.9271
0.9265
0.92788
0.92682
0.92402
0.92776
0.92564
0.9273
0.9266
0.92544
0.92528
0.9255
0.9275
0.92828
0.9289
0.92816
0.92538
0.92708
0.92736
0.92422
0.92478
0.9278
0.92542
0.92152
0.92632
0.92746
0.92404
0.92336
0.924
0.92786
0.92742
0.92446
0.9223
0.92554
0.92486
0.92494
0.92518
0.92646
0.92646
0.92454
0.92664
0.92662
0.92606
0.92498
0.92608
0.92772
0.92414
0.9255
0.9275
0.92528
0.92474
0.92626
0.92452
0.92732
0.92536
0.92698
0.92676
0.9235
0.9274
0.92546
0.92476
0.92464
0.92362
0.92662
0.92566
0.92554
0.9237
0.92742
0.92496
0.92688
0.924
0.9263
0.92878
0.92624
0.92526
0.92862
0.92816
0.92474
0.92732
0.92984
0.92262
0.92624
0.92478
0.92702
0.9216
0.92364
0.92736
0.92712
0.92466
0.92328
0.92882
0.92398
0.92934
0.9267
0.92748
0.92592
0.92676
0.92662
0.9246
0.92444
0.92384
0.92478
0.92594
0.92916
0.92776
0.92542
0.92532
0.92392
0.92408
0.92416
0.92634
0.92714
0.92792
0.92246
0.9268
0.92592
0.92778
0.92552
0.9238
0.92448
0.9269
0.92528
0.92884
0.92388
0.9261
0.92754
0.92564
0.92602
0.9255
0.92424
0.9268
0.92632
0.92726
0.92636
0.92384
0.92788
0.92772
0.9264
0.92288
0.92526
0.92502
0.92474
0.92526
0.92522
0.92336
0.92648
0.92416
0.92684
0.92664
0.92774
0.92696
0.92382
0.92618
0.92274
0.9254
0.92756
0.92612
0.92418
0.92552
0.929
0.92564
0.9237
0.92614
0.9275
0.927
0.92724
0.92594
0.92786
0.92484
0.9264
0.92528
0.92628
0.92604
0.92864
0.92674
0.92726
0.92812
0.92398
0.9221
0.92848
0.92482
0.92754
0.92716
0.92414
0.92636
0.92378
0.92794
0.92556
0.92702
0.92458
0.92286
0.92358
0.92824
0.92064
0.92668
0.92446
0.9232
0.92442
0.92764
0.927
0.9258
0.92416
0.92602
0.92372
0.92764
0.92916
0.92612
0.92422
0.9241
0.9246
0.92596
0.92362
0.92466
0.9258
0.9272
0.92676
0.92748
0.92472
0.92652
0.92668
0.92378
0.9256
0.92606
0.92496
0.9276
0.92496
0.9255
0.92738
0.92716
0.92632
0.9307
0.92528
0.92656
0.9275
0.92534
0.9259
0.92572
0.9246
0.92616
0.9263
0.92576
0.92594
0.92556
0.92648
0.92544
0.92456
0.9264
0.92734
0.9257
0.92434
0.92684
0.92474
0.9249
0.92526
0.92586
0.92466
0.92786
0.9229
0.92872
0.9238
0.92318
0.92706
0.9251
0.92498
0.92838
0.92586
0.92372
0.92418
0.92366
0.9264
0.92678
0.92814
0.92704
0.92516
0.92506
0.92258
0.92444
0.92716
0.92616
0.9268
0.92428
0.9251
0.921
0.92648
0.9267
0.92698
0.92404
0.92424
0.92786
0.9249
0.92692
0.92506
0.92792
0.92426
0.92544
0.9269
0.92526
0.92328
0.92606
0.92592
0.92592
0.92654
0.92566
0.92476
0.9262
0.92092
0.92606
0.9267
0.92422
0.92486
0.92568
0.92858
0.92722
0.92504
0.92382
0.92816
0.92396
0.92288
0.92496
0.92804
0.92644
0.92668
0.925
0.92772
0.92578
0.92344
0.9268
0.92578
0.92514
0.92342
0.92702
0.924
0.92664
0.92342
0.92396
0.92658
0.9266
0.92572
0.92474
0.92424
0.9272
0.92502
0.926
0.92712
0.9256
0.92542
0.92426
0.92702
0.92714
0.92628
0.92542
0.92654
0.92784
0.92732
0.92674
0.92864
0.92612
0.92656
0.92722
0.9267
0.9248
0.92606
0.92304
0.92422
0.92834
0.9252
0.92428
0.9272
0.9255
0.92458
0.92502
0.92792
0.92782
0.92546
0.9243
0.92454
0.92554
0.92528
0.92518
0.92466
0.92684
0.92512
0.92656
0.9252
0.92732
0.92622
0.9262
0.9287
0.92546
0.92584
0.92886
0.92692
0.92434
0.92414
0.9289
0.9261
0.92586
0.92616
0.92586
0.9253
0.92814
0.9259
0.928
0.9252
0.92616
0.92594
0.92598
0.9253
0.92446
0.92568
0.92586
0.92544
0.92392
0.92652
0.92664
0.92796
0.92592
0.92502
0.92516
0.9285
0.92488
0.92528
0.92546
0.92416
0.92494
0.92518
0.926
0.92414
0.9262
0.92346
0.92512
0.92518
0.92548
0.92738
0.9265
0.92614
0.92766
0.92422
0.92638
0.92384
0.92402
0.92652
0.92724
0.92442
0.92426
0.92496
0.92594
0.92732
0.92362
0.92558
0.92688
0.9247
0.9291
0.9239
0.92472
0.92578
0.92456
0.9268
0.92148
0.92882
0.9224
0.928
0.92838
0.9282
0.9266
0.926
0.92336
0.924
0.92672
0.92622
0.92456
0.9271
0.9272
0.92668
0.92638
0.92506
0.92688
0.9259
0.9249
0.92368
0.92358
0.92632
0.92628
0.92674
0.92464
0.92528
0.92622
0.9236
0.92432
0.92558
0.92436
0.92632
0.92564
0.92638
0.92478
0.92392
0.92444
0.92308
0.92692
0.92702
0.92824
0.92332
0.9257
0.92596
0.92612
0.92242
0.92466
0.92464
0.9254
0.92746
0.92512
0.92568
0.92592
0.9257
0.92194
0.9263
0.92226
0.92264
0.92482
0.92294
0.92584
0.92306
0.92356
0.92774
0.925
0.92402
0.92452
0.92734
0.92574
0.92684
0.92714
0.92542
0.92408
0.9255
0.92424
0.92458
0.92666
0.9301
0.92464
0.92766
0.92516
0.9246
0.92694
0.92322
0.9244
0.92574
0.92624
0.92508
0.92484
0.92574
0.9284
0.92582
0.92606
0.92504
0.92588
0.92484
0.92478
0.92468
0.92464
0.92904
0.92402
0.92426
0.92474
0.92644
0.92494
0.92634
0.9265
0.9271
0.9268
0.92854
0.92578
0.92552
0.92666
0.92864
0.92924
0.92516
0.92316
0.92582
0.92334
0.92494
0.92546
0.92808
0.92538
0.92774
0.92444
0.92606
0.92838
0.92676
0.92492
0.92784
0.92684
0.92472
0.92524
0.92632
0.92548
0.92412
0.92734
0.92564
0.92622
0.92684
0.92682
0.92338
0.92592
0.927
0.92414
0.92536
0.9228
0.92672
0.92554
0.92438
0.92556
0.92868
0.92534
0.92726
0.92674
0.92416
0.92388
0.92614
0.92932
0.9233
0.92684
0.92892
0.92478
0.92572
0.92412
0.9263
0.92642
0.92482
0.9266
0.92736
0.92552
0.92578
0.92694
0.92424
0.92516
0.92266
0.92426
0.92574
0.92498
0.92386
0.92806
0.92828
0.92742
0.92552
0.92872
0.92246
0.924
0.92872
0.92524
0.92604
0.926
0.92402
0.92894
0.92498
0.92524
0.9236
0.92786
0.92544
0.9249
0.92414
0.92676
0.92648
0.9248
0.9248
0.92582
0.92488
0.92708
0.92464
0.92726
0.92488
0.92544
0.92176
0.92282
0.92592
0.92808
0.92712
0.92916
0.9276
0.92708
0.92862
0.92542
0.92542
0.92786
0.9276
0.92636
0.92668
0.92586
0.92378
0.92774
0.92506
0.9248
0.92616
0.92676
0.92536
0.92648
0.92668
0.9258
0.92656
0.92396
0.92386
0.9241
0.92528
0.92712
0.92744
0.926
0.92784
0.92562
0.92678
0.92608
0.92502
0.92338
0.92722
0.92966
0.92664
0.92696
0.92552
0.9261
0.92558
0.92522
0.92646
0.92414
0.92954
0.9264
0.92636
0.92488
0.92616
0.92458
0.92668
0.92594
0.92826
0.92516
0.92362
0.92872
0.92744
0.92808
0.92576
0.92788
0.92456
0.9272
0.92376
0.92598
0.92446
0.92142
0.92564
0.9267
0.9235
0.92864
0.9256
0.9254
0.92666
0.92762
0.92618
0.92484
0.92666
0.92708
0.92486
0.92568
0.92058
0.92604
0.92646
0.92624
0.92728
0.92458
0.92402
0.92518
0.92306
0.9283
0.92456
0.92766
0.9245
0.92456
0.92662
0.92276
0.92636
0.92314
0.92456
0.92604
0.92528
0.92716
0.92538
0.92398
0.92666
0.9259
0.92614
0.92614
0.92562
0.9263
0.92652
0.9262
0.92432
0.92694
0.92568
0.92542
0.925
0.92468
0.92722
0.92618
0.92802
0.92706
0.92502
0.92458
0.92422
0.92454
0.92554
0.92538
0.9267
0.92682
0.92602
0.92854
0.92512
0.92608
0.92692
0.92716
0.9257
0.92676
0.92642
0.92668
0.92204
0.92768
0.9254
0.9246
0.92872
0.92364
0.92716
0.92844
0.9297
0.9251
0.92566
0.92708
0.92542
0.9254
0.92344
0.92592
0.92272
0.92608
0.92466
0.92562
0.9269
0.92604
0.92506
0.92814
0.92522
0.92248
0.92504
0.9274
0.9243
0.92548
0.92756
0.9249
0.92772
0.92558
0.9271
0.92746
0.92462
0.926
0.92764
0.92766
0.9261
0.92356
0.92406
0.92658
0.92796
0.92586
0.92786
0.927
0.92692
0.92824
0.929
0.92592
0.92352
0.92752
0.92406
0.92882
0.92606
0.924
0.92516
0.92368
0.92682
0.92482
0.92628
0.9242
0.92308
0.9272
0.9251
0.92494
0.92668
0.92366
0.92652
0.92392
0.92474
0.92308
0.9254
0.92416
0.92674
0.92564
0.92462
0.9257
0.92404
0.92544
0.9264
0.92594
0.92624
0.92386
0.92762
0.92428
0.92716
0.92388
0.92632
0.92648
0.92524
0.92226
0.92782
0.92564
0.92636
0.92366
0.92466
0.92524
0.92294
0.92596
0.92824
0.92496
0.92448
0.9228
0.92602
0.92616
0.92462
0.9278
0.92678
0.92624
0.92476
0.92938
0.92518
0.92692
0.92512
0.92622
0.92468
0.92758
0.92492
0.92848
0.92688
0.92592
0.9263
0.92376
0.92516
0.92338
0.92576
0.92726
0.9276
0.92634
0.9253
0.925
0.92504
0.92482
0.92484
0.92514
0.92528
0.92648
0.92632
0.92478
0.92692
0.92256
0.92618
0.92446
0.92436
0.92294
0.92542
0.92622
0.9266
0.92832
0.92446
0.92494
0.9253
0.92456
0.9256
0.92768
0.92554
0.92434
0.9256
0.92506
0.92216
0.92716
0.92398
0.92452
0.92654
0.92602
0.92426
0.92546
0.9291
0.928
0.9267
0.92408
0.92506
0.92572
0.9254
0.92622
0.92516
0.9221
0.92612
0.9244
0.92294
0.92412
0.92568
0.92608
0.92602
0.92354
0.92604
0.9253
0.92542
0.9245
0.92546
0.92668
0.92764
0.92596
0.92688
0.9303
0.92746
0.9235
0.92626
0.92794
0.92624
0.9239
0.9265
0.9255
0.92398
0.92872
0.92674
0.9288
0.9265
0.9262
0.92632
0.92566
0.92894
0.92832
0.9254
0.92714
0.92536
0.92412
0.92808
0.92282
0.927
0.92874
0.9222
0.92436
0.92308
0.92468
0.92628
0.92532
0.92608
0.92456
0.92622
0.92428
0.92956
0.92518
0.92634
0.92494
0.92328
0.92508
0.92486
0.92374
0.925
0.92726
0.9232
0.92496
0.92416
0.9251
0.92654
0.92724
0.92624
0.92632
0.92888
0.9284
0.9239
0.92508
0.92786
0.93012
0.92674
0.92638
0.92518
0.92544
0.92568
0.92274
0.92294
0.92732
0.92818
0.9256
0.92748
0.92606
0.92496
0.92346
0.9261
0.92538
0.92232
0.92626
0.92554
0.92526
0.9249
0.92534
0.92432
0.92568
0.92422
0.9259
0.92388
0.92674
0.92442
0.92738
0.92628
0.92606
0.9232
0.92738
0.9244
0.92308
0.92866
0.92626
0.92612
0.9249
0.92598
0.92524
0.9259
0.92904
0.9241
0.92462
0.9262
0.92322
0.92706
0.92526
0.92366
0.92708
0.92552
0.92794
0.92414
0.92508
0.92762
0.92568
0.92618
0.92616
0.92594
0.92582
0.92626
0.92804
0.92684
0.92566
0.92652
0.92702
0.92376
0.92706
0.92514
0.92632
0.92562
0.92812
0.92506
0.92536
0.92228
0.92608
0.9274
0.92316
0.92678
0.9238
0.92264
0.92666
0.92302
0.92544
0.92304
0.9255
0.92356
0.92424
0.92552
0.92464
0.92634
0.92542
0.92472
0.92472
0.92444
0.92792
0.9271
0.92464
0.9259
0.9259
0.92708
0.92906
0.92558
0.92628
0.92618
0.9244
0.92766
0.92718
0.92346
0.92598
0.92362
0.92488
0.92434
0.92452
0.9248
0.92484
0.9255
0.9254
0.92602
0.9278
0.926
0.92516
0.92072
0.92332
0.9248
0.92974
0.92734
0.92508
0.92624
0.92564
0.92586
0.9268
0.92428
0.92582
0.92538
0.9213
0.92618
0.92334
0.92372
0.92648
0.92624
0.92616
0.92264
0.92574
0.9269
0.92408
0.92776
0.92424
0.9284
0.92628
0.92424
0.92458
0.92506
0.92798
0.9254
0.92426
0.92192
0.92634
0.92446
0.92876
0.92726
0.92536
0.92368
0.92312
0.92442
0.92134
0.92616
0.92622
0.92686
0.9256
0.92448
0.92588
0.92452
0.9248
0.92564
0.92674
0.92744
0.9269
0.92628
0.92756
0.92336
0.92674
0.92584
0.92488
0.92562
0.92512
0.9274
0.92542
0.92526
0.92616
0.92842
0.92676
0.926
0.92684
0.92642
0.92798
0.92688
0.92542
0.9246
0.92772
0.92714
0.9269
0.9278
0.9262
0.92322
0.92408
0.92652
0.9254
0.9265
0.92678
0.92314
0.9274
0.92444
0.92594
0.92594
0.92748
0.92464
0.92396
0.92414
0.92508
0.92812
0.9258
0.92676
0.9243
0.92812
0.9262
0.92436
0.92456
0.92608
0.9274
0.92786
0.9232
0.9298
0.92668
0.92712
0.92698
0.9266
0.92662
0.92502
0.92454
0.92422
0.92498
0.92466
0.92896
0.92714
0.92888
0.92738
0.92486
0.92334
0.92532
0.9247
0.92782
0.9284
0.92618
0.92564
0.9254
0.92694
0.92512
0.9259
0.92832
0.9259
0.92734
0.92646
0.9268
0.92394
0.92702
0.92822
0.92358
0.92666
0.93006
0.92856
0.92602
0.92444
0.92466
0.9261
0.9244
0.92418
0.92534
0.92396
0.92658
0.92746
0.92384
0.92598
0.92642
0.9249
0.92454
0.92576
0.92518
0.92566
0.92364
0.92906
0.92716
0.92848
0.92666
0.9256
0.92444
0.92778
0.92268
0.92786
0.92568
0.92466
0.92148
0.92458
0.92516
0.92408
0.92482
0.92548
0.92754
0.92334
0.92714
0.9257
0.92362
0.92754
0.927
0.92434
0.92428
0.92616
0.92416
0.92338
0.92668
0.92672
0.92282
0.9248
0.9229
0.92518
0.92694
0.92506
0.92662
0.92432
0.92484
0.92554
0.92538
0.92598
0.9252
0.9273
0.9234
0.92606
0.92286
0.92694
0.92434
0.92502
0.92556
0.92572
0.92368
0.92748
0.92678
0.92458
0.92356
0.92328
0.92368
0.9246
0.92706
0.925
0.9272
0.9232
0.92484
0.92716
0.92354
0.92684
0.92388
0.9233
0.92414
0.92646
0.92472
0.92404
0.9243
0.92768
0.92476
0.92378
0.92458
0.92452
0.92272
0.92426
0.92498
0.92288
0.92388
0.92504
0.92534
0.92422
0.92554
0.9275
0.92724
0.9272
0.92542
0.92728
0.92774
0.92526
0.92684
0.92486
0.92502
0.92086
0.92228
0.92598
0.92386
0.92768
0.92212
0.92756
0.92632
0.923
0.92432
0.92912
0.92426
0.92408
0.9246
0.92628
0.92632
0.9258
0.92478
0.92516
0.9263
0.92414
0.92386
0.92426
0.9244
0.92358
0.92642
0.92472
0.92698
0.92576
0.92602
0.92772
0.92592
0.92712
0.92652
0.92536
0.92476
0.92496
0.9285
0.92784
0.9274
0.92788
0.92508
0.92224
0.92744
0.92424
0.92662
0.92504
0.92344
0.92296
0.92486
0.92346
0.92562
0.92398
0.92712
0.92672
0.92682
0.92506
0.92376
0.92378
0.92818
0.92644
0.92522
0.92534
0.9249
0.9254
0.92568
0.9264
0.92566
0.92794
0.92748
0.9286
0.92566
0.9251
0.92822
0.92428
0.92666
0.92814
0.92784
0.92598
0.92598
0.92536
0.9261
0.92496
0.9247
0.92526
0.92692
0.92958
0.9249
0.92412
0.92598
0.92792
0.92728
0.9249
0.92698
0.92336
0.92602
0.92642
0.92142
0.927
0.92636
0.9268
0.92656
0.92866
0.92514
0.92492
0.9249
0.92598
0.92484
0.92616
0.92482
0.92862
0.92674
0.92492
0.92592
0.92828
0.92662
0.9266
0.92764
0.92686
0.9272
0.9256
0.92682
0.92352
0.92684
0.92604
0.92418
0.92762
0.92738
0.92644
0.9273
0.92394
0.9278
0.92318
0.92394
0.92776
0.9251
0.92452
0.92618
0.92826
0.92496
0.92512
0.92392
0.92558
0.92406
0.92262
0.9261
0.92638
0.92536
0.9272
0.92482
0.92582
0.9269
0.92536
0.9283
0.9267
0.92682
0.92396
0.92562
0.92464
0.92488
0.92452
0.92296
0.92558
0.92596
0.92622
0.92714
0.925
0.92506
0.92464
0.9237
0.92524
0.92644
0.92552
0.9241
0.927
0.9279
0.92582
0.9251
0.92552
0.92748
0.92626
0.92434
0.9285
0.92536
0.92558
0.92292
0.92398
0.92598
0.9262
0.92548
0.92378
0.92524
0.9248
0.92524
0.92434
0.9248
0.92404
0.9265
0.92732
0.92746
0.92766
0.9265
0.92474
0.92788
0.92604
0.92474
0.9262
0.9288
0.92662
0.92868
0.92484
0.9239
0.92504
0.92694
0.92522
0.92804
0.92526
0.92562
0.92854
0.9233
0.92718
0.92634
0.92464
0.92126
0.92638
0.92656
0.9228
0.92638
0.92674
0.92336
0.926
0.92378
0.92764
0.92662
0.9245
0.9259
0.9256
0.92608
0.92838
0.92172
0.92788
0.92482
0.92488
0.92902
0.92352
0.92606
0.9249
0.92538
0.92466
0.9277
0.92586
0.92404
0.92702
0.9256
0.92766
0.92744
0.92474
0.9247
0.92432
0.92606
0.92886
0.92776
0.9247
0.92658
0.92552
0.92494
0.92498
0.92578
0.92362
0.92644
0.92514
0.92656
0.92496
0.92472
0.92578
0.92576
0.9278
0.92402
0.92556
0.92814
0.9295
0.92598
0.92436
0.925
0.92758
0.92586
0.92452
0.9256
0.92504
0.92382
0.92648
0.9245
0.92608
0.92618
0.92746
0.92496
0.92586
0.92528
0.9252
0.92608
0.92538
0.9267
0.92832
0.92674
0.92564
0.92686
0.92528
0.92748
0.92486
0.9234
0.92436
0.92468
0.9256
0.92362
0.92662
0.92702
0.926
0.92256
0.92872
0.92424
0.92334
0.92658
0.92434
0.92576
0.9258
0.9278
0.9259
0.92638
0.92512
0.92536
0.9233
0.92674
0.92672
0.92504
0.927
0.92342
0.9233
0.92738
0.9246
0.92616
0.92512
0.92602
0.9258
0.924
0.92918
0.92446
0.92634
0.9251
0.9253
0.92482
0.92896
0.92464
0.92266
0.92434
0.92586
0.92406
0.92666
0.92614
0.92448
0.92294
0.92684
0.9269
0.92802
0.92368
0.92556
0.92428
0.9265
0.92292
0.92728
0.92434
0.92674
0.92652
0.92268
0.92606
0.92672
0.92568
0.92616
0.92134
0.92716
0.92566
0.92684
0.92464
0.92278
0.92602
0.9247
0.92572
0.92364
0.92494
0.92286
0.92554
0.92314
0.92472
0.92464
0.92766
0.92392
0.9234
0.92946
0.92624
0.9278
0.92788
0.92492
0.9256
0.92536
0.92534
0.92672
0.9238
0.92598
0.92484
0.9262
0.92552
0.92634
0.92388
0.9253
0.9291
0.92606
0.9246
0.92718
0.92768
0.92318
0.92752
0.9256
0.92544
0.9253
0.92548
0.92708
0.9268
0.92666
0.9245
0.92466
0.92602
0.92606
0.92632
0.92286
0.92464
0.92562
0.92682
0.92422
0.92644
0.92768
0.9251
0.92474
0.92694
0.92392
0.92288
0.92884
0.92598
0.9258
0.9242
0.9226
0.92416
0.92672
0.92622
0.9257
0.92742
0.92534
0.92444
0.92608
0.9261
0.92594
0.92388
0.9259
0.92344
0.9262
0.92198
0.92502
0.9241
0.92678
0.9232
0.9235
0.92418
0.92448
0.9249
0.92402
0.92902
0.92894
0.92676
0.92522
0.92698
0.92424
0.92552
0.9235
0.9268
0.92514
0.92604
0.92594
0.92686
0.92636
0.9222
0.9268
0.92586
0.9257
0.92588
0.92386
0.92632
0.92736
0.92486
0.92874
0.92666
0.92624
0.92638
0.92354
0.92644
0.925
0.9231
0.9242
0.92346
0.92438
0.92496
0.92618
0.92514
0.92588
0.92702
0.92598
0.92596
0.92924
0.92444
0.92282
0.92454
0.92384
0.92562
0.9275
0.92314
0.92616
0.927
0.9259
0.92698
0.928
0.92654
0.92756
0.92482
0.92552
0.9261
0.92816
0.92728
0.92418
0.92742
0.92366
0.92684
0.92494
0.92662
0.92496
0.9275
0.92468
0.92744
0.9259
0.92704
0.92586
0.92576
0.92652
0.92386
0.92404
0.92842
0.9214
0.9249
0.92638
0.92634
0.92682
0.92682
0.92682
0.92364
0.9271
0.92594
0.92438
0.92498
0.92526
0.9248
0.92732
0.9259
0.925
0.92422
0.92386
0.9251
0.9274
0.92732
0.92482
0.92624
0.92936
0.92694
0.92652
0.92342
0.92742
0.9272
0.92498
0.92574
0.9252
0.92858
0.92366
0.92356
0.92696
0.92614
0.92612
0.92494
0.92636
0.92312
0.9266
0.92488
0.9208
0.92776
0.92622
0.92672
0.92566
0.92594
0.92558
0.92668
0.92626
0.92724
0.92418
0.92602
0.92452
0.92524
0.9257
0.92588
0.92502
0.92686
0.92774
0.9243
0.92806
0.92784
0.92696
0.92564
0.92586
0.92488
0.92652
0.92572
0.92554
0.9247
0.9267
0.92626
0.92298
0.92764
0.9265
0.92442
0.92472
0.92572
0.92536
0.93006
0.92476
0.92676
0.9263
0.92404
0.92384
0.92594
0.9229
0.9264
0.92888
0.9283
0.92554
0.92424
0.92686
0.9244
0.92498
0.92736
0.9262
0.92184
0.92424
0.92594
0.92572
0.9247
0.9291
0.92598
0.92606
0.92204
0.9269
0.92186
0.929
0.92542
0.92454
0.92394
0.92358
0.92222
0.92562
0.92698
0.9259
0.92346
0.9299
0.92496
0.92606
0.92848
0.92692
0.92826
0.92438
0.92718
0.92438
0.92718
0.92714
0.92876
0.92734
0.9224
0.92726
0.92458
0.92214
0.92776
0.9249
0.9248
0.9262
0.9237
0.9249
0.9238
0.92502
0.92394
0.9263
0.92568
0.92428
0.92806
0.92488
0.9237
0.9254
0.92658
0.92452
0.92634
0.92442
0.92758
0.92262
0.9224
0.92824
0.9261
0.92702
0.92542
0.92768
0.92788
0.92344
0.92588
0.9257
0.928
0.92576
0.9255
0.9247
0.92504
0.92494
0.92536
0.9241
0.92516
0.92784
0.92332
0.9253
0.92654
0.92508
0.92356
0.92626
0.92436
0.92356
0.92544
0.92626
0.92716
0.92638
0.92612
0.92386
0.9269
0.92448
0.92624
0.92366
0.92696
0.92458
0.9254
0.92368
0.92552
0.92504
0.92774
0.92562
0.92658
0.92922
0.92796
0.9281
0.92584
0.92498
0.92438
0.9236
0.9278
0.92608
0.92686
0.92482
0.92534
0.92626
0.92688
0.92836
0.92464
0.92652
0.92706
0.92478
0.92482
0.92438
0.92644
0.926
0.92718
0.92372
0.92568
0.92768
0.9226
0.92456
0.92508
0.92574
0.92336
0.9244
0.92374
0.9269
0.92748
0.92616
0.92826
0.92634
0.92306
0.92816
0.92512
0.92506
0.92508
0.92722
0.92402
0.92586
0.92844
0.92552
0.92702
0.9255
0.92656
0.9267
0.92456
0.9266
0.92366
0.92468
0.92372
0.92492
0.92614
0.92626
0.9265
0.9228
0.92494
0.92472
0.92396
0.92478
0.92432
0.92456
0.9248
0.92706
0.9254
0.9255
0.92362
0.92398
0.9261
0.92596
0.92428
0.9287
0.92512
0.92356
0.9237
0.92594
0.92818
0.92778
0.92532
0.92684
0.92654
0.92696
0.92534
0.92784
0.92442
0.9244
0.92626
0.92226
0.92358
0.92574
0.92536
0.92486
0.92602
0.92512
0.92428
0.92282
0.92752
0.92402
0.92774
0.92738
0.9251
0.9252
0.9239
0.92714
0.92674
0.92312
0.92644
0.92686
0.92428
0.92492
0.9265
0.92682
0.92518
0.92462
0.92614
0.92288
0.92956
0.92518
0.92796
0.92542
0.92426
0.9255
0.9271
0.92588
0.93002
0.92694
0.92852
0.9258
0.92388
0.92542
0.92376
0.92572
0.92374
0.9257
0.92344
0.92416
0.92228
0.92614
0.9237
0.92458
0.92626
0.92452
0.92546
0.92646
0.92524
0.92816
0.92712
0.92332
0.92482
0.92882
0.92466
0.92558
0.92614
0.92802
0.92524
0.92646
0.92378
0.9249
0.92636
0.92632
0.92744
0.92404
0.92662
0.92776
0.9279
0.92498
0.92448
0.92358
0.92372
0.92534
0.92574
0.92526
0.9261
0.92392
0.92368
0.9232
0.925
0.92478
0.92596
0.9246
0.92666
0.92706
0.92388
0.9243
0.92552
0.92694
0.92662
0.92736
0.92478
0.92634
0.9244
0.92854
0.92726
0.9231
0.9245
0.9268
0.92822
0.92548
0.9261
0.92714
0.92444
0.92522
0.92342
0.92396
0.9258
0.92554
0.9263
0.9233
0.9248
0.92384
0.92742
0.92742
0.92692
0.92942
0.92552
0.92454
0.92512
0.9238
0.92616
0.92592
0.92558
0.92512
0.92802
0.92662
0.92538
0.92438
0.9254
0.92764
0.92342
0.92384
0.92754
0.92726
0.92322
0.92876
0.92372
0.92424
0.92486
0.92574
0.92646
0.9254
0.92702
0.92736
0.92652
0.92506
0.92502
0.92536
0.92462
0.92662
0.92514
0.9213
0.92436
0.92504
0.9245
0.92674
0.92652
0.92712
0.92218
0.92406
0.92598
0.9281
0.9252
0.92654
0.92684
0.92736
0.92744
0.92572
0.92688
0.92676
0.9247
0.92652
0.9283
0.9271
0.92446
0.92514
0.92698
0.92604
0.9274
0.92218
0.92528
0.9242
0.92354
0.92396
0.92868
0.92686
0.92498
0.92462
0.92344
0.92632
0.9261
0.9258
0.9239
0.92568
0.9262
0.92382
0.92744
0.92276
0.92696
0.92636
0.92694
0.92364
0.92694
0.92588
0.92666
0.92714
0.92438
0.92492
0.9225
0.92484
0.92722
0.92602
0.92602
0.92466
0.92518
0.92608
0.92804
0.92842
0.92764
0.92382
0.92668
0.9279
0.92504
0.92558
0.92408
0.92694
0.92632
0.92358
0.92702
0.92434
0.9245
0.92608
0.92776
0.92642
0.92552
0.92642
0.92342
0.92814
0.92572
0.92728
0.9247
0.92334
0.92606
0.92682
0.92458
0.92196
0.92716
0.92386
0.92578
0.92604
0.9291
0.92894
0.92806
0.92472
0.92726
0.92568
0.92882
0.92514
0.92786
0.92422
0.92682
0.92546
0.92702
0.9234
0.92738
0.9246
0.9215
0.9262
0.9264
0.92422
0.92558
0.92798
0.92658
0.92702
0.92666
0.92374
0.92766
0.92472
0.92612
0.92462
0.92344
0.92336
0.92526
0.92658
0.92274
0.92496
0.92556
0.92722
0.9244
0.92688
0.92338
0.924
0.92366
0.92578
0.9258
0.92604
0.92558
0.92618
0.92318
0.92544
0.92642
0.92734
0.92504
0.92758
0.92442
0.92654
0.9235
0.9247
0.92324
0.92608
0.92718
0.92254
0.92586
0.92632
0.9259
0.9267
0.92692
0.92542
0.92888
0.92462
0.92436
0.9252
0.9261
0.92366
0.9286
0.92552
0.9295
0.9244
0.92638
0.92436
0.92534
0.9295
0.92386
0.92822
0.92592
0.92738
0.92768
0.9265
0.92332
0.92446
0.92362
0.92838
0.92632
0.9268
0.9251
0.92504
0.92874
0.92682
0.92798
0.92588
0.92312
0.92618
0.9257
0.92674
0.9243
0.9294
0.92724
0.92408
0.92734
0.92564
0.92532
0.92448
0.92736
0.9252
0.92574
0.92558
0.92438
0.9261
0.92396
0.92392
0.92702
0.92692
0.92858
0.92672
0.92604
0.92464
0.92888
0.92522
0.92452
0.9272
0.92496
0.92674
0.92722
0.92494
0.92364
0.92508
0.92642
0.92194
0.9272
0.92352
0.92482
0.92174
0.92622
0.92636
0.92288
0.9246
0.9263
0.92402
0.92412
0.92646
0.92414
0.92608
0.92538
0.92724
0.9245
0.92448
0.92808
0.92826
0.92474
0.92502
0.9249
0.92586
0.9252
0.9258
0.92632
0.9248
0.9235
0.92468
0.92696
0.92376
0.92566
0.9261
0.9275
0.9246
0.92332
0.92544
0.9276
0.92694
0.927
0.92858
0.92742
0.9275
0.92562
0.9259
0.9246
0.92786
0.92574
0.9268
0.9259
0.92716
0.92634
0.9261
0.92732
0.92458
0.9278
0.92454
0.92478
0.92494
0.92384
0.92482
0.92572
0.92576
0.925
0.92588
0.92642
0.92466
0.92396
0.9261
0.92612
0.92712
0.92438
0.92634
0.92674
0.9242
0.92362
0.92396
0.92662
0.92418
0.92684
0.92512
0.92584
0.93034
0.92728
0.9259
0.92534
0.92766
0.92498
0.92558
0.92272
0.92714
0.92616
0.9251
0.92342
0.92598
0.92314
0.92396
0.92472
0.92278
0.9252
0.92652
0.92328
0.92252
0.92608
0.92622
0.92422
0.92612
0.92578
0.9231
0.92602
0.92834
0.9258
0.92528
0.92372
0.92414
0.92512
0.92254
0.92476
0.92402
0.92634
0.92618
0.92406
0.92594
0.92666
0.92664
0.92622
0.9254
0.92696
0.92754
0.92608
0.924
0.92602
0.9266
0.92498
0.92498
0.92612
0.926
0.92518
0.9247
0.92806
0.92452
0.92652
0.92806
0.92704
0.926
0.92594
0.92166
0.92366
0.92428
0.92564
0.92558
0.92552
0.92718
0.92572
0.92716
0.92156
0.92476
0.9287
0.92842
0.92362
0.92572
0.92868
0.92586
0.92426
0.92634
0.9303
0.92742
0.92758
0.92364
0.9282
0.92492
0.92606
0.92514
0.9271
0.92624
0.92504
0.92544
0.92708
0.92638
0.92462
0.92534
0.92428
0.92608
0.92694
0.925
0.92374
0.92736
0.92848
0.92546
0.9251
0.9245
0.92568
0.92754
0.92444
0.9261
0.92828
0.9274
0.92798
0.92616
0.9273
0.92318
0.92484
0.92416
0.9261
0.92562
0.92638
0.92416
0.92482
0.92774
0.92728
0.9278
0.9255
0.92694
0.9247
0.92704
0.92702
0.92378
0.92484
0.92628
0.92476
0.9231
0.92712
0.9245
0.92366
0.9238
0.9249
0.92646
0.92542
0.9271
0.92558
0.92684
0.92618
0.92496
0.92894
0.9251
0.92952
0.92814
0.92354
0.92396
0.92508
0.92688
0.9252
0.9239
0.9267
0.92734
0.92372
0.92688
0.92318
0.92522
0.92682
0.92438
0.92534
0.92806
0.92394
0.92672
0.92552
0.92292
0.92384
0.9232
0.92396
0.92634
0.92536
0.92418
0.92434
0.92224
0.92722
0.9254
0.9253
0.92652
0.92504
0.92736
0.92804
0.92792
0.92416
0.92674
0.92684
0.92644
0.92868
0.9272
0.9278
0.92514
0.92506
0.92572
0.92768
0.92714
0.92694
0.92586
0.9245
0.92684
0.92334
0.9277
0.9247
0.92644
0.92374
0.9244
0.9246
0.92636
0.9229
0.92898
0.92748
0.92744
0.92732
0.92548
0.92862
0.92868
0.92804
0.92598
0.92668
0.92594
0.92948
0.9255
0.92672
0.92732
0.92728
0.92814
0.92652
0.92618
0.92412
0.92612
0.92482
0.92804
0.92686
0.92586
0.92724
0.92512
0.92644
0.92622
0.92314
0.92522
0.92638
0.92462
0.92428
0.92926
0.9259
0.92584
0.92572
0.92732
0.9264
0.92496
0.92672
