-0.88364
-0.87788
-0.87462
-0.87498
-0.87914
-0.87948
-0.87618
-0.87416
-0.86586
-0.87086
-0.8722
-0.87208
-0.8747
-0.8791
-0.87676
-0.87374
-0.87674
-0.87264
-0.87598
-0.87292
-0.87244
-0.8763
-0.88066
-0.87814
-0.87554
-0.8774
-0.87908
-0.87246
-0.87818
-0.87418
-0.87198
-0.8745
-0.87494
-0.87608
-0.86986
-0.87106
-0.86598
-0.87272
-0.86968
-0.87016
-0.87326
-0.8733
-0.87784
-0.86936
-0.87194
-0.87792
-0.87106
-0.87526
-0.8734
-0.87484
-0.87468
-0.87014
-0.8692
-0.87256
-0.8762
-0.87618
-0.87282
-0.87326
-0.88112
-0.88086
-0.87404
-0.87782
-0.87872
-0.8807
-0.87266
-0.88192
-0.8729
-0.87778
-0.87142
-0.87416
-0.86806
-0.87312
-0.87314
-0.8728
-0.86494
-0.87468
-0.86584
-0.86294
-0.86904
-0.8688
-0.8663
-0.87362
-0.87314
-0.87192
-0.87548
-0.8785
-0.87334
-0.87764
-0.87744
-0.8753
-0.87688
-0.87454
-0.87128
-0.8733
-0.86998
-0.87878
-0.87628
-0.87792
-0.8696
-0.87434
-0.87144
-0.87006
-0.87176
-0.87058
-0.86828
-0.87034
-0.873
-0.87082
-0.86726
-0.87434
-0.87276
-0.87784
-0.87538
-0.87016
-0.8751
-0.87192
-0.87318
-0.87198
-0.8759
-0.87518
-0.86844
-0.87036
-0.87108
-0.86942
-0.87004
-0.86886
-0.87306
-0.8754
-0.87132
-0.87984
-0.87642
-0.87046
-0.8765
-0.87622
-0.87466
-0.87828
-0.86948
-0.87318
-0.87308
-0.86752
-0.86684
-0.87448
-0.87048
-0.87646
-0.8722
-0.86456
-0.8696
-0.8676
-0.86952
-0.871
-0.87214
-0.87138
-0.87202
-0.8775
-0.8783
-0.88126
-0.87778
-0.87712
-0.87872
-0.87838
-0.87746
-0.8679
-0.8719
-0.87166
-0.86964
-0.8589
-0.86834
-0.866
-0.87948
-0.87376
-0.8744
-0.87244
-0.87208
-0.87178
-0.88266
-0.87662
-0.8758
-0.86752
-0.87374
-0.87422
-0.87674
-0.87268
-0.86746
-0.86786
-0.86876
-0.86584
-0.87272
-0.87574
-0.87502
-0.87414
-0.8791
-0.8757
-0.87552
-0.878
-0.88628
-0.88556
-0.87664
-0.87548
-0.8795
-0.87756
-0.8791
-0.87582
-0.87618
-0.87344
-0.87192
-0.87118
-0.8678
-0.86596
-0.86864
-0.86474
-0.87364
-0.8681
-0.87184
-0.86896
-0.86126
-0.86472
-0.86974
-0.87122
-0.87178
-0.8757
-0.87818
-0.87386
-0.8745
-0.8744
-0.88066
-0.87466
-0.8801
-0.88082
-0.87772
-0.87492
-0.8756
-0.87716
-0.87936
-0.87302
-0.87344
-0.87172
-0.8745
-0.87352
-0.87238
-0.8738
-0.87756
-0.88088
-0.87812
-0.8665
-0.86838
-0.87106
-0.87292
-0.87324
-0.87414
-0.87766
-0.8752
-0.87204
-0.8677
-0.86588
-0.86488
-0.8725
-0.87796
-0.87578
-0.8734
-0.87782
-0.87406
-0.87102
-0.87132
-0.86872
-0.86994
-0.87426
-0.87828
-0.87544
-0.87438
-0.86876
-0.86676
-0.8689
-0.87028
-0.86672
-0.8701
-0.8678
-0.87084
-0.87312
-0.8675
-0.86862
-0.86922
-0.86532
-0.87512
-0.87376
-0.86468
-0.86964
-0.8723
-0.87598
-0.86946
-0.86274
-0.86952
-0.86858
-0.87116
-0.87346
-0.8727
-0.87118
-0.87238
-0.87356
-0.86902
-0.87308
-0.8714
-0.86584
-0.8686
-0.87146
-0.87586
-0.87724
-0.87312
-0.86762
-0.87702
-0.87504
-0.87664
-0.87502
-0.86862
-0.87398
-0.87598
-0.86818
-0.869
-0.87362
-0.87312
-0.87048
-0.87542
-0.87304
-0.87112
-0.87438
-0.87198
-0.87568
-0.87012
-0.87348
-0.87374
-0.87176
-0.86884
-0.87424
-0.87204
-0.8732
-0.87466
-0.8686
-0.86364
-0.86706
-0.87232
-0.87086
-0.87628
-0.87518
-0.86916
-0.86772
-0.8719
-0.87182
-0.87368
-0.88198
-0.87678
-0.87026
-0.8733
-0.87572
-0.87178
-0.8734
-0.87298
-0.87064
-0.87074
-0.86646
-0.86552
-0.87062
-0.87334
-0.87024
-0.8694
-0.86664
-0.87124
-0.87036
-0.87066
-0.87366
-0.87062
-0.86876
-0.87228
-0.87088
-0.8741
-0.87174
-0.86724
-0.8741
-0.87634
-0.87516
-0.87696
-0.86996
-0.86732
-0.86984
-0.86864
-0.86884
-0.86528
-0.8691
-0.87908
-0.87882
-0.8748
-0.86736
-0.8762
-0.87292
-0.87266
-0.86412
-0.8741
-0.87012
-0.86804
-0.8711
-0.87276
-0.87514
-0.87384
-0.87464
-0.87624
-0.87498
-0.87042
-0.87038
-0.87228
-0.87092
-0.86866
-0.8721
-0.87254
-0.87122
-0.87464
-0.87396
-0.87908
-0.88062
-0.87798
-0.87806
-0.87616
-0.88008
-0.87774
-0.87924
-0.88052
-0.87264
-0.8674
-0.87094
-0.87536
-0.87144
-0.87568
-0.87888
-0.88102
-0.87838
-0.87886
-0.87672
-0.87408
-0.87134
-0.87264
-0.878
-0.87504
-0.87354
-0.8702
-0.87014
-0.86638
-0.86844
-0.87486
-0.8718
-0.87804
-0.87118
-0.8769
-0.8798
-0.8754
-0.8747
-0.8707
-0.87388
-0.87034
-0.86968
-0.86788
-0.86684
-0.8711
-0.88066
-0.88356
-0.8807
-0.87432
-0.87452
-0.87076
-0.87304
-0.8725
-0.87826
-0.87606
-0.8707
-0.86896
-0.8754
-0.86994
-0.86926
-0.87196
-0.8718
-0.86786
-0.8668
-0.87006
-0.87038
-0.87296
-0.86422
-0.86404
-0.8644
-0.86008
-0.86136
-0.86656
-0.8659
-0.86882
-0.863
-0.86994
-0.87132
-0.86702
-0.86922
-0.87858
-0.87466
-0.87388
-0.8797
-0.88076
-0.87882
-0.87672
-0.87526
-0.8745
-0.87016
-0.87608
-0.87304
-0.87468
-0.87052
-0.87268
-0.87556
-0.86908
-0.87432
-0.87862
-0.86998
-0.87072
-0.87026
-0.8754
-0.87844
-0.8735
-0.87242
-0.8764
-0.87292
-0.87004
-0.8683
-0.86884
-0.87736
-0.87218
-0.87724
-0.87188
-0.87278
-0.87052
-0.87522
-0.87696
-0.87986
-0.87718
-0.87742
-0.87828
-0.88222
-0.87696
-0.88216
-0.88172
-0.87936
-0.87408
-0.87622
-0.88062
-0.87604
-0.87326
-0.87816
-0.87642
-0.87046
-0.87116
-0.87414
-0.8711
-0.86966
-0.87604
-0.88146
-0.87454
-0.87522
-0.87364
-0.87462
-0.8756
-0.87112
-0.8716
-0.87632
-0.8736
-0.87216
-0.8761
-0.879
-0.87268
-0.8817
-0.8838
-0.87884
-0.87376
-0.8714
-0.87272
-0.87106
-0.87456
-0.87334
-0.88026
-0.87276
-0.86522
-0.86504
-0.86442
-0.8675
-0.87332
-0.87736
-0.87398
-0.87782
-0.87344
-0.8771
-0.88284
-0.87852
-0.87574
-0.87332
-0.87494
-0.87564
-0.87174
-0.87174
-0.86734
-0.87358
-0.87408
-0.87904
-0.88296
-0.88046
-0.87428
-0.8713
-0.86998
-0.87346
-0.87522
-0.87176
-0.8757
-0.87914
-0.87718
-0.87684
-0.87762
-0.8819
-0.87732
-0.87912
-0.87512
-0.8735
-0.86998
-0.87642
-0.87246
-0.87332
-0.86984
-0.87688
-0.87522
-0.88024
-0.87498
-0.87334
-0.8774
-0.88022
-0.8789
-0.87838
-0.87294
-0.88174
-0.87834
-0.8792
-0.87
-0.87316
-0.87276
-0.86896
-0.8781
-0.87876
-0.87724
-0.87594
-0.87666
-0.8779
-0.87282
-0.87226
-0.8737
-0.87516
-0.87562
-0.87894
-0.88366
-0.87132
-0.87388
-0.87188
-0.87338
-0.87814
-0.87478
-0.87808
-0.879
-0.87634
-0.86812
-0.86808
-0.86766
-0.86898
-0.86552
-0.8722
-0.87334
-0.87232
-0.87376
-0.8741
-0.8803
-0.87282
-0.87778
-0.8781
-0.87906
-0.88002
-0.87746
-0.8773
-0.88066
-0.87922
-0.87044
-0.87612
-0.8824
-0.8845
-0.876
-0.86892
-0.87192
-0.87566
-0.8773
-0.87898
-0.87108
-0.8792
-0.88304
-0.88048
-0.87614
-0.87572
-0.87182
-0.88098
-0.88506
-0.88108
-0.87696
-0.87638
-0.8737
-0.876
-0.87266
-0.87738
-0.8781
-0.87218
-0.86856
-0.87438
-0.8732
-0.87552
-0.87308
-0.87512
-0.877
-0.88
-0.87186
-0.8714
-0.87712
-0.88012
-0.8755
-0.8704
-0.86938
-0.87706
-0.87462
-0.87364
-0.87786
-0.87694
-0.8827
-0.8728
-0.87152
-0.87506
-0.8772
-0.87494
-0.87562
-0.8805
-0.88046
-0.8772
-0.87486
-0.87342
-0.87158
-0.87384
-0.87932
-0.8763
-0.8724
-0.86722
-0.86646
-0.86776
-0.87398
-0.87314
-0.87218
-0.87356
-0.87554
-0.86924
-0.87048
-0.86724
-0.86712
-0.87276
-0.86332
-0.86582
-0.86934
-0.86796
-0.86864
-0.86872
-0.87334
-0.8797
-0.8808
-0.87986
-0.87846
-0.88102
-0.87638
-0.8762
-0.87422
-0.8742
-0.87776
-0.8732
-0.86942
-0.87098
-0.8712
-0.87344
-0.87316
-0.87296
-0.87618
-0.87852
-0.87672
-0.8729
-0.86572
-0.86954
-0.87584
-0.87304
-0.8807
-0.87864
-0.87678
-0.87376
-0.87722
-0.8758
-0.87358
-0.87414
-0.87564
-0.87348
-0.87504
-0.87134
-0.87516
-0.88048
-0.87832
-0.87768
-0.87472
-0.87436
-0.86876
-0.87452
-0.86874
-0.8731
-0.87454
-0.86994
-0.87156
-0.8736
-0.87686
-0.87296
-0.87572
-0.8744
-0.87322
-0.87548
-0.87408
-0.87482
-0.87308
-0.86952
-0.872
-0.86914
-0.86762
-0.87068
-0.866
-0.8676
-0.86722
-0.8665
-0.8715
-0.87238
-0.86898
-0.87762
-0.87834
-0.87374
-0.88174
-0.87406
-0.88062
-0.8767
-0.87868
-0.87942
-0.87504
-0.87656
-0.87608
-0.8697
-0.86726
-0.8641
-0.87068
-0.86744
-0.87186
-0.87548
-0.87414
-0.8733
-0.86516
-0.8737
-0.8734
-0.8714
-0.87678
-0.8806
-0.87314
-0.87584
-0.87444
-0.87068
-0.87576
-0.87168
-0.86794
-0.86774
-0.87276
-0.87376
-0.87164
-0.87324
-0.87518
-0.87526
-0.87564
-0.87552
-0.87958
-0.88076
-0.87626
-0.87316
-0.87212
-0.87098
-0.86822
-0.87258
-0.87282
-0.87236
-0.87752
-0.87634
-0.87896
-0.87718
-0.8741
-0.8714
-0.87746
-0.87508
-0.87782
-0.87544
-0.87452
-0.87124
-0.87708
-0.87988
-0.87494
-0.87464
-0.87244
-0.87282
-0.86862
-0.86886
-0.86518
-0.86624
-0.86746
-0.87048
-0.87558
-0.86946
-0.86496
-0.86574
-0.86152
-0.86814
-0.86502
-0.86798
-0.86578
-0.86904
-0.86978
-0.8758
-0.879
-0.87312
-0.87536
-0.87884
-0.88066
-0.8715
-0.88198
-0.87866
-0.8786
-0.87148
-0.87768
-0.881
-0.88118
-0.87708
-0.87374
-0.8705
-0.87422
-0.87162
-0.86928
-0.86256
-0.85916
-0.8667
-0.86432
-0.86304
-0.86866
-0.86638
-0.87126
-0.87346
-0.87484
-0.8724
-0.87424
-0.87134
-0.86966
-0.87186
-0.8719
-0.8744
-0.87834
-0.86586
-0.8691
-0.87568
-0.87746
-0.88072
-0.87936
-0.8803
-0.87952
-0.87952
-0.87364
-0.87042
-0.87022
-0.87048
-0.8697
-0.87116
-0.87392
-0.86778
-0.86998
-0.8698
-0.8675
-0.8723
-0.8752
-0.879
-0.88014
-0.87254
-0.872
-0.8633
-0.8727
-0.87276
-0.87718
-0.87916
-0.86706
-0.86218
-0.86912
-0.86702
-0.86906
-0.87452
-0.87114
-0.87426
-0.87744
-0.87608
-0.88162
-0.88014
-0.87548
-0.87622
-0.87854
-0.87504
-0.87718
-0.87332
-0.87798
-0.87142
-0.87374
-0.8716
-0.87556
-0.87448
-0.87266
-0.87416
-0.87238
-0.8714
-0.8768
-0.88156
-0.87414
-0.88162
-0.87284
-0.87036
-0.87064
-0.8813
-0.87958
-0.8775
-0.87948
-0.87872
-0.87892
-0.87744
-0.87722
-0.87422
-0.8723
-0.87146
-0.88178
-0.87582
-0.87484
-0.87086
-0.87454
-0.87688
-0.87672
-0.8725
-0.87552
-0.87062
-0.87332
-0.87356
-0.87418
-0.87406
-0.87422
-0.87702
-0.87678
-0.8795
-0.87492
-0.87752
-0.87124
-0.8741
-0.87392
-0.8711
-0.87098
-0.8747
-0.873
-0.87068
-0.87292
-0.87144
-0.87512
-0.87058
-0.86942
-0.86674
-0.867
-0.8707
-0.86948
-0.87222
-0.87512
-0.86818
-0.87096
-0.87536
-0.87336
-0.87144
-0.86706
-0.8718
-0.87024
-0.87602
-0.87336
-0.8715
-0.87242
-0.87188
-0.87142
-0.87448
-0.86872
-0.8708
-0.8679
-0.874
-0.8685
-0.87008
-0.87126
-0.87166
-0.87286
-0.87098
-0.8681
-0.8729
-0.86934
-0.86694
-0.87534
-0.87592
-0.87992
-0.87062
-0.8756
-0.87796
-0.88416
-0.88694
-0.88238
-0.87926
-0.8833
-0.86886
-0.8747
-0.87672
-0.87482
-0.87358
-0.87786
-0.87518
-0.8692
-0.87542
-0.87242
-0.87286
-0.87814
-0.87112
-0.87118
-0.8678
-0.87234
-0.87308
-0.87136
-0.87432
-0.87282
-0.87272
-0.87364
-0.87498
-0.86952
-0.87104
-0.86998
-0.8769
-0.8749
-0.8733
-0.87482
-0.8754
-0.87904
-0.87844
-0.87778
-0.877
-0.87672
-0.8777
-0.88028
-0.87594
-0.87204
-0.87264
-0.8701
-0.87394
-0.8769
-0.87652
-0.87544
-0.87676
-0.88034
-0.87874
-0.8793
-0.87774
-0.87554
-0.87896
-0.87816
-0.8719
-0.87284
-0.87446
-0.87618
-0.87538
-0.87194
-0.87406
-0.87062
-0.87424
-0.87594
-0.87552
-0.87034
-0.87232
-0.8716
-0.8679
-0.87132
-0.87494
-0.87218
-0.87386
-0.87826
-0.87032
-0.87416
-0.87296
-0.87366
-0.88082
-0.87202
-0.87936
-0.8768
-0.87368
-0.87884
-0.87706
-0.87406
-0.87642
-0.87108
-0.87196
-0.86964
-0.87076
-0.87256
-0.86328
-0.8771
-0.87828
-0.87954
-0.8772
-0.87314
-0.87006
-0.87546
-0.8785
-0.87258
-0.87222
-0.87148
-0.8726
-0.8745
-0.87024
-0.87528
-0.8715
-0.8743
-0.87346
-0.86696
-0.87326
-0.87538
-0.87174
-0.87822
-0.87494
-0.87252
-0.86416
-0.86688
-0.87206
-0.87366
-0.87342
-0.8704
-0.87432
-0.8737
-0.86672
-0.87222
-0.87286
-0.86438
-0.86436
-0.86396
-0.87036
-0.87698
-0.8818
-0.8745
-0.87476
-0.87696
-0.87728
-0.87236
-0.87322
-0.8735
-0.87842
-0.8709
-0.86572
-0.87234
-0.86772
-0.86858
-0.86574
-0.8681
-0.8752
-0.8763
-0.87558
-0.881
-0.86922
-0.87124
-0.86556
-0.86816
-0.8759
-0.87102
-0.87238
-0.87748
-0.8748
-0.87034
-0.86822
-0.87708
-0.87722
-0.87878
-0.87614
-0.8742
-0.87584
-0.87752
-0.88032
-0.86998
-0.87152
-0.87478
-0.87486
-0.87674
-0.87846
-0.87412
-0.87382
-0.87692
-0.8761
-0.87416
-0.8689
-0.87748
-0.8756
-0.87364
-0.87732
-0.86982
-0.87216
-0.8683
-0.8627
-0.86986
-0.87152
-0.87146
-0.87038
-0.86526
-0.8697
-0.86642
-0.86902
-0.87576
-0.87046
-0.87522
-0.8711
-0.87628
-0.87802
-0.86696
-0.87184
-0.86992
-0.8762
-0.87828
-0.87332
-0.87146
-0.87084
-0.87558
-0.87448
-0.87734
-0.86918
-0.8706
-0.87504
-0.87462
-0.87536
-0.86852
-0.87314
-0.87186
-0.86778
-0.87036
-0.87126
-0.87134
-0.86946
-0.8645
-0.87794
-0.87172
-0.87496
-0.87408
-0.8714
-0.87302
-0.87288
-0.8744
-0.87482
-0.86766
-0.86894
-0.87542
-0.87132
-0.86964
-0.87204
-0.87066
-0.8711
-0.87476
-0.87666
-0.876
-0.87762
-0.87366
-0.87582
-0.87352
-0.87262
-0.87176
-0.86956
-0.87064
-0.87094
-0.87048
-0.8693
-0.86892
-0.87758
-0.87162
-0.86986
-0.878
-0.87108
-0.87574
-0.8723
-0.87412
-0.87644
-0.88218
-0.88022
-0.87958
-0.87988
-0.87402
-0.87294
-0.8754
-0.87758
-0.8755
-0.8712
-0.86704
-0.86858
-0.86962
-0.86774
-0.87094
-0.87682
-0.87234
-0.87464
-0.87246
-0.8834
-0.87712
-0.87506
-0.86916
-0.87088
-0.87578
-0.87238
-0.86936
-0.87106
-0.87008
-0.86722
-0.87122
-0.8667
-0.8679
-0.86538
-0.8661
-0.87426
-0.87156
-0.86972
-0.87126
-0.87686
-0.87046
-0.87012
-0.86992
-0.86748
-0.87112
-0.86948
-0.8694
-0.8735
-0.86978
-0.87494
-0.87364
-0.86964
-0.87392
-0.86852
-0.87206
-0.87256
-0.87334
-0.87352
-0.87296
-0.87972
-0.87654
-0.88112
-0.87552
-0.87536
-0.87284
-0.8774
-0.87152
-0.87148
-0.87608
-0.87576
-0.8769
-0.87234
-0.87782
-0.87772
-0.87452
-0.87178
-0.87212
-0.87454
-0.8744
-0.87104
-0.86916
-0.86936
-0.87736
-0.87396
-0.87566
-0.87582
-0.87842
-0.87314
-0.88068
-0.87774
-0.87618
-0.87078
-0.87538
-0.87556
-0.8741
-0.87832
-0.87366
-0.87568
-0.87664
-0.87226
-0.87216
-0.87138
-0.87248
-0.86746
-0.87088
-0.86608
-0.86536
-0.86924
-0.8701
-0.86964
-0.8673
-0.86842
-0.86936
-0.87172
-0.8706
-0.87462
-0.8746
-0.8765
-0.87416
-0.87714
-0.87502
-0.87122
-0.87224
-0.87324
-0.8683
-0.8755
-0.87916
-0.87696
-0.87804
-0.87898
-0.87376
-0.87046
-0.87488
-0.88188
-0.8799
-0.87484
-0.87692
-0.8801
-0.87802
-0.87496
-0.87946
-0.8827
-0.8775
-0.88244
-0.88208
-0.87542
-0.88008
-0.87626
-0.87188
-0.86876
-0.8691
-0.86992
-0.86538
-0.86504
-0.86276
-0.86134
-0.8651
-0.86668
-0.86986
-0.87442
-0.87554
-0.86722
-0.86926
-0.86952
-0.87176
-0.87482
-0.86966
-0.86738
-0.87644
-0.87416
-0.87136
-0.87214
-0.8711
-0.8726
-0.86988
-0.87308
-0.86732
-0.87316
-0.87216
-0.87198
-0.87154
-0.87054
-0.87286
-0.87522
-0.871
-0.87432
-0.87626
-0.87878
-0.877
-0.87578
-0.87808
-0.87288
-0.87382
-0.86822
-0.8604
-0.86972
-0.8714
-0.86728
-0.87144
-0.87226
-0.87502
-0.873
-0.8728
-0.87156
-0.8695
-0.87306
-0.8758
-0.87092
-0.87662
-0.8726
-0.87878
-0.87554
-0.87352
-0.86782
-0.87216
-0.87686
-0.87796
-0.8782
-0.87764
-0.87256
-0.87218
-0.8724
-0.87526
-0.87734
-0.87838
-0.87398
-0.87126
-0.87166
-0.86826
-0.86692
-0.86664
-0.87576
-0.88222
-0.87952
-0.87738
-0.87476
-0.87894
-0.87892
-0.87696
-0.88004
-0.87506
-0.8752
-0.87616
-0.8778
-0.8796
-0.87978
-0.88056
-0.879
-0.87862
-0.87128
-0.87742
-0.88176
-0.87642
-0.8783
-0.87204
-0.8724
-0.87304
-0.87346
-0.87888
-0.87124
-0.87354
-0.8744
-0.87828
-0.87596
-0.87796
-0.87842
-0.8738
-0.87514
-0.8788
-0.87132
-0.87558
-0.8747
-0.87174
-0.87056
-0.87494
-0.87682
-0.8747
-0.874
-0.87226
-0.87414
-0.87482
-0.87288
-0.87284
-0.8749
-0.87522
-0.88246
-0.88374
-0.88064
-0.88446
-0.8812
-0.8703
-0.86796
-0.87486
-0.87516
-0.87864
-0.87498
-0.87484
-0.87894
-0.87714
-0.8724
-0.86808
-0.8675
-0.87476
-0.87228
-0.87392
-0.87302
-0.86828
-0.86814
-0.873
-0.87328
-0.8695
-0.87488
-0.87002
-0.86828
-0.87298
-0.87218
-0.87358
-0.8725
-0.86736
-0.87268
-0.87262
-0.87188
-0.873
-0.87478
-0.87386
-0.8755
-0.87404
-0.87396
-0.87308
-0.87158
-0.8794
-0.86972
-0.87102
-0.8681
-0.86762
-0.86896
-0.86842
-0.8683
-0.869
-0.87368
-0.87766
-0.87388
-0.87172
-0.86886
-0.8746
-0.87406
-0.86932
-0.86156
-0.873
-0.86468
-0.86524
-0.8649
-0.8704
-0.8753
-0.87586
-0.87316
-0.86972
-0.87338
-0.87558
-0.8751
-0.87214
-0.8735
-0.87236
-0.87276
-0.87504
-0.87774
-0.87808
-0.87838
-0.87854
-0.86882
-0.87484
-0.87076
-0.87256
-0.87782
-0.87136
-0.87038
-0.87004
-0.86196
-0.86794
-0.8723
-0.87336
-0.8676
-0.86806
-0.86614
-0.87006
-0.87068
-0.87292
-0.87574
-0.87512
-0.87514
-0.86946
-0.86998
-0.87338
-0.87482
-0.86928
-0.8739
-0.87458
-0.87486
-0.87646
-0.87818
-0.87938
-0.88428
-0.881
-0.87898
-0.8802
-0.87324
-0.8795
-0.87706
-0.87652
-0.87576
-0.87592
-0.87686
-0.87226
-0.87536
-0.87478
-0.88032
-0.8782
-0.87898
-0.87726
-0.87842
-0.87846
-0.879
-0.87436
-0.87036
-0.87128
-0.88238
-0.87604
-0.87508
-0.87294
-0.87734
-0.8736
-0.8706
-0.86848
-0.86592
-0.86904
-0.8639
-0.87114
-0.87344
-0.86718
-0.87332
-0.86992
-0.86784
-0.8712
-0.87046
-0.8684
-0.8684
-0.87486
-0.87588
-0.87562
-0.8694
-0.87436
-0.8678
-0.86856
-0.8748
-0.86896
-0.87078
-0.87596
-0.87056
-0.87328
-0.8649
-0.8718
-0.86584
-0.8734
-0.87044
-0.86996
-0.87584
-0.87472
-0.8779
-0.87492
-0.87708
-0.87696
-0.8757
-0.87318
-0.87508
-0.87736
-0.8725
-0.87436
-0.87828
-0.8813
-0.8721
-0.8735
-0.87298
-0.86832
-0.871
-0.86412
-0.8666
-0.86994
-0.87314
-0.87032
-0.86402
-0.87206
-0.86608
-0.87144
-0.86116
-0.87236
-0.86446
-0.86742
-0.86766
-0.87328
-0.86774
-0.86308
-0.8645
-0.86944
-0.87136
-0.86302
-0.86722
-0.87372
-0.86948
-0.87612
-0.87332
-0.86794
-0.86626
-0.87158
-0.86844
-0.87378
-0.87806
-0.87282
-0.87192
-0.87424
-0.87112
-0.86756
-0.8813
-0.87404
-0.86588
-0.87696
-0.86846
-0.86972
-0.87088
-0.87068
-0.87244
-0.868
-0.87576
-0.86842
-0.86752
-0.86658
-0.87378
-0.8751
-0.8787
-0.8784
-0.87704
-0.87788
-0.8805
-0.87716
-0.8726
-0.86814
-0.87384
-0.8665
-0.87254
-0.87244
-0.871
-0.8753
-0.87416
-0.88048
-0.87838
-0.87506
-0.86756
-0.87616
-0.87594
-0.8801
-0.8753
-0.87768
-0.8727
-0.87474
-0.87308
-0.87542
-0.87454
-0.87804
-0.8723
-0.87622
-0.8725
-0.86882
-0.87342
-0.87148
-0.86926
-0.87828
-0.8744
-0.87704
-0.87806
-0.8714
-0.86866
-0.87498
-0.8677
-0.87366
-0.86862
-0.8723
-0.86804
-0.86914
-0.87056
-0.86546
-0.86676
-0.87386
-0.8728
-0.87488
-0.87776
-0.86764
-0.86602
-0.86816
-0.86684
-0.8694
-0.86342
-0.86368
-0.86896
-0.86586
-0.87042
-0.87138
-0.87122
-0.87312
-0.87002
-0.86854
-0.87262
-0.8749
-0.87314
-0.86996
-0.87032
-0.87232
-0.86842
-0.87144
-0.87404
-0.87632
-0.8711
-0.87494
-0.8705
-0.86898
-0.87196
-0.87018
-0.86894
-0.87536
-0.8704
-0.8744
-0.87038
-0.86404
-0.86882
-0.86812
-0.86652
-0.87122
-0.86488
-0.86612
-0.86886
-0.86798
-0.86584
-0.87228
-0.86976
-0.87118
-0.8719
-0.87348
-0.8724
-0.87288
-0.87202
-0.87022
-0.87316
-0.86542
-0.86658
-0.8712
-0.87142
-0.87046
-0.87508
-0.87516
-0.88228
-0.88302
-0.87858
-0.87686
-0.86364
-0.8635
-0.87258
-0.8778
-0.86862
-0.87702
-0.87746
-0.87242
-0.86796
-0.8771
-0.8727
-0.88088
-0.87108
-0.8689
-0.86808
-0.8727
-0.8659
-0.86888
-0.87424
-0.87458
-0.873
-0.8733
-0.8752
-0.87382
-0.87374
-0.8706
-0.86924
-0.8677
-0.87402
-0.87748
-0.87198
-0.87038
-0.86966
-0.8706
-0.87336
-0.8682
-0.87
-0.87184
-0.8749
-0.87292
-0.86934
-0.8699
-0.87324
-0.87172
-0.87498
-0.86998
-0.87604
-0.87502
-0.87502
-0.87728
-0.87126
-0.87612
-0.8757
-0.87402
-0.8776
-0.87636
-0.87578
-0.8755
-0.88044
-0.8773
-0.87168
-0.8739
-0.87724
-0.87696
-0.8774
-0.87728
-0.88132
-0.88524
-0.8764
-0.87906
-0.87624
-0.88014
-0.87426
-0.87656
-0.87438
-0.8792
-0.87638
-0.8793
-0.87072
-0.87516
-0.87322
-0.8759
-0.87606
-0.8721
-0.87592
-0.87554
-0.87276
-0.87056
-0.873
-0.87902
-0.87014
-0.87068
-0.86428
-0.86688
-0.86378
-0.8666
-0.8686
-0.8692
-0.87412
-0.87512
-0.87358
-0.87466
-0.8765
-0.87168
-0.87448
-0.86802
-0.86274
-0.86678
-0.87022
-0.86962
-0.87108
-0.86814
-0.86852
-0.87762
-0.87888
-0.87668
-0.87068
-0.86932
-0.8743
-0.87396
-0.87442
-0.86986
-0.86528
-0.86922
-0.87202
-0.87346
-0.87262
-0.86936
-0.8641
-0.86048
-0.86668
-0.86862
-0.86842
-0.87048
-0.87682
-0.87232
-0.8777
-0.87308
-0.86968
-0.87422
-0.87186
-0.8759
-0.8791
-0.87668
-0.87292
-0.87344
-0.8757
-0.87116
-0.8741
-0.87528
-0.87574
-0.87326
-0.87152
-0.87424
-0.8743
-0.87578
-0.87394
-0.8726
-0.87524
-0.87488
-0.87366
-0.87382
-0.87192
-0.8754
-0.87864
-0.87276
-0.86678
-0.87758
-0.87322
-0.8685
-0.86654
-0.86612
-0.87368
-0.87126
-0.8744
-0.87294
-0.8736
-0.872
-0.8746
-0.86862
-0.87068
-0.87694
-0.87438
-0.87972
-0.86982
-0.87218
-0.8745
-0.87034
-0.87252
-0.87136
-0.87214
-0.87366
-0.8754
-0.87504
-0.87496
-0.87908
-0.87226
-0.87126
-0.87112
-0.87266
-0.8745
-0.8657
-0.8727
-0.86886
-0.87282
-0.87128
-0.87064
-0.87082
-0.87306
-0.8699
-0.86782
-0.86664
-0.86854
-0.87548
-0.87728
-0.87898
-0.8741
-0.87142
-0.8721
-0.86724
-0.87642
-0.87834
-0.8755
-0.87652
-0.87424
-0.8666
-0.87582
-0.8717
-0.87068
-0.87234
-0.87788
-0.87628
-0.87418
-0.8677
-0.86828
-0.8719
-0.87542
-0.86882
-0.87054
-0.87362
-0.87392
-0.87374
-0.87728
-0.8777
-0.8757
-0.87354
-0.87234
-0.8711
-0.87094
-0.87182
-0.8704
-0.87512
-0.87482
-0.8804
-0.88326
-0.8772
-0.8751
-0.86794
-0.87566
-0.87824
-0.87674
-0.87952
-0.8749
-0.87306
-0.87432
-0.873
-0.87166
-0.86962
-0.8675
-0.87098
-0.87718
-0.87344
-0.87608
-0.8796
-0.87392
-0.8745
-0.87408
-0.87574
-0.8734
-0.87228
-0.8701
-0.87228
-0.87498
-0.87646
-0.87862
-0.8816
-0.8737
-0.87032
-0.87616
-0.87624
-0.87056
-0.87568
-0.87282
-0.86536
-0.87382
-0.86696
-0.86896
-0.87408
-0.87158
-0.86858
-0.87106
-0.87588
-0.87084
-0.87218
-0.86896
-0.87196
-0.8746
-0.87656
-0.87912
-0.87736
-0.87788
-0.87846
-0.87826
-0.87292
-0.86536
-0.87036
-0.87276
-0.8677
-0.87148
-0.86868
-0.87022
-0.86752
-0.86582
-0.86836
-0.8686
-0.8742
-0.86992
-0.87314
-0.87422
-0.87118
-0.87728
-0.87582
-0.87332
-0.8822
-0.88096
-0.87186
-0.87274
-0.87016
-0.86918
-0.87188
-0.86766
-0.86626
-0.86632
-0.87314
-0.86846
-0.8712
-0.87132
-0.87402
-0.86808
-0.87368
-0.8673
-0.87228
-0.86902
-0.86934
-0.8694
-0.86774
-0.87558
-0.8675
-0.8691
-0.87446
-0.87158
-0.87116
-0.87408
-0.87632
-0.87694
-0.87852
-0.87954
-0.87192
-0.8712
-0.86958
-0.87506
-0.87416
-0.86924
-0.87302
-0.87662
-0.87086
-0.8683
-0.87048
-0.87624
-0.87788
-0.87534
-0.874
-0.87426
-0.87596
-0.87264
-0.87346
-0.87494
-0.8733
-0.87394
-0.877
-0.8678
-0.87276
-0.86996
-0.8653
-0.87468
-0.8724
-0.87558
-0.87216
-0.87726
-0.87272
-0.87766
-0.87716
-0.87612
-0.87878
-0.87662
-0.87508
-0.8802
-0.8766
-0.87624
-0.87836
-0.8772
-0.87614
-0.88094
-0.87996
-0.87814
-0.87772
-0.8749
-0.87064
-0.87144
-0.87836
-0.87408
-0.87432
-0.87394
-0.87506
-0.87572
-0.8763
-0.87478
-0.87458
-0.86866
-0.87128
-0.87182
-0.87068
-0.86994
-0.87182
-0.8807
-0.87698
-0.87412
-0.87444
-0.87422
-0.87052
-0.871
-0.87192
-0.87048
-0.87232
-0.87806
-0.8779
-0.87028
-0.86846
-0.86874
-0.87108
-0.87108
-0.87146
-0.86518
-0.87282
-0.86884
-0.87196
-0.87332
-0.87264
-0.87308
-0.87634
-0.86948
-0.87012
-0.87434
-0.87868
-0.87408
-0.87038
-0.874
-0.8685
-0.87134
-0.86636
-0.86946
-0.86722
-0.86838
-0.87248
-0.87108
-0.87348
-0.87586
-0.87362
-0.86908
-0.87554
-0.87086
-0.87136
-0.87262
-0.87456
-0.87712
-0.8756
-0.87418
-0.87044
-0.86986
-0.87286
-0.88068
-0.87378
-0.87634
-0.87772
-0.87942
-0.87472
-0.87154
-0.87218
-0.87388
-0.867
-0.8734
-0.8722
-0.87362
-0.87068
-0.87542
-0.86872
-0.87316
-0.87234
-0.8674
-0.86862
-0.87136
-0.87264
-0.87316
-0.87162
-0.87026
-0.87142
-0.8711
-0.87166
-0.87156
-0.87362
-0.86994
-0.87474
-0.87928
-0.87942
-0.87956
-0.87952
-0.87946
-0.87312
-0.87218
-0.8716
-0.87596
-0.87728
-0.87276
-0.87128
-0.87254
-0.8723
-0.86832
-0.86894
-0.86874
-0.86874
-0.8666
-0.8683
-0.8734
-0.87292
-0.87326
-0.8743
-0.87498
-0.8744
-0.87244
-0.8787
-0.87082
-0.87264
-0.87298
-0.87412
-0.87228
-0.86732
-0.8693
-0.86862
-0.87044
-0.8702
-0.87296
-0.8701
-0.87216
-0.86932
-0.87462
-0.87296
-0.87212
-0.8676
-0.87492
-0.87318
-0.8745
-0.87402
-0.87612
-0.87748
-0.8789
-0.8769
-0.8775
-0.87926
-0.87868
-0.88352
-0.8781
-0.8766
-0.87208
-0.8723
-0.87446
-0.87192
-0.86934
-0.86988
-0.87674
-0.88114
-0.87988
-0.87846
-0.87328
-0.87754
-0.873
-0.8826
-0.87574
-0.87472
-0.8807
-0.87228
-0.86868
-0.8708
-0.87218
-0.87368
-0.87314
-0.86692
-0.86756
-0.8732
-0.8733
-0.8693
-0.87178
-0.87
-0.87662
-0.871
-0.87266
-0.87536
-0.8739
-0.87054
-0.87256
-0.8738
-0.87596
-0.88056
-0.87554
-0.87666
-0.87722
-0.86976
-0.87794
-0.8756
-0.87376
-0.87544
-0.87472
-0.87168
-0.86842
-0.8693
-0.8747
-0.87254
-0.87862
-0.87354
-0.87122
-0.86414
-0.87046
-0.8687
-0.86844
-0.87618
-0.87126
-0.87504
-0.87786
-0.86782
-0.86552
-0.86698
-0.86996
-0.87906
-0.87638
-0.8742
-0.87358
-0.87196
-0.8728
-0.87458
-0.87706
-0.87786
-0.87172
-0.87344
-0.87768
-0.8767
-0.86942
-0.87628
-0.87818
-0.8732
-0.87564
-0.8724
-0.87488
-0.8742
-0.87968
-0.87898
-0.87442
-0.8749
-0.87228
-0.87676
-0.87814
-0.8792
-0.8775
-0.86782
-0.8754
-0.87138
-0.87572
-0.87272
-0.86824
-0.87158
-0.86854
-0.8646
-0.86346
-0.86638
-0.86214
-0.86258
-0.86414
-0.86906
-0.87568
-0.87328
-0.86976
-0.87034
-0.87244
-0.86748
-0.86732
-0.87004
-0.86768
-0.8687
-0.87678
-0.8681
-0.87154
-0.8717
-0.87522
-0.8711
-0.86466
-0.86198
-0.8619
-0.86202
-0.87248
-0.87526
-0.87252
-0.87748
-0.87378
-0.87618
-0.8725
-0.8745
-0.87368
-0.87228
-0.87232
-0.87292
-0.86876
-0.86958
-0.87034
-0.8769
-0.87618
-0.87664
-0.8716
-0.87354
-0.87674
-0.87616
-0.87802
-0.8771
-0.86808
-0.86446
-0.87046
-0.8768
-0.87114
-0.8741
-0.87528
-0.8732
-0.87296
-0.87602
-0.87576
-0.87408
-0.875
-0.8803
-0.87574
-0.8752
-0.87186
-0.87266
-0.87588
-0.87964
-0.87394
-0.87604
-0.87322
-0.87426
-0.87456
-0.87208
-0.86872
-0.86894
-0.87506
-0.86994
-0.87442
-0.86836
-0.86658
-0.87076
-0.87218
-0.8767
-0.87848
-0.87462
-0.8762
-0.87794
-0.87184
-0.87092
-0.87474
-0.87216
-0.87108
-0.87098
-0.87742
-0.87496
-0.8741
-0.87004
-0.87572
-0.87066
-0.87086
-0.87174
-0.8652
-0.87294
-0.86946
-0.86664
-0.86834
-0.86752
-0.8671
-0.8734
-0.87578
-0.87312
-0.86944
-0.86784
-0.86522
-0.86014
-0.87044
-0.86492
-0.86626
-0.86986
-0.86412
-0.86318
-0.86778
-0.87354
-0.87688
-0.87372
-0.87556
-0.88088
-0.87532
-0.87484
-0.87212
-0.87066
-0.8711
-0.86882
-0.8722
-0.8696
-0.8659
-0.8735
-0.87154
-0.8723
-0.86902
-0.8726
-0.8702
-0.86404
-0.8665
-0.87068
-0.86504
-0.87506
-0.86776
-0.86286
-0.86504
-0.86924
-0.87486
-0.87738
-0.87628
-0.87362
-0.878
-0.87246
-0.8746
-0.87366
-0.87158
-0.87178
-0.87238
-0.87448
-0.8844
-0.878
-0.8833
-0.87626
-0.87868
-0.884
-0.87628
-0.87588
-0.87824
-0.87452
-0.86968
-0.87102
-0.8725
-0.862
-0.86908
-0.87204
-0.87536
-0.86712
-0.87064
-0.86928
-0.87454
-0.87186
-0.87164
-0.87062
-0.86604
-0.861
-0.86684
-0.86908
-0.87152
-0.86842
-0.86432
-0.86668
-0.86882
-0.87022
-0.8701
-0.86894
-0.87296
-0.876
-0.88182
-0.87658
-0.87262
-0.8738
-0.87876
-0.87704
-0.87642
-0.87682
-0.8722
-0.87428
-0.87606
-0.86732
-0.8779
-0.88176
-0.87634
-0.87396
-0.87848
-0.87544
-0.87696
-0.87326
-0.87386
-0.87712
-0.87328
-0.86904
-0.86886
-0.86862
-0.86786
-0.8664
-0.86836
-0.8635
-0.86816
-0.86654
-0.8661
-0.869
-0.87322
-0.86948
-0.86796
-0.86926
-0.86792
-0.87202
-0.86834
-0.86804
-0.87276
-0.87512
-0.87466
-0.87266
-0.87158
-0.86876
-0.87198
-0.86908
-0.87198
-0.86912
-0.87584
-0.8751
-0.87904
-0.87974
-0.87684
-0.87504
-0.8774
-0.87548
-0.8779
-0.87558
-0.87332
-0.87682
-0.8745
-0.87622
-0.8751
-0.87592
-0.87012
-0.87902
-0.874
-0.87912
-0.8772
-0.87372
-0.8796
-0.87468
-0.86768
-0.87172
-0.86958
-0.87006
-0.87008
-0.8689
-0.8681
-0.86958
-0.86978
-0.87414
-0.87234
-0.8705
-0.87554
-0.87028
-0.8731
-0.86914
-0.86642
-0.86786
-0.86516
-0.86356
-0.86942
-0.87072
-0.86966
-0.87084
-0.8719
-0.86748
-0.87402
-0.8758
-0.87528
-0.87804
-0.86676
-0.86806
-0.86584
-0.8626
-0.86044
-0.86272
-0.86522
-0.8666
-0.86884
-0.86872
-0.86826
-0.87044
-0.87054
-0.86736
-0.8684
-0.87052
-0.87478
-0.87638
-0.8693
-0.87448
-0.87138
-0.87442
-0.87464
-0.87248
-0.87236
-0.87972
-0.87814
-0.87384
-0.87004
-0.87602
-0.87158
-0.8697
-0.87066
-0.86674
-0.86758
-0.86968
-0.868
-0.87386
-0.87638
-0.87016
-0.87192
-0.87516
-0.8799
-0.87664
-0.87696
-0.87802
-0.88364
-0.87714
-0.87868
-0.8767
-0.8773
-0.87174
-0.87588
-0.87488
-0.87268
-0.87272
-0.87496
-0.87272
-0.87152
-0.87402
-0.87566
-0.87742
-0.88092
-0.87882
-0.87234
-0.87078
-0.87118
-0.87036
-0.86934
-0.86912
-0.86958
-0.87668
-0.87554
-0.8759
-0.87538
-0.86912
-0.86498
-0.8687
-0.8713
-0.8707
-0.86882
-0.87426
-0.87334
-0.86926
-0.86648
-0.8654
-0.87482
-0.87128
-0.87048
-0.8686
-0.86848
-0.87174
-0.86948
-0.87582
-0.8664
-0.87398
-0.86998
-0.86736
-0.86962
-0.8677
-0.86406
-0.86662
-0.87484
-0.8713
-0.87424
-0.87856
-0.87762
-0.87696
-0.87054
-0.87376
-0.87172
-0.86998
-0.86998
-0.86844
-0.87162
-0.8737
-0.87132
-0.87316
-0.87364
-0.87796
-0.87226
-0.87064
-0.87162
-0.87264
-0.88092
-0.88138
-0.87926
-0.87454
-0.87276
-0.87208
-0.87514
-0.87424
-0.87408
-0.87042
-0.86646
-0.86602
-0.8659
-0.87002
-0.87476
-0.86742
-0.86712
-0.87086
-0.87096
-0.87082
-0.87384
-0.86988
-0.87368
-0.8724
-0.86924
-0.87586
-0.87236
-0.87022
-0.877
-0.87456
-0.87484
-0.87294
-0.86802
-0.87446
-0.87026
-0.87754
-0.87942
-0.8783
-0.87372
-0.87402
-0.87134
-0.86984
-0.86894
-0.87144
-0.8728
-0.87156
-0.86696
-0.87528
-0.87382
-0.87264
-0.8706
-0.8661
-0.86176
-0.85974
-0.86976
-0.87194
-0.87074
-0.87086
-0.86552
-0.86304
-0.86648
-0.86732
-0.86804
-0.86634
-0.86586
-0.86734
-0.8675
-0.86726
-0.86824
-0.86786
-0.87272
-0.86978
-0.8698
-0.87212
-0.87518
-0.87196
-0.88146
-0.87174
-0.87228
-0.86818
-0.86818
-0.87552
-0.87526
-0.87304
-0.87628
-0.87368
-0.87258
-0.87216
-0.86916
-0.87236
-0.87024
-0.86292
-0.8709
-0.87152
-0.87008
-0.87096
-0.87286
-0.87268
-0.87384
-0.87668
-0.87106
-0.872
-0.87016
-0.8586
-0.86646
-0.86794
-0.86604
-0.85796
-0.86288
-0.8639
-0.86476
-0.86196
-0.868
-0.87004
-0.87694
-0.8657
-0.86658
-0.86874
-0.86942
-0.87344
-0.87108
-0.86762
-0.87276
-0.87224
-0.87114
-0.88008
-0.87232
-0.87414
-0.86892
-0.87236
-0.8762
-0.87718
-0.8762
-0.87996
-0.87824
-0.8717
-0.87468
-0.87362
-0.87154
-0.87352
-0.87274
-0.871
-0.87138
-0.87104
-0.87242
-0.87678
-0.8736
-0.87404
-0.87912
-0.87426
-0.87152
-0.8798
-0.87806
-0.87894
-0.88354
-0.8866
-0.88242
-0.88136
-0.88548
-0.87776
-0.87642
-0.88172
-0.87652
-0.87862
-0.87482
-0.87692
-0.87626
-0.87348
-0.87698
-0.87458
-0.86838
-0.87436
-0.86802
-0.8704
-0.86868
-0.87132
-0.871
-0.87138
-0.86814
-0.87046
-0.86886
-0.87426
-0.87374
-0.86942
-0.86728
-0.86574
-0.86368
-0.86356
-0.86316
-0.87144
-0.8657
-0.87136
-0.87394
-0.87366
-0.87532
-0.87514
-0.87346
-0.87694
-0.88504
-0.87806
-0.8748
-0.87808
-0.87148
-0.87212
-0.87426
-0.8775
-0.88192
-0.87756
-0.88238
-0.87652
-0.86994
-0.87264
-0.87298
-0.87098
-0.87134
-0.87372
-0.8735
-0.87278
-0.87548
-0.87084
-0.87026
-0.87868
-0.87468
-0.87054
-0.87008
-0.87214
-0.87516
-0.87832
-0.87448
-0.8751
-0.87924
-0.8786
-0.87814
-0.87444
-0.87496
-0.87352
-0.8724
-0.87446
-0.87366
-0.87362
-0.87148
-0.86916
-0.8697
-0.86754
-0.87452
-0.87136
-0.86914
-0.87502
-0.87602
-0.87486
-0.87822
-0.87686
-0.88386
-0.8742
-0.87114
-0.8733
-0.86978
-0.86774
-0.87172
-0.86926
-0.8679
-0.86922
-0.87576
-0.87112
-0.8784
-0.87704
-0.86962
-0.86916
-0.86934
-0.8677
-0.8702
-0.86968
-0.87062
-0.87296
-0.87054
-0.87874
-0.87198
-0.86926
-0.87504
-0.874
-0.873
-0.8707
-0.87658
-0.87628
-0.87836
-0.87646
-0.87818
-0.88194
-0.87854
-0.8701
-0.873
-0.87704
-0.87514
-0.87776
-0.87168
-0.8715
-0.87162
-0.87766
-0.87392
-0.86856
-0.87098
-0.87598
-0.86752
-0.86992
-0.87596
-0.87102
-0.87182
-0.87134
-0.88018
-0.87588
-0.87312
-0.87888
-0.87972
-0.87482
-0.86966
-0.8729
-0.87548
-0.87388
-0.87378
-0.87436
-0.8866
-0.88192
-0.87886
-0.87774
-0.87518
-0.8764
-0.87614
-0.8736
-0.87516
-0.87326
-0.87138
-0.87502
-0.87496
-0.87266
-0.87394
-0.87498
-0.87544
-0.87262
-0.87212
-0.87822
-0.87652
-0.87528
-0.87712
-0.87654
-0.87282
-0.87074
-0.87286
-0.86944
-0.86258
-0.87006
-0.87028
-0.87322
-0.8718
-0.8639
-0.86452
-0.87498
-0.87274
-0.87506
-0.871
-0.87204
-0.87308
-0.87688
-0.87494
-0.8793
-0.87704
-0.8777
-0.87506
-0.87502
-0.87422
-0.87212
-0.87348
-0.87468
-0.87436
-0.8726
-0.87212
-0.87856
-0.87874
-0.87806
-0.87424
-0.87302
-0.87368
-0.87524
-0.87092
-0.87
-0.87314
-0.87472
-0.87486
-0.8725
-0.87304
-0.87034
-0.86982
-0.87852
-0.87714
-0.87146
-0.86894
-0.87228
-0.87456
-0.86794
-0.87756
-0.87492
-0.87182
-0.86642
-0.86848
-0.88078
-0.87384
-0.87514
-0.87224
-0.87872
-0.87632
-0.87508
-0.8723
-0.873
-0.87198
-0.8648
-0.86848
-0.87272
-0.87554
-0.87784
-0.86838
-0.87218
-0.88
-0.87566
-0.87318
-0.87072
-0.87066
-0.87036
-0.86722
-0.8704
-0.87018
-0.86854
-0.87214
-0.87416
-0.87292
-0.86956
-0.86728
-0.86538
-0.86968
-0.8695
-0.87068
-0.87364
-0.87112
-0.86904
-0.8672
-0.86326
-0.86128
-0.86492
-0.86578
-0.8633
-0.8613
-0.86468
-0.86508
-0.86684
-0.8673
-0.8649
-0.86934
-0.87006
-0.87412
-0.86636
-0.86478
-0.87126
-0.88112
-0.87784
-0.87594
-0.87264
-0.87248
-0.87044
-0.86906
-0.87034
-0.87046
-0.87086
-0.8708
-0.86568
-0.86984
-0.87092
-0.87572
-0.87402
-0.87924
-0.87782
-0.88286
-0.87574
-0.87592
-0.87562
-0.8726
-0.87536
-0.88134
-0.88016
-0.87554
-0.87242
-0.87092
-0.87316
-0.87598
-0.87476
-0.87392
-0.8739
-0.87524
-0.87806
-0.87218
-0.87442
-0.87764
-0.87388
-0.87298
-0.87264
-0.87186
-0.8688
-0.86764
-0.86516
-0.86682
-0.87226
-0.86754
-0.86734
-0.86686
-0.87308
-0.87046
-0.8743
-0.87424
-0.87526
-0.87002
-0.87458
-0.8735
-0.8758
-0.87234
-0.87618
-0.87006
-0.8716
-0.87022
-0.87728
-0.8701
-0.8768
-0.88022
-0.88196
-0.87738
-0.8702
-0.8728
-0.87278
-0.8764
-0.87178
-0.87178
-0.87176
-0.87168
-0.87112
-0.8728
-0.87014
-0.87046
-0.86744
-0.87038
-0.86772
-0.87386
-0.87044
-0.87644
-0.86784
-0.87032
-0.86778
-0.86822
-0.87108
-0.87004
-0.86876
-0.86698
-0.8708
-0.8668
-0.86508
-0.87176
-0.87158
-0.87028
-0.86846
-0.87266
-0.8708
-0.86788
-0.87292
-0.87428
-0.869
-0.86874
-0.8741
-0.8707
-0.87094
-0.86048
-0.86868
-0.86882
-0.86936
-0.86478
-0.8705
-0.87198
-0.86018
-0.86514
-0.88018
-0.87128
-0.87208
-0.86336
-0.87128
-0.86986
-0.87776
-0.87454
-0.87438
-0.87162
-0.87494
-0.87288
-0.86936
-0.876
-0.87436
-0.87224
-0.8725
-0.86884
-0.87474
-0.87336
-0.8672
-0.86784
-0.8692
-0.8695
-0.87156
-0.86864
-0.87378
-0.87392
-0.87372
-0.87028
-0.86816
-0.86544
-0.86564
-0.86712
-0.87414
-0.87108
-0.87114
-0.86896
-0.87306
-0.87694
-0.874
-0.8703
-0.86782
-0.86756
-0.86842
-0.86286
-0.8624
-0.8708
-0.87172
-0.86538
-0.87014
-0.8684
-0.87186
-0.86852
-0.86764
-0.8667
-0.87222
-0.86516
-0.86394
-0.865
-0.86952
-0.87582
-0.8705
-0.87122
-0.86956
-0.87138
-0.87896
-0.87148
-0.86968
-0.87972
-0.87394
-0.87216
-0.8715
-0.87776
-0.87418
-0.87724
-0.87618
-0.8743
-0.87592
-0.87714
-0.87808
-0.87638
-0.87976
-0.87928
-0.87664
-0.86808
-0.87308
-0.87424
-0.87474
-0.8663
-0.87432
-0.87286
-0.87308
-0.87338
-0.8716
-0.87914
-0.87022
-0.86968
-0.86988
-0.87038
-0.87528
-0.87848
-0.87838
-0.87352
-0.8661
-0.86794
-0.8672
-0.87338
-0.8749
-0.86912
-0.86964
-0.86806
-0.86476
-0.87056
-0.86984
-0.87218
-0.87796
-0.8738
-0.87322
-0.86888
-0.86812
-0.87388
-0.88048
-0.87614
-0.87602
-0.86704
-0.871
-0.8739
-0.87114
-0.8768
-0.87734
-0.87518
-0.8731
-0.87382
-0.8672
-0.86788
-0.87594
-0.87434
-0.88062
-0.8745
-0.87242
-0.87594
-0.87434
-0.87648
-0.8785
-0.87038
-0.87536
-0.87542
-0.87444
-0.87386
-0.87564
-0.87424
-0.86946
-0.87344
-0.87094
-0.86968
-0.87482
-0.8716
-0.87644
-0.8758
-0.87928
-0.8784
-0.87904
-0.88016
-0.88106
-0.87474
-0.87338
-0.8777
-0.87944
-0.86976
-0.86966
-0.86598
-0.86574
-0.86182
-0.8724
-0.8693
-0.87046
-0.86604
-0.87234
-0.86916
-0.86744
-0.87116
-0.87046
-0.87074
-0.87016
-0.87132
-0.87918
-0.88218
-0.87428
-0.86996
-0.87038
-0.8701
-0.86754
-0.86712
-0.8687
-0.8717
-0.86808
-0.87446
-0.87624
-0.87352
-0.86644
-0.8714
-0.86694
-0.86904
-0.87248
-0.8747
-0.87722
-0.87642
-0.87264
-0.8697
-0.87464
-0.87258
-0.872
-0.87336
-0.87456
-0.87432
-0.87744
-0.87734
-0.8678
-0.86828
-0.87426
-0.87702
-0.87668
-0.87506
-0.87406
-0.87454
-0.87012
-0.86674
-0.87026
-0.87186
-0.87046
-0.87518
-0.87446
-0.87538
-0.87378
-0.87042
