-0.10188
-0.09942
-0.11064
-0.1077
-0.09222
-0.0966
-0.08846
-0.09598
-0.09888
-0.09356
-0.10262
-0.09116
-0.09766
-0.09564
-0.092
-0.11064
-0.09468
-0.09792
-0.10416
-0.09268
-0.09634
-0.0923
-0.09788
-0.0987
-0.09424
-0.10236
-0.09764
-0.10454
-0.08936
-0.11146
-0.09832
-0.09362
-0.0895
-0.08428
-0.097
-0.09956
-0.10542
-0.0924
-0.09552
-0.1013
-0.09278
-0.09604
-0.10216
-0.10094
-0.09678
-0.0917
-0.08818
-0.1028
-0.0888
-0.1049
-0.09876
-0.10276
-0.09738
-0.09508
-0.0959
-0.09684
-0.10158
-0.0877
-0.09356
-0.11178
-0.10742
-0.09556
-0.09678
-0.08438
-0.10132
-0.10054
-0.09268
-0.09308
-0.0967
-0.09646
-0.10604
-0.08926
-0.0975
-0.10838
-0.11024
-0.11124
-0.10452
-0.09962
-0.09438
-0.0955
-0.09568
-0.10402
-0.09802
-0.0886
-0.0942
-0.09906
-0.11348
-0.09208
-0.08898
-0.09358
-0.09888
-0.09412
-0.0997
-0.09966
-0.094
-0.09286
-0.10534
-0.0953
-0.08938
-0.10008
-0.09256
-0.10842
-0.11366
-0.0979
-0.10586
-0.09674
-0.0856
-0.1017
-0.09538
-0.09004
-0.1016
-0.10716
-0.09166
-0.08206
-0.10332
-0.10242
-0.0893
-0.10188
-0.10612
-0.09998
-0.09512
-0.09692
-0.1036
-0.09684
-0.09582
-0.09302
-0.09858
-0.09762
-0.10146
-0.09934
-0.10064
-0.09566
-0.09018
-0.10832
-0.10506
-0.09742
-0.0976
-0.09146
-0.09706
-0.10444
-0.10004
-0.105
-0.09362
-0.09986
-0.10732
-0.09812
-0.09208
-0.1041
-0.10028
-0.09074
-0.10344
-0.09996
-0.10204
-0.10246
-0.0957
-0.0936
-0.10354
-0.10906
-0.09766
-0.11496
-0.08746
-0.09964
-0.09756
-0.10028
-0.10314
-0.09686
-0.09932
-0.09076
-0.10706
-0.09872
-0.09456
-0.11026
-0.10024
-0.09536
-0.1028
-0.099
-0.09702
-0.10326
-0.0933
-0.0823
-0.08416
-0.09664
-0.09894
-0.10284
-0.09582
-0.10392
-0.09612
-0.09312
-0.09168
-0.09916
-0.09982
-0.09276
-0.09954
-0.10288
-0.09136
-0.10858
-0.0965
-0.10024
-0.09528
-0.09284
-0.09716
-0.0981
-0.10622
-0.10228
-0.0986
-0.1012
-0.09538
-0.10228
-0.1006
-0.09334
-0.09866
-0.09456
-0.091
-0.09192
-0.10672
-0.09344
-0.09382
-0.09666
-0.0859
-0.10326
-0.09428
-0.10472
-0.0997
-0.10062
-0.1032
-0.09732
-0.09452
-0.09568
-0.10266
-0.09984
-0.0883
-0.09466
-0.10156
-0.1006
-0.10454
-0.09978
-0.10294
-0.09006
-0.09508
-0.09084
-0.1052
-0.08714
-0.0917
-0.10004
-0.10874
-0.09292
-0.09674
-0.09438
-0.09754
-0.10228
-0.1014
-0.09076
-0.08804
-0.1094
-0.09222
-0.10236
-0.08552
-0.0945
-0.09468
-0.09232
-0.09418
-0.10006
-0.08942
-0.10208
-0.0957
-0.0973
-0.0994
-0.1032
-0.09366
-0.09806
-0.09352
-0.10428
-0.09432
-0.11032
-0.09376
-0.10058
-0.0985
-0.1048
-0.1035
-0.11034
-0.09588
-0.10186
-0.0989
-0.0979
-0.09864
-0.09002
-0.09562
-0.09146
-0.1021
-0.0933
-0.102
-0.09754
-0.10068
-0.09578
-0.09534
-0.0953
-0.10816
-0.10922
-0.1008
-0.1042
-0.09736
-0.09982
-0.0877
-0.09016
-0.09688
-0.09282
-0.09852
-0.09502
-0.09352
-0.09786
-0.1115
-0.1002
-0.10318
-0.10024
-0.09898
-0.09464
-0.08614
-0.0892
-0.09276
-0.10448
-0.09016
-0.09954
-0.10326
-0.09844
-0.10058
-0.09638
-0.09806
-0.10158
-0.10312
-0.09918
-0.10272
-0.10502
-0.09742
-0.10236
-0.09254
-0.09324
-0.09672
-0.09842
-0.09352
-0.09762
-0.0947
-0.0902
-0.10026
-0.0954
-0.109
-0.10112
-0.10436
-0.10012
-0.09798
-0.09786
-0.11138
-0.10344
-0.1005
-0.08864
-0.09724
-0.10738
-0.10364
-0.08452
-0.10558
-0.11296
-0.11274
-0.10322
-0.11084
-0.10344
-0.10032
-0.09622
-0.09504
-0.10596
-0.09808
-0.09988
-0.10422
-0.0934
-0.09768
-0.09062
-0.10252
-0.11114
-0.10316
-0.09152
-0.08994
-0.10096
-0.08806
-0.09842
-0.10604
-0.1086
-0.1111
-0.10334
-0.09802
-0.10492
-0.10792
-0.10322
-0.10576
-0.10272
-0.09312
-0.08702
-0.09276
-0.09224
-0.09442
-0.1001
-0.10872
-0.09978
-0.09612
-0.0987
-0.09976
-0.10276
-0.10214
-0.0864
-0.10044
-0.10708
-0.09702
-0.09714
-0.09186
-0.09228
-0.08756
-0.1034
-0.10678
-0.0839
-0.08722
-0.09402
-0.10066
-0.09848
-0.10328
-0.11082
-0.1073
-0.08786
-0.08582
-0.10754
-0.10298
-0.0961
-0.09694
-0.08434
-0.09868
-0.098
-0.09788
-0.09522
-0.10466
-0.09696
-0.10624
-0.08716
-0.09538
-0.09166
-0.10636
-0.09682
-0.10536
-0.09888
-0.08276
-0.08988
-0.10336
-0.1049
-0.08704
-0.10108
-0.10464
-0.1056
-0.09966
-0.10492
-0.095
-0.0896
-0.10072
-0.09934
-0.09306
-0.09092
-0.10056
-0.0961
-0.0926
-0.09234
-0.09652
-0.09446
-0.08866
-0.1044
-0.09752
-0.09704
-0.09534
-0.08798
-0.1028
-0.1066
-0.10256
-0.09518
-0.09292
-0.09276
-0.10028
-0.09352
-0.1037
-0.09034
-0.10306
-0.0976
-0.10326
-0.09362
-0.08854
-0.10206
-0.09492
-0.10076
-0.09156
-0.10472
-0.09532
-0.09862
-0.0907
-0.10204
-0.09914
-0.10902
-0.10206
-0.097
-0.10382
-0.09686
-0.08242
-0.10546
-0.09936
-0.10454
-0.09894
-0.09506
-0.103
-0.09484
-0.095
-0.08558
-0.10438
-0.10076
-0.0988
-0.10182
-0.09378
-0.10894
-0.09822
-0.10686
-0.08982
-0.10136
-0.09336
-0.0976
-0.08856
-0.0924
-0.0938
-0.11144
-0.10504
-0.08436
-0.10488
-0.1023
-0.10368
-0.09584
-0.09938
-0.08914
-0.105
-0.09792
-0.10818
-0.09678
-0.09216
-0.10076
-0.09704
-0.07484
-0.09226
-0.0891
-0.09918
-0.08408
-0.0985
-0.09626
-0.09884
-0.09966
-0.09732
-0.09108
-0.09786
-0.1042
-0.095
-0.10416
-0.09546
-0.10468
-0.0986
-0.10824
-0.0968
-0.09228
-0.10724
-0.08998
-0.09468
-0.09756
-0.10354
-0.09698
-0.09
-0.09376
-0.09622
-0.09228
-0.10392
-0.09462
-0.09318
-0.10028
-0.08948
-0.096
-0.10474
-0.10132
-0.10316
-0.09892
-0.1017
-0.10012
-0.09806
-0.1046
-0.09502
-0.08698
-0.0903
-0.09818
-0.10134
-0.09316
-0.10258
-0.10396
-0.10298
-0.09462
-0.09638
-0.09794
-0.097
-0.09802
-0.09992
-0.101
-0.09462
-0.09948
-0.10432
-0.09972
-0.09346
-0.10136
-0.10056
-0.09376
-0.09602
-0.10548
-0.09894
-0.09784
-0.1046
-0.09894
-0.0988
-0.10242
-0.09546
-0.09654
-0.09462
-0.10084
-0.0932
-0.09794
-0.09996
-0.09776
-0.1003
-0.0932
-0.095
-0.09302
-0.10158
-0.09934
-0.09878
-0.10982
-0.10082
-0.09244
-0.07982
-0.10442
-0.10712
-0.10088
-0.09734
-0.08814
-0.08968
-0.09904
-0.0941
-0.09852
-0.10432
-0.1033
-0.09504
-0.09864
-0.09854
-0.10966
-0.09168
-0.1016
-0.09812
-0.09258
-0.08018
-0.08698
-0.1009
-0.0983
-0.09804
-0.1002
-0.0991
-0.1013
-0.10264
-0.0936
-0.10124
-0.0863
-0.09384
-0.09872
-0.09868
-0.0925
-0.09526
-0.10704
-0.09454
-0.10018
-0.09288
-0.08454
-0.0923
-0.0966
-0.09148
-0.10078
-0.0983
-0.10288
-0.0964
-0.08224
-0.09614
-0.09572
-0.08964
-0.09114
-0.0828
-0.09524
-0.10202
-0.10114
-0.08842
-0.09492
-0.09486
-0.09186
-0.09322
-0.0871
-0.09824
-0.09054
-0.09832
-0.0913
-0.09836
-0.10438
-0.09038
-0.09978
-0.09036
-0.0944
-0.09496
-0.09926
-0.10522
-0.09186
-0.09838
-0.08904
-0.09638
-0.09968
-0.1032
-0.09378
-0.1078
-0.09636
-0.10096
-0.09514
-0.09822
-0.09328
-0.09572
-0.08884
-0.09156
-0.09038
-0.09928
-0.10766
-0.10098
-0.10604
-0.09612
-0.10526
-0.10712
-0.09144
-0.09186
-0.09844
-0.10368
-0.0805
-0.09378
-0.10422
-0.10786
-0.1012
-0.09174
-0.09588
-0.08986
-0.09506
-0.0924
-0.1004
-0.09602
-0.0941
-0.10168
-0.10308
-0.09876
-0.09628
-0.10216
-0.10744
-0.10786
-0.0935
-0.08938
-0.09486
-0.09814
-0.0948
-0.106
-0.10542
-0.10828
-0.09392
-0.10172
-0.10388
-0.10288
-0.1023
-0.0931
-0.1013
-0.10256
-0.0909
-0.1024
-0.10528
-0.10172
-0.09596
-0.10116
-0.09998
-0.0989
-0.10342
-0.09302
-0.10902
-0.09044
-0.09282
-0.0985
-0.09168
-0.09052
-0.09052
-0.08632
-0.09022
-0.09868
-0.1012
-0.09848
-0.0886
-0.10092
-0.09342
-0.09906
-0.10228
-0.09008
-0.09224
-0.09178
-0.08944
-0.08726
-0.0972
-0.0899
-0.1013
-0.09616
-0.09296
-0.11214
-0.09574
-0.10758
-0.10124
-0.10174
-0.09422
-0.09274
-0.10256
-0.1016
-0.09136
-0.1013
-0.09992
-0.09866
-0.10816
-0.09192
-0.09368
-0.096
-0.09888
-0.09112
-0.09536
-0.10338
-0.1037
-0.106
-0.10792
-0.10064
-0.0908
-0.09314
-0.0994
-0.08372
-0.0941
-0.10618
-0.08962
-0.09882
-0.10512
-0.0997
-0.09246
-0.09536
-0.10108
-0.09012
-0.0943
-0.09804
-0.09388
-0.11156
-0.1076
-0.09548
-0.10046
-0.10558
-0.10198
-0.08958
-0.0924
-0.09824
-0.1031
-0.10624
-0.09038
-0.10678
-0.09206
-0.09126
-0.10176
-0.1204
-0.0989
-0.09802
-0.10182
-0.08982
-0.0946
-0.11022
-0.09394
-0.08976
-0.10478
-0.11352
-0.10902
-0.09428
-0.09428
-0.1033
-0.10202
-0.09958
-0.10622
-0.09872
-0.0954
-0.08812
-0.1
-0.10028
-0.10374
-0.09418
-0.09458
-0.09124
-0.09762
-0.10048
-0.10304
-0.09544
-0.09608
-0.09324
-0.10294
-0.0986
-0.098
-0.0952
-0.09094
-0.09626
-0.09368
-0.10402
-0.09094
-0.09666
-0.09706
-0.09766
-0.0962
-0.10306
-0.10476
-0.10294
-0.1034
-0.1002
-0.09224
-0.08904
-0.10348
-0.09958
-0.1139
-0.09754
-0.09364
-0.09876
-0.10342
-0.09818
-0.09628
-0.09722
-0.09354
-0.09106
-0.10318
-0.10806
-0.09604
-0.09422
-0.09986
-0.10044
-0.10546
-0.11432
-0.1007
-0.10718
-0.1096
-0.09602
-0.09902
-0.09364
-0.10086
-0.10948
-0.10728
-0.09978
-0.09958
-0.0859
-0.09506
-0.10122
-0.1127
-0.09208
-0.10022
-0.09508
-0.09144
-0.09704
-0.10764
-0.08986
-0.0977
-0.09276
-0.09526
-0.09938
-0.09714
-0.10004
-0.09636
-0.09306
-0.0992
-0.08512
-0.09198
-0.09672
-0.0929
-0.09418
-0.10102
-0.09282
-0.0943
-0.08244
-0.09558
-0.10248
-0.10824
-0.09554
-0.09402
-0.1058
-0.10176
-0.08626
-0.10116
-0.10476
-0.09842
-0.09328
-0.0886
-0.0928
-0.10776
-0.09972
-0.09214
-0.0846
-0.10622
-0.10826
-0.10206
-0.08748
-0.0858
-0.0948
-0.10694
-0.09408
-0.08968
-0.10822
-0.09946
-0.09534
-0.10694
-0.09506
-0.10398
-0.09736
-0.09754
-0.08618
-0.09062
-0.0917
-0.09844
-0.10188
-0.1018
-0.09108
-0.09776
-0.09766
-0.0938
-0.11046
-0.10266
-0.09502
-0.08638
-0.10768
-0.09428
-0.09896
-0.10392
-0.09022
-0.09208
-0.09002
-0.09244
-0.09696
-0.09828
-0.08408
-0.09436
-0.09956
-0.08888
-0.10544
-0.0927
-0.09608
-0.09732
-0.09542
-0.10446
-0.09418
-0.10356
-0.09398
-0.09998
-0.09716
-0.09234
-0.09356
-0.09818
-0.104
-0.10058
-0.10312
-0.09872
-0.10646
-0.10176
-0.09966
-0.10084
-0.0933
-0.1019
-0.0962
-0.09916
-0.09738
-0.09466
-0.11162
-0.09676
-0.09714
-0.0964
-0.09576
-0.08908
-0.0947
-0.09638
-0.09614
-0.09908
-0.09888
-0.09882
-0.09648
-0.103
-0.10248
-0.10506
-0.09972
-0.0917
-0.09752
-0.09616
-0.10366
-0.0843
-0.09602
-0.09204
-0.08918
-0.09216
-0.10658
-0.09618
-0.09814
-0.08694
-0.09466
-0.09208
-0.10246
-0.0971
-0.09732
-0.10268
-0.10568
-0.10138
-0.10058
-0.10502
-0.1043
-0.08772
-0.09576
-0.09658
-0.09486
-0.09468
-0.10772
-0.10314
-0.10018
-0.09202
-0.09764
-0.08884
-0.09776
-0.10348
-0.09644
-0.09504
-0.09562
-0.10076
-0.10468
-0.10174
-0.10534
-0.10876
-0.09702
-0.10834
-0.1021
-0.10358
-0.09584
-0.10824
-0.08688
-0.0981
-0.09924
-0.09082
-0.0939
-0.09272
-0.0902
-0.08742
-0.10438
-0.10032
-0.09786
-0.09772
-0.09674
-0.10618
-0.10386
-0.1017
-0.0993
-0.10168
-0.10758
-0.10494
-0.1118
-0.0984
-0.1009
-0.09966
-0.10684
-0.1029
-0.10894
-0.0988
-0.08902
-0.10026
-0.09726
-0.09842
-0.09004
-0.11234
-0.10592
-0.08742
-0.09302
-0.0834
-0.09644
-0.09738
-0.09324
-0.09006
-0.08868
-0.09718
-0.08902
-0.09186
-0.1056
-0.10956
-0.10922
-0.10564
-0.10162
-0.09876
-0.09894
-0.0869
-0.09236
-0.0982
-0.09084
-0.10276
-0.10134
-0.09694
-0.0967
-0.10064
-0.10526
-0.09432
-0.08844
-0.10012
-0.0999
-0.1138
-0.09562
-0.0958
-0.10124
-0.10112
-0.0984
-0.10044
-0.09814
-0.09186
-0.103
-0.09956
-0.09428
-0.08396
-0.1099
-0.10322
-0.10706
-0.0991
-0.09238
-0.10416
-0.0992
-0.09622
-0.10102
-0.1017
-0.09046
-0.08744
-0.10152
-0.11058
-0.0953
-0.10126
-0.09912
-0.1008
-0.09682
-0.104
-0.0953
-0.10282
-0.09712
-0.09816
-0.09458
-0.09556
-0.09802
-0.09932
-0.11322
-0.09642
-0.08718
-0.10418
-0.0993
-0.09784
-0.09458
-0.09666
-0.10346
-0.09424
-0.10172
-0.09958
-0.11066
-0.1026
-0.10594
-0.09548
-0.10686
-0.09986
-0.09556
-0.09116
-0.0958
-0.09426
-0.09442
-0.09796
-0.1017
-0.09646
-0.1067
-0.09482
-0.09658
-0.09724
-0.09172
-0.10054
-0.1081
-0.09858
-0.11044
-0.1056
-0.0895
-0.08868
-0.09624
-0.10172
-0.10572
-0.09978
-0.10152
-0.0877
-0.10976
-0.0874
-0.09218
-0.09798
-0.0993
-0.11024
-0.11016
-0.1009
-0.09728
-0.1009
-0.09684
-0.10188
-0.09874
-0.09552
-0.10448
-0.10064
-0.0914
-0.09378
-0.09648
-0.0989
-0.09676
-0.07982
-0.09496
-0.09798
-0.09784
-0.10002
-0.10788
-0.09782
-0.10392
-0.09522
-0.1036
-0.09376
-0.09942
-0.0981
-0.10172
-0.10556
-0.10592
-0.10146
-0.0844
-0.10012
-0.09812
-0.10512
-0.10078
-0.09416
-0.1014
-0.0895
-0.09592
-0.10128
-0.08856
-0.10188
-0.10758
-0.09062
-0.10448
-0.09024
-0.10756
-0.09876
-0.08734
-0.09192
-0.09938
-0.10324
-0.10728
-0.09166
-0.10668
-0.09454
-0.08776
-0.09448
-0.09322
-0.09882
-0.1024
-0.10164
-0.1076
-0.09616
-0.10176
-0.10566
-0.1015
-0.08714
-0.09786
-0.10924
-0.10568
-0.10378
-0.11364
-0.0983
-0.09516
-0.09634
-0.0975
-0.09712
-0.09332
-0.11
-0.09632
-0.09178
-0.1045
-0.0937
-0.10442
-0.09148
-0.09698
-0.0949
-0.09672
-0.10394
-0.0987
-0.09644
-0.09776
-0.10942
-0.10062
-0.09782
-0.08936
-0.09374
-0.09586
-0.09944
-0.09356
-0.0874
-0.09776
-0.09122
-0.1063
-0.0895
-0.0973
-0.09438
-0.09854
-0.09802
-0.1004
-0.09342
-0.0986
-0.09572
-0.09296
-0.10058
-0.10214
-0.10256
-0.1072
-0.09912
-0.09018
-0.09312
-0.0948
-0.0916
-0.1035
-0.10826
-0.10676
-0.09812
-0.10626
-0.09848
-0.09312
-0.0905
-0.09708
-0.10554
-0.10146
-0.11096
-0.10564
-0.08582
-0.09266
-0.09222
-0.09172
-0.10624
-0.09136
-0.09358
-0.08314
-0.09986
-0.11936
-0.1016
-0.10122
-0.09274
-0.10264
-0.0916
-0.09542
-0.09842
-0.09878
-0.09842
-0.09524
-0.09348
-0.10844
-0.11464
-0.09728
-0.10244
-0.09866
-0.09324
-0.09444
-0.09332
-0.10674
-0.10166
-0.10192
-0.09964
-0.0946
-0.10824
-0.09244
-0.08422
-0.09106
-0.09624
-0.10808
-0.1022
-0.09772
-0.10164
-0.1056
-0.09554
-0.10466
-0.10256
-0.098
-0.09858
-0.09724
-0.09496
-0.1041
-0.1003
-0.09862
-0.09782
-0.09462
-0.09518
-0.09324
-0.10334
-0.10752
-0.10356
-0.09488
-0.09664
-0.1
-0.08574
-0.0973
-0.09946
-0.0949
-0.09002
-0.09438
-0.10336
-0.09562
-0.084
-0.0985
-0.11588
-0.09714
-0.10922
-0.10766
-0.10578
-0.10248
-0.09674
-0.09812
-0.09982
-0.1008
-0.09758
-0.09028
-0.09518
-0.09726
-0.091
-0.11566
-0.10358
-0.09794
-0.09286
-0.09026
-0.09616
-0.0984
-0.09984
-0.09576
-0.09984
-0.0959
-0.10116
-0.10348
-0.09946
-0.0985
-0.08496
-0.08246
-0.09268
-0.09834
-0.0978
-0.09354
-0.1018
-0.10746
-0.09116
-0.1026
-0.10464
-0.10298
-0.10808
-0.11358
-0.11444
-0.1007
-0.0981
-0.09212
-0.09958
-0.0992
-0.08888
-0.10808
-0.10776
-0.09056
-0.09602
-0.09418
-0.09462
-0.10916
-0.09292
-0.09664
-0.09292
-0.10342
-0.09962
-0.09702
-0.09888
-0.10552
-0.09696
-0.10466
-0.10008
-0.0923
-0.09556
-0.10208
-0.10796
-0.091
-0.0876
-0.095
-0.10286
-0.106
-0.09568
-0.09386
-0.09418
-0.09486
-0.10178
-0.1059
-0.09754
-0.09996
-0.10626
-0.0935
-0.10254
-0.08474
-0.0997
-0.10718
-0.08766
-0.09402
-0.09942
-0.09718
-0.09656
-0.0899
-0.08902
-0.10026
-0.10264
-0.09298
-0.1027
-0.10232
-0.09314
-0.09862
-0.08988
-0.10828
-0.0971
-0.09748
-0.09552
-0.09942
-0.09688
-0.10552
-0.0953
-0.10162
-0.10358
-0.09552
-0.08418
-0.10346
-0.1046
-0.0905
-0.09842
-0.1005
-0.10872
-0.10742
-0.10488
-0.09944
-0.10278
-0.09584
-0.08626
-0.09156
-0.09886
-0.10206
-0.09744
-0.0986
-0.10014
-0.0913
-0.08962
-0.09614
-0.09762
-0.1004
-0.09328
-0.10732
-0.09726
-0.08926
-0.095
-0.0987
-0.09484
-0.10388
-0.09256
-0.10764
-0.1024
-0.08878
-0.08796
-0.09542
-0.09458
-0.09582
-0.09976
-0.09798
-0.08822
-0.10458
-0.09386
-0.09482
-0.09438
-0.09938
-0.1038
-0.10566
-0.09568
-0.10042
-0.10944
-0.09588
-0.09906
-0.0936
-0.10072
-0.10554
-0.0986
-0.09642
-0.10044
-0.10276
-0.09538
-0.08842
-0.10464
-0.10478
-0.09808
-0.10152
-0.0978
-0.10826
-0.1017
-0.09928
-0.10102
-0.09774
-0.0962
-0.1016
-0.1005
-0.11638
-0.11506
-0.1079
-0.0919
-0.09858
-0.09892
-0.09338
-0.09202
-0.10588
-0.09228
-0.09614
-0.09324
-0.0853
-0.09324
-0.10258
-0.09966
-0.10412
-0.10914
-0.09204
-0.09452
-0.10538
-0.1036
-0.10224
-0.09322
-0.10342
-0.0989
-0.10326
-0.09762
-0.09738
-0.09906
-0.10244
-0.08774
-0.09652
-0.10622
-0.0995
-0.09068
-0.09968
-0.09914
-0.0946
-0.09938
-0.09324
-0.09314
-0.09722
-0.08886
-0.10294
-0.09658
-0.10796
-0.09724
-0.10628
-0.08996
-0.10908
-0.08926
-0.08468
-0.08956
-0.10182
-0.09934
-0.0911
-0.10074
-0.08822
-0.08134
-0.09864
-0.10964
-0.1046
-0.10034
-0.0807
-0.08596
-0.08232
-0.10042
-0.08838
-0.09474
-0.08616
-0.0897
-0.10376
-0.09668
-0.0954
-0.09614
-0.0913
-0.10742
-0.09028
-0.1049
-0.10018
-0.10332
-0.10708
-0.10926
-0.11196
-0.10658
-0.10294
-0.10176
-0.10766
-0.08504
-0.09464
-0.09678
-0.0981
-0.09942
-0.09426
-0.0981
-0.1021
-0.0949
-0.10222
-0.10532
-0.09596
-0.09448
-0.09514
-0.1001
-0.09654
-0.09956
-0.10364
-0.09356
-0.08958
-0.10602
-0.09894
-0.10104
-0.10102
-0.10096
-0.10308
-0.10036
-0.09372
-0.0962
-0.09952
-0.10432
-0.09398
-0.09076
-0.09372
-0.1027
-0.09628
-0.09626
-0.10626
-0.09082
-0.10098
-0.10056
-0.09584
-0.10176
-0.10346
-0.0929
-0.09756
-0.10086
-0.1028
-0.09988
-0.0952
-0.08846
-0.0926
-0.10234
-0.09162
-0.0945
-0.09598
-0.10714
-0.10724
-0.09916
-0.09446
-0.1001
-0.10296
-0.09416
-0.09368
-0.10128
-0.10418
-0.0959
-0.08822
-0.10648
-0.10354
-0.101
-0.0967
-0.08542
-0.10334
-0.10014
-0.10468
-0.09982
-0.09954
-0.08064
-0.08918
-0.10322
-0.09782
-0.0937
-0.10972
-0.09348
-0.10062
-0.09104
-0.09308
-0.10132
-0.10154
-0.10928
-0.09868
-0.09078
-0.09726
-0.09584
-0.0978
-0.09838
-0.09642
-0.09468
-0.11178
-0.09748
-0.0955
-0.09122
-0.08848
-0.09942
-0.09054
-0.08798
-0.09488
-0.08796
-0.10116
-0.10932
-0.09048
-0.0924
-0.09144
-0.10372
-0.09942
-0.10534
-0.10294
-0.10404
-0.09456
-0.0968
-0.09232
-0.09982
-0.11052
-0.1003
-0.10152
-0.10162
-0.10058
-0.09318
-0.08734
-0.11086
-0.10554
-0.10028
-0.10408
-0.09254
-0.10334
-0.10146
-0.09616
-0.09646
-0.09476
-0.10046
-0.10164
-0.10146
-0.09732
-0.11096
-0.10092
-0.09464
-0.0994
-0.09606
-0.09852
-0.09478
-0.09784
-0.10316
-0.09594
-0.09674
-0.10296
-0.1124
-0.10144
-0.09812
-0.09548
-0.08282
-0.10448
-0.10178
-0.09472
-0.09382
-0.09142
-0.1047
-0.10912
-0.10444
-0.10576
-0.09654
-0.10294
-0.09888
-0.10148
-0.08974
-0.08882
-0.09636
-0.09838
-0.0954
-0.0923
-0.10102
-0.09552
-0.08898
-0.09702
-0.08562
-0.10572
-0.10022
-0.10598
-0.10192
-0.11018
-0.09678
-0.09118
-0.10102
-0.10056
-0.09096
-0.10284
-0.1003
-0.10414
-0.10386
-0.1049
-0.1151
-0.09274
-0.0942
-0.09534
-0.10012
-0.09646
-0.10356
-0.10788
-0.09424
-0.09348
-0.09002
-0.10784
-0.10306
-0.09882
-0.08956
-0.09728
-0.09378
-0.10248
-0.09714
-0.09884
-0.09552
-0.09036
-0.09594
-0.09638
-0.10636
-0.10082
-0.09108
-0.09678
-0.09824
-0.09906
-0.09702
-0.10008
-0.1008
-0.10952
-0.08778
-0.10614
-0.10338
-0.10206
-0.10848
-0.10368
-0.097
-0.10364
-0.10348
-0.09064
-0.08294
-0.10666
-0.09594
-0.0964
-0.09672
-0.0971
-0.09636
-0.10404
-0.10674
-0.09556
-0.09968
-0.09622
-0.09734
-0.1097
-0.09734
-0.10314
-0.09532
-0.1059
-0.09992
-0.09254
-0.10556
-0.09944
-0.10046
-0.0915
-0.10876
-0.09716
-0.0994
-0.09424
-0.09152
-0.09418
-0.09482
-0.1005
-0.10658
-0.09594
-0.08944
-0.097
-0.09958
-0.10222
-0.09766
-0.09888
-0.09796
-0.08768
-0.08614
-0.10266
-0.09788
-0.10192
-0.10348
-0.08894
-0.09664
-0.1093
-0.10062
-0.09422
-0.1033
-0.10144
-0.10074
-0.1015
-0.09798
-0.09604
-0.09622
-0.08776
-0.09424
-0.09998
-0.09682
-0.0963
-0.08886
-0.09974
-0.09836
-0.09658
-0.09746
-0.10052
-0.10142
-0.09998
-0.09808
-0.0933
-0.08774
-0.08578
-0.09738
-0.10068
-0.08524
-0.096
-0.10052
-0.08584
-0.09166
-0.09864
-0.11254
-0.0996
-0.0903
-0.10102
-0.09914
-0.10078
-0.09604
-0.1
-0.1033
-0.10492
-0.10542
-0.10092
-0.08904
-0.10634
-0.097
-0.09748
-0.09638
-0.0923
-0.10016
-0.10534
-0.1032
-0.09252
-0.11274
-0.1023
-0.09698
-0.09512
-0.10278
-0.10912
-0.09932
-0.0938
-0.11104
-0.09576
-0.1043
-0.10068
-0.0902
-0.09514
-0.08804
-0.0968
-0.0891
-0.09758
-0.10594
-0.09586
-0.0929
-0.09724
-0.0906
-0.09784
-0.09114
-0.0991
-0.09884
-0.09468
-0.09572
-0.09302
-0.09154
-0.0999
-0.09886
-0.09266
-0.10092
-0.10646
-0.09886
-0.104
-0.10124
-0.09748
-0.1031
-0.10714
-0.09956
-0.10378
-0.08898
-0.09566
-0.09822
-0.10028
-0.0977
-0.09498
-0.09666
-0.09942
-0.09976
-0.1004
-0.10232
-0.10064
-0.10488
-0.11376
-0.0863
-0.09518
-0.10432
-0.0985
-0.0885
-0.09976
-0.1055
-0.11
-0.10158
-0.09726
-0.09636
-0.10338
-0.09728
-0.09794
-0.09988
-0.1066
-0.1023
-0.10244
-0.10228
-0.10428
-0.09174
-0.08834
-0.10732
-0.09066
-0.10628
-0.10836
-0.09828
-0.09874
-0.08992
-0.10132
-0.09194
-0.0914
-0.08726
-0.08746
-0.09968
-0.09072
-0.10354
-0.1052
-0.0963
-0.09662
-0.10014
-0.1032
-0.1109
-0.10434
-0.09564
-0.10208
-0.09862
-0.09912
-0.10076
-0.09434
-0.08702
-0.11074
-0.10306
-0.08752
-0.09586
-0.09706
-0.0984
-0.10908
-0.0984
-0.09168
-0.09748
-0.08882
-0.10098
-0.11174
-0.10476
-0.09838
-0.09392
-0.09968
-0.08718
-0.0895
-0.09728
-0.10568
-0.10064
-0.0985
-0.10484
-0.10434
-0.10036
-0.11076
-0.09336
-0.11162
-0.10366
-0.09426
-0.1051
-0.09894
-0.0916
-0.10624
-0.09114
-0.08226
-0.09566
-0.09996
-0.0957
-0.09324
-0.08788
-0.1009
-0.09504
-0.09972
-0.10274
-0.10134
-0.0929
-0.09854
-0.10008
-0.1136
-0.09608
-0.0915
-0.09858
-0.09972
-0.10612
-0.10038
-0.10906
-0.09808
-0.09126
-0.09772
-0.099
-0.09962
-0.09738
-0.09402
-0.0855
-0.10646
-0.0991
-0.08962
-0.10114
-0.1078
-0.09706
-0.09382
-0.10144
-0.09358
-0.098
-0.09264
-0.10228
-0.09406
-0.09912
-0.09636
-0.10044
-0.09196
-0.09752
-0.10324
-0.0945
-0.10558
-0.0979
-0.09682
-0.09688
-0.0926
-0.0913
-0.09916
-0.10442
-0.11456
-0.1015
-0.11182
-0.09674
-0.09792
-0.10124
-0.0998
-0.10892
-0.0892
-0.08808
-0.0977
-0.09138
-0.0964
-0.1006
-0.09872
-0.10896
-0.1016
-0.09384
-0.09992
-0.0867
-0.09594
-0.09766
-0.09614
-0.09758
-0.09014
-0.10028
-0.0988
-0.08746
-0.10152
-0.0972
-0.09798
-0.09858
-0.10304
-0.10824
-0.09954
-0.10124
-0.09308
-0.10374
-0.08894
-0.10078
-0.10794
-0.1015
-0.10484
-0.08954
-0.10176
-0.08806
-0.08586
-0.10372
-0.08372
-0.09804
-0.10356
-0.10124
-0.08756
-0.09548
-0.0897
-0.1023
-0.09458
-0.09298
-0.09802
-0.10336
-0.0938
-0.09298
-0.1056
-0.09874
-0.10198
-0.10284
-0.09624
-0.09966
-0.09276
-0.09732
-0.10386
-0.09786
-0.10094
-0.0926
-0.09008
-0.09558
-0.08512
-0.10512
-0.09622
-0.10334
-0.08708
-0.09482
-0.08792
-0.0894
-0.09582
-0.1016
-0.09488
-0.10344
-0.09472
-0.09234
-0.09518
-0.08788
-0.09284
-0.0941
-0.09346
-0.09502
-0.09522
-0.09434
-0.0995
-0.1009
-0.10392
-0.10272
-0.10194
-0.10098
-0.08864
-0.09734
-0.0986
-0.10188
-0.11208
-0.10126
-0.10808
-0.10238
-0.0929
-0.08898
-0.09328
-0.09904
-0.09844
-0.09546
-0.09518
-0.10242
-0.09156
-0.10162
-0.1049
-0.10172
-0.1092
-0.11082
-0.09404
-0.09536
-0.09614
-0.09634
-0.09506
-0.09458
-0.0913
-0.09518
-0.10286
-0.09514
-0.10424
-0.1007
-0.10362
-0.10136
-0.11574
-0.10472
-0.10198
-0.09464
-0.08924
-0.08456
-0.09908
-0.09846
-0.11118
-0.11396
-0.0902
-0.09898
-0.10086
-0.09884
-0.10688
-0.1109
-0.1019
-0.09544
-0.09842
-0.10618
-0.1081
-0.09014
-0.08872
-0.10732
-0.10164
-0.09894
-0.10642
-0.09902
-0.09314
-0.09634
-0.09308
-0.10098
-0.10254
-0.09892
-0.10098
-0.0958
-0.08538
-0.0918
-0.09686
-0.10272
-0.0992
-0.09072
-0.0904
-0.09644
-0.098
-0.09652
-0.10026
-0.09972
-0.10312
-0.09554
-0.09468
-0.09494
-0.09762
-0.09262
-0.0936
-0.11214
-0.1065
-0.09444
-0.08098
-0.09174
-0.10016
-0.09326
-0.10276
-0.1001
-0.09878
-0.09532
-0.10382
-0.0943
-0.10428
-0.09138
-0.10624
-0.09882
-0.1025
-0.09416
-0.09858
-0.10252
-0.0895
-0.10558
-0.09842
-0.0959
-0.0967
-0.10102
-0.10582
-0.10254
-0.0981
-0.10504
-0.09962
-0.09922
-0.08862
-0.09818
-0.10188
-0.08792
-0.1007
-0.09606
-0.0993
-0.10078
-0.10136
-0.09222
-0.10544
-0.1016
-0.10812
-0.09656
-0.10104
-0.09796
-0.10574
-0.10092
-0.09732
-0.09322
-0.10382
-0.10862
-0.11268
-0.0969
-0.10004
-0.10558
-0.10018
-0.09692
-0.0958
-0.0881
-0.09552
-0.10456
-0.08856
-0.09546
-0.10008
-0.10022
-0.09924
-0.09482
-0.09578
-0.09092
-0.0911
-0.09248
-0.09764
-0.0904
-0.08822
-0.09556
-0.1099
-0.11228
-0.09554
-0.09436
-0.08918
-0.09672
-0.1028
-0.11698
-0.09764
-0.09552
-0.09718
-0.09298
-0.08914
-0.09916
-0.09218
-0.10028
-0.09668
-0.09702
-0.08952
-0.0979
-0.09288
-0.09
-0.08426
-0.10042
-0.08642
-0.09302
-0.09574
-0.09276
-0.09142
-0.09596
-0.08978
-0.10426
-0.0976
-0.10384
-0.09862
-0.09326
-0.10108
-0.09422
-0.0972
-0.10204
-0.09866
-0.09362
-0.09652
-0.09214
-0.09606
-0.10134
-0.08964
-0.1094
-0.09676
-0.08554
-0.10114
-0.11152
-0.0993
-0.0924
-0.0947
-0.102
-0.0896
-0.09718
-0.10084
-0.10784
-0.10074
-0.09258
-0.09022
-0.101
-0.09568
-0.10514
-0.1022
-0.09386
-0.1008
-0.09516
-0.09462
-0.09398
-0.10242
-0.09996
-0.09738
-0.10908
-0.09548
-0.09886
-0.10166
-0.11214
-0.0981
-0.09484
-0.10448
-0.09846
-0.10944
-0.0992
-0.0996
-0.08852
-0.1043
-0.08942
-0.10032
-0.09592
-0.09558
-0.08078
-0.10352
-0.10528
-0.10674
-0.10238
-0.10418
-0.10086
-0.11024
-0.1066
-0.09782
-0.09838
-0.09868
-0.09774
-0.099
-0.09808
-0.09386
-0.10268
-0.10186
-0.08466
-0.10018
-0.10128
-0.10868
-0.09596
-0.10752
-0.10258
-0.09994
-0.10194
-0.10012
-0.1005
-0.09834
-0.09788
-0.08662
-0.09216
-0.09352
-0.09266
-0.10084
-0.09222
-0.1026
-0.08896
-0.09228
-0.107
-0.10288
-0.0975
-0.08488
-0.09314
-0.09968
-0.099
-0.09998
-0.09542
-0.09688
-0.08884
-0.09128
-0.09652
-0.09766
-0.1024
-0.10358
-0.09542
-0.09944
-0.07674
-0.08782
-0.09698
-0.10272
-0.09776
-0.09988
-0.09564
-0.10294
-0.08524
-0.09752
-0.09652
-0.1004
-0.10608
-0.11354
-0.10476
-0.08234
-0.10422
-0.10662
-0.08868
-0.08272
-0.09878
-0.09554
-0.09788
-0.09236
-0.09474
-0.10134
-0.09294
-0.09924
-0.10144
-0.10224
-0.09088
-0.09414
-0.0902
-0.08694
-0.0966
-0.10202
-0.10366
-0.11454
-0.09664
-0.09394
-0.09596
-0.08742
-0.10368
-0.0992
-0.10314
-0.1047
-0.1025
-0.08804
-0.10102
-0.11
-0.09632
-0.092
-0.0986
-0.09846
-0.10944
-0.09592
-0.09874
-0.10694
-0.09866
-0.09926
-0.1019
-0.10076
-0.10608
-0.10176
-0.0998
-0.10626
-0.09046
-0.09136
-0.10042
-0.09518
-0.11222
-0.11144
-0.0874
-0.09132
-0.10792
-0.10368
-0.09024
-0.09776
-0.0979
-0.0853
-0.09778
-0.1011
-0.0995
-0.1146
-0.0964
-0.0976
-0.10954
-0.10286
-0.10632
-0.09952
-0.09486
-0.09644
-0.09848
-0.10316
-0.10336
-0.10328
-0.09108
-0.09098
-0.09112
-0.09106
-0.10572
-0.09994
-0.09754
-0.09262
-0.098
-0.09338
-0.07804
-0.09088
-0.1062
-0.0908
-0.0923
-0.10418
-0.1011
-0.09814
-0.10014
-0.10896
-0.09776
-0.09752
-0.09906
-0.08916
-0.08628
-0.08284
-0.09308
-0.09466
-0.09246
-0.0922
-0.1011
-0.09226
-0.0996
-0.10002
-0.09552
-0.10338
-0.10842
-0.0977
-0.09642
-0.1111
-0.10682
-0.1038
-0.09854
-0.10416
-0.10378
-0.10128
-0.11032
-0.09596
-0.10382
-0.09656
-0.09534
-0.0997
-0.0996
-0.10046
-0.11176
-0.0989
-0.10408
-0.10514
-0.08636
-0.08792
-0.094
-0.10156
-0.09756
-0.09708
-0.09638
-0.09534
-0.1068
-0.10226
-0.09008
-0.10836
-0.11046
-0.09794
-0.11352
-0.09876
-0.09604
-0.09098
-0.09954
-0.10362
-0.0917
-0.10222
-0.09856
-0.10394
-0.09626
-0.09458
-0.09692
-0.10308
-0.10502
-0.10142
-0.10528
-0.09716
-0.09922
-0.1032
-0.1011
-0.09804
-0.10466
-0.09668
-0.09666
-0.09702
-0.09532
-0.09174
-0.09948
-0.09886
-0.10052
-0.09642
-0.08608
-0.09088
-0.10052
-0.10188
-0.10654
-0.09982
-0.09504
-0.1008
-0.10528
-0.1054
-0.10094
-0.09908
-0.09498
-0.1148
-0.10538
-0.09762
-0.10562
-0.08136
-0.09506
-0.09354
-0.09328
-0.09282
-0.09342
-0.09114
-0.10014
-0.0994
-0.09276
-0.09436
-0.10082
-0.09034
-0.09326
-0.09082
-0.09428
-0.10086
-0.11052
-0.09282
-0.0887
-0.0882
-0.0996
-0.08664
-0.0892
-0.09842
-0.093
-0.08662
-0.10562
-0.1025
-0.09906
-0.1001
-0.09186
-0.09902
-0.09164
-0.09638
-0.09196
-0.10214
-0.09506
-0.10234
-0.09984
-0.11166
-0.09986
-0.10392
-0.1077
-0.09156
-0.10174
-0.10236
-0.09286
-0.08598
-0.09514
-0.09948
-0.09996
-0.1012
-0.10684
-0.09902
-0.10978
-0.112
-0.10408
-0.10798
-0.09836
-0.09352
-0.10734
-0.09494
-0.1143
-0.09494
-0.089
-0.11068
-0.09802
-0.08922
-0.10098
-0.11488
-0.09558
-0.09632
-0.09884
-0.10302
-0.08926
-0.09462
-0.09498
-0.0986
-0.10102
-0.0993
-0.0941
-0.09704
-0.10074
-0.09428
-0.09614
-0.09236
-0.08674
-0.10374
-0.11266
-0.10288
-0.09528
-0.08554
-0.08744
-0.09854
-0.09884
-0.09526
-0.10464
-0.0912
-0.10082
-0.10062
-0.09676
-0.09892
-0.10064
-0.10122
-0.10196
-0.10166
-0.10516
-0.09458
-0.09756
-0.09858
-0.09094
-0.0933
-0.09014
-0.10894
-0.10788
-0.11018
-0.09154
-0.09674
-0.09474
-0.09696
-0.10068
-0.08512
-0.09222
-0.0919
-0.0965
-0.0937
-0.08456
-0.08444
-0.10204
-0.09184
-0.08384
-0.09586
-0.10752
-0.09606
-0.10308
-0.10912
-0.09326
-0.09936
-0.10122
-0.09524
-0.09622
-0.10092
-0.10676
-0.1021
-0.10686
-0.09786
-0.08606
-0.10742
-0.09228
-0.08952
-0.0771
-0.10038
-0.10072
-0.10934
-0.1093
-0.1021
-0.09922
-0.09808
-0.10426
-0.09428
-0.10622
-0.09654
-0.10796
-0.09664
-0.09112
-0.09966
-0.0972
-0.09408
-0.09668
-0.09754
-0.09502
-0.08676
-0.09948
-0.10734
-0.09076
-0.09922
-0.09484
-0.10444
-0.10228
-0.09748
-0.10202
-0.0921
-0.0948
-0.10486
-0.1074
-0.09496
-0.09184
-0.10272
-0.09082
-0.09524
-0.08974
-0.1
-0.10314
-0.10804
-0.08558
-0.09648
-0.09498
-0.09096
-0.08218
-0.09332
-0.09972
-0.10376
-0.0903
-0.09292
-0.0817
-0.08728
-0.10472
-0.09464
-0.10078
-0.0856
-0.09302
-0.09254
-0.08986
-0.10628
-0.1024
-0.09202
-0.09708
-0.10898
-0.09406
-0.0904
-0.0993
-0.09924
-0.09612
-0.0949
-0.08912
-0.1129
-0.10132
-0.10436
-0.10118
-0.10038
-0.08954
-0.09214
-0.10326
-0.09646
-0.0987
-0.09152
-0.09402
-0.09954
-0.09694
-0.10428
-0.09802
-0.0968
-0.11592
-0.10298
-0.08832
-0.09856
-0.09564
-0.09338
-0.0968
-0.0978
-0.0984
-0.1002
-0.0919
-0.08304
-0.0902
-0.09674
-0.09674
-0.08388
-0.09812
-0.091
-0.09894
-0.09662
-0.1024
-0.10428
-0.10612
-0.10338
-0.09484
-0.09296
-0.11516
-0.0882
-0.105
-0.09866
-0.09212
-0.0991
-0.09606
-0.104
-0.10368
-0.09748
-0.09262
-0.0947
-0.09348
-0.09978
-0.10228
-0.09922
-0.10772
-0.10206
-0.08508
-0.0843
-0.09362
-0.10638
-0.10102
-0.09608
-0.0967
-0.09776
-0.10838
-0.09364
-0.08858
-0.09676
-0.10632
-0.10524
-0.10538
-0.11174
-0.10746
-0.10282
-0.09456
-0.09226
-0.09428
-0.09306
-0.08904
-0.09792
-0.09588
-0.09654
-0.0888
-0.09088
-0.09356
-0.09778
-0.09558
-0.10074
-0.09894
-0.10654
-0.09432
-0.10106
-0.10264
-0.10954
-0.10266
-0.10002
-0.10342
-0.10484
-0.10172
-0.10556
-0.10238
-0.08944
-0.0934
-0.0935
-0.1004
-0.10194
-0.10476
-0.1022
-0.09546
-0.08578
-0.09486
-0.10022
-0.10038
-0.0983
-0.10066
-0.09664
-0.09378
-0.09052
-0.10104
-0.1051
-0.10416
-0.09776
-0.09842
-0.10012
-0.10526
-0.10474
-0.10542
-0.10232
-0.0925
-0.09798
-0.10028
-0.10006
-0.10736
-0.10994
-0.09482
-0.10514
-0.09562
-0.10384
-0.0873
-0.09646
-0.09656
-0.10046
-0.10096
-0.09968
-0.09892
-0.08662
-0.10274
-0.0928
-0.09338
-0.10658
-0.10326
-0.09884
-0.08566
-0.09628
-0.10046
-0.0948
-0.1111
-0.09794
-0.09284
-0.09946
-0.1148
-0.09828
-0.0961
-0.09992
-0.09538
-0.1018
-0.0969
-0.10226
-0.09392
-0.10216
-0.09768
-0.09898
-0.10406
-0.09752
-0.10278
-0.09618
-0.0982
-0.0981
-0.08648
-0.0968
-0.09028
-0.09702
-0.10154
-0.10648
-0.10746
-0.09918
-0.09196
-0.09444
-0.10566
-0.10368
-0.0959
-0.09858
-0.10698
-0.10198
-0.08848
-0.10462
-0.1054
-0.09704
-0.10402
-0.1024
-0.10258
-0.1086
-0.10336
-0.10508
-0.09692
-0.0949
-0.10742
-0.10958
-0.10196
-0.09812
-0.09286
-0.09746
-0.10208
-0.09522
-0.1035
-0.09036
-0.09772
-0.09558
-0.0864
-0.09536
-0.09662
-0.11296
-0.10398
-0.09562
-0.08818
-0.10122
-0.09688
-0.09664
-0.08034
-0.09696
-0.10056
-0.0924
-0.09386
-0.1112
-0.10306
-0.10586
-0.09768
-0.10088
-0.0948
-0.11172
-0.09824
-0.09536
-0.0916
-0.09002
-0.10182
-0.09266
-0.09252
-0.10398
-0.09468
-0.0981
-0.09652
-0.1042
-0.10054
-0.08876
-0.0999
-0.09292
-0.09408
-0.09844
-0.0988
-0.09644
-0.101
-0.08878
-0.10058
-0.10564
-0.09672
-0.10754
-0.1028
-0.10146
-0.09892
-0.09202
-0.09404
-0.1039
-0.09004
-0.09134
-0.08498
-0.08728
-0.09832
-0.09026
-0.09328
-0.09818
-0.09694
-0.10188
-0.10224
-0.098
-0.0861
-0.10236
-0.09672
-0.09642
-0.09096
-0.1075
-0.10416
-0.0978
-0.09604
-0.10324
-0.09392
-0.10086
-0.103
-0.0973
-0.09938
-0.08992
-0.09224
-0.10172
-0.09798
-0.09928
-0.10192
-0.0908
-0.08452
-0.10882
-0.09536
-0.09794
-0.09464
-0.09394
-0.09448
-0.09106
-0.08742
-0.10086
-0.08636
-0.09992
-0.10112
-0.08972
-0.0977
-0.1035
-0.08956
-0.10502
-0.1005
-0.08746
-0.10232
-0.10254
-0.09346
-0.1004
-0.10536
-0.09498
-0.08686
-0.1013
-0.0897
-0.08558
-0.09994
-0.09274
-0.09066
-0.09478
-0.09396
-0.09318
-0.0933
-0.09912
-0.10356
-0.1046
-0.10122
-0.10112
-0.08664
-0.1051
-0.0968
-0.10434
-0.10312
-0.10076
-0.1044
-0.10262
-0.10332
-0.09314
-0.09396
-0.0959
-0.0961
-0.09662
-0.0908
-0.08976
-0.11326
-0.09872
-0.09424
-0.09266
-0.08182
-0.10568
-0.10236
-0.10034
-0.0944
-0.11256
-0.09728
-0.07826
-0.08838
-0.08878
-0.09204
-0.08392
-0.0908
-0.09872
-0.09904
-0.10148
-0.09552
-0.09722
-0.0949
-0.1056
-0.11466
-0.09518
-0.09384
-0.09574
-0.09632
-0.09494
-0.0998
-0.09458
-0.08736
-0.10236
-0.08872
-0.10024
-0.097
-0.09236
-0.10044
-0.09426
-0.098
-0.1079
-0.105
-0.09334
-0.09386
-0.0962
-0.09984
-0.10066
-0.09558
-0.09066
-0.08686
-0.0928
-0.10966
-0.10402
-0.09372
-0.09934
-0.09938
-0.10002
-0.0976
-0.09956
-0.10846
-0.0921
-0.09722
-0.10176
-0.1031
-0.10088
-0.09738
-0.10008
-0.10188
-0.09704
-0.11096
-0.09938
-0.09886
-0.1019
-0.10196
-0.09144
-0.09604
-0.10224
-0.09864
-0.10016
-0.10058
-0.10152
-0.10056
-0.10714
-0.0907
-0.09404
-0.09404
-0.09818
-0.0904
-0.10696
-0.09264
-0.09866
-0.10166
-0.10376
-0.09284
-0.10922
-0.09388
-0.09304
-0.09348
-0.08896
-0.0913
-0.09656
-0.0949
-0.0934
-0.11444
-0.09324
-0.0992
-0.11064
-0.10112
-0.09486
-0.10982
-0.09746
-0.094
-0.10054
-0.09676
-0.1058
-0.10194
-0.08922
-0.09904
-0.0954
-0.09374
-0.09394
-0.1055
-0.10552
-0.08814
-0.10014
-0.0996
-0.09604
-0.0847
-0.11124
-0.09444
-0.0889
-0.10306
-0.10756
-0.10756
-0.10206
-0.09552
-0.09342
-0.10328
-0.088
-0.09978
-0.10126
-0.08732
-0.10672
-0.09668
-0.09256
-0.09606
-0.0965
-0.09202
-0.09438
-0.09578
-0.09682
-0.09876
-0.10522
-0.09796
-0.0944
-0.09914
-0.10664
-0.1033
-0.08628
-0.10276
-0.11296
-0.11558
-0.10406
-0.09006
-0.08396
-0.08528
-0.07848
-0.09652
-0.08666
-0.09554
-0.10302
-0.09796
-0.10696
-0.09422
-0.10042
-0.09168
-0.08554
-0.09906
-0.09984
-0.10856
-0.09954
-0.10208
-0.08348
-0.10136
-0.10254
-0.10452
-0.09464
-0.09168
-0.09586
-0.09672
-0.09348
-0.11384
-0.10846
-0.10256
-0.08294
-0.09446
-0.0951
-0.09774
-0.09708
-0.09988
-0.10582
-0.10064
-0.09936
-0.10098
-0.09506
-0.1097
-0.09242
-0.10832
-0.1046
-0.1047
-0.09826
-0.09594
-0.10116
-0.0957
-0.09662
-0.10014
-0.09292
-0.09428
-0.09306
-0.08104
-0.09232
-0.09782
-0.09404
-0.10204
-0.1063
-0.10576
-0.09514
-0.10226
-0.09368
-0.09036
-0.0931
-0.09488
-0.09258
-0.10934
-0.09982
-0.11054
-0.10836
-0.10476
-0.10014
-0.10356
-0.09372
-0.10276
-0.10068
-0.09718
-0.09322
-0.09548
-0.10626
-0.10688
-0.096
-0.10546
-0.09914
-0.09876
-0.09882
-0.10296
-0.11022
-0.1011
-0.10278
-0.09198
-0.10134
-0.10258
-0.09274
-0.1072
-0.1038
-0.0895
-0.09926
-0.09528
-0.09432
-0.10624
-0.10152
-0.10256
-0.10542
-0.10294
-0.10874
-0.10728
-0.09896
-0.10016
-0.08626
-0.1015
-0.10754
-0.10114
-0.10938
-0.09704
-0.08834
-0.11
-0.10238
-0.09316
-0.09114
-0.08746
-0.09492
-0.09222
-0.10572
-0.10474
-0.09436
-0.10408
-0.10836
-0.09658
-0.09526
-0.09282
-0.10602
-0.1006
-0.07888
-0.09068
-0.10076
-0.08134
-0.08976
-0.1001
-0.10282
-0.09656
-0.1042
-0.09172
-0.09226
-0.10098
-0.1075
-0.09714
-0.0968
-0.11444
-0.1059
-0.10018
-0.10222
-0.09262
-0.10658
-0.09818
-0.0977
-0.09132
-0.10286
-0.09426
-0.0886
-0.09716
-0.10886
-0.09936
-0.1103
-0.10554
-0.11152
-0.1131
-0.0951
-0.09498
-0.08888
-0.09522
-0.1044
-0.0986
-0.09946
-0.10638
-0.10172
-0.09528
-0.09458
-0.10652
-0.096
-0.1065
-0.10148
-0.0925
-0.0975
-0.10444
-0.10276
-0.0976
-0.10338
-0.10468
-0.09338
-0.0904
-0.08284
-0.09972
-0.10662
-0.09638
-0.08848
-0.09764
-0.11044
-0.10022
-0.1001
-0.0963
-0.10254
-0.096
-0.10076
-0.0879
-0.09934
-0.09906
-0.09236
-0.10698
-0.09052
-0.11106
-0.09454
-0.0913
-0.10186
-0.09614
-0.09124
-0.09194
-0.095
-0.09858
-0.09102
-0.09638
-0.09866
-0.10208
-0.09116
-0.08934
-0.09184
-0.0973
-0.09116
-0.10074
-0.1068
-0.10338
-0.10262
-0.09592
-0.10588
-0.08946
-0.10058
-0.10378
-0.09444
-0.10188
-0.09846
-0.10766
