0.67096
0.67416
0.67026
0.66754
0.67212
0.66526
0.66932
0.6559
0.6629
0.67226
0.67184
0.67562
0.65856
0.66646
0.67398
0.663
0.67238
0.66724
0.67274
0.66964
0.66736
0.67028
0.6703
0.67564
0.66842
0.6714
0.66814
0.66512
0.67316
0.67454
0.66094
0.66074
0.6742
0.66946
0.66868
0.67376
0.6617
0.66708
0.67094
0.67054
0.6649
0.66322
0.67092
0.67248
0.66422
0.66498
0.6715
0.66954
0.67294
0.66622
0.67318
0.67264
0.66712
0.67046
0.66992
0.6696
0.68186
0.67374
0.66894
0.66998
0.66956
0.66656
0.6673
0.66506
0.6733
0.6696
0.67602
0.67032
0.67226
0.6698
0.6717
0.6625
0.67214
0.67456
0.67026
0.6714
0.66862
0.67588
0.67238
0.67498
0.6763
0.66844
0.67074
0.66124
0.66742
0.66568
0.66834
0.67892
0.66966
0.67622
0.66748
0.67236
0.67406
0.67316
0.6695
0.67802
0.6722
0.674
0.66472
0.6744
0.6742
0.6743
0.66594
0.67014
0.67068
0.67302
0.66836
0.67392
0.67602
0.67598
0.67492
0.6782
0.66916
0.66926
0.68052
0.67016
0.68068
0.67688
0.66938
0.66736
0.66926
0.66832
0.67046
0.65802
0.6686
0.66104
0.6725
0.67916
0.66692
0.66928
0.67054
0.67788
0.67138
0.66664
0.67198
0.67388
0.67206
0.66394
0.6662
0.675
0.67678
0.665
0.66562
0.6621
0.67228
0.66606
0.66528
0.66584
0.6655
0.67144
0.67222
0.67178
0.664
0.67102
0.66962
0.6678
0.6656
0.67982
0.67596
0.67118
0.67654
0.66836
0.66802
0.66628
0.6787
0.67208
0.67262
0.6715
0.66246
0.66934
0.66802
0.67452
0.67674
0.67012
0.66806
0.67012
0.66782
0.6702
0.66528
0.66402
0.6605
0.6706
0.6707
0.66696
0.66852
0.66636
0.66856
0.66908
0.66964
0.67296
0.6702
0.66602
0.67198
0.67088
0.66824
0.66304
0.67006
0.67138
0.67696
0.6748
0.6664
0.66984
0.67248
0.67604
0.67122
0.67432
0.67826
0.66554
0.67342
0.66316
0.66132
0.66064
0.6669
0.6654
0.67148
0.6713
0.67226
0.6707
0.6729
0.67632
0.6734
0.66954
0.6726
0.6717
0.66666
0.67378
0.67066
0.67232
0.68326
0.66582
0.6686
0.67678
0.67228
0.66684
0.66872
0.67116
0.67656
0.67372
0.66854
0.67396
0.67316
0.6692
0.67034
0.66614
0.67506
0.66474
0.67046
0.66864
0.6699
0.6665
0.67576
0.67166
0.66844
0.67766
0.66984
0.6667
0.66704
0.67176
0.66604
0.67118
0.67502
0.67572
0.67074
0.67736
0.67404
0.67138
0.66492
0.67148
0.67252
0.67666
0.675
0.67078
0.67062
0.67
0.66576
0.67054
0.6682
0.668
0.66948
0.66336
0.67744
0.67102
0.66622
0.6699
0.66788
0.66784
0.6714
0.66694
0.6684
0.6697
0.67368
0.6808
0.6748
0.6611
0.66764
0.67924
0.67348
0.67372
0.67642
0.66248
0.67272
0.66348
0.66824
0.66676
0.66578
0.67162
0.66666
0.66608
0.66874
0.67278
0.67198
0.65844
0.66784
0.66972
0.67178
0.66822
0.66598
0.66844
0.66678
0.67592
0.66478
0.67238
0.66878
0.66948
0.669
0.66618
0.67254
0.67738
0.66138
0.66602
0.66552
0.6633
0.66806
0.67124
0.67234
0.67802
0.67396
0.6674
0.67488
0.66652
0.67928
0.66284
0.66602
0.67528
0.67128
0.67282
0.67042
0.67506
0.66768
0.66928
0.67396
0.6714
0.6729
0.67654
0.6733
0.67272
0.67492
0.66574
0.66712
0.66242
0.67128
0.6697
0.66992
0.6647
0.67534
0.67118
0.67056
0.67304
0.67308
0.66902
0.66862
0.67862
0.6702
0.67234
0.66886
0.67506
0.6693
0.67776
0.66982
0.6761
0.68082
0.67738
0.6722
0.6678
0.66388
0.66574
0.6786
0.67128
0.6702
0.67356
0.6686
0.6736
0.6722
0.66432
0.6649
0.67238
0.66592
0.67052
0.66902
0.66844
0.66552
0.66858
0.67048
0.67154
0.66804
0.66946
0.66956
0.66162
0.67502
0.67934
0.67064
0.66782
0.66648
0.66732
0.6647
0.6581
0.66824
0.67432
0.66568
0.67114
0.67136
0.676
0.66498
0.68406
0.67346
0.67106
0.6774
0.6681
0.67128
0.67152
0.66718
0.67704
0.6696
0.6673
0.66936
0.669
0.67386
0.67444
0.67864
0.66808
0.67432
0.67576
0.6769
0.6731
0.66678
0.65922
0.66248
0.66788
0.6802
0.67026
0.67682
0.67446
0.67782
0.66256
0.6662
0.66894
0.66526
0.65918
0.66296
0.67606
0.66434
0.6673
0.66828
0.66642
0.66756
0.67194
0.67
0.66876
0.674
0.66476
0.67084
0.67016
0.67712
0.67092
0.6683
0.67038
0.67006
0.6782
0.6738
0.66528
0.66848
0.66976
0.67416
0.67154
0.67028
0.66664
0.6744
0.66756
0.6757
0.67124
0.672
0.67516
0.67064
0.67126
0.67318
0.67288
0.67154
0.6676
0.6696
0.66932
0.67376
0.66636
0.66302
0.66942
0.67044
0.66962
0.6641
0.6706
0.66992
0.66632
0.6731
0.6712
0.67076
0.67702
0.67248
0.6726
0.66564
0.66912
0.66808
0.67568
0.66158
0.66622
0.67116
0.66688
0.67272
0.6719
0.66448
0.66322
0.66874
0.66368
0.67228
0.66624
0.67006
0.67854
0.67234
0.67258
0.66878
0.66962
0.6752
0.67514
0.67854
0.67066
0.66736
0.66622
0.66882
0.6743
0.66528
0.67226
0.6664
0.67826
0.66934
0.67174
0.67232
0.67066
0.6736
0.6693
0.67214
0.6722
0.67388
0.67198
0.67054
0.6683
0.65838
0.66604
0.665
0.67196
0.67316
0.6722
0.66718
0.67208
0.66872
0.66914
0.66476
0.66996
0.67322
0.67468
0.67776
0.6725
0.6679
0.66906
0.66912
0.66978
0.67584
0.6691
0.66826
0.67428
0.66288
0.67082
0.66818
0.66006
0.6764
0.67322
0.67754
0.66868
0.66574
0.67106
0.67446
0.67728
0.67498
0.67592
0.66964
0.66834
0.67014
0.67374
0.67004
0.6687
0.6653
0.67682
0.66694
0.66868
0.67226
0.66934
0.6723
0.66666
0.67116
0.66578
0.67098
0.66536
0.6703
0.6689
0.66886
0.67748
0.6727
0.67332
0.67636
0.67118
0.66848
0.67492
0.66764
0.67246
0.66578
0.67798
0.67074
0.67762
0.67628
0.66674
0.65912
0.673
0.67826
0.6729
0.67248
0.67552
0.6697
0.66202
0.67142
0.6735
0.67394
0.6703
0.6742
0.67414
0.66286
0.67322
0.6744
0.67036
0.67838
0.66246
0.66774
0.67566
0.67642
0.67604
0.67058
0.67302
0.67598
0.66988
0.66914
0.67216
0.67662
0.66854
0.66304
0.67188
0.66948
0.67306
0.66652
0.67238
0.66764
0.67362
0.6684
0.67612
0.67092
0.67152
0.67224
0.67198
0.67106
0.66502
0.6634
0.67186
0.67066
0.6703
0.6742
0.67094
0.67172
0.67838
0.66814
0.66836
0.67052
0.6805
0.67296
0.66852
0.67254
0.66926
0.67132
0.6672
0.67044
0.66796
0.66814
0.67644
0.6707
0.6727
0.67248
0.67054
0.66538
0.67076
0.67002
0.67896
0.66134
0.66736
0.67564
0.67158
0.67068
0.6729
0.66464
0.67864
0.67678
0.67618
0.67246
0.67256
0.6685
0.67702
0.67076
0.66638
0.66612
0.667
0.67836
0.66988
0.66618
0.67152
0.66768
0.66924
0.66466
0.66088
0.66906
0.67036
0.66322
0.676
0.67348
0.66754
0.67594
0.68072
0.66898
0.66676
0.67574
0.6699
0.6714
0.67436
0.6658
0.6636
0.6637
0.66862
0.66824
0.67266
0.6642
0.6721
0.66662
0.67036
0.66902
0.66688
0.67274
0.67458
0.66926
0.6736
0.67588
0.67188
0.66612
0.66944
0.66728
0.6637
0.66656
0.67782
0.6713
0.67484
0.67588
0.6756
0.67332
0.67424
0.66742
0.66288
0.66488
0.6596
0.66066
0.6636
0.65994
0.66804
0.67868
0.66716
0.6691
0.66498
0.67012
0.67104
0.66836
0.66484
0.66262
0.66512
0.66242
0.67094
0.66166
0.65702
0.67542
0.66664
0.6684
0.65878
0.67646
0.6677
0.67338
0.66598
0.66888
0.67212
0.66448
0.6688
0.67366
0.67954
0.66684
0.66916
0.67502
0.66814
0.66578
0.67072
0.67174
0.67156
0.67008
0.6741
0.66706
0.67124
0.6682
0.66364
0.66598
0.67442
0.6675
0.66276
0.66988
0.66388
0.6708
0.66882
0.6766
0.67854
0.6732
0.66938
0.6744
0.67146
0.67198
0.66724
0.66262
0.66574
0.67044
0.67158
0.675
0.67756
0.6716
0.6641
0.6751
0.66998
0.66532
0.67078
0.67396
0.67234
0.6652
0.67378
0.67026
0.66748
0.67628
0.66872
0.67584
0.66764
0.66984
0.6706
0.67536
0.67486
0.66978
0.67762
0.67846
0.6704
0.66806
0.66724
0.6701
0.67278
0.67486
0.6704
0.6676
0.66574
0.67348
0.67252
0.67246
0.67058
0.6658
0.66432
0.66672
0.6722
0.67074
0.66676
0.67148
0.66812
0.6711
0.66938
0.66722
0.6708
0.67124
0.6739
0.66686
0.67042
0.67142
0.67006
0.67716
0.67114
0.6706
0.6732
0.6693
0.67834
0.66862
0.66488
0.67362
0.6653
0.66744
0.67208
0.67226
0.66966
0.67692
0.67464
0.67212
0.67144
0.67182
0.66636
0.67462
0.66998
0.6723
0.66678
0.66842
0.66994
0.6631
0.67036
0.67328
0.6729
0.67632
0.6675
0.6718
0.66938
0.67028
0.66132
0.6728
0.67084
0.66594
0.67146
0.67154
0.67016
0.66624
0.66744
0.67472
0.6689
0.6683
0.66888
0.66688
0.67164
0.66934
0.6725
0.67002
0.66184
0.6659
0.67632
0.67178
0.6778
0.67338
0.67408
0.66898
0.66804
0.6732
0.67342
0.67614
0.67142
0.67138
0.67212
0.66216
0.67974
0.6747
0.66784
0.6713
0.6712
0.6717
0.66866
0.67278
0.67292
0.66724
0.6689
0.67028
0.67012
0.67082
0.66846
0.66598
0.6671
0.66634
0.67482
0.6666
0.66326
0.67102
0.67448
0.67122
0.66778
0.66762
0.6727
0.66912
0.67556
0.67972
0.66852
0.67138
0.67266
0.66806
0.67224
0.6712
0.66894
0.67384
0.6684
0.66582
0.6665
0.67664
0.6689
0.66856
0.66376
0.66198
0.66392
0.67048
0.66888
0.6706
0.67454
0.67392
0.6729
0.67072
0.67356
0.6632
0.66558
0.67202
0.67326
0.67662
0.67292
0.67364
0.67618
0.6674
0.66404
0.6707
0.66654
0.6711
0.66736
0.67134
0.66624
0.6648
0.67092
0.6659
0.66722
0.66912
0.67056
0.6678
0.66814
0.66456
0.67394
0.6758
0.66998
0.66726
0.67238
0.67902
0.66544
0.67884
0.67168
0.6651
0.67326
0.66924
0.67302
0.67172
0.66466
0.6674
0.67308
0.66674
0.6757
0.66994
0.67764
0.6699
0.66374
0.66726
0.6772
0.67832
0.67296
0.67064
0.67048
0.67064
0.67134
0.66364
0.67202
0.66798
0.67022
0.67696
0.67472
0.66388
0.66154
0.67018
0.67404
0.66306
0.66714
0.68128
0.66496
0.67052
0.66486
0.66716
0.66528
0.67192
0.6673
0.67478
0.67168
0.67614
0.6692
0.67258
0.67822
0.67046
0.66886
0.66612
0.66686
0.66532
0.67148
0.67856
0.67026
0.66768
0.66902
0.6757
0.66358
0.66468
0.66898
0.66388
0.6668
0.67156
0.65732
0.66914
0.66712
0.67206
0.66858
0.67522
0.67772
0.6717
0.6779
0.67582
0.67288
0.66946
0.67664
0.66698
0.66392
0.6696
0.6695
0.67062
0.6713
0.6772
0.67048
0.67618
0.67018
0.67474
0.67152
0.6733
0.67598
0.6743
0.67254
0.66856
0.67208
0.66874
0.67638
0.66922
0.6697
0.66884
0.6719
0.66872
0.67124
0.6762
0.67348
0.67426
0.66608
0.67146
0.6679
0.66356
0.6617
0.67086
0.67116
0.66256
0.66154
0.67962
0.67038
0.67846
0.6732
0.66812
0.66626
0.66454
0.67216
0.67074
0.67298
0.67724
0.671
0.6658
0.66824
0.67092
0.66652
0.67524
0.66826
0.66982
0.67396
0.66796
0.66758
0.6727
0.67288
0.68056
0.67674
0.67502
0.6739
0.67076
0.66532
0.66794
0.67154
0.6793
0.66492
0.66836
0.67328
0.67212
0.67002
0.66998
0.67342
0.66914
0.66788
0.67288
0.6698
0.66886
0.6684
0.67018
0.67688
0.67228
0.67404
0.67624
0.66714
0.67064
0.66964
0.67838
0.67504
0.67116
0.66474
0.6782
0.67304
0.67628
0.668
0.67292
0.66994
0.66882
0.67288
0.66928
0.66768
0.6666
0.66634
0.67054
0.66938
0.66998
0.66976
0.67234
0.67056
0.66644
0.66948
0.66628
0.67712
0.66968
0.6706
0.66636
0.67258
0.66806
0.66924
0.66924
0.66298
0.67488
0.6658
0.66938
0.66726
0.67068
0.66634
0.66156
0.67138
0.67376
0.66512
0.66968
0.67922
0.667
0.6707
0.67298
0.67172
0.6697
0.6739
0.66906
0.67374
0.66472
0.67414
0.67026
0.6706
0.67466
0.6675
0.66408
0.6733
0.67712
0.6731
0.66926
0.67174
0.67742
0.6726
0.67418
0.66272
0.6697
0.66318
0.6732
0.66998
0.67276
0.66946
0.67068
0.67434
0.66428
0.6687
0.66762
0.67844
0.66708
0.6721
0.6719
0.67302
0.66572
0.66438
0.67322
0.67272
0.66794
0.66788
0.6707
0.6724
0.66352
0.66546
0.66172
0.67054
0.66926
0.67344
0.67686
0.67124
0.67058
0.66412
0.67326
0.66482
0.67112
0.66876
0.67034
0.66954
0.6669
0.6689
0.67364
0.66568
0.66848
0.6694
0.66852
0.66816
0.66626
0.67592
0.66252
0.66672
0.6727
0.67002
0.65704
0.66298
0.66982
0.66272
0.66562
0.67498
0.6713
0.66838
0.6719
0.6732
0.666
0.66712
0.67274
0.67084
0.66476
0.6678
0.67798
0.67856
0.66838
0.67768
0.6677
0.66908
0.6687
0.6667
0.657
0.67956
0.66154
0.66944
0.67928
0.6702
0.66774
0.66684
0.67056
0.6701
0.67066
0.66792
0.6715
0.67042
0.67544
0.67648
0.66772
0.66696
0.67122
0.66684
0.67222
0.67182
0.67104
0.66486
0.6715
0.6717
0.6694
0.67454
0.66866
0.66854
0.67522
0.67174
0.66984
0.6692
0.66592
0.66682
0.6726
0.67874
0.67516
0.67344
0.67256
0.67614
0.67748
0.67402
0.6732
0.67512
0.65828
0.67242
0.66182
0.67262
0.67274
0.68278
0.67258
0.66888
0.66814
0.66476
0.67104
0.66874
0.67314
0.67116
0.6654
0.66804
0.67222
0.67196
0.67916
0.6763
0.67754
0.67554
0.66628
0.67226
0.66952
0.66716
0.66796
0.66718
0.67284
0.66578
0.66346
0.67128
0.67268
0.67144
0.67334
0.66278
0.6614
0.67356
0.67474
0.67322
0.67418
0.67356
0.67556
0.66778
0.66626
0.66692
0.6668
0.67424
0.67434
0.66504
0.67046
0.67028
0.67276
0.67538
0.67138
0.67794
0.6649
0.6672
0.66782
0.66342
0.67004
0.66668
0.66946
0.68122
0.6666
0.67406
0.67232
0.67554
0.666
0.66776
0.66206
0.677
0.66936
0.667
0.67182
0.66306
0.66834
0.68138
0.6827
0.66758
0.66428
0.67194
0.66582
0.66972
0.66804
0.6741
0.67896
0.66822
0.66704
0.67222
0.66724
0.67066
0.67402
0.6675
0.66262
0.65958
0.66782
0.6723
0.6722
0.67712
0.67482
0.67516
0.66408
0.67242
0.66952
0.66656
0.66938
0.67282
0.66634
0.66484
0.66896
0.66754
0.66976
0.66978
0.66864
0.67438
0.67152
0.672
0.67078
0.66876
0.67184
0.6635
0.67198
0.67756
0.6696
0.66544
0.66798
0.67524
0.6666
0.67772
0.67446
0.6659
0.66796
0.6633
0.66642
0.66824
0.67622
0.67308
0.6756
0.66954
0.67518
0.66768
0.67372
0.67372
0.66582
0.67302
0.67656
0.6734
0.67348
0.67712
0.66804
0.6776
0.66624
0.66324
0.6667
0.67688
0.66996
0.67
0.6684
0.6691
0.6691
0.67408
0.66828
0.66722
0.67248
0.66724
0.67192
0.6692
0.6646
0.66294
0.66524
0.65614
0.67064
0.67406
0.67554
0.6703
0.66672
0.66864
0.67032
0.67058
0.66298
0.6735
0.66884
0.67518
0.66872
0.67612
0.67652
0.66398
0.67348
0.66798
0.66942
0.6749
0.66844
0.6715
0.67264
0.67682
0.66836
0.67488
0.66866
0.67024
0.66838
0.66268
0.6677
0.6648
0.67192
0.67076
0.67964
0.66974
0.66242
0.66378
0.6654
0.66594
0.6743
0.66242
0.66496
0.66922
0.6657
0.66298
0.67324
0.66574
0.67296
0.66794
0.67254
0.67462
0.67412
0.6797
0.67136
0.68038
0.67404
0.66834
0.67822
0.6733
0.68058
0.66294
0.67274
0.67616
0.66874
0.67028
0.6698
0.6646
0.66488
0.67088
0.6748
0.66502
0.67288
0.66816
0.66886
0.67076
0.67044
0.6701
0.6658
0.67438
0.68058
0.67454
0.6668
0.6646
0.67014
0.67182
0.67238
0.66864
0.6747
0.66382
0.67
0.66716
0.67138
0.67238
0.67192
0.6778
0.66228
0.66732
0.66678
0.66476
0.67048
0.6738
0.67354
0.67646
0.67234
0.6782
0.6717
0.66646
0.66562
0.6704
0.67098
0.67
0.66612
0.6722
0.66802
0.67142
0.67236
0.67532
0.66658
0.68068
0.67348
0.66492
0.6687
0.67526
0.67856
0.67262
0.66746
0.67236
0.66934
0.66412
0.66446
0.6659
0.66432
0.67722
0.668
0.67716
0.67284
0.67096
0.66916
0.66814
0.6746
0.67088
0.6776
0.6711
0.67044
0.667
0.6637
0.66594
0.67242
0.66844
0.6684
0.67274
0.66828
0.66838
0.66414
0.66804
0.66888
0.67174
0.67272
0.67096
0.66992
0.66892
0.67094
0.6709
0.67674
0.67496
0.66688
0.67094
0.66584
0.6686
0.66856
0.6674
0.67206
0.67666
0.68086
0.66932
0.6622
0.67696
0.67302
0.67262
0.6727
0.67014
0.66684
0.6717
0.67958
0.6731
0.6794
0.66506
0.67106
0.6679
0.67036
0.66748
0.6673
0.67078
0.67236
0.67392
0.66808
0.6701
0.66602
0.6688
0.67226
0.66828
0.66684
0.66978
0.67196
0.66622
0.669
0.66382
0.67092
0.6671
0.67658
0.67034
0.6651
0.66642
0.66996
0.67592
0.66492
0.66802
0.66864
0.66856
0.6684
0.66498
0.67312
0.67026
0.6714
0.67128
0.67282
0.67008
0.6696
0.67402
0.6669
0.669
0.66776
0.66848
0.67476
0.6697
0.66562
0.66128
0.67082
0.67298
0.6725
0.67742
0.6737
0.6687
0.67578
0.68068
0.66502
0.66682
0.66478
0.67038
0.67476
0.66708
0.66718
0.67466
0.66444
0.6645
0.6668
0.67438
0.67372
0.67312
0.6762
0.66956
0.6689
0.67312
0.67504
0.66966
0.6725
0.67254
0.6667
0.66752
0.6697
0.6699
0.67578
0.67074
0.67598
0.66388
0.6705
0.67844
0.67836
0.67258
0.6743
0.66828
0.66736
0.6755
0.66934
0.674
0.67468
0.6672
0.67006
0.666
0.6746
0.6793
0.6727
0.67064
0.66764
0.67
0.6743
0.67328
0.67024
0.67846
0.6725
0.66318
0.67544
0.67208
0.67242
0.67088
0.66692
0.67802
0.66952
0.67244
0.67106
0.66726
0.66788
0.66964
0.67084
0.66562
0.67782
0.67114
0.6713
0.67526
0.67746
0.67404
0.66938
0.66842
0.67078
0.6783
0.6743
0.666
0.66344
0.66968
0.66888
0.67222
0.6701
0.67786
0.67126
0.67556
0.67458
0.67212
0.66812
0.66684
0.6727
0.66618
0.6716
0.6704
0.67542
0.6659
0.67342
0.6679
0.66504
0.6688
0.66034
0.66758
0.67076
0.67356
0.66696
0.66056
0.66962
0.67288
0.6756
0.68058
0.66656
0.66498
0.673
0.66882
0.67446
0.66396
0.6677
0.67004
0.66464
0.67102
0.67522
0.66494
0.6659
0.66396
0.67452
0.67202
0.66702
0.6759
0.66664
0.67004
0.67604
0.67716
0.66338
0.67144
0.67308
0.66818
0.67562
0.67918
0.6728
0.66904
0.6721
0.67778
0.66826
0.6609
0.66798
0.67134
0.67246
0.67298
0.6688
0.66518
0.66406
0.66742
0.66992
0.67422
0.67404
0.67206
0.66638
0.67626
0.6688
0.6665
0.66576
0.67078
0.68124
0.67334
0.6683
0.65958
0.67076
0.673
0.67558
0.67102
0.66748
0.67774
0.67474
0.67164
0.67006
0.67342
0.67338
0.67594
0.67184
0.66944
0.67212
0.66924
0.66922
0.67404
0.6677
0.67706
0.66554
0.6744
0.66812
0.67372
0.67748
0.6725
0.67218
0.6662
0.6724
0.6707
0.66562
0.6651
0.66942
0.6624
0.66742
0.67032
0.67092
0.67496
0.66922
0.66712
0.66796
0.68086
0.673
0.6777
0.66864
0.66534
0.66786
0.66662
0.67344
0.67218
0.66862
0.6643
0.67108
0.67014
0.67214
0.6753
0.67714
0.6789
0.67008
0.67184
0.67648
0.66644
0.67244
0.66638
0.66844
0.67
0.6695
0.66858
0.67204
0.67074
0.66726
0.66922
0.66826
0.6657
0.66508
0.6786
0.67506
0.66646
0.66474
0.66538
0.66694
0.67192
0.6653
0.67002
0.67136
0.66626
0.67094
0.67182
0.674
0.67046
0.66408
0.66764
0.67396
0.67654
0.66896
0.66818
0.6718
0.67648
0.66742
0.66218
0.66474
0.66354
0.67604
0.6686
0.65992
0.67558
0.67274
0.67166
0.6694
0.67678
0.66264
0.66546
0.67206
0.67212
0.67478
0.66852
0.6708
0.66396
0.67148
0.66794
0.66618
0.66466
0.67186
0.67102
0.67608
0.66916
0.67262
0.67486
0.66432
0.668
0.66252
0.6647
0.6667
0.67262
0.66836
0.6694
0.66742
0.6628
0.66814
0.67164
0.66956
0.67338
0.6675
0.67286
0.6709
0.6646
0.66624
0.6768
0.67022
0.67386
0.66752
0.67196
0.67148
0.67418
0.66676
0.6747
0.66918
0.66438
0.6626
0.67506
0.6669
0.6691
0.67488
0.66676
0.66786
0.66638
0.67206
0.66952
0.66622
0.66676
0.6693
0.6636
0.6646
0.665
0.6729
0.67668
0.67422
0.67566
0.67568
0.67194
0.67196
0.66494
0.6654
0.67236
0.66682
0.66766
0.67364
0.6723
0.67458
0.6817
0.67286
0.6762
0.6719
0.66754
0.6731
0.67168
0.66668
0.67592
0.66758
0.67834
0.67154
0.67356
0.6695
0.66938
0.67054
0.6764
0.6741
0.66878
0.67204
0.66292
0.66658
0.66634
0.67092
0.66818
0.67142
0.66576
0.66544
0.66334
0.67694
0.67312
0.66836
0.6674
0.67324
0.669
0.66902
0.6645
0.67858
0.66548
0.67256
0.66742
0.66864
0.67176
0.67166
0.6675
0.67066
0.6767
0.67196
0.6677
0.67462
0.6762
0.67362
0.67352
0.6702
0.66672
0.66718
0.67018
0.66758
0.67164
0.67238
0.67064
0.6666
0.67132
0.66388
0.67702
0.6642
0.6755
0.6718
0.67404
0.67558
0.67044
0.66818
0.6729
0.6637
0.673
0.67274
0.671
0.66708
0.66746
0.66844
0.66574
0.67664
0.66976
0.66698
0.66572
0.66228
0.66152
0.6712
0.66966
0.67464
0.664
0.67686
0.66598
0.67044
0.67352
0.6702
0.6696
0.6702
0.66806
0.65712
0.67392
0.67286
0.66728
0.67236
0.67004
0.65888
0.6685
0.66916
0.67444
0.68312
0.67674
0.66976
0.67292
0.66986
0.66776
0.66756
0.6676
0.67398
0.6682
0.67092
0.66784
0.67774
0.67204
0.66898
0.66386
0.66926
0.67404
0.6674
0.66624
0.6627
0.6607
0.67678
0.6669
0.663
0.66916
0.67856
0.67808
0.67514
0.67686
0.67022
0.66206
0.66906
0.66958
0.67326
0.66542
0.6696
0.67588
0.67052
0.67584
0.66848
0.67616
0.67692
0.67272
0.67128
0.6697
0.6763
0.67534
0.6805
0.6675
0.67238
0.67062
0.67544
0.67448
0.6624
0.6627
0.6696
0.67068
0.67278
0.66816
0.66808
0.67616
0.66578
0.6755
0.67286
0.6729
0.66932
0.66224
0.67246
0.66602
0.67274
0.67178
0.66494
0.67022
0.66896
0.66574
0.67402
0.67226
0.66866
0.66894
0.6687
0.6702
0.66826
0.66744
0.66556
0.66988
0.67512
0.66934
0.67256
0.6737
0.6632
0.67032
0.67626
0.67282
0.67264
0.66768
0.67292
0.67162
0.67158
0.66784
0.67094
0.66672
0.6692
0.66548
0.67638
0.67296
0.67006
0.67734
0.6719
0.6748
0.65888
0.66642
0.66278
0.66924
0.67622
0.67408
0.6744
0.66688
0.67134
0.6606
0.67314
0.66738
0.67634
0.67628
0.66574
0.66762
0.67396
0.67118
0.6707
0.66744
0.6718
0.67206
0.66442
0.67356
0.67338
0.6746
0.6682
0.66808
0.67136
0.6709
0.66834
0.67484
0.66856
0.66896
0.66904
0.66568
0.66998
0.66864
0.66916
0.67376
0.662
0.67284
0.67014
0.67576
0.6645
0.68012
0.67096
0.66972
0.66632
0.66666
0.66858
0.6786
0.67006
0.67286
0.67482
0.67122
0.66904
0.67348
0.66996
0.6651
0.66686
0.6725
0.6743
0.66986
0.67304
0.66986
0.67524
0.66306
0.67262
0.67128
0.67462
0.6617
0.66684
0.66702
0.666
0.6634
0.67904
0.67128
0.67132
0.6671
0.67418
0.66994
0.67232
0.66898
0.66882
0.67034
0.67666
0.66938
0.66
0.67178
0.67502
0.66388
0.6696
0.66804
0.66484
0.662
0.67014
0.66664
0.66322
0.67096
0.66508
0.66962
0.67078
0.67624
0.6695
0.67436
0.67616
0.6704
0.67162
0.67212
0.67166
0.6728
0.67364
0.66734
0.67236
0.6744
0.66162
0.6746
0.67316
0.6746
0.67584
0.66764
0.66848
0.66958
0.66306
0.67384
0.66356
0.66818
0.6649
0.6663
0.66978
0.66124
0.66578
0.67138
0.66928
0.66694
0.66526
0.67012
0.67134
0.67116
0.672
0.67642
0.6802
0.67336
0.67708
0.67466
0.66748
0.67472
0.67606
0.67186
0.67058
0.67726
0.66924
0.67138
0.66634
0.67498
0.6697
0.67462
0.66912
0.67094
0.67198
0.67256
0.67108
0.66798
0.66922
0.67396
0.66232
0.66972
0.66942
0.66708
0.6681
0.66494
0.67374
0.66866
0.68076
0.6711
0.66392
0.66918
0.67362
0.67012
0.66598
0.67664
0.66778
0.67402
0.67822
0.68016
0.67294
0.67512
0.66368
0.67462
0.67978
0.67496
0.66988
0.67026
0.67324
0.6664
0.66804
0.66886
0.66192
0.66614
0.67004
0.67634
0.67122
0.67454
0.6637
0.67102
0.67552
0.6682
0.6748
0.66668
0.66652
0.66508
0.67666
0.66456
0.65722
0.66998
0.67286
0.66898
0.6653
0.6675
0.67602
0.6717
0.66414
0.66934
0.672
0.66928
0.67394
0.67522
0.67504
0.66726
0.6683
0.66914
0.66652
0.67482
0.67582
0.66606
0.667
0.6666
0.66716
0.67768
0.66758
0.66184
0.6684
0.68164
0.66392
0.66664
0.67686
0.6742
0.66736
0.67256
0.66912
0.67286
0.67274
0.66744
0.66876
0.67188
0.67276
0.66658
0.67128
0.67122
0.6781
0.6737
0.67636
0.67476
0.67396
0.67564
0.66712
0.6673
0.66664
0.67468
0.66984
0.67158
0.67806
0.67944
0.67492
0.67352
0.66884
0.663
0.67004
0.67354
0.67864
0.67062
0.6774
0.66738
0.6662
0.6664
0.66988
0.66654
0.67192
0.66564
0.67514
0.67414
0.6659
0.6699
0.67098
0.67146
0.67724
0.67462
0.6657
0.66832
0.67196
0.67308
0.67072
0.66876
0.6732
0.6673
0.67166
0.67874
0.67228
0.67268
0.6694
0.67422
0.66878
0.66596
0.67468
0.66942
0.67726
0.66386
0.6715
0.66468
0.6666
0.67678
0.6701
0.67098
0.66854
0.66592
0.67162
0.67546
0.6641
0.66706
0.6766
0.67402
0.66632
0.66794
0.6649
0.66644
0.65998
0.66832
0.67268
0.6763
0.67314
0.672
0.6732
0.67324
0.66662
0.66814
0.66822
0.66352
0.67584
0.66804
0.67066
0.6709
0.6688
0.67198
0.67358
0.6705
0.66562
0.66544
0.67372
0.67584
0.66682
0.66788
0.67354
0.67372
0.67398
0.6698
0.67188
0.66992
0.66738
0.67102
0.6676
0.669
0.66972
0.67368
0.66778
0.67672
0.66904
0.6727
0.66562
0.66796
0.6664
0.67094
0.67104
0.67692
0.6649
0.66656
0.66834
0.6698
0.6708
0.66812
0.67322
0.67148
0.66576
0.66708
0.66398
0.67346
0.67576
0.66634
0.66904
0.6686
0.66752
0.66918
0.66626
0.67612
0.6654
0.6727
0.67362
0.663
0.66692
0.66992
0.67008
0.67136
0.66846
0.67002
0.6704
0.66504
0.66874
0.67458
0.66652
0.66738
0.67528
0.67052
0.67488
0.67078
0.66522
0.6748
0.679
0.6686
0.67796
0.67002
0.67586
0.67442
0.67054
0.66854
0.674
0.66708
0.66792
0.66874
0.67242
0.67538
0.6636
0.66656
0.67862
0.67112
0.66628
0.6704
0.67158
0.67328
0.66234
0.66198
0.6771
0.67152
0.67182
0.66906
0.67208
0.67384
0.66934
0.6733
0.66516
0.67208
0.6758
0.66708
0.66818
0.67146
0.67016
0.66598
0.66192
0.67066
0.664
0.65982
0.67296
0.6714
0.67336
0.672
0.67164
0.659
0.66636
0.66722
0.68254
0.67028
0.66604
0.66714
0.66862
0.67296
0.67522
0.67152
0.67338
0.67302
0.67488
0.67242
0.67254
0.66862
0.67376
0.67104
0.67182
0.6773
0.6744
0.67548
0.67328
0.65728
0.6694
0.66988
0.66952
0.67082
0.66638
0.66606
0.67104
0.67242
0.66706
0.66452
0.66718
0.66464
0.67342
0.67182
0.67296
0.6731
0.6753
0.67062
0.68174
0.66394
0.66596
0.6657
0.66882
0.66112
0.66302
0.66978
0.6658
0.67488
0.66652
0.67096
0.67038
0.66508
0.66946
0.67034
0.66912
0.67724
0.67394
0.67474
0.6715
0.67116
0.66472
0.66924
0.66854
0.66944
0.6769
0.6737
0.6659
0.67844
0.6764
0.6709
0.6693
0.6727
0.6645
0.66628
0.66788
0.66816
0.66822
0.67344
0.67132
0.67528
0.67668
0.67422
0.67254
0.6649
0.67314
0.66782
0.66452
0.67116
0.67694
0.66982
0.6673
0.66736
0.6711
0.66956
0.67366
0.67342
0.67406
0.67128
0.67706
0.67772
0.6699
0.67098
0.65584
0.66566
0.66934
0.66492
0.6671
0.67546
0.6658
0.67496
0.67172
0.6725
0.67048
0.66166
0.67074
0.67196
0.6664
0.6725
0.67246
0.67112
0.6688
0.67
0.67564
0.66464
0.66428
0.66892
0.66986
0.6653
0.66824
0.66392
0.67044
0.66968
0.66654
0.66712
0.67136
0.66988
0.6622
0.66718
0.67602
0.66352
0.67012
0.66654
0.67058
0.6743
0.66826
0.66516
0.66786
0.67078
0.66932
0.66476
0.67076
0.67168
0.6745
0.67278
0.6684
0.66306
0.6617
0.66684
0.66548
0.66942
0.66944
0.67654
0.67154
0.67062
0.67056
0.67142
0.67244
0.6751
0.66708
0.67062
0.66878
0.66748
0.6718
0.66584
0.66802
0.67404
0.673
0.66948
0.67222
0.67246
0.67628
0.66782
0.66288
0.66714
0.66966
0.66778
0.67514
0.66292
0.66584
0.66864
0.67202
0.6735
0.66878
0.6724
0.67328
0.67284
0.6675
0.66742
0.67188
0.66418
0.66236
0.66786
0.66962
0.67722
0.66782
0.6657
0.67624
0.6748
0.66694
0.67384
0.66954
0.6694
0.66838
0.66928
0.67816
0.67348
0.67072
0.66684
0.6737
0.66386
0.6741
0.67036
0.67018
0.67038
0.66774
0.67356
0.66974
0.67004
0.66452
0.67044
0.67156
0.66244
0.67074
0.66586
0.66694
0.66942
0.66896
0.66494
0.67016
0.66676
0.66458
0.6725
0.6678
0.67076
0.66474
0.67608
0.67148
0.6738
0.67086
0.6713
0.6691
0.67736
0.67206
0.66658
0.67486
0.67074
0.67038
0.6725
0.66992
0.66828
0.66998
0.67366
0.66906
0.66386
0.66638
0.66738
0.67198
0.67406
0.6703
0.66976
0.6612
0.66536
0.66224
0.665
0.67804
0.67544
0.6692
0.6649
0.67108
0.6685
0.66854
0.67612
0.66884
0.67532
0.6734
0.66656
0.672
0.66748
0.67286
0.67032
0.66336
0.6635
0.66706
0.67106
0.66774
0.66938
0.66656
0.66534
0.67272
0.66796
0.66912
0.67706
0.67408
0.66708
0.66758
0.67494
0.66934
0.6703
0.67108
0.67018
0.66438
0.67218
0.67396
0.67096
0.6732
0.67306
0.67658
0.66118
0.6723
0.66556
0.6724
0.67862
0.67194
0.6719
0.67374
0.66416
0.66864
0.66828
0.6753
0.67508
0.6723
0.66714
0.6756
0.66862
0.66914
0.66436
0.67088
0.66642
0.66724
0.6725
0.68018
0.678
0.67498
0.6663
0.67234
0.66644
0.67288
0.669
0.66892
0.66866
0.6707
0.6606
0.66718
0.67236
0.6673
0.67716
0.6686
0.66604
0.66764
0.67074
0.66864
0.66608
0.66898
0.67182
0.6683
0.67026
0.67424
0.66326
0.67632
0.6666
0.6674
0.67316
0.67534
0.67174
0.66596
0.6681
0.66284
0.67796
0.67472
0.67312
0.6715
0.6658
0.66498
0.67648
0.66678
0.667
0.66318
0.66726
0.67312
0.67212
0.663
0.67132
0.66402
0.66608
0.67982
0.66982
0.66754
0.66996
0.67048
0.67216
0.67126
0.66286
0.66596
0.66928
0.67254
0.67204
0.66808
0.67008
0.67354
0.6685
0.67678
0.66644
0.6741
0.67538
0.67446
0.67302
0.66432
0.67526
0.6714
0.66928
0.67674
0.676
0.66402
0.66834
0.66394
0.66324
0.66542
0.6673
0.67008
0.66926
0.6675
0.66862
0.66714
0.67058
0.67176
0.6681
0.67704
0.66756
0.66744
0.66376
0.66216
0.67714
0.66916
0.66074
0.66244
0.66628
0.66976
0.66296
0.66798
0.6612
0.6738
0.67232
0.67126
0.67466
0.67424
0.67268
0.6633
0.66478
0.67476
0.66332
0.66732
0.67806
0.67368
0.6747
0.66444
0.67002
0.67644
0.6589
0.66824
0.67942
0.6757
0.66588
0.66422
0.66094
0.66552
0.66784
0.6756
0.67192
0.6689
0.67108
0.66326
0.67238
0.66536
0.67086
0.66768
0.67184
0.66534
0.66894
0.66972
0.67586
0.66824
0.67064
0.67144
0.67114
0.67362
0.66508
0.67656
0.66674
0.6702
0.67932
0.67198
0.66462
0.6704
0.66974
0.6721
0.6661
0.6713
0.66814
0.6708
0.6715
0.67322
0.67914
0.67302
0.67076
0.66634
0.65926
0.67562
0.6653
0.67292
0.67882
0.66822
0.66252
0.6678
0.6739
0.67144
0.66764
0.67364
0.66932
0.66988
0.66702
0.66998
0.66312
0.66608
0.67216
0.67218
0.66736
0.67564
0.66894
0.66962
0.6782
0.6679
0.66826
0.67612
0.66334
0.66948
0.66888
0.66874
0.6698
0.66924
0.66586
0.66842
0.66272
0.66862
0.6743
0.67252
0.67336
0.66768
0.66948
0.67704
0.67304
0.67036
0.67092
0.67224
0.6665
0.66718
0.66958
0.67076
0.66582
0.6709
0.66424
0.67616
0.67736
0.68136
0.66822
0.66396
0.67114
0.6696
0.66802
0.67648
0.6656
0.67566
0.67224
0.67364
0.672
0.66916
0.66808
0.6639
0.67354
0.6629
0.6633
0.67264
0.66416
0.67074
0.6783
0.66492
0.67726
0.6741
0.67092
0.65868
0.67626
0.66362
0.67048
0.6717
0.66762
0.66462
0.6686
0.6701
0.6688
0.66938
0.67304
0.66662
0.67482
0.66608
0.67138
0.66882
0.66756
0.66944
0.67586
0.67744
0.67394
0.67096
0.67362
0.66618
0.66798
0.67096
0.67188
0.66792
0.66912
0.67028
0.67556
0.66712
0.67314
0.67416
0.66686
0.67568
0.67368
0.67198
0.66578
0.66848
0.66666
0.6637
0.66998
0.67174
0.67536
0.67486
0.67136
0.66858
0.6742
0.67356
0.67082
0.66868
0.66764
0.6695
0.668
0.66886
0.66772
0.67888
0.67406
0.66858
0.66824
0.66416
0.67258
0.67554
0.66862
0.67242
0.6733
0.67252
0.67746
0.66676
0.67112
0.66646
0.6727
0.67594
0.6704
0.6759
0.67054
0.67172
0.6688
0.67254
0.6682
0.67504
0.66634
0.67394
0.66734
0.66778
0.66528
0.67562
0.66736
0.67632
0.6665
0.67598
0.6725
0.67396
0.6741
0.67328
0.66684
0.6735
0.67718
0.66706
0.66168
0.6615
0.67228
0.67416
0.674
0.66776
0.66864
0.66998
0.66646
0.66788
0.66766
0.6742
0.66696
0.67328
0.66288
0.6668
0.66812
0.6693
0.67082
0.67138
0.66392
0.6677
0.67562
0.66602
0.6719
0.66668
0.66724
0.67466
0.66996
0.67078
0.67144
0.66956
0.66938
0.6665
0.6636
0.67202
0.668
0.66952
0.66496
0.67342
0.66544
0.66434
0.67266
0.6647
0.67448
0.66848
0.67076
0.6672
0.6737
0.66262
0.6718
0.6728
0.67398
0.66298
0.66878
0.66952
0.67106
0.67444
0.66796
0.66692
0.67888
0.67196
0.66288
0.66086
0.6659
0.67698
0.6716
0.67606
0.67234
0.6695
0.66414
0.6719
0.66986
0.67458
0.67514
0.67196
0.6728
0.67376
0.66884
0.66432
0.66822
0.67578
0.68512
0.67412
0.67022
0.66186
0.67406
0.67144
0.67978
0.67212
0.6696
0.66582
0.66642
0.67132
0.67456
0.67002
0.66228
0.67186
0.66942
0.6647
0.67584
0.66618
0.66254
0.66502
0.67208
0.6703
0.66512
0.67052
0.66992
0.66486
0.6674
0.66452
0.66354
0.67434
0.6675
0.66858
0.6753
0.6706
0.6683
0.66542
0.6642
0.6683
0.67068
0.66802
0.67378
0.67386
0.67124
0.67186
0.6761
0.66582
0.67172
0.6691
0.6729
0.67476
0.67464
0.67362
0.66312
0.66174
0.66426
0.66338
0.6683
0.6721
0.67182
0.66662
0.6704
0.67122
0.66972
0.66272
0.66866
0.66536
0.66766
0.66834
0.67536
0.67216
0.67522
0.66494
0.66614
0.6772
0.67304
0.67106
0.67252
0.67018
0.67292
0.66606
0.67302
0.66664
0.67382
0.66804
0.66834
0.66372
0.67012
0.66846
0.66738
0.67044
0.66892
0.67202
0.66646
0.67414
0.66478
0.67254
0.66876
0.6721
0.66226
0.66866
0.67076
0.66352
0.663
0.66584
0.66936
0.6749
0.66476
0.66984
0.66776
0.67092
0.67212
0.66844
0.67152
0.6673
0.67414
0.66396
0.6675
0.66434
0.66812
0.67026
0.66506
0.66472
0.66822
0.67484
0.66756
0.66676
0.6705
0.67932
0.67016
0.67728
0.67244
0.67134
0.66032
0.66922
0.66318
0.67262
0.67314
0.67106
0.67382
0.67622
0.66966
0.67252
0.67166
0.67154
0.67028
0.66784
0.67202
0.67664
0.66944
0.66946
0.67818
0.66966
0.66562
0.67538
0.67394
0.67972
0.67406
0.66728
0.67588
0.66804
0.6621
0.66586
0.66712
0.66822
0.67216
0.6694
0.66432
0.66914
0.67366
0.67462
0.67012
0.66822
0.67088
0.67454
0.6705
0.67042
0.66496
0.6652
0.67092
0.66466
0.66888
0.67386
0.66654
0.66822
0.66988
0.67118
0.66812
0.66484
0.6692
0.67328
0.685
0.6771
0.67434
0.66494
0.66962
0.66468
0.66948
0.67308
0.67154
0.6739
0.66786
0.66864
0.6719
0.67088
0.67236
0.66694
0.66946
0.66842
0.67432
0.67526
0.66374
0.6744
0.67546
0.67042
0.671
0.6641
0.65944
0.6703
0.67404
0.67058
0.6691
0.6708
0.66696
0.6718
0.66738
0.66952
0.67534
0.66504
0.67164
0.66914
0.67166
0.67058
0.67468
0.67
0.67372
0.6642
0.67016
0.66968
0.67012
0.66542
0.669
0.66608
0.66486
0.65624
0.66828
0.6707
0.67788
0.67292
0.66518
0.66096
0.6693
0.67576
0.67278
0.6735
0.66666
0.67312
0.66332
0.65966
0.6611
0.66528
0.67244
0.67058
0.66914
0.67578
0.66952
0.67134
0.66756
0.66668
0.67124
0.67446
0.6696
0.67146
0.66906
0.67148
0.6705
0.66846
0.67166
0.67568
0.67004
0.6812
0.67484
0.67162
0.66918
0.65966
0.67256
0.67342
0.66858
0.67704
0.67444
0.6741
0.6793
0.66808
0.67344
0.66934
0.66736
0.67084
0.6689
0.67244
0.66358
0.67792
0.67036
0.66772
0.66626
0.66112
0.66842
0.66516
0.668
0.67038
0.67614
