-0.9709
-0.9711
-0.96902
-0.97206
-0.971
-0.96964
-0.97102
-0.97276
-0.97192
-0.97144
-0.97034
-0.97142
-0.97118
-0.97074
-0.97006
-0.97008
-0.97116
-0.96952
-0.97112
-0.9701
-0.97166
-0.9695
-0.97088
-0.97144
-0.97152
-0.96872
-0.96834
-0.96954
-0.96762
-0.97196
-0.96964
-0.9702
-0.96874
-0.96958
-0.96922
-0.97246
-0.97164
-0.9707
-0.96958
-0.971
-0.9707
-0.9712
-0.97152
-0.9717
-0.97092
-0.96946
-0.97016
-0.9712
-0.97126
-0.96914
-0.97158
-0.97058
-0.96916
-0.97046
-0.9706
-0.97028
-0.969
-0.97186
-0.97074
-0.97122
-0.97132
-0.97148
-0.9696
-0.9705
-0.97232
-0.9709
-0.9723
-0.97208
-0.9691
-0.96946
-0.97308
-0.97016
-0.96786
-0.96988
-0.97094
-0.96802
-0.96838
-0.97044
-0.97092
-0.96956
-0.9709
-0.97144
-0.96958
-0.96916
-0.96978
-0.97126
-0.97044
-0.96974
-0.96942
-0.97
-0.97264
-0.97118
-0.97044
-0.9707
-0.97094
-0.96948
-0.97002
-0.9678
-0.97028
-0.97018
-0.96994
-0.97088
-0.97044
-0.96904
-0.97024
-0.96972
-0.97208
-0.96944
-0.97014
-0.97076
-0.97116
-0.97048
-0.97198
-0.97198
-0.96862
-0.97198
-0.97126
-0.97152
-0.97212
-0.97032
-0.97126
-0.97014
-0.97028
-0.96848
-0.96886
-0.9718
-0.96952
-0.97048
-0.97006
-0.9701
-0.97018
-0.97214
-0.97086
-0.97028
-0.97158
-0.97158
-0.97104
-0.96918
-0.97138
-0.97112
-0.9709
-0.97134
-0.96904
-0.96976
-0.9686
-0.96976
-0.97194
-0.97068
-0.97226
-0.97146
-0.97106
-0.9713
-0.97032
-0.97154
-0.97172
-0.9699
-0.97036
-0.96826
-0.96998
-0.9722
-0.9723
-0.97064
-0.96896
-0.96918
-0.97
-0.96908
-0.97174
-0.97098
-0.97028
-0.97246
-0.97118
-0.97194
-0.97332
-0.97048
-0.97092
-0.97082
-0.97064
-0.9717
-0.972
-0.9711
-0.96954
-0.97048
-0.97004
-0.96994
-0.97186
-0.97046
-0.97102
-0.97004
-0.96986
-0.96952
-0.97158
-0.97072
-0.96948
-0.97188
-0.97012
-0.9728
-0.96938
-0.96956
-0.9706
-0.97314
-0.97018
-0.97074
-0.9693
-0.96994
-0.97182
-0.97104
-0.96978
-0.97082
-0.97006
-0.97166
-0.97092
-0.97148
-0.97066
-0.97234
-0.97132
-0.97102
-0.97068
-0.96986
-0.97106
-0.9695
-0.96898
-0.97044
-0.96872
-0.96988
-0.9703
-0.97146
-0.97066
-0.97006
-0.97034
-0.97116
-0.97088
-0.9713
-0.97122
-0.97146
-0.9723
-0.97262
-0.97152
-0.97266
-0.96924
-0.97074
-0.97198
-0.97178
-0.96896
-0.97038
-0.97302
-0.97078
-0.97086
-0.96862
-0.97096
-0.97184
-0.97122
-0.97308
-0.97258
-0.96988
-0.97222
-0.9696
-0.96894
-0.97116
-0.97106
-0.97186
-0.97078
-0.97004
-0.96866
-0.97
-0.971
-0.97016
-0.97108
-0.971
-0.97052
-0.97206
-0.97076
-0.97086
-0.97024
-0.97068
-0.96916
-0.96946
-0.96966
-0.9704
-0.97184
-0.97102
-0.96964
-0.97224
-0.9699
-0.96918
-0.96942
-0.97102
-0.97172
-0.97218
-0.97198
-0.97134
-0.9719
-0.97236
-0.97152
-0.9709
-0.96846
-0.97094
-0.9711
-0.96922
-0.9686
-0.96988
-0.97132
-0.97032
-0.96948
-0.9724
-0.97076
-0.97098
-0.96826
-0.97248
-0.97106
-0.9706
-0.96944
-0.97052
-0.96918
-0.97096
-0.97128
-0.96956
-0.97024
-0.97102
-0.96964
-0.9712
-0.97186
-0.97126
-0.97026
-0.9698
-0.9722
-0.96996
-0.97006
-0.97102
-0.97136
-0.97268
-0.97006
-0.97162
-0.97214
-0.96882
-0.96972
-0.97144
-0.97044
-0.97024
-0.9727
-0.96848
-0.97028
-0.96956
-0.97066
-0.96968
-0.97006
-0.96904
-0.9706
-0.97106
-0.9705
-0.96986
-0.97222
-0.97038
-0.97216
-0.96974
-0.96978
-0.97156
-0.97096
-0.9702
-0.97064
-0.97046
-0.97234
-0.97002
-0.9703
-0.97174
-0.97048
-0.97062
-0.96954
-0.96984
-0.971
-0.97178
-0.9708
-0.97292
-0.97046
-0.97042
-0.97164
-0.9713
-0.96942
-0.97128
-0.97028
-0.9706
-0.9703
-0.9722
-0.96872
-0.97158
-0.97262
-0.97168
-0.97168
-0.97098
-0.9717
-0.97118
-0.97044
-0.97122
-0.97202
-0.9684
-0.9703
-0.97196
-0.9709
-0.97138
-0.96982
-0.96924
-0.97218
-0.96932
-0.96906
-0.97062
-0.97206
-0.97196
-0.96976
-0.97282
-0.97192
-0.97324
-0.97194
-0.97114
-0.9713
-0.9702
-0.97094
-0.97154
-0.96988
-0.97104
-0.97268
-0.96936
-0.97084
-0.96998
-0.97056
-0.97152
-0.97058
-0.96792
-0.97148
-0.96834
-0.97088
-0.97146
-0.9718
-0.97036
-0.96978
-0.9695
-0.97068
-0.97084
-0.96968
-0.96774
-0.9716
-0.97036
-0.97136
-0.97186
-0.97004
-0.97082
-0.97054
-0.97026
-0.97138
-0.96936
-0.97212
-0.97042
-0.97138
-0.9709
-0.96918
-0.97064
-0.97028
-0.97054
-0.96956
-0.97094
-0.97214
-0.973
-0.97142
-0.97134
-0.97122
-0.97072
-0.97102
-0.96904
-0.97006
-0.973
-0.97222
-0.97278
-0.9716
-0.96952
-0.9697
-0.97172
-0.9699
-0.97128
-0.97178
-0.9709
-0.97004
-0.97304
-0.97
-0.9698
-0.97006
-0.96938
-0.97244
-0.96988
-0.97186
-0.97096
-0.97052
-0.97218
-0.96882
-0.97126
-0.97062
-0.9695
-0.97082
-0.96968
-0.97016
-0.97198
-0.9714
-0.97186
-0.97056
-0.97036
-0.97048
-0.9707
-0.97126
-0.9713
-0.97268
-0.9719
-0.97148
-0.97078
-0.97236
-0.97008
-0.97046
-0.96864
-0.97146
-0.97022
-0.97064
-0.96974
-0.96984
-0.96962
-0.97144
-0.9702
-0.97208
-0.97022
-0.97224
-0.97116
-0.9714
-0.97032
-0.97292
-0.97058
-0.97164
-0.97034
-0.9682
-0.97032
-0.9717
-0.97034
-0.97114
-0.96836
-0.97174
-0.96966
-0.96992
-0.96976
-0.96922
-0.97048
-0.9718
-0.97076
-0.97076
-0.96936
-0.97004
-0.97126
-0.97028
-0.97274
-0.97104
-0.96972
-0.9706
-0.97242
-0.97078
-0.97114
-0.97128
-0.96948
-0.9712
-0.97016
-0.96934
-0.96994
-0.96996
-0.97018
-0.97184
-0.97102
-0.96894
-0.97026
-0.9709
-0.96916
-0.96882
-0.97076
-0.97152
-0.96832
-0.97048
-0.97018
-0.96974
-0.96952
-0.97242
-0.97286
-0.97208
-0.97104
-0.96894
-0.97076
-0.9716
-0.96954
-0.97038
-0.9705
-0.9707
-0.96964
-0.96858
-0.96896
-0.97104
-0.97096
-0.97164
-0.97072
-0.97018
-0.97026
-0.96932
-0.97016
-0.972
-0.9713
-0.9706
-0.97078
-0.96918
-0.97066
-0.97304
-0.97164
-0.97186
-0.9719
-0.97022
-0.9715
-0.97096
-0.9693
-0.97114
-0.9705
-0.9705
-0.97066
-0.97204
-0.97136
-0.97104
-0.96844
-0.97178
-0.97228
-0.97184
-0.96986
-0.97072
-0.9699
-0.96876
-0.9689
-0.97272
-0.96938
-0.96956
-0.96894
-0.97008
-0.97034
-0.97094
-0.97192
-0.96984
-0.97092
-0.9709
-0.97142
-0.9714
-0.9707
-0.96988
-0.97168
-0.97154
-0.97102
-0.97126
-0.97192
-0.97096
-0.97088
-0.97028
-0.9705
-0.9705
-0.96944
-0.97146
-0.97086
-0.9688
-0.97144
-0.97084
-0.97062
-0.97124
-0.97028
-0.97134
-0.96764
-0.96898
-0.97066
-0.9721
-0.97228
-0.97208
-0.97336
-0.97278
-0.97124
-0.97236
-0.97096
-0.97122
-0.97058
-0.97226
-0.97238
-0.97088
-0.97038
-0.97218
-0.9699
-0.96976
-0.97162
-0.97034
-0.96996
-0.97078
-0.97028
-0.9719
-0.971
-0.97164
-0.9714
-0.9708
-0.97072
-0.9713
-0.96992
-0.97086
-0.97112
-0.9704
-0.97082
-0.97152
-0.96978
-0.97182
-0.97056
-0.96992
-0.97134
-0.9701
-0.97082
-0.9713
-0.96948
-0.97186
-0.97036
-0.97138
-0.97282
-0.9696
-0.97022
-0.97114
-0.97152
-0.96952
-0.96958
-0.97022
-0.9709
-0.9718
-0.97082
-0.97166
-0.97012
-0.97228
-0.97228
-0.9699
-0.97304
-0.96912
-0.97066
-0.97118
-0.9701
-0.96954
-0.97024
-0.97108
-0.9715
-0.97166
-0.9688
-0.97
-0.97198
-0.97172
-0.97184
-0.97034
-0.97058
-0.9709
-0.96878
-0.97118
-0.97096
-0.97044
-0.96978
-0.9705
-0.97148
-0.97062
-0.96842
-0.96938
-0.97046
-0.97126
-0.9685
-0.97156
-0.97102
-0.97134
-0.9698
-0.96946
-0.96892
-0.97176
-0.96986
-0.97126
-0.9718
-0.9682
-0.96992
-0.97074
-0.97014
-0.97158
-0.97024
-0.97122
-0.97094
-0.97132
-0.97014
-0.97048
-0.97154
-0.96888
-0.9712
-0.97274
-0.97172
-0.96994
-0.97066
-0.9719
-0.97026
-0.97042
-0.97062
-0.97038
-0.96922
-0.97176
-0.97292
-0.97244
-0.97012
-0.96962
-0.97002
-0.97176
-0.97124
-0.97032
-0.97186
-0.9696
-0.96938
-0.97044
-0.97052
-0.9695
-0.97028
-0.97194
-0.97126
-0.97096
-0.97094
-0.97098
-0.97228
-0.97066
-0.97204
-0.97022
-0.96998
-0.97244
-0.9719
-0.97214
-0.97062
-0.96866
-0.9724
-0.97318
-0.97118
-0.96988
-0.96984
-0.96984
-0.96758
-0.96954
-0.97302
-0.969
-0.9709
-0.97144
-0.97176
-0.96996
-0.97186
-0.97256
-0.9695
-0.96986
-0.97038
-0.9693
-0.97034
-0.9692
-0.97102
-0.97276
-0.97028
-0.96934
-0.97026
-0.97252
-0.97202
-0.96978
-0.9703
-0.96908
-0.9711
-0.97026
-0.97004
-0.97176
-0.9696
-0.97026
-0.97086
-0.97214
-0.97086
-0.96852
-0.97052
-0.97002
-0.97134
-0.97036
-0.97244
-0.97078
-0.96954
-0.97024
-0.97124
-0.9687
-0.97166
-0.96896
-0.97014
-0.9709
-0.97032
-0.9721
-0.96992
-0.97064
-0.97244
-0.97136
-0.9715
-0.97178
-0.96972
-0.96986
-0.9715
-0.97218
-0.97244
-0.96876
-0.97106
-0.9711
-0.96972
-0.9707
-0.9723
-0.97134
-0.96804
-0.9705
-0.9709
-0.97048
-0.97088
-0.97166
-0.97108
-0.96972
-0.9695
-0.97168
-0.9723
-0.97006
-0.9717
-0.97108
-0.97106
-0.96984
-0.97224
-0.97046
-0.9719
-0.97226
-0.96998
-0.97088
-0.97254
-0.97194
-0.97042
-0.9711
-0.97108
-0.97076
-0.97032
-0.97252
-0.97212
-0.97074
-0.96978
-0.96978
-0.9704
-0.96948
-0.97154
-0.97088
-0.97162
-0.9701
-0.97128
-0.97094
-0.96992
-0.9707
-0.97106
-0.97164
-0.9719
-0.96872
-0.97088
-0.97098
-0.97158
-0.9703
-0.9714
-0.9712
-0.96898
-0.97186
-0.97072
-0.96994
-0.9709
-0.96972
-0.9705
-0.9727
-0.97098
-0.96828
-0.97112
-0.97196
-0.97072
-0.9693
-0.97278
-0.97058
-0.97086
-0.96958
-0.9697
-0.9709
-0.97098
-0.97144
-0.9708
-0.96996
-0.9703
-0.97066
-0.9712
-0.97084
-0.97016
-0.97146
-0.96986
-0.96908
-0.97106
-0.97088
-0.97164
-0.96936
-0.97354
-0.97028
-0.97154
-0.96896
-0.9711
-0.96932
-0.96938
-0.97058
-0.97028
-0.96918
-0.97106
-0.97138
-0.96942
-0.97024
-0.96852
-0.97154
-0.97072
-0.97134
-0.97126
-0.9704
-0.97088
-0.97142
-0.97002
-0.97156
-0.97226
-0.97046
-0.9713
-0.97106
-0.9698
-0.96816
-0.96962
-0.9712
-0.97038
-0.9702
-0.97246
-0.97012
-0.97086
-0.97154
-0.97116
-0.96942
-0.97114
-0.97262
-0.97124
-0.97058
-0.96864
-0.97152
-0.96974
-0.97162
-0.97154
-0.97068
-0.96968
-0.97136
-0.97136
-0.96982
-0.97022
-0.97086
-0.9703
-0.96916
-0.96986
-0.9716
-0.97038
-0.9719
-0.96806
-0.97096
-0.97316
-0.9705
-0.96982
-0.9698
-0.97256
-0.97168
-0.97104
-0.97028
-0.97114
-0.97104
-0.97176
-0.97092
-0.97162
-0.97158
-0.97076
-0.97112
-0.97114
-0.97124
-0.9716
-0.96926
-0.97052
-0.97022
-0.97114
-0.971
-0.97036
-0.97154
-0.97064
-0.97226
-0.97134
-0.97058
-0.97068
-0.97018
-0.97162
-0.96938
-0.97042
-0.97066
-0.9707
-0.97062
-0.9708
-0.97202
-0.97044
-0.97084
-0.97146
-0.96962
-0.97186
-0.97162
-0.97016
-0.96974
-0.96978
-0.97208
-0.9711
-0.9702
-0.97146
-0.97068
-0.9703
-0.97024
-0.97194
-0.97132
-0.97012
-0.97024
-0.96986
-0.97258
-0.97244
-0.97246
-0.97122
-0.97252
-0.971
-0.9693
-0.97092
-0.96886
-0.97014
-0.97156
-0.97278
-0.9717
-0.96996
-0.97124
-0.97108
-0.97056
-0.9703
-0.97146
-0.972
-0.96878
-0.97214
-0.97064
-0.97104
-0.96858
-0.96928
-0.97138
-0.97128
-0.9726
-0.96988
-0.96956
-0.96988
-0.9722
-0.97064
-0.96964
-0.9705
-0.97064
-0.97104
-0.96964
-0.9702
-0.9712
-0.97114
-0.96996
-0.97024
-0.96834
-0.97048
-0.97102
-0.97154
-0.96912
-0.9704
-0.97288
-0.97054
-0.97148
-0.9704
-0.96998
-0.96996
-0.9709
-0.97012
-0.97002
-0.97074
-0.97106
-0.97124
-0.9705
-0.96948
-0.971
-0.97238
-0.9709
-0.97212
-0.97
-0.97246
-0.9701
-0.96946
-0.9694
-0.97062
-0.97134
-0.97036
-0.9696
-0.9697
-0.96922
-0.96996
-0.97118
-0.9718
-0.96994
-0.9715
-0.96964
-0.97146
-0.97024
-0.96974
-0.97028
-0.97184
-0.97106
-0.97142
-0.97068
-0.96988
-0.97072
-0.97052
-0.972
-0.97106
-0.97294
-0.97142
-0.97186
-0.9718
-0.97004
-0.97136
-0.9711
-0.96862
-0.97086
-0.97186
-0.97036
-0.97122
-0.97112
-0.9707
-0.97216
-0.97128
-0.97178
-0.97214
-0.96922
-0.96988
-0.9698
-0.97018
-0.97062
-0.969
-0.97102
-0.96968
-0.96904
-0.97072
-0.96986
-0.9691
-0.97184
-0.97138
-0.97176
-0.9705
-0.97156
-0.96968
-0.97076
-0.97156
-0.97066
-0.96794
-0.97242
-0.96852
-0.9705
-0.96874
-0.97116
-0.97224
-0.96916
-0.9712
-0.97036
-0.97152
-0.97122
-0.97172
-0.9707
-0.96868
-0.97078
-0.97214
-0.9709
-0.97074
-0.97166
-0.97246
-0.97078
-0.96928
-0.97048
-0.97126
-0.97012
-0.96888
-0.97092
-0.97264
-0.97168
-0.97142
-0.9707
-0.96918
-0.96992
-0.9718
-0.97056
-0.9717
-0.97074
-0.97116
-0.97018
-0.9693
-0.97222
-0.97192
-0.97198
-0.97064
-0.96988
-0.97116
-0.96986
-0.97162
-0.97124
-0.971
-0.97098
-0.97166
-0.97022
-0.96862
-0.97128
-0.97072
-0.97036
-0.969
-0.97136
-0.96968
-0.97138
-0.9712
-0.96932
-0.96928
-0.97106
-0.97114
-0.97292
-0.9721
-0.96934
-0.97144
-0.96942
-0.9709
-0.97268
-0.97096
-0.97168
-0.97036
-0.97098
-0.97138
-0.97062
-0.96934
-0.97148
-0.97104
-0.97094
-0.97124
-0.971
-0.97118
-0.97022
-0.9719
-0.97144
-0.96976
-0.97066
-0.96932
-0.9676
-0.96806
-0.97108
-0.97088
-0.97082
-0.97196
-0.97052
-0.97
-0.97018
-0.97104
-0.97212
-0.97094
-0.97052
-0.97218
-0.97172
-0.97064
-0.97118
-0.96976
-0.9704
-0.97048
-0.9703
-0.96826
-0.97046
-0.97072
-0.97066
-0.971
-0.9717
-0.9706
-0.9692
-0.96964
-0.96984
-0.971
-0.97072
-0.97004
-0.9706
-0.96974
-0.9725
-0.97064
-0.97076
-0.97134
-0.96878
-0.97224
-0.97106
-0.97072
-0.9712
-0.9696
-0.96912
-0.9707
-0.9704
-0.97034
-0.96944
-0.96884
-0.97206
-0.97074
-0.97194
-0.97234
-0.97064
-0.97168
-0.97018
-0.97056
-0.9707
-0.9724
-0.97328
-0.97206
-0.97192
-0.97038
-0.96998
-0.97018
-0.97056
-0.97108
-0.97136
-0.97016
-0.97038
-0.97236
-0.96996
-0.9719
-0.97016
-0.97104
-0.97046
-0.97188
-0.97156
-0.97036
-0.97058
-0.97146
-0.9705
-0.97124
-0.97014
-0.9712
-0.97072
-0.96992
-0.9705
-0.97102
-0.96972
-0.97156
-0.97164
-0.9737
-0.96978
-0.97086
-0.97068
-0.97032
-0.97022
-0.97096
-0.97046
-0.97318
-0.9706
-0.96944
-0.97116
-0.97188
-0.97032
-0.97148
-0.97306
-0.97002
-0.97058
-0.97166
-0.97104
-0.97236
-0.97124
-0.9706
-0.96836
-0.97076
-0.9723
-0.97002
-0.97226
-0.972
-0.97168
-0.97014
-0.9706
-0.96898
-0.96936
-0.9703
-0.9729
-0.97068
-0.97058
-0.97042
-0.97062
-0.96958
-0.972
-0.9702
-0.9721
-0.97072
-0.969
-0.96874
-0.9723
-0.9706
-0.96968
-0.97282
-0.97194
-0.97134
-0.97172
-0.97174
-0.97076
-0.97016
-0.97016
-0.97174
-0.97038
-0.97096
-0.97064
-0.96964
-0.97148
-0.97064
-0.96974
-0.97208
-0.9707
-0.9709
-0.97122
-0.96852
-0.97006
-0.9691
-0.97102
-0.9703
-0.96996
-0.9689
-0.97236
-0.97056
-0.96922
-0.9712
-0.97164
-0.9707
-0.97018
-0.97102
-0.9715
-0.97046
-0.97178
-0.97074
-0.97312
-0.96888
-0.9696
-0.97036
-0.97038
-0.97076
-0.9715
-0.96972
-0.97082
-0.97074
-0.97042
-0.96914
-0.97092
-0.97138
-0.9709
-0.97026
-0.9693
-0.9704
-0.97022
-0.9716
-0.9723
-0.9683
-0.97004
-0.96952
-0.97168
-0.97172
-0.97088
-0.9705
-0.9705
-0.9706
-0.97114
-0.96936
-0.97014
-0.97318
-0.9711
-0.96936
-0.97054
-0.96954
-0.96994
-0.9709
-0.96954
-0.96846
-0.97032
-0.97032
-0.97116
-0.96878
-0.97052
-0.96974
-0.97104
-0.97112
-0.97082
-0.97
-0.9705
-0.96992
-0.97076
-0.97188
-0.97024
-0.9701
-0.97022
-0.97008
-0.97168
-0.97116
-0.97066
-0.97134
-0.97078
-0.9702
-0.9691
-0.96882
-0.96964
-0.97054
-0.97026
-0.97058
-0.97134
-0.97034
-0.96918
-0.97106
-0.97142
-0.97118
-0.97202
-0.97266
-0.97064
-0.97078
-0.9699
-0.96938
-0.97058
-0.9684
-0.97076
-0.97038
-0.97142
-0.97034
-0.9723
-0.96996
-0.97258
-0.9706
-0.97078
-0.96962
-0.97138
-0.97022
-0.97298
-0.97036
-0.96954
-0.97074
-0.9712
-0.97226
-0.9708
-0.97068
-0.9709
-0.97154
-0.97272
-0.97174
-0.97196
-0.97214
-0.9704
-0.97064
-0.9715
-0.9704
-0.97066
-0.971
-0.97096
-0.97078
-0.97
-0.9714
-0.97218
-0.9704
-0.97178
-0.971
-0.97046
-0.97206
-0.96944
-0.9705
-0.9715
-0.9705
-0.97114
-0.97102
-0.97026
-0.97038
-0.97172
-0.97158
-0.96988
-0.97036
-0.97298
-0.9707
-0.9711
-0.9699
-0.9699
-0.97146
-0.9701
-0.9704
-0.97226
-0.97042
-0.96838
-0.97102
-0.96918
-0.9718
-0.97198
-0.97088
-0.96966
-0.96968
-0.9692
-0.9713
-0.97082
-0.96932
-0.97192
-0.96996
-0.97086
-0.971
-0.97026
-0.97074
-0.97082
-0.97216
-0.97134
-0.96844
-0.96996
-0.97184
-0.97118
-0.97028
-0.97154
-0.97176
-0.97034
-0.97064
-0.97192
-0.9687
-0.96972
-0.97176
-0.97072
-0.97082
-0.97104
-0.97156
-0.9702
-0.97174
-0.97098
-0.97074
-0.97084
-0.96894
-0.97226
-0.97138
-0.97026
-0.96952
-0.9716
-0.973
-0.96898
-0.97146
-0.96994
-0.97272
-0.97002
-0.97034
-0.97322
-0.96994
-0.9723
-0.97126
-0.96924
-0.97174
-0.97146
-0.97206
-0.97006
-0.97204
-0.9694
-0.97142
-0.9719
-0.97102
-0.96998
-0.9718
-0.97248
-0.96872
-0.97132
-0.97052
-0.97192
-0.97184
-0.97054
-0.97154
-0.96888
-0.96988
-0.97138
-0.9711
-0.9707
-0.9706
-0.97164
-0.97204
-0.96934
-0.96992
-0.9719
-0.97104
-0.97046
-0.97126
-0.96934
-0.97034
-0.97078
-0.97254
-0.97036
-0.96992
-0.97164
-0.97032
-0.97084
-0.9712
-0.97092
-0.97194
-0.97174
-0.96926
-0.97144
-0.97172
-0.97134
-0.97272
-0.9696
-0.97166
-0.97068
-0.97042
-0.96944
-0.97056
-0.97094
-0.9704
-0.97198
-0.9704
-0.97188
-0.97106
-0.96956
-0.9697
-0.97364
-0.96948
-0.97036
-0.97028
-0.97032
-0.96926
-0.96984
-0.97076
-0.96902
-0.97112
-0.97344
-0.97166
-0.97004
-0.9716
-0.97024
-0.97098
-0.97192
-0.9699
-0.97298
-0.9697
-0.96996
-0.97116
-0.96942
-0.97242
-0.97036
-0.97296
-0.97154
-0.97018
-0.97016
-0.97078
-0.97164
-0.97134
-0.97184
-0.97216
-0.96844
-0.97094
-0.97126
-0.97214
-0.97256
-0.97158
-0.9703
-0.9715
-0.97098
-0.97232
-0.97178
-0.97038
-0.9714
-0.97148
-0.9713
-0.97004
-0.97004
-0.97128
-0.97124
-0.96964
-0.97052
-0.9701
-0.97166
-0.9715
-0.97024
-0.96826
-0.9687
-0.96854
-0.97008
-0.97084
-0.97072
-0.97276
-0.97202
-0.97094
-0.96962
-0.97204
-0.97108
-0.97044
-0.9698
-0.97068
-0.97096
-0.97108
-0.97074
-0.97022
-0.96924
-0.96874
-0.96876
-0.97266
-0.97088
-0.97072
-0.97106
-0.96922
-0.97114
-0.97074
-0.96888
-0.9723
-0.9704
-0.9707
-0.9687
-0.96984
-0.96888
-0.97044
-0.97052
-0.9695
-0.97106
-0.97106
-0.96994
-0.97062
-0.97262
-0.96996
-0.97236
-0.9705
-0.96996
-0.97176
-0.97098
-0.97048
-0.96976
-0.97024
-0.97122
-0.9708
-0.97068
-0.97056
-0.97104
-0.97088
-0.97084
-0.972
-0.97134
-0.9719
-0.97182
-0.97172
-0.97058
-0.97078
-0.97118
-0.97046
-0.9698
-0.97274
-0.97228
-0.97078
-0.97194
-0.97152
-0.96928
-0.97108
-0.97182
-0.97138
-0.97042
-0.96868
-0.97
-0.97156
-0.97154
-0.96966
-0.9714
-0.9733
-0.97004
-0.97028
-0.9713
-0.97032
-0.97116
-0.97024
-0.96892
-0.96932
-0.97066
-0.97054
-0.97214
-0.9716
-0.97208
-0.97076
-0.9703
-0.97054
-0.9715
-0.97316
-0.97176
-0.96942
-0.96988
-0.9709
-0.9706
-0.97176
-0.97116
-0.97238
-0.97118
-0.97242
-0.97114
-0.97012
-0.9714
-0.97276
-0.97072
-0.96906
-0.97282
-0.97046
-0.97146
-0.969
-0.96866
-0.96756
-0.97272
-0.97154
-0.97164
-0.9701
-0.97008
-0.97022
-0.97112
-0.97058
-0.97146
-0.97096
-0.97294
-0.96998
-0.96978
-0.97032
-0.9703
-0.96982
-0.97018
-0.97084
-0.97034
-0.96944
-0.97148
-0.97286
-0.97254
-0.97186
-0.97032
-0.971
-0.9713
-0.97014
-0.97198
-0.96926
-0.96988
-0.97044
-0.97006
-0.97166
-0.96968
-0.97064
-0.97114
-0.96976
-0.96972
-0.97192
-0.96984
-0.97104
-0.96944
-0.96946
-0.97338
-0.97038
-0.97044
-0.97178
-0.97064
-0.97124
-0.96952
-0.97074
-0.97208
-0.97276
-0.97002
-0.97048
-0.97174
-0.97156
-0.97074
-0.97212
-0.97174
-0.97216
-0.9724
-0.97164
-0.97028
-0.97124
-0.97276
-0.97028
-0.97134
-0.97012
-0.96948
-0.97114
-0.97234
-0.97262
-0.97088
-0.96958
-0.9707
-0.97102
-0.97122
-0.97168
-0.97048
-0.97176
-0.97142
-0.9715
-0.9708
-0.97174
-0.96948
-0.97226
-0.9735
-0.97142
-0.97256
-0.97136
-0.97128
-0.97032
-0.97076
-0.97144
-0.97064
-0.96964
-0.97216
-0.97192
-0.97
-0.9705
-0.96986
-0.97084
-0.96866
-0.97184
-0.96704
-0.97022
-0.97076
-0.97358
-0.97064
-0.96962
-0.97002
-0.97
-0.9709
-0.97088
-0.97136
-0.97174
-0.97162
-0.97046
-0.9708
-0.97056
-0.97188
-0.97114
-0.96998
-0.9715
-0.96958
-0.97028
-0.97034
-0.97026
-0.96992
-0.97184
-0.97078
-0.97088
-0.97076
-0.9723
-0.97128
-0.9723
-0.97166
-0.96976
-0.9712
-0.97116
-0.97208
-0.97134
-0.97078
-0.97134
-0.97078
-0.97042
-0.97104
-0.96932
-0.97098
-0.97146
-0.97164
-0.96986
-0.97014
-0.97018
-0.97156
-0.9708
-0.97068
-0.97016
-0.9699
-0.9721
-0.97028
-0.96978
-0.9716
-0.97162
-0.9694
-0.97124
-0.97224
-0.9692
-0.97
-0.97196
-0.96934
-0.97144
-0.97056
-0.97004
-0.97388
-0.97194
-0.97186
-0.97016
-0.97082
-0.9681
-0.97094
-0.9689
-0.97288
-0.97172
-0.96976
-0.97108
-0.96954
-0.97152
-0.9706
-0.97352
-0.97228
-0.96892
-0.97168
-0.9716
-0.9704
-0.97124
-0.97024
-0.96934
-0.9713
-0.97094
-0.97124
-0.97312
-0.96982
-0.97318
-0.97164
-0.97156
-0.9702
-0.97234
-0.97226
-0.97164
-0.9704
-0.97094
-0.96984
-0.97118
-0.97188
-0.9721
-0.97056
-0.97016
-0.97104
-0.96922
-0.96998
-0.9702
-0.97226
-0.971
-0.97084
-0.97064
-0.971
-0.97064
-0.9703
-0.9696
-0.97014
-0.972
-0.97232
-0.96934
-0.96984
-0.96974
-0.97128
-0.96934
-0.97008
-0.96998
-0.97104
-0.97018
-0.97432
-0.97118
-0.96956
-0.9696
-0.97082
-0.97192
-0.97218
-0.97256
-0.96936
-0.96974
-0.9709
-0.9719
-0.97092
-0.97014
-0.97098
-0.9707
-0.9711
-0.97072
-0.97048
-0.96964
-0.96788
-0.96948
-0.96964
-0.97004
-0.96966
-0.97078
-0.97202
-0.96962
-0.97048
-0.97062
-0.96936
-0.96962
-0.96814
-0.97016
-0.97008
-0.97132
-0.97288
-0.97058
-0.97072
-0.97128
-0.97146
-0.96886
-0.97148
-0.9716
-0.97044
-0.97038
-0.9708
-0.9697
-0.97176
-0.96976
-0.97162
-0.97248
-0.9715
-0.97114
-0.97072
-0.97
-0.96982
-0.9697
-0.9706
-0.97024
-0.97216
-0.97052
-0.97068
-0.97102
-0.97192
-0.97078
-0.97112
-0.97058
-0.97088
-0.97176
-0.96998
-0.97184
-0.97076
-0.97078
-0.96994
-0.97086
-0.9708
-0.9704
-0.97006
-0.96978
-0.97134
-0.971
-0.97212
-0.9712
-0.96968
-0.97102
-0.97248
-0.97232
-0.97078
-0.96962
-0.9699
-0.9703
-0.97062
-0.97084
-0.97186
-0.97044
-0.9709
-0.973
-0.97072
-0.97214
-0.9693
-0.96968
-0.96694
-0.97112
-0.97102
-0.9698
-0.97086
-0.97076
-0.97232
-0.97162
-0.97024
-0.9704
-0.97
-0.97084
-0.97194
-0.97034
-0.97196
-0.97088
-0.97342
-0.96944
-0.97062
-0.9712
-0.97186
-0.97056
-0.96882
-0.96952
-0.97134
-0.97094
-0.9704
-0.9703
-0.97132
-0.97208
-0.9712
-0.96984
-0.97112
-0.973
-0.97004
-0.97232
-0.96966
-0.97164
-0.97074
-0.97014
-0.97192
-0.97136
-0.97104
-0.97022
-0.97088
-0.97244
-0.97092
-0.97102
-0.97126
-0.97132
-0.97028
-0.96946
-0.9703
-0.97036
-0.97074
-0.97184
-0.96972
-0.97096
-0.9708
-0.9697
-0.9704
-0.96988
-0.97076
-0.97388
-0.96906
-0.97062
-0.9721
-0.97126
-0.9724
-0.97152
-0.9705
-0.97064
-0.9689
-0.97176
-0.97276
-0.969
-0.97148
-0.9699
-0.96846
-0.9704
-0.97074
-0.9706
-0.97176
-0.97158
-0.97028
-0.97098
-0.96902
-0.97156
-0.97178
-0.96938
-0.97166
-0.9708
-0.96972
-0.97064
-0.97076
-0.97006
-0.97044
-0.97076
-0.97114
-0.97104
-0.97266
-0.97054
-0.9716
-0.96942
-0.96934
-0.97182
-0.97202
-0.96968
-0.96974
-0.97056
-0.97102
-0.96992
-0.97096
-0.97034
-0.96984
-0.97114
-0.97106
-0.96994
-0.97082
-0.97054
-0.97042
-0.97128
-0.97264
-0.97052
-0.96844
-0.96954
-0.97034
-0.97114
-0.97092
-0.97258
-0.97208
-0.97022
-0.96882
-0.97104
-0.9712
-0.97136
-0.9698
-0.9719
-0.9707
-0.96948
-0.96868
-0.9713
-0.97086
-0.97012
-0.97184
-0.96964
-0.97202
-0.9691
-0.97192
-0.97174
-0.97072
-0.97028
-0.97064
-0.96972
-0.97242
-0.97148
-0.97148
-0.97138
-0.96816
-0.97118
-0.97028
-0.97186
-0.97218
-0.97086
-0.97116
-0.97052
-0.97066
-0.96944
-0.96994
-0.97044
-0.9706
-0.97276
-0.97184
-0.9699
-0.97158
-0.96996
-0.96984
-0.97098
-0.97172
-0.97076
-0.97062
-0.9699
-0.9706
-0.9704
-0.96836
-0.97012
-0.96944
-0.96976
-0.97138
-0.97392
-0.97042
-0.97032
-0.9696
-0.9721
-0.97162
-0.96914
-0.9724
-0.97148
-0.97158
-0.972
-0.97118
-0.97088
-0.97146
-0.9707
-0.97162
-0.96922
-0.96958
-0.97008
-0.96924
-0.97032
-0.97334
-0.96982
-0.97184
-0.9706
-0.97182
-0.9713
-0.96964
-0.97038
-0.97226
-0.97078
-0.97108
-0.97254
-0.96988
-0.972
-0.97272
-0.97164
-0.97158
-0.9706
-0.97064
-0.96988
-0.97082
-0.97168
-0.97186
-0.97158
-0.96976
-0.96914
-0.97108
-0.9703
-0.96968
-0.97174
-0.97288
-0.9722
-0.97142
-0.97144
-0.97146
-0.97054
-0.9706
-0.97176
-0.97234
-0.97184
-0.96986
-0.96974
-0.97166
-0.9705
-0.97
-0.97082
-0.97176
-0.9704
-0.96946
-0.9698
-0.9703
-0.97238
-0.97036
-0.9695
-0.97018
-0.97238
-0.96998
-0.9714
-0.97088
-0.97144
-0.97004
-0.97074
-0.9692
-0.9702
-0.97252
-0.97044
-0.97324
-0.9711
-0.97244
-0.97146
-0.9705
-0.97056
-0.97108
-0.97208
-0.97102
-0.96836
-0.97022
-0.97048
-0.97194
-0.97192
-0.97024
-0.97078
-0.97104
-0.97076
-0.9712
-0.96816
-0.97128
-0.97096
-0.97134
-0.96866
-0.9689
-0.97182
-0.96936
-0.97258
-0.97448
-0.96992
-0.96996
-0.96996
-0.97084
-0.9711
-0.97188
-0.9711
-0.9692
-0.97088
-0.97078
-0.9681
-0.97078
-0.97088
-0.97076
-0.97142
-0.96964
-0.97046
-0.97074
-0.97112
-0.96948
-0.9703
-0.97048
-0.96966
-0.96968
-0.96912
-0.97016
-0.97
-0.97126
-0.972
-0.97176
-0.97182
-0.97118
-0.96844
-0.97002
-0.97094
-0.97216
-0.96908
-0.96952
-0.96922
-0.97264
-0.97002
-0.97132
-0.97236
-0.96864
-0.97172
-0.97082
-0.96804
-0.96932
-0.9699
-0.96852
-0.97192
-0.97124
-0.97014
-0.97048
-0.97118
-0.96954
-0.97054
-0.97126
-0.97168
-0.97062
-0.96968
-0.9693
-0.97194
-0.97142
-0.97048
-0.97044
-0.9707
-0.97048
-0.9698
-0.9711
-0.96984
-0.96858
-0.97052
-0.97
-0.96992
-0.97174
-0.9707
-0.9702
-0.97232
-0.9693
-0.97166
-0.96904
-0.96964
-0.96984
-0.97142
-0.97016
-0.97184
-0.97136
-0.97102
-0.97024
-0.97016
-0.97222
-0.97032
-0.97104
-0.97094
-0.97134
-0.96966
-0.97012
-0.97092
-0.97012
-0.97056
-0.97136
-0.971
-0.97196
-0.97188
-0.97136
-0.96952
-0.97006
-0.96974
-0.97168
-0.9699
-0.97262
-0.97152
-0.96916
-0.97102
-0.97128
-0.97204
-0.9688
-0.96964
-0.97098
-0.96796
-0.9697
-0.96992
-0.97016
-0.97072
-0.97168
-0.97072
-0.97126
-0.97004
-0.97182
-0.971
-0.97122
-0.97122
-0.97014
-0.97218
-0.97086
-0.97068
-0.97012
-0.97162
-0.97038
-0.9696
-0.97126
-0.9696
-0.97024
-0.97106
-0.97294
-0.97128
-0.96996
-0.97058
-0.96878
-0.9701
-0.969
-0.97152
-0.97044
-0.97084
-0.96864
-0.9714
-0.97004
-0.97216
-0.97332
-0.97202
-0.9718
-0.97016
-0.97256
-0.96996
-0.97168
-0.9692
-0.96998
-0.97086
-0.9723
-0.97248
-0.971
-0.97098
-0.97274
-0.96952
-0.96998
-0.96988
-0.96988
-0.9684
-0.96946
-0.97174
-0.96982
-0.97126
-0.972
-0.97044
-0.97218
-0.97002
-0.97114
-0.97108
-0.97132
-0.96862
-0.97154
-0.9721
-0.97012
-0.97156
-0.97152
-0.96916
-0.97114
-0.97226
-0.97168
-0.97024
-0.9703
-0.97114
-0.97218
-0.9718
-0.97118
-0.97044
-0.9721
-0.9704
-0.97226
-0.9692
-0.97256
-0.96964
-0.96968
-0.97068
-0.97126
-0.97006
-0.9705
-0.9715
-0.97016
-0.96972
-0.96864
-0.9713
-0.97218
-0.97114
-0.97194
-0.96938
-0.97094
-0.97112
-0.97134
-0.97158
-0.96956
-0.9716
-0.97116
-0.97164
-0.97126
-0.97102
-0.96944
-0.97094
-0.9712
-0.97132
-0.97124
-0.97218
-0.9722
-0.97108
-0.97158
-0.97192
-0.96982
-0.97024
-0.96976
-0.96832
-0.96972
-0.97114
-0.97184
-0.9699
-0.97234
-0.97126
-0.97134
-0.97042
-0.96988
-0.97138
-0.97098
-0.97106
-0.97004
-0.97008
-0.97178
-0.97028
-0.9714
-0.96968
-0.9712
-0.97188
-0.97052
-0.97022
-0.97016
-0.96988
-0.9707
-0.97176
-0.97226
-0.97236
-0.97038
-0.97116
-0.97116
-0.96978
-0.96984
-0.96838
-0.97122
-0.97228
-0.97156
-0.97124
-0.97046
-0.96944
-0.97036
-0.97028
-0.97146
-0.97104
-0.97014
-0.97004
-0.9713
-0.9719
-0.9707
-0.96836
-0.96934
-0.96836
-0.97086
-0.97038
-0.97064
-0.96922
-0.97114
-0.97188
-0.9699
-0.96988
-0.9696
-0.96988
-0.97028
-0.97132
-0.9704
-0.9704
-0.97096
-0.97104
-0.9724
-0.97098
-0.9711
-0.97056
-0.9687
-0.97034
-0.97062
-0.97078
-0.9708
-0.97016
-0.97208
-0.97094
-0.9725
-0.97156
-0.97014
-0.97146
-0.97068
-0.97014
-0.96968
-0.97046
-0.96892
-0.96944
-0.97116
-0.9704
-0.9731
-0.96914
-0.97126
-0.97204
-0.97084
-0.96898
-0.97018
-0.96892
-0.97114
-0.96974
-0.97038
-0.97102
-0.97126
-0.97004
-0.97178
-0.97108
-0.97112
-0.97164
-0.96998
-0.9706
-0.96962
-0.97016
-0.97322
-0.97162
-0.9703
-0.97186
-0.9705
-0.97066
-0.9687
-0.97156
-0.9721
-0.97042
-0.97036
-0.97034
-0.97048
-0.97134
-0.97032
-0.96958
-0.97086
-0.96894
-0.97042
-0.96702
-0.97094
-0.97164
-0.97116
-0.96972
-0.9709
-0.97048
-0.97122
-0.97152
-0.97108
-0.97176
-0.9726
-0.97006
-0.97092
-0.97256
-0.96992
-0.9721
-0.97144
-0.97216
-0.97048
-0.96974
-0.97048
-0.97144
-0.97106
-0.97266
-0.97126
-0.97046
-0.9695
-0.96908
-0.96906
-0.97034
-0.9703
-0.97036
-0.97002
-0.96956
-0.97144
-0.97388
-0.97156
-0.96982
-0.97096
-0.97018
-0.97006
-0.97014
-0.96988
-0.97118
-0.9696
-0.96874
-0.97128
-0.96944
-0.96994
-0.97128
-0.96936
-0.96834
-0.9723
-0.97054
-0.97106
-0.97084
-0.9715
-0.97022
-0.9725
-0.97148
-0.97076
-0.97076
-0.97026
-0.97128
-0.96998
-0.97114
-0.97234
-0.96976
-0.97086
-0.9699
-0.97128
-0.97096
-0.97016
-0.97114
-0.97226
-0.9708
-0.97142
-0.97032
-0.97112
-0.97124
-0.96968
-0.96906
-0.96992
-0.97122
-0.97
-0.97102
-0.9719
-0.97174
-0.9719
-0.96994
-0.97044
-0.96936
-0.96966
-0.97134
-0.9713
-0.9712
-0.97002
-0.97164
-0.97026
-0.97124
-0.9699
-0.96938
-0.97058
-0.97004
-0.97248
-0.9713
-0.97014
-0.97174
-0.97032
-0.9688
-0.96954
-0.96814
-0.97124
-0.97086
-0.96914
-0.97222
-0.9687
-0.96944
-0.97028
-0.97212
-0.97164
-0.97064
-0.96948
-0.9711
-0.97096
-0.97002
-0.97108
-0.97106
-0.9703
-0.97204
-0.97046
-0.9702
-0.97164
-0.9698
-0.97182
-0.96894
-0.96796
-0.97208
-0.9726
-0.971
-0.9695
-0.96972
-0.96846
-0.97118
-0.97062
-0.9708
-0.97004
-0.96832
-0.9699
-0.9708
-0.97232
-0.96978
-0.97158
-0.9711
-0.97044
-0.97298
-0.9696
-0.97114
-0.97122
-0.97248
-0.97164
-0.97146
-0.97018
-0.97084
-0.97058
-0.96986
-0.9701
-0.97216
-0.9704
-0.97132
-0.96966
-0.97036
-0.96974
-0.97102
-0.9726
-0.96994
-0.97126
-0.96898
-0.97098
-0.96934
-0.9698
-0.97026
-0.96976
-0.97166
-0.97104
-0.97182
-0.9707
-0.97162
-0.96962
-0.97176
-0.97142
-0.9715
-0.96886
-0.97094
-0.97076
-0.9678
-0.96812
-0.97042
-0.97154
-0.97102
-0.96784
-0.97194
-0.96898
-0.97086
-0.9707
-0.97218
-0.97032
-0.96888
-0.9701
-0.9694
-0.96924
-0.96994
-0.97172
-0.9702
-0.96972
-0.96948
-0.97028
-0.97128
-0.9703
-0.9717
-0.97058
-0.97012
-0.97304
-0.97328
-0.97204
-0.971
-0.97198
-0.97276
-0.97156
-0.9704
-0.97038
-0.97048
-0.97156
-0.96938
-0.97052
-0.9709
-0.97088
-0.9706
-0.97034
-0.97218
-0.97388
-0.9712
-0.97272
-0.97196
-0.97152
-0.9716
-0.97168
-0.97132
-0.96928
-0.9706
-0.96948
-0.97184
-0.9695
-0.9698
-0.97212
-0.97164
-0.9711
-0.97112
-0.97252
-0.9696
-0.97008
-0.97202
-0.9699
-0.97166
-0.97192
-0.96908
-0.97128
-0.9718
-0.97134
-0.97008
-0.96906
-0.97254
-0.97276
-0.9708
-0.97002
-0.97268
-0.97072
-0.97188
-0.9712
-0.97088
-0.9726
-0.9693
-0.97082
-0.97064
-0.97068
-0.96912
-0.9697
-0.96924
-0.971
-0.96836
-0.96926
-0.97138
-0.9709
-0.9723
-0.97136
-0.97014
-0.97038
-0.97206
-0.97154
-0.97082
-0.97182
-0.96832
-0.96886
-0.97202
-0.97088
-0.97168
-0.97088
-0.97298
-0.97008
-0.96966
-0.97072
-0.97058
-0.97142
-0.97
-0.96998
-0.96956
-0.97026
-0.97346
-0.97312
-0.97122
-0.97138
-0.9706
-0.97008
-0.97216
-0.96982
-0.97014
-0.97296
-0.9701
-0.9718
-0.97026
-0.9711
-0.97044
-0.97022
-0.97054
-0.9729
-0.97088
-0.9717
-0.97146
-0.97022
-0.96938
-0.97034
-0.9705
-0.96982
-0.97036
-0.9711
-0.97098
-0.97216
-0.97066
-0.97286
-0.97174
-0.9708
-0.9723
-0.97068
-0.97142
-0.97022
-0.9746
-0.97016
-0.97082
-0.97172
-0.97204
-0.97144
-0.97042
-0.97106
-0.97094
-0.97148
-0.97164
-0.97132
-0.97186
-0.97144
-0.96926
-0.97068
-0.971
-0.96988
-0.9706
-0.9712
-0.9717
-0.97134
-0.97222
-0.97208
-0.96916
-0.96996
-0.9708
-0.97254
-0.96856
-0.97032
-0.96966
-0.97074
-0.97008
-0.97202
-0.97108
-0.96896
-0.97326
-0.97176
-0.9712
-0.9705
-0.97248
-0.9716
-0.97028
-0.97176
-0.96946
-0.9716
-0.97158
-0.97026
-0.9704
-0.97032
-0.96972
-0.97116
-0.97112
-0.97086
-0.9719
-0.9715
-0.9696
-0.9717
-0.97112
-0.97168
-0.97146
-0.97068
-0.97038
-0.97018
-0.97066
-0.97022
-0.97092
-0.97074
-0.97368
-0.9697
-0.9687
-0.97112
-0.97116
-0.97298
-0.96864
-0.96976
-0.97094
-0.97058
-0.9696
-0.97082
-0.97088
-0.9715
-0.97158
-0.97056
-0.9716
-0.97082
-0.97012
-0.97046
-0.97006
-0.9713
-0.97144
-0.9694
-0.97026
-0.96918
-0.9696
-0.9725
-0.97102
-0.97036
-0.9719
-0.9726
-0.96934
-0.97232
-0.9722
-0.97116
-0.97196
-0.971
-0.97054
-0.97286
-0.97166
-0.97254
-0.96944
-0.97066
-0.97
-0.97064
-0.97
-0.97032
-0.9707
-0.9713
-0.96846
-0.9692
-0.9708
-0.97182
-0.97062
-0.97012
-0.97034
-0.97216
-0.9708
-0.97282
-0.97112
-0.97042
-0.96896
-0.97166
-0.96932
-0.9707
-0.97078
-0.97074
-0.97044
-0.971
-0.9703
-0.97086
-0.97082
-0.97152
-0.97134
-0.97062
-0.97128
-0.97168
-0.96944
-0.96884
-0.97158
-0.97102
-0.97186
-0.97168
-0.9705
-0.9716
-0.97188
-0.97072
-0.96994
-0.97146
-0.97238
-0.97156
-0.97132
-0.96914
-0.97102
-0.9703
-0.97018
-0.97134
-0.9721
-0.97112
-0.96882
-0.97128
-0.97008
-0.97056
-0.97114
-0.96882
-0.97084
-0.9719
-0.97108
-0.96962
-0.9697
-0.9701
-0.9696
-0.97124
-0.97242
-0.97096
-0.97148
-0.97074
-0.96872
-0.97126
-0.96896
-0.97026
-0.97118
-0.97022
-0.97002
-0.9704
-0.97212
-0.97238
-0.97106
-0.97132
-0.96946
-0.97204
-0.9699
-0.97172
-0.9721
-0.97106
-0.96958
-0.97164
-0.96896
-0.97016
-0.9695
-0.97198
-0.97096
-0.97182
-0.97216
-0.97172
-0.97156
-0.9691
-0.97214
-0.9708
-0.96944
-0.96928
-0.9708
-0.97068
-0.97082
-0.9699
-0.9711
-0.96986
-0.9692
-0.9709
-0.9685
-0.97306
-0.97066
-0.97126
-0.9707
-0.97236
-0.97192
-0.97164
-0.9702
-0.97064
-0.97036
-0.97036
-0.97062
-0.9714
-0.97078
-0.96922
-0.9711
-0.97088
-0.96938
-0.97018
-0.96836
-0.96974
-0.97018
-0.97072
-0.97238
-0.97208
-0.97068
-0.97108
-0.9709
-0.97104
-0.97152
-0.97038
-0.97114
-0.9701
-0.97004
-0.97256
-0.96992
-0.97056
-0.9713
-0.97228
-0.97118
-0.97128
-0.97212
-0.97118
-0.96934
-0.9703
-0.96976
-0.97024
-0.9712
-0.97046
-0.97012
-0.97056
-0.97198
-0.97036
-0.97074
-0.97118
-0.96922
-0.97024
-0.97012
-0.9702
-0.96936
-0.9719
-0.9707
-0.97098
-0.97072
-0.9721
-0.9703
-0.9709
-0.97144
-0.97126
-0.96914
-0.97146
-0.97054
-0.97104
-0.96992
-0.97138
-0.97024
-0.97202
-0.97118
-0.9699
-0.97154
-0.96958
-0.96944
-0.97116
-0.97076
-0.9708
-0.97018
-0.97206
-0.96938
-0.97118
-0.96968
-0.9708
-0.97036
-0.97036
-0.9686
-0.9712
-0.9711
-0.97034
-0.96996
-0.97078
-0.97072
-0.97206
-0.96748
-0.9706
-0.96978
-0.97076
-0.97052
-0.9724
-0.97064
-0.97052
-0.97198
-0.97158
-0.9713
-0.9722
-0.97304
-0.97086
-0.97058
-0.97188
-0.96878
-0.9714
-0.97088
-0.96986
-0.97134
-0.97136
-0.9714
-0.97204
-0.97126
-0.97154
-0.9713
-0.97112
-0.97048
-0.97038
-0.97034
-0.97092
-0.96934
-0.97108
-0.97168
-0.96998
-0.97028
-0.97292
-0.97108
-0.96976
-0.96984
-0.97154
-0.97142
-0.9718
-0.97068
-0.96998
-0.97122
-0.97168
-0.97082
-0.96956
-0.97174
-0.97126
-0.97228
-0.9696
-0.97258
-0.96994
-0.96984
-0.97028
-0.97006
-0.96772
-0.97216
-0.97032
-0.9706
-0.96966
-0.96956
-0.96994
-0.97076
-0.97126
-0.97214
-0.97204
-0.97226
-0.97066
-0.97182
-0.971
-0.97144
-0.9704
-0.9709
-0.96988
-0.9708
-0.9703
-0.97086
-0.96996
-0.97276
-0.97234
-0.9696
-0.96884
-0.97098
-0.97024
-0.97002
-0.96888
-0.97252
-0.97052
-0.97198
-0.97204
-0.9709
-0.97026
-0.97136
-0.97058
-0.9722
-0.9702
-0.971
-0.9725
-0.97064
-0.9716
-0.97182
-0.97196
-0.96884
-0.97102
-0.97244
-0.97124
-0.97182
-0.97044
-0.97058
-0.96812
-0.9706
-0.9706
-0.97078
-0.97164
-0.97056
-0.97008
-0.97062
-0.9704
-0.97208
-0.97226
-0.97026
-0.97142
-0.97156
-0.96962
-0.97048
-0.9692
-0.97004
-0.96994
-0.9706
-0.97204
-0.97012
-0.97114
-0.97228
-0.97224
-0.96968
-0.97152
-0.97084
-0.97096
-0.97068
-0.9715
-0.97076
-0.96808
-0.9695
-0.9717
-0.97234
-0.97168
-0.97076
-0.97152
-0.97046
-0.9703
-0.97052
-0.97042
-0.97134
-0.97122
-0.96954
-0.97044
-0.96978
-0.96954
-0.97308
-0.97184
-0.96976
-0.96998
-0.9724
-0.97088
-0.96976
-0.9715
-0.97238
-0.9713
-0.96958
-0.97092
-0.97064
-0.97086
-0.97096
-0.97156
-0.96866
-0.97154
-0.97178
-0.97036
-0.97148
-0.96932
-0.97026
-0.9699
-0.97216
-0.9707
-0.97136
-0.9715
-0.97082
-0.97074
-0.97028
-0.97152
-0.97076
-0.97042
-0.97118
-0.97142
-0.97218
-0.9717
-0.9699
-0.97058
-0.97122
-0.96918
-0.96978
-0.97016
-0.97092
-0.9713
-0.97062
-0.97198
-0.97112
-0.97012
-0.97024
-0.97112
-0.96938
-0.96864
-0.97028
-0.96994
-0.96746
-0.97284
-0.9709
-0.9692
-0.97254
-0.97262
-0.97006
-0.9714
-0.9695
-0.97038
-0.96922
-0.97172
-0.97062
-0.97014
-0.97036
-0.97202
-0.97188
-0.96876
-0.9711
-0.97058
-0.97152
-0.97148
-0.97034
-0.97168
-0.97156
-0.97244
-0.97206
-0.96924
-0.97064
-0.9722
-0.97232
-0.97016
-0.97198
-0.9702
-0.97258
-0.97232
-0.97092
-0.97022
-0.97066
-0.97144
-0.97026
-0.97096
-0.96944
-0.97248
-0.97058
-0.97156
-0.9701
-0.97096
-0.9724
-0.9708
-0.96966
-0.96916
-0.97132
-0.97092
-0.9712
-0.96892
-0.96992
-0.97008
-0.97074
-0.9718
-0.9696
-0.97034
-0.9709
-0.97094
-0.97024
