0.0352
0.03312
0.05378
0.05202
0.05596
0.05544
0.06402
0.05536
0.0294
0.04154
0.04098
0.0405
0.04446
0.03672
0.0313
0.03302
0.04768
0.0432
0.04878
0.04636
0.0602
0.05514
0.0287
0.03122
0.0424
0.03946
0.04096
0.03406
0.02506
0.03768
0.04452
0.04486
0.04778
0.0568
0.05518
0.05056
0.0496
0.056
0.04994
0.0566
0.05174
0.04864
0.03736
0.05748
0.05358
0.03776
0.03752
0.0373
0.05076
0.0368
0.04408
0.04448
0.05038
0.04864
0.03252
0.0343
0.02918
0.04544
0.04472
0.05438
0.0457
0.03398
0.04028
0.02672
0.02966
0.02454
0.04052
0.04662
0.04552
0.04274
0.04088
0.03024
0.04384
0.05886
0.06836
0.05824
0.0474
0.04382
0.03566
0.01928
0.02184
0.0351
0.04904
0.05972
0.05042
0.04604
0.04066
0.04272
0.03666
0.03192
0.0323
0.03104
0.03896
0.0394
0.05352
0.05874
0.04984
0.0388
0.02918
0.02416
0.0366
0.04624
0.05914
0.06286
0.0688
0.06958
0.06092
0.05032
0.04312
0.03248
0.04932
0.04968
0.05122
0.04512
0.0384
0.053
0.0487
0.0348
0.03612
0.029
0.03618
0.05224
0.06224
0.0557
0.06246
0.0669
0.07222
0.07838
0.0588
0.04894
0.04324
0.05362
0.05724
0.04906
0.04054
0.04734
0.0558
0.04358
0.04034
0.02578
0.03004
0.0398
0.04672
0.0467
0.06174
0.07266
0.07822
0.06714
0.05352
0.04404
0.03552
0.04118
0.03458
0.03662
0.034
0.0489
0.04188
0.0482
0.04232
0.04878
0.04346
0.04752
0.04442
0.05522
0.0519
0.06486
0.05642
0.04918
0.04076
0.04272
0.04872
0.04464
0.04806
0.05148
0.05662
0.07024
0.0587
0.06242
0.05832
0.0475
0.04658
0.04678
0.05094
0.0501
0.06468
0.06974
0.06188
0.05668
0.07016
0.06136
0.05212
0.05488
0.03932
0.03804
0.03746
0.05368
0.05212
0.05522
0.05664
0.0584
0.05466
0.04448
0.04888
0.05166
0.03994
0.03078
0.03188
0.02772
0.04386
0.03846
0.03862
0.02734
0.03086
0.03346
0.04172
0.04936
0.03038
0.0215
0.03586
0.03104
0.04808
0.0453
0.04362
0.02986
0.03576
0.03902
0.03856
0.03966
0.0476
0.04914
0.03942
0.0375
0.03874
0.03222
0.0402
0.03014
0.02486
0.028
0.02724
0.04088
0.04002
0.05182
0.04374
0.04422
0.0242
0.03674
0.0478
0.06342
0.05288
0.05684
0.05598
0.05596
0.04656
0.03898
0.04256
0.04404
0.04686
0.05024
0.03498
0.0532
0.05308
0.04852
0.06898
0.05014
0.0355
0.03644
0.03878
0.05402
0.0591
0.05976
0.05196
0.06648
0.05924
0.0593
0.06176
0.0598
0.06416
0.06286
0.06274
0.0702
0.0723
0.07486
0.06176
0.04748
0.02504
0.04078
0.04608
0.03526
0.03436
0.04612
0.05244
0.05794
0.06248
0.04686
0.0404
0.04138
0.0355
0.02918
0.02276
0.03602
0.05008
0.0641
0.05926
0.04012
0.04706
0.05306
0.05614
0.05952
0.04486
0.0445
0.02804
0.0462
0.0437
0.03296
0.0386
0.0323
0.02736
0.04262
0.05038
0.05204
0.05342
0.05378
0.04678
0.04174
0.03744
0.04262
0.05438
0.04864
0.05084
0.04074
0.05416
0.04364
0.06044
0.0632
0.06774
0.05388
0.07428
0.06724
0.05534
0.05128
0.05352
0.052
0.04518
0.0598
0.06348
0.0608
0.04052
0.04698
0.05422
0.03706
0.03994
0.041
0.05362
0.06326
0.04804
0.05624
0.04746
0.05446
0.04554
0.05734
0.05276
0.04708
0.03368
0.02744
0.052
0.05882
0.05492
0.06532
0.06906
0.0642
0.04478
0.04994
0.03906
0.03462
0.04256
0.04376
0.0367
0.04492
0.03206
0.03172
0.03434
0.04972
0.05486
0.04618
0.04984
0.04728
0.03972
0.05586
0.05396
0.04308
0.04852
0.0561
0.0422
0.0474
0.0577
0.04508
0.04802
0.05002
0.05314
0.04488
0.04796
0.0235
0.01704
0.02196
0.02072
0.00984
0.04344
0.05552
0.06422
0.06808
0.06954
0.07308
0.07372
0.04678
0.0564
0.05696
0.05854
0.0545
0.06376
0.0515
0.05652
0.0602
0.06574
0.06624
0.06716
0.06136
0.07066
0.06072
0.05742
0.04632
0.04618
0.04892
0.06206
0.06418
0.06448
0.06248
0.05938
0.05826
0.0554
0.05148
0.05256
0.04372
0.04574
0.02088
0.04574
0.04958
0.05312
0.06582
0.0642
0.06322
0.04572
0.05384
0.0413
0.04444
0.04642
0.0502
0.03844
0.04366
0.05334
0.0536
0.0406
0.05156
0.0406
0.05314
0.05498
0.05202
0.04476
0.04484
0.04626
0.04024
0.0419
0.0415
0.03346
0.02018
0.0214
0.02282
0.0326
0.01886
0.0302
0.03404
0.04482
0.04986
0.04008
0.04646
0.04364
0.0472
0.0522
0.03958
0.04648
0.04532
0.04242
0.04762
0.04754
0.0414
0.02894
0.03924
0.0364
0.0444
0.04344
0.0341
0.03022
0.04748
0.0412
0.0427
0.04182
0.03366
0.04504
0.05356
0.04638
0.054
0.05516
0.04556
0.05084
0.04792
0.04118
0.05092
0.05948
0.0603
0.04976
0.05032
0.05464
0.05466
0.06406
0.0507
0.05052
0.0561
0.04326
0.04702
0.05424
0.04572
0.04806
0.05288
0.04182
0.03566
0.04486
0.03494
0.02014
0.03532
0.03368
0.04714
0.04188
0.05086
0.05754
0.04022
0.03074
0.03314
0.04346
0.0494
0.04526
0.03476
0.01876
0.03344
0.02974
0.0266
0.03916
0.05008
0.02492
0.0414
0.0398
0.05274
0.04556
0.05572
0.02458
0.0441
0.02964
0.04656
0.0303
0.01414
0.03062
0.02534
0.03278
0.032
0.0292
0.03678
0.05204
0.04406
0.04142
0.04758
0.05158
0.03504
0.04098
0.05156
0.0665
0.04784
0.06414
0.06364
0.0465
0.0452
0.04508
0.0451
0.04572
0.047
0.04662
0.05784
0.05596
0.04668
0.05328
0.05786
0.04168
0.04468
0.04056
0.042
0.04326
0.05128
0.05078
0.0548
0.05638
0.0378
0.0485
0.04122
0.0554
0.05834
0.05322
0.04432
0.0496
0.04538
0.05052
0.06414
0.0613
0.05528
0.0442
0.04554
0.04234
0.04002
0.03706
0.03542
0.03988
0.04698
0.03868
0.0499
0.05338
0.0599
0.06204
0.0512
0.04034
0.03898
0.06408
0.05776
0.06336
0.05688
0.0485
0.04944
0.059
0.06286
0.06506
0.0562
0.05108
0.056
0.06776
0.0654
0.0693
0.0451
0.04886
0.0657
0.05104
0.03822
0.05484
0.04464
0.04614
0.04226
0.0441
0.03136
0.03598
0.03546
0.04942
0.06102
0.04786
0.04
0.0298
0.02696
0.03406
0.02342
0.02404
0.02708
0.04756
0.03324
0.05112
0.04526
0.07066
0.0603
0.05912
0.05044
0.0512
0.06058
0.0492
0.0407
0.05858
0.05992
0.0722
0.06878
0.04472
0.03564
0.05086
0.04826
0.06008
0.04842
0.04412
0.0483
0.05176
0.06158
0.0819
0.06896
0.06352
0.06548
0.04978
0.04852
0.0621
0.05136
0.06882
0.05364
0.04258
0.03712
0.03686
0.04356
0.0599
0.0417
0.0364
0.04246
0.05156
0.07432
0.07278
0.05572
0.04044
0.0503
0.04276
0.05592
0.06764
0.04378
0.04006
0.0411
0.04758
0.04446
0.04952
0.05936
0.05452
0.05218
0.04912
0.04622
0.04484
0.02638
0.03192
0.02756
0.04526
0.04838
0.05284
0.0379
0.02668
0.02934
0.04658
0.0579
0.05058
0.05
0.03586
0.04466
0.05168
0.0557
0.0543
0.0733
0.0705
0.04308
0.03812
0.04028
0.05984
0.0419
0.05046
0.05016
0.05838
0.05584
0.0554
0.06472
0.05912
0.06748
0.05974
0.0411
0.03948
0.02728
0.02282
0.01066
0.03468
0.03692
0.04026
0.04564
0.0564
0.0685
0.05704
0.0615
0.04066
0.03116
0.01884
0.02452
0.0372
0.04472
0.02938
0.0267
0.02838
0.04924
0.03998
0.04408
0.04564
0.03762
0.04764
0.05056
0.03448
0.03444
0.0414
0.0369
0.05064
0.0328
0.03774
0.04148
0.03898
0.0438
0.04082
0.04846
0.04674
0.03986
0.04176
0.05042
0.06068
0.05508
0.04596
0.0597
0.05476
0.07084
0.05572
0.03362
0.03308
0.0449
0.0472
0.02658
0.0232
0.03802
0.0386
0.04682
0.03724
0.04552
0.0509
0.06726
0.06188
0.07112
0.06328
0.05664
0.06314
0.0552
0.06744
0.06038
0.05202
0.02862
0.0399
0.0393
0.02114
0.04684
0.04536
0.03912
0.03758
0.0481
0.05092
0.05776
0.06044
0.06048
0.07398
0.04608
0.05578
0.05146
0.04918
0.04188
0.04264
0.05098
0.03974
0.05522
0.0525
0.03728
0.052
0.0407
0.04214
0.05502
0.05966
0.04722
0.05546
0.05574
0.05946
0.06298
0.06732
0.06588
0.0882
0.07206
0.07828
0.07748
0.05798
0.05758
0.04486
0.04616
0.05058
0.0527
0.0515
0.0438
0.04534
0.04934
0.05144
0.04688
0.06052
0.05982
0.04026
0.04858
0.052
0.04798
0.05254
0.06406
0.0486
0.04412
0.07376
0.07284
0.06094
0.06118
0.05438
0.05698
0.05472
0.04584
0.03402
0.03944
0.03854
0.03166
0.04096
0.03232
0.04914
0.03868
0.04338
0.05496
0.0472
0.04268
0.04056
0.0588
0.05966
0.0405
0.04286
0.05
0.06012
0.05286
0.0682
0.0553
0.05402
0.0541
0.03604
0.04078
0.0527
0.03844
0.03442
0.0323
0.0343
0.05144
0.04284
0.0478
0.0612
0.06514
0.05358
0.06236
0.05164
0.06206
0.05972
0.05014
0.05078
0.06416
0.04696
0.05652
0.04818
0.04992
0.05186
0.05842
0.03514
0.0462
0.04392
0.04914
0.05722
0.06328
0.0489
0.05674
0.05942
0.06092
0.03952
0.02498
0.02938
0.03464
0.03918
0.0487
0.04216
0.0645
0.07514
0.0651
0.05378
0.05454
0.06168
0.0578
0.06802
0.05348
0.05078
0.04778
0.04904
0.04178
0.0379
0.04282
0.0482
0.05054
0.0451
0.04924
0.04554
0.041
0.04616
0.03818
0.03792
0.0452
0.04788
0.04926
0.03914
0.05328
0.03302
0.05102
0.04896
0.05924
0.05188
0.04032
0.0336
0.05206
0.05188
0.05408
0.0669
0.05846
0.04982
0.05034
0.04544
0.05034
0.04712
0.04696
0.04902
0.04446
0.057
0.04852
0.05972
0.05064
0.04732
0.02706
0.04304
0.03804
0.047
0.03578
0.03728
0.0415
0.05714
0.04328
0.03132
0.02644
0.03712
0.03646
0.03712
0.05048
0.05814
0.05298
0.0483
0.0483
0.05764
0.0619
0.03998
0.05754
0.0533
0.05432
0.06048
0.06026
0.06496
0.0548
0.04954
0.05146
0.05692
0.05376
0.05054
0.04462
0.05056
0.03242
0.04282
0.04812
0.06752
0.06286
0.05766
0.05212
0.06664
0.0734
0.07314
0.0701
0.07322
0.06692
0.06218
0.04748
0.0406
0.04278
0.0391
0.02864
0.04014
0.05604
0.0461
0.04938
0.05198
0.06142
0.05432
0.04716
0.0359
0.0428
0.05226
0.04774
0.05992
0.0569
0.03376
0.03318
0.038
0.04986
0.04892
0.04906
0.0555
0.04354
0.04666
0.0457
0.05304
0.04528
0.06114
0.05358
0.04282
0.0305
0.03056
0.03288
0.0229
0.04072
0.0458
0.05922
0.03012
0.029
0.02302
0.02944
0.04094
0.04838
0.0519
0.04986
0.05754
0.05924
0.04804
0.04662
0.0445
0.03748
0.0445
0.04034
0.03712
0.0338
0.03488
0.04238
0.03518
0.0484
0.06192
0.05984
0.05858
0.04904
0.05136
0.04366
0.04502
0.04924
0.04876
0.0511
0.04596
0.044
0.04328
0.03732
0.04704
0.04582
0.04708
0.04196
0.0491
0.04886
0.06342
0.0694
0.08174
0.07572
0.0588
0.0636
0.05586
0.05424
0.05498
0.04502
0.05614
0.06172
0.05264
0.07032
0.06478
0.07318
0.07754
0.07592
0.06218
0.06712
0.06338
0.04694
0.04552
0.04372
0.05026
0.0334
0.0254
0.0464
0.03476
0.04526
0.04884
0.04282
0.04408
0.0488
0.04416
0.04384
0.03618
0.04364
0.04828
0.05682
0.04568
0.04614
0.04476
0.04126
0.02316
0.04812
0.0451
0.05704
0.06418
0.06712
0.05486
0.031
0.05286
0.0445
0.05982
0.07414
0.05894
0.0628
0.05088
0.05654
0.0381
0.03004
0.0222
0.0249
0.02616
0.0333
0.03178
0.05524
0.04888
0.06008
0.05882
0.05912
0.0567
0.05038
0.05248
0.0663
0.05824
0.05326
0.04326
0.04988
0.03014
0.03382
0.02308
0.02954
0.03666
0.04786
0.04688
0.04974
0.05056
0.05332
0.04824
0.06392
0.06792
0.04232
0.04086
0.03712
0.05038
0.05048
0.04394
0.04102
0.0376
0.0472
0.04892
0.05868
0.05422
0.06208
0.057
0.04772
0.05894
0.0567
0.04724
0.05928
0.05584
0.05672
0.06424
0.06092
0.05902
0.03764
0.04402
0.04332
0.03178
0.05914
0.05522
0.05278
0.05572
0.03822
0.04482
0.04418
0.04946
0.04556
0.0387
0.036
0.0512
0.0487
0.05248
0.05892
0.0559
0.0566
0.0582
0.0579
0.0621
0.05826
0.04244
0.02812
0.0485
0.03924
0.0384
0.04364
0.03918
0.05796
0.04554
0.05874
0.0503
0.03924
0.05444
0.04486
0.06064
0.05432
0.04568
0.05464
0.06286
0.0501
0.05628
0.07282
0.07392
0.06488
0.07526
0.05778
0.0735
0.0584
0.06428
0.05564
0.06076
0.05684
0.07622
0.07972
0.07106
0.08286
0.06462
0.05262
0.06132
0.07038
0.06476
0.06214
0.06226
0.06428
0.0724
0.07064
0.06344
0.05092
0.05316
0.05044
0.05804
0.04508
0.02788
0.0455
0.0383
0.0592
0.04478
0.04314
0.04976
0.04492
0.04706
0.0467
0.05664
0.0598
0.04724
0.05066
0.05092
0.04826
0.0473
0.04044
0.05092
0.06276
0.0619
0.06064
0.05258
0.05288
0.06086
0.0719
0.07198
0.06496
0.05122
0.03832
0.04202
0.04166
0.05258
0.06264
0.05576
0.04528
0.05088
0.04932
0.05002
0.0364
0.05736
0.05646
0.05722
0.06008
0.03746
0.04944
0.04666
0.04312
0.0466
0.06052
0.05784
0.05692
0.0835
0.0634
0.05908
0.0658
0.0626
0.06004
0.04822
0.04332
0.0573
0.05792
0.0462
0.0432
0.04738
0.04498
0.03624
0.03372
0.0486
0.04986
0.05104
0.03522
0.04344
0.04406
0.04144
0.0382
0.0413
0.03504
0.0381
0.04686
0.04716
0.05704
0.05192
0.0453
0.0486
0.05226
0.04162
0.03086
0.0524
0.04744
0.05356
0.0462
0.05564
0.04788
0.04716
0.0548
0.05786
0.05734
0.06106
0.0632
0.04742
0.02982
0.03296
0.045
0.05384
0.04194
0.04712
0.0434
0.05284
0.04474
0.05852
0.056
0.06014
0.04846
0.04114
0.04314
0.03758
0.04684
0.04638
0.04946
0.05442
0.05432
0.0721
0.08034
0.05848
0.05734
0.05172
0.0622
0.05844
0.0469
0.05746
0.0385
0.04152
0.04018
0.0463
0.02818
0.05052
0.05112
0.0689
0.06402
0.06474
0.06304
0.06316
0.06206
0.05964
0.0559
0.0653
0.07164
0.0512
0.04394
0.04072
0.03132
0.02838
0.0364
0.04664
0.03856
0.03702
0.0409
0.03944
0.03198
0.01822
0.0095
0.00908
0.03474
0.03432
0.03234
0.04698
0.05236
0.04974
0.05828
0.06244
0.04316
0.02168
0.0353
0.04052
0.0402
0.04018
0.03388
0.02912
0.03998
0.04998
0.04062
0.04178
0.04746
0.03734
0.03588
0.04692
0.04476
0.0473
0.04122
0.02832
0.03916
0.01156
0.0255
0.0319
0.05218
0.03808
0.03402
0.027
0.05032
0.06152
0.05768
0.04058
0.04986
0.04212
0.05134
0.04368
0.04402
0.04786
0.05616
0.04638
0.03802
0.059
0.05882
0.06284
0.05588
0.04564
0.04956
0.04524
0.04278
0.04294
0.0575
0.05536
0.06066
0.04946
0.0528
0.05538
0.0454
0.06212
0.07258
0.05472
0.05708
0.05624
0.0486
0.04536
0.04418
0.04366
0.04668
0.04826
0.05434
0.03694
0.05926
0.04208
0.04918
0.0541
0.05074
0.0548
0.05126
0.03614
0.03636
0.04046
0.05102
0.05298
0.0456
0.03856
0.04066
0.03778
0.05156
0.046
0.04864
0.0474
0.04516
0.03608
0.03978
0.04622
0.05336
0.0548
0.05284
0.05016
0.05934
0.04152
0.03842
0.04672
0.05152
0.0502
0.04298
0.03144
0.02432
0.03404
0.03622
0.04118
0.04876
0.062
0.05218
0.06364
0.062
0.04304
0.06208
0.07444
0.06488
0.0654
0.06456
0.05626
0.05844
0.05142
0.06504
0.05996
0.06312
0.0639
0.07158
0.0561
0.0619
0.06416
0.048
0.0532
0.04624
0.04838
0.0567
0.04718
0.05062
0.06522
0.07096
0.05422
0.06256
0.06414
0.07062
0.05668
0.0737
0.07496
0.08206
0.07638
0.07188
0.0861
0.0638
0.06146
0.0586
0.0598
0.06526
0.04846
0.04602
0.04584
0.04082
0.04046
0.0645
0.05828
0.06852
0.0723
0.07174
0.05418
0.045
0.04924
0.03984
0.04534
0.044
0.0291
0.05144
0.0502
0.048
0.06504
0.05542
0.06144
0.05168
0.04436
0.06474
0.06216
0.05058
0.05366
0.05928
0.05766
0.0634
0.04964
0.04498
0.05894
0.06052
0.06222
0.06678
0.05116
0.03856
0.0383
0.05046
0.05406
0.04912
0.05014
0.05096
0.05792
0.05716
0.07052
0.06526
0.04992
0.03692
0.04054
0.0534
0.05
0.05376
0.06086
0.05208
0.04208
0.03412
0.05544
0.05332
0.06464
0.0583
0.05038
0.05668
0.0744
0.05988
0.05578
0.05064
0.04422
0.06526
0.07068
0.07416
0.0609
0.05798
0.036
0.02828
0.03048
0.0349
0.0457
0.05516
0.04178
0.04318
0.04544
0.0445
0.06302
0.06588
0.05374
0.05888
0.05412
0.04344
0.0394
0.04608
0.03454
0.03352
0.03848
0.02654
0.05986
0.06122
0.06204
0.05598
0.03964
0.03682
0.0439
0.03818
0.0583
0.05468
0.04844
0.03674
0.03594
0.03516
0.04728
0.04456
0.04688
0.05446
0.05078
0.04916
0.0462
0.0529
0.04796
0.04582
0.0459
0.04616
0.041
0.04726
0.0567
0.05584
0.05596
0.05708
0.06042
0.0564
0.0443
0.0425
0.03194
0.03022
0.03882
0.03996
0.0447
0.04636
0.04392
0.03974
0.05098
0.04736
0.05594
0.04684
0.046
0.06756
0.0686
0.05182
0.0415
0.0517
0.05348
0.05556
0.06502
0.0648
0.05576
0.05428
0.05936
0.05438
0.0521
0.0493
0.05088
0.05184
0.04826
0.04006
0.0419
0.02836
0.04006
0.03936
0.02738
0.02354
0.03666
0.04088
0.04072
0.03336
0.01794
0.02482
0.02102
0.0307
0.02702
0.04076
0.0473
0.05412
0.03206
0.02236
0.03744
0.03286
0.04744
0.03392
0.02322
0.02556
0.02474
0.05356
0.0393
0.05146
0.06222
0.06662
0.05856
0.04448
0.052
0.04498
0.02566
0.04896
0.04794
0.0551
0.04808
0.04462
0.04338
0.05038
0.05912
0.06852
0.0504
0.0438
0.05726
0.0617
0.05172
0.04022
0.03806
0.0541
0.0405
0.05296
0.04332
0.03524
0.04342
0.05938
0.04352
0.0391
0.03562
0.02916
0.04014
0.0454
0.03624
0.03858
0.05262
0.0564
0.05138
0.05102
0.04368
0.04948
0.06314
0.06598
0.0711
0.06716
0.0645
0.0688
0.0511
0.04092
0.06546
0.0578
0.0414
0.05856
0.05538
0.06342
0.06418
0.05702
0.057
0.03734
0.05058
0.03472
0.03058
0.0465
0.04264
0.04292
0.05538
0.0595
0.05464
0.04694
0.03516
0.03306
0.03196
0.03394
0.0395
0.01296
0.01902
0.02942
0.03222
0.03216
0.03504
0.03866
0.05368
0.052
0.04876
0.04732
0.0495
0.0637
0.06534
0.05582
0.0621
0.06752
0.05112
0.0575
0.04176
0.0496
0.06256
0.05968
0.06338
0.04708
0.04082
0.06078
0.05974
0.04988
0.05206
0.0381
0.0371
0.03956
0.0549
0.05666
0.05552
0.04924
0.04498
0.04154
0.0382
0.0336
0.04478
0.04436
0.04434
0.0488
0.06002
0.06614
0.07508
0.06058
0.06702
0.05168
0.05088
0.04314
0.03986
0.04382
0.05344
0.0504
0.0649
0.07978
0.07626
0.06888
0.06696
0.06254
0.04938
0.04256
0.05668
0.05764
0.05258
0.07792
0.06946
0.07642
0.07182
0.06442
0.05518
0.04698
0.02968
0.05572
0.0566
0.05696
0.06814
0.07392
0.05954
0.05966
0.06674
0.05546
0.04606
0.0503
0.05062
0.0466
0.0392
0.04026
0.02964
0.03566
0.02814
0.03022
0.0479
0.05048
0.03412
0.05668
0.06932
0.05818
0.05958
0.04194
0.03974
0.03722
0.03704
0.04788
0.0555
0.02938
0.05566
0.0572
0.06122
0.05402
0.04452
0.04468
0.0563
0.04648
0.04738
0.05198
0.04384
0.04462
0.04242
0.04152
0.04868
0.06546
0.0479
0.05444
0.0488
0.04268
0.04782
0.04642
0.05534
0.0623
0.06708
0.057
0.05248
0.05752
0.06086
0.06082
0.056
0.03132
0.02606
0.02992
0.03782
0.0432
0.04406
0.04394
0.0477
0.0482
0.05402
0.05812
0.0595
0.04262
0.03592
0.046
0.04692
0.05212
0.0419
0.03534
0.04648
0.03892
0.04524
0.05244
0.03758
0.0502
0.04864
0.0528
0.04956
0.04634
0.04036
0.0524
0.04604
0.05632
0.05808
0.05154
0.06362
0.06228
0.05708
0.0441
0.04524
0.04186
0.04892
0.0556
0.04004
0.0516
0.06972
0.05184
0.041
0.0422
0.0474
0.03546
0.04938
0.05146
0.06004
0.06154
0.04142
0.03374
0.02908
0.0484
0.03694
0.02964
0.03588
0.02914
0.03064
0.0432
0.0409
0.03688
0.0316
0.04864
0.04984
0.0408
0.03784
0.0324
0.02706
0.03588
0.03434
0.04562
0.04296
0.04672
0.0483
0.05814
0.0542
0.05604
0.05298
0.04244
0.04396
0.05404
0.06022
0.07064
0.05558
0.04602
0.03794
0.0506
0.06026
0.07422
0.06862
0.07546
0.0566
0.06008
0.06386
0.0491
0.03624
0.032
0.029
0.03382
0.04638
0.03864
0.02336
0.0376
0.04854
0.0539
0.04948
0.05198
0.05668
0.03918
0.04554
0.0337
0.04662
0.04616
0.04986
0.05228
0.0629
0.05174
0.0499
0.03838
0.04004
0.0391
0.03832
0.05586
0.06366
0.07948
0.056
0.04922
0.05624
0.05826
0.05622
0.0605
0.04206
0.05018
0.03172
0.0411
0.03732
0.03834
0.03876
0.0369
0.03348
0.04494
0.0483
0.05596
0.0388
0.03136
0.02656
0.042
0.05708
0.0454
0.04916
0.05362
0.0501
0.0587
0.06198
0.0465
0.06464
0.06522
0.05948
0.06496
0.0538
0.04968
0.03514
0.04704
0.04238
0.05802
0.04932
0.04636
0.03746
0.04584
0.04154
0.05372
0.05488
0.05578
0.0467
0.04588
0.05708
0.04294
0.02948
0.03626
0.04212
0.03842
0.04032
0.04146
0.03218
0.03442
0.02978
0.03162
0.03492
0.03154
0.03892
0.04374
0.03942
0.03896
0.03882
0.03622
0.03742
0.03202
0.0419
0.0427
0.03854
0.05058
0.0424
0.05268
0.06444
0.07208
0.07318
0.05968
0.07312
0.05664
0.0403
0.04466
0.04548
0.02736
0.04126
0.04528
0.05382
0.05904
0.05084
0.0561
0.0486
0.05284
0.05362
0.05994
0.05864
0.0469
0.0544
0.04852
0.04406
0.0354
0.05582
0.04422
0.0359
0.04506
0.05398
0.04656
0.04696
0.0599
0.05484
0.04408
0.04524
0.04942
0.03678
0.03236
0.04158
0.05042
0.03626
0.0499
0.04772
0.04518
0.06548
0.07072
0.06624
0.05622
0.047
0.04552
0.0473
0.0427
0.03992
0.02938
0.0343
0.0254
0.03382
0.04318
0.05498
0.05942
0.053
0.04338
0.04872
0.03684
0.0491
0.04614
0.048
0.0682
0.05644
0.05224
0.05758
0.05898
0.0435
0.0378
0.03658
0.03152
0.04004
0.04336
0.05028
0.05962
0.0461
0.04274
0.0403
0.05952
0.04428
0.05598
0.05366
0.07302
0.05292
0.04684
0.02696
0.03562
0.03298
0.05668
0.05072
0.0408
0.04066
0.05724
0.06386
0.05424
0.05826
0.05902
0.05864
0.05468
0.05592
0.04896
0.04734
0.06162
0.04486
0.04676
0.04436
0.04074
0.0446
0.04646
0.05054
0.04374
0.05518
0.03944
0.06216
0.05818
0.0534
0.05008
0.04764
0.04318
0.03922
0.04264
0.05836
0.0392
0.05458
0.06578
0.0576
0.05276
0.03802
0.04724
0.03764
0.03542
0.02296
0.04762
0.04724
0.05924
0.06254
0.05534
0.05452
0.04672
0.05966
0.06874
0.06888
0.07114
0.06938
0.06904
0.0533
0.04754
0.03982
0.0468
0.03576
0.0449
0.05534
0.06184
0.05788
0.06628
0.06022
0.07226
0.06032
0.04892
0.0554
0.04252
0.05718
0.0553
0.04396
0.03604
0.04342
0.03714
0.05152
0.04902
0.05682
0.05126
0.04328
0.05168
0.05632
0.06194
0.07126
0.04986
0.04204
0.0552
0.06084
0.04024
0.0317
0.04482
0.05034
0.06676
0.0698
0.0624
0.05772
0.062
0.04548
0.03866
0.04972
0.0503
0.05872
0.05256
0.06214
0.05966
0.04836
0.03912
0.01954
0.04248
0.05642
0.05666
0.05128
0.05778
0.05296
0.06542
0.05542
0.0563
0.05206
0.05418
0.03974
0.03806
0.0444
0.04472
0.03694
0.05072
0.04846
0.05402
0.0596
0.05472
0.06166
0.06388
0.06626
0.04778
0.05942
0.04386
0.04698
0.035
0.0371
0.03044
0.0289
0.02936
0.05304
0.0489
0.0577
0.0438
0.06214
0.05122
0.04998
0.03868
0.03636
0.04
0.03436
0.04788
0.0417
0.05948
0.05412
0.06244
0.07438
0.07558
0.05026
0.05014
0.04176
0.03244
0.0458
0.05022
0.05662
0.04478
0.03788
0.02974
0.04446
0.03264
0.04664
0.03736
0.03684
0.05208
0.0379
0.05014
0.04182
0.04226
0.05032
0.0594
0.05686
0.0521
0.04286
0.05412
0.04666
0.04772
0.05644
0.0581
0.06558
0.06206
0.0524
0.05414
0.05886
0.06024
0.0631
0.055
0.06824
0.06336
0.06152
0.05012
0.04824
0.04342
0.03102
0.02232
0.0324
0.04298
0.05586
0.0587
0.04978
0.07012
0.05374
0.04072
0.04076
0.05556
0.04548
0.04106
0.04418
0.06058
0.06424
0.06314
0.0642
0.0845
0.06636
0.04202
0.04568
0.0317
0.02806
0.04126
0.0478
0.04676
0.0661
0.06446
0.06338
0.07628
0.06648
0.05818
0.07074
0.07076
0.08742
0.0473
0.04662
0.04412
0.03882
0.0409
0.05282
0.03648
0.04072
0.04636
0.04292
0.05314
0.05052
0.03886
0.04286
0.03064
0.0409
0.04186
0.05352
0.05348
0.05456
0.05884
0.05014
0.04452
0.047
0.04854
0.05124
0.04364
0.05302
0.05434
0.0421
0.05152
0.04728
0.0352
0.03504
0.04686
0.04296
0.04628
0.03752
0.04742
0.0471
0.05664
0.054
0.05796
0.0707
0.05042
0.0544
0.07224
0.0795
0.0662
0.06446
0.05956
0.04426
0.04002
0.04532
0.05402
0.0583
0.04754
0.0546
0.0592
0.0578
0.05694
0.04182
0.0419
0.04864
0.05538
0.03572
0.0352
0.02916
0.03672
0.03042
0.03578
0.04258
0.04208
0.04028
0.0477
0.03264
0.05438
0.04046
0.03612
0.02926
0.04242
0.0467
0.04432
0.05016
0.04094
0.03638
0.0358
0.0443
0.04966
0.0467
0.04688
0.04568
0.05552
0.04758
0.04952
0.0482
0.05102
0.05918
0.06326
0.05242
0.0648
0.05294
0.03962
0.04482
0.03578
0.04376
0.05012
0.04268
0.04758
0.05262
0.06326
0.04266
0.03724
0.0416
0.04152
0.03602
0.04126
0.0551
0.05526
0.05144
0.04592
0.03978
0.04398
0.02714
0.0329
0.04148
0.03712
0.03874
0.04496
0.0473
0.03142
0.04
0.03626
0.03754
0.046
0.0455
0.0474
0.0569
0.05034
0.05136
0.04658
0.03266
0.04114
0.05238
0.03808
0.03442
0.03498
0.04042
0.0519
0.03322
0.03664
0.03362
0.01908
0.03326
0.03866
0.04274
0.04074
0.04316
0.05708
0.04956
0.05054
0.03516
0.05224
0.05142
0.05416
0.05254
0.0534
0.0578
0.04326
0.03966
0.04266
0.04744
0.04776
0.04708
0.04142
0.04508
0.03462
0.05206
0.0618
0.0676
0.05688
0.05778
0.04854
0.05206
0.05052
0.04602
0.0445
0.03444
0.0474
0.05276
0.04456
0.04098
0.05462
0.04818
0.04874
0.05878
0.06204
0.07418
0.06766
0.0672
0.05528
0.0606
0.0559
0.05362
0.03542
0.0514
0.05288
0.0451
0.04426
0.05732
0.04888
0.05528
0.07238
0.05128
0.04486
0.04442
0.03718
0.04354
0.04132
0.05294
0.06214
0.05392
0.04468
0.04284
0.02564
0.02974
0.0469
0.04038
0.05998
0.04824
0.03718
0.04024
0.06046
0.0512
0.07006
0.07516
0.05816
0.05736
0.06044
0.06306
0.05204
0.04834
0.05202
0.06294
0.0555
0.06316
0.05492
0.03348
0.04978
0.06796
0.06756
0.05268
0.03742
0.04528
0.04156
0.04728
0.04276
0.03352
0.02406
0.04378
0.0542
0.04342
0.03842
0.06278
0.0573
0.05226
0.05422
0.04636
0.04164
0.05144
0.05174
0.0601
0.05386
0.04262
0.05646
0.07258
0.06566
0.06074
0.05258
0.05752
0.05778
0.05214
0.07458
0.07916
0.06068
0.04832
0.05056
0.04594
0.0313
0.0322
0.03618
0.02694
0.03526
0.02808
0.02714
0.022
0.02424
0.03054
0.03474
0.04402
0.065
0.0589
0.06598
0.06648
0.05898
0.04962
0.041
0.03146
0.04204
0.03896
0.04146
0.04018
0.0348
0.04352
0.05076
0.04872
0.05734
0.04902
0.04182
0.03548
0.0507
0.05202
0.05652
0.06374
0.05344
0.05284
0.04908
0.03378
0.04542
0.04622
0.04332
0.04614
0.04886
0.05348
0.05154
0.04478
0.05136
0.05648
0.04402
0.0358
0.028
0.0256
0.03004
0.03548
0.02254
0.03222
0.05048
0.0653
0.05662
0.04982
0.0571
0.05346
0.0535
0.0469
0.04712
0.03896
0.0545
0.06604
0.06628
0.07078
0.06034
0.04486
0.0525
0.05992
0.05564
0.04276
0.04218
0.03864
0.04726
0.05188
0.04584
0.0541
0.05912
0.05378
0.05386
0.05892
0.04386
0.05008
0.05918
0.0585
0.068
0.05566
0.06042
0.04638
0.04906
0.03982
0.03634
0.02948
0.02844
0.03426
0.03506
0.01266
0.027
0.03624
0.02666
0.04202
0.04354
0.03712
0.0364
0.03906
0.05198
0.04828
0.03632
0.04168
0.04042
0.03312
0.05646
0.05172
0.04118
0.04382
0.03266
0.03612
0.03344
0.0267
0.0333
0.04794
0.05686
0.04154
0.0515
0.04968
0.0531
0.0632
0.04704
0.0539
0.05824
0.06088
0.05816
0.07712
0.06996
0.0631
0.05572
0.0549
0.06716
0.05916
0.05638
0.05258
0.03688
0.04238
0.05074
0.04778
0.0597
0.07404
0.06688
0.05624
0.04984
0.05034
0.05626
0.04158
0.05256
0.06772
0.06364
0.06448
0.05764
0.05584
0.06224
0.0575
0.038
0.05452
0.0476
0.0588
0.041
0.04512
0.04084
0.05034
0.05748
0.0491
0.03716
0.04062
0.05816
0.06046
0.06974
0.05588
0.0442
0.04916
0.05418
0.04416
0.05052
0.04594
0.04106
0.04656
0.03594
0.04852
0.05584
0.05246
0.05222
0.05302
0.04352
0.04316
0.04718
0.04738
0.05636
0.05244
0.04802
0.02994
0.02922
0.0272
0.03396
0.03826
0.04912
0.05628
0.03874
0.03562
0.05056
0.05136
0.05496
0.04956
0.04704
0.04732
0.02494
0.02892
0.03654
0.05056
0.04844
0.04846
0.05686
0.05664
0.03606
0.0336
0.02896
0.03908
0.03216
0.03282
0.0382
0.03674
0.03348
0.03828
0.04262
0.0647
0.05858
0.05678
0.05428
0.04992
0.05298
0.03826
0.03952
0.05164
0.05294
0.05212
0.04884
0.04002
0.06476
0.05126
0.052
0.05894
0.0617
0.03382
0.04106
0.0454
0.04624
0.05064
0.05078
0.05106
0.04458
0.03912
0.04332
0.03844
0.05018
0.03588
0.04872
0.04088
0.06058
0.03646
0.04592
0.04842
0.05868
0.05422
0.06018
0.06194
0.04928
0.03552
0.03412
0.02662
0.02766
0.03808
0.03194
0.02258
0.06228
0.0639
0.0507
0.0534
0.04892
0.03688
0.04748
0.06094
0.03818
0.04614
0.04726
0.05042
0.0378
0.05618
0.0702
0.05936
0.05492
0.04898
0.04258
0.04924
0.06436
0.0688
0.05528
0.05388
0.04468
0.03776
0.05192
0.05864
0.04202
0.05394
0.04498
0.054
0.04822
0.04762
0.05512
0.04558
0.03924
0.04666
0.04132
0.03852
0.0383
0.04684
0.05202
0.05014
0.05006
0.05652
0.03978
0.04076
0.03162
0.04454
0.04496
0.03704
0.0568
0.04796
0.05494
0.05244
0.04418
0.04508
0.05
0.04746
0.04226
0.0456
0.03784
0.06116
0.05344
0.05754
0.06704
0.05984
0.04822
0.04596
0.04506
0.04954
0.0578
0.0472
0.05406
0.06414
0.04132
0.0495
0.04784
0.04566
0.04002
0.05148
0.05524
0.05386
0.05768
0.06658
0.05348
0.03586
0.03676
0.03688
0.03308
0.0378
0.02144
0.016
0.03166
0.0287
0.03578
0.03866
0.04934
0.03764
0.03646
0.041
0.0387
0.051
0.04496
0.04356
0.04828
0.05708
0.05118
0.03554
0.04696
0.04938
0.0514
0.03882
0.0501
0.057
0.05238
0.05876
0.0616
0.07128
0.07174
0.05306
0.06376
0.06048
0.04066
0.04884
0.0489
0.04124
0.03416
0.04248
0.03564
0.03224
0.04316
0.05604
0.05876
0.05758
0.04112
0.0424
0.03724
0.03598
0.0258
0.03652
0.0397
0.0402
0.04356
0.04726
0.04678
0.04726
0.05612
0.04676
0.04356
0.04822
0.0359
0.03726
0.03476
0.04782
0.06308
0.03836
0.021
0.04058
0.04038
0.03056
0.03262
0.03986
0.03784
0.05666
0.0621
0.05702
0.05998
0.05492
0.05666
0.05802
0.0457
0.05652
0.05302
0.05226
0.05952
0.05566
0.0602
0.04878
0.05546
0.06266
0.05308
0.04034
0.04002
0.05216
0.04372
0.04114
0.04878
0.05076
0.04016
0.0374
0.03736
0.0497
0.0463
0.04188
0.0423
0.0506
0.0461
0.0598
0.0714
0.08174
0.06322
0.04672
0.0435
0.0581
0.04258
0.03888
0.02964
0.02856
0.03768
0.04126
0.04752
0.04088
0.04706
0.03574
0.04298
0.05016
0.05036
0.03918
0.02094
0.01578
0.04602
0.06858
0.05252
0.05904
0.05606
0.053
0.06066
0.0374
0.04372
0.03006
0.02854
0.04712
0.0643
0.06478
0.05874
0.0494
0.04964
0.04248
0.03778
0.01928
0.02824
0.03054
0.02494
0.0217
0.03094
0.03738
0.05004
0.0436
0.05878
0.05258
0.05994
0.05954
0.04562
0.05542
0.04492
0.06108
0.05148
0.04454
0.0505
0.04888
0.05482
0.04806
0.04714
0.04618
0.05716
0.0511
0.05618
0.04394
0.04646
0.03778
0.04434
0.05004
0.06702
0.06784
0.08016
0.07148
0.06548
0.08562
0.06562
0.06328
0.06444
0.04314
0.05228
0.04134
0.0515
0.0547
0.04286
0.04322
0.04368
0.04884
0.05036
0.06192
0.05672
0.05108
0.04486
0.04766
0.0454
0.04734
0.04716
0.04818
0.05186
0.05006
0.04898
0.05786
0.04708
0.0452
0.05406
0.05912
0.0685
0.0695
0.0694
0.06844
0.05882
0.06146
0.04146
0.05446
0.04842
0.02488
0.04958
0.04364
0.05906
0.05992
0.07864
0.07046
0.07038
0.0606
0.06892
0.06864
0.06998
0.06262
0.04778
0.04546
0.0576
0.06572
0.04748
0.0637
0.0649
0.05808
0.03954
0.03672
0.03948
0.05444
0.05344
0.0599
0.05394
0.03614
0.05474
0.04052
0.04964
0.05574
0.05068
0.04884
0.04784
0.04014
0.03408
0.02632
0.01948
0.0264
0.01578
0.03466
0.04136
0.04894
0.0488
0.0489
0.05058
0.0505
0.06716
0.06074
0.0592
0.0569
0.05968
0.05412
0.0596
0.05146
0.03336
0.02374
0.03746
0.03414
0.03062
0.02718
0.03714
0.05334
0.05018
0.05834
0.05672
0.04942
0.05784
0.057
0.0437
0.05172
0.0526
0.04806
0.03906
0.03234
0.03864
0.0479
0.04374
0.04692
0.02344
0.02382
0.03128
0.0379
0.04496
0.02982
0.03302
0.01864
0.03254
0.03872
0.0376
0.05082
0.05458
0.0398
0.04254
0.04488
0.04774
0.06188
0.05682
0.04384
0.04012
0.04188
0.04092
0.04188
0.05652
0.06138
0.04888
0.0476
0.04816
0.05524
0.07586
0.06618
0.0618
0.04848
0.05764
0.04598
0.0374
0.04336
0.0392
0.04576
0.0493
0.0445
0.05442
0.05914
0.05474
0.0603
0.05492
0.07006
0.07812
0.06696
0.06902
0.05288
0.02846
0.02862
0.03992
0.03322
0.02674
0.03928
0.03916
0.04462
0.04538
0.05386
0.0533
0.05006
0.05658
0.05106
0.06514
0.0631
0.05614
0.06006
0.06102
0.05072
0.05044
0.0503
0.04524
0.04326
0.03964
0.02362
0.02918
0.03226
0.03168
0.02944
0.0184
0.03018
0.0482
0.04874
0.03242
0.0452
0.04436
0.0379
0.04078
0.04432
0.02376
0.02426
0.02454
0.02836
0.04216
0.04858
0.06556
0.05904
0.05154
0.05546
0.04578
0.044
0.04754
0.03588
0.0371
0.05144
0.03988
0.06702
0.06118
0.05626
0.0525
0.06322
0.04606
0.04236
0.03572
0.05688
0.04686
0.0491
0.04178
0.03562
0.0206
0.01668
0.02358
0.03342
0.04052
0.04642
0.05004
0.04362
0.03714
0.02426
0.0275
0.04156
0.03968
0.05094
0.06192
0.07106
0.07926
0.09276
0.0678
0.06658
0.05506
0.05244
0.03774
0.03586
0.05568
0.05344
0.05842
0.05494
0.04644
0.04414
0.05176
0.04228
0.05966
0.0516
0.0504
0.05138
0.05312
0.0556
0.04812
0.04868
0.03458
0.03442
0.0312
0.02742
0.02902
0.02892
0.04002
0.04726
0.04482
0.04616
0.05476
0.0589
0.05142
0.03972
0.03992
0.04132
0.06466
0.05164
0.04632
0.0364
0.04292
0.04994
0.05992
0.04946
0.05344
0.06486
0.05486
0.0447
0.04574
0.0585
0.05944
0.04354
0.05934
0.0558
0.06614
0.07298
0.06572
0.05404
0.0604
0.05578
0.04968
0.0464
0.04218
0.04298
0.0358
0.02752
0.01892
0.01706
0.03992
0.04726
0.0451
0.03634
0.0271
0.0603
0.05634
0.05512
0.04996
0.05442
0.04722
0.05218
0.0428
0.03742
0.03426
0.03744
0.03192
0.0256
0.046
0.05606
0.05192
0.0549
0.0517
0.04736
0.05208
0.0509
0.06658
0.06748
0.06588
0.06622
0.05364
0.0519
0.06246
0.06652
0.06828
0.04818
0.06316
0.0633
0.05302
0.05448
0.03898
0.0287
0.03152
0.05378
0.05122
0.05466
0.05766
0.0632
0.06486
0.05504
0.06266
0.04212
0.04792
0.03128
0.0388
0.05484
0.0302
0.0308
0.02986
0.02024
0.01468
0.02626
0.0379
0.042
0.05372
0.04444
0.05028
0.04974
0.0375
0.05
0.04584
0.05068
0.06004
0.04862
0.04524
0.05224
0.052
0.04202
0.03782
0.04284
0.05334
0.04916
0.03766
0.03942
0.03094
0.04224
0.03978
0.03564
0.0383
0.04742
0.04166
0.05098
0.04678
0.04756
0.04488
0.03688
0.02634
0.02484
0.0441
0.03326
0.01982
0.02406
0.03422
0.03102
0.0427
0.03534
0.041
0.0448
0.04084
0.03742
0.0388
0.0469
0.06492
0.06296
0.04796
0.05698
0.05476
0.03654
0.02974
0.04986
0.0619
0.0482
0.06718
0.04428
0.04522
0.05058
0.06388
0.055
0.04514
0.04336
0.03798
0.03384
0.03686
0.0411
0.04544
0.07216
0.07202
0.0718
0.07382
0.07932
0.05114
0.0521
0.04648
0.04272
0.04632
0.04872
0.06404
0.03814
0.05974
0.06236
0.05146
0.06636
0.06444
0.05384
0.04536
0.0408
0.05938
0.04676
0.03796
