-0.39164
-0.38214
-0.38514
-0.38138
-0.381
-0.37032
-0.37148
-0.36546
-0.36234
-0.3752
-0.35518
-0.34962
-0.36556
-0.37914
-0.38118
-0.38798
-0.3746
-0.37058
-0.37606
-0.37728
-0.37286
-0.37606
-0.38042
-0.3722
-0.3707
-0.36862
-0.37228
-0.37508
-0.3737
-0.37938
-0.38536
-0.38628
-0.38126
-0.39
-0.39256
-0.393
-0.3871
-0.37848
-0.37136
-0.36584
-0.35946
-0.36238
-0.35672
-0.38198
-0.36354
-0.38408
-0.37498
-0.38192
-0.3769
-0.37168
-0.37526
-0.36522
-0.37488
-0.38504
-0.38426
-0.38994
-0.3885
-0.3776
-0.37726
-0.37922
-0.38332
-0.37124
-0.35838
-0.37196
-0.3805
-0.3727
-0.37512
-0.35706
-0.3694
-0.3683
-0.37564
-0.36886
-0.37564
-0.37614
-0.37546
-0.3738
-0.37932
-0.36498
-0.36112
-0.37938
-0.37082
-0.37044
-0.37288
-0.36654
-0.38
-0.38078
-0.37292
-0.3809
-0.37894
-0.3788
-0.3882
-0.37758
-0.37958
-0.38386
-0.37342
-0.36802
-0.37558
-0.39162
-0.40312
-0.39526
-0.38994
-0.39148
-0.38256
-0.37938
-0.37544
-0.36886
-0.37648
-0.38272
-0.3742
-0.38028
-0.35958
-0.34934
-0.3615
-0.35704
-0.35432
-0.36716
-0.36716
-0.37842
-0.37332
-0.37962
-0.38802
-0.39096
-0.38212
-0.3675
-0.36598
-0.35602
-0.35158
-0.3544
-0.35776
-0.3638
-0.36484
-0.37226
-0.37034
-0.36668
-0.37046
-0.37102
-0.37612
-0.37654
-0.38518
-0.38748
-0.38366
-0.38974
-0.39686
-0.39306
-0.40052
-0.39894
-0.3776
-0.38038
-0.37614
-0.37724
-0.38678
-0.3724
-0.36952
-0.36916
-0.36784
-0.37048
-0.37922
-0.37318
-0.3641
-0.3656
-0.3693
-0.36822
-0.38142
-0.38326
-0.39176
-0.3983
-0.37986
-0.3691
-0.37932
-0.37354
-0.3717
-0.37724
-0.36884
-0.36912
-0.36378
-0.37124
-0.3692
-0.3762
-0.35746
-0.34838
-0.36796
-0.36028
-0.37188
-0.37174
-0.36764
-0.36586
-0.35802
-0.37318
-0.37206
-0.3792
-0.37232
-0.36416
-0.3685
-0.3635
-0.3533
-0.36304
-0.3688
-0.35248
-0.37194
-0.38426
-0.38356
-0.37578
-0.37324
-0.37384
-0.35894
-0.36558
-0.37306
-0.37266
-0.37042
-0.37714
-0.37588
-0.38292
-0.37986
-0.37144
-0.3661
-0.3497
-0.35922
-0.37278
-0.37406
-0.3615
-0.36236
-0.37526
-0.37854
-0.36362
-0.35796
-0.36874
-0.36748
-0.36936
-0.35604
-0.35282
-0.3398
-0.34604
-0.3561
-0.37576
-0.38002
-0.3673
-0.38094
-0.3785
-0.37328
-0.39078
-0.38614
-0.39434
-0.3797
-0.36232
-0.36388
-0.34358
-0.35324
-0.35796
-0.37174
-0.37526
-0.38646
-0.37804
-0.37234
-0.3727
-0.37422
-0.37492
-0.36168
-0.36502
-0.36264
-0.35912
-0.35936
-0.35668
-0.35382
-0.37002
-0.35874
-0.3609
-0.3579
-0.35124
-0.36294
-0.36922
-0.37808
-0.37536
-0.36152
-0.35746
-0.36496
-0.36404
-0.36164
-0.36074
-0.35968
-0.37128
-0.36446
-0.38462
-0.38596
-0.36576
-0.3837
-0.39174
-0.386
-0.3701
-0.3732
-0.3748
-0.37982
-0.38096
-0.37612
-0.37648
-0.37794
-0.3733
-0.38086
-0.3723
-0.35638
-0.36436
-0.36576
-0.3753
-0.38148
-0.3869
-0.37782
-0.38012
-0.37422
-0.37488
-0.3719
-0.36966
-0.37742
-0.38378
-0.37312
-0.37022
-0.37978
-0.36518
-0.37492
-0.3696
-0.37422
-0.37858
-0.3682
-0.36674
-0.36648
-0.36358
-0.37516
-0.37534
-0.37806
-0.3726
-0.36858
-0.36574
-0.36164
-0.36834
-0.37898
-0.38468
-0.37574
-0.38038
-0.3591
-0.36788
-0.36966
-0.37822
-0.37378
-0.3608
-0.35616
-0.37726
-0.38188
-0.36674
-0.36676
-0.35828
-0.34572
-0.36516
-0.36588
-0.37304
-0.374
-0.37164
-0.3933
-0.3885
-0.38238
-0.38274
-0.37676
-0.37544
-0.37772
-0.37328
-0.37484
-0.38384
-0.3775
-0.38104
-0.38142
-0.38
-0.38866
-0.38906
-0.38726
-0.36766
-0.36092
-0.36984
-0.37676
-0.38984
-0.3876
-0.3724
-0.37298
-0.38264
-0.36982
-0.3742
-0.37252
-0.36474
-0.36244
-0.36386
-0.36606
-0.3807
-0.37942
-0.37272
-0.36678
-0.37872
-0.37334
-0.383
-0.37994
-0.37644
-0.38118
-0.38868
-0.39082
-0.3636
-0.37364
-0.3754
-0.37774
-0.35916
-0.36668
-0.37076
-0.36076
-0.36072
-0.3495
-0.34852
-0.3592
-0.37068
-0.37668
-0.37786
-0.37654
-0.3822
-0.37258
-0.36822
-0.38364
-0.39084
-0.3874
-0.38758
-0.3732
-0.37666
-0.38932
-0.38618
-0.37784
-0.38052
-0.37256
-0.369
-0.37968
-0.3892
-0.38698
-0.38928
-0.39708
-0.3948
-0.38582
-0.37872
-0.3589
-0.37588
-0.38048
-0.37502
-0.37578
-0.37396
-0.38872
-0.38174
-0.37698
-0.39158
-0.38706
-0.38376
-0.37218
-0.36086
-0.35996
-0.3667
-0.35854
-0.36852
-0.37576
-0.36294
-0.3656
-0.38366
-0.39288
-0.38802
-0.39788
-0.3916
-0.3973
-0.38294
-0.37318
-0.3706
-0.38262
-0.39506
-0.39056
-0.38302
-0.38092
-0.37064
-0.37562
-0.37464
-0.38978
-0.38284
-0.37888
-0.37444
-0.38076
-0.3877
-0.37884
-0.37162
-0.37818
-0.38406
-0.38528
-0.3785
-0.3882
-0.37966
-0.3919
-0.39652
-0.3809
-0.37976
-0.37078
-0.36978
-0.36954
-0.3612
-0.36766
-0.36712
-0.37536
-0.39056
-0.39358
-0.38904
-0.3838
-0.3862
-0.40096
-0.39908
-0.39266
-0.37866
-0.38232
-0.38404
-0.38286
-0.37904
-0.38354
-0.36956
-0.36926
-0.3619
-0.37428
-0.37482
-0.37236
-0.37612
-0.37124
-0.37002
-0.37066
-0.373
-0.36362
-0.36428
-0.37346
-0.37412
-0.37832
-0.38492
-0.37766
-0.36376
-0.36104
-0.34702
-0.35956
-0.35612
-0.36176
-0.3636
-0.35322
-0.3673
-0.37066
-0.37966
-0.36524
-0.38544
-0.38264
-0.38674
-0.39032
-0.38648
-0.38626
-0.38488
-0.38186
-0.3853
-0.37954
-0.36476
-0.37288
-0.38888
-0.37724
-0.35992
-0.3756
-0.39368
-0.38944
-0.38182
-0.37818
-0.37884
-0.3803
-0.38214
-0.38532
-0.38468
-0.3853
-0.3739
-0.37316
-0.36688
-0.37528
-0.36708
-0.3819
-0.36704
-0.36792
-0.3775
-0.38588
-0.38076
-0.37204
-0.36574
-0.3775
-0.38542
-0.38668
-0.38114
-0.37686
-0.37408
-0.379
-0.35818
-0.35304
-0.34702
-0.33906
-0.34312
-0.32958
-0.34122
-0.35332
-0.34902
-0.36978
-0.36642
-0.35796
-0.36946
-0.3908
-0.37798
-0.39446
-0.38614
-0.38828
-0.36962
-0.36752
-0.37294
-0.3879
-0.37844
-0.36166
-0.35878
-0.37032
-0.37678
-0.3823
-0.3826
-0.37396
-0.36768
-0.38254
-0.37778
-0.37854
-0.37774
-0.38548
-0.37562
-0.37134
-0.37598
-0.35704
-0.37764
-0.37864
-0.3771
-0.37896
-0.37956
-0.36874
-0.3792
-0.35838
-0.36486
-0.37014
-0.36902
-0.36968
-0.36862
-0.37514
-0.37458
-0.3818
-0.38814
-0.3728
-0.37822
-0.38462
-0.3918
-0.39528
-0.38548
-0.37458
-0.3736
-0.38082
-0.38242
-0.37412
-0.37184
-0.37904
-0.3851
-0.38722
-0.38614
-0.38598
-0.38348
-0.37818
-0.3787
-0.39002
-0.38364
-0.37802
-0.3688
-0.36514
-0.37122
-0.37468
-0.39058
-0.39948
-0.38876
-0.38034
-0.3708
-0.36686
-0.37262
-0.36924
-0.36648
-0.36312
-0.36796
-0.36494
-0.37926
-0.3861
-0.38684
-0.3906
-0.39628
-0.38462
-0.38218
-0.38444
-0.38482
-0.38814
-0.3806
-0.39272
-0.39038
-0.38764
-0.38578
-0.388
-0.39022
-0.39182
-0.39268
-0.37234
-0.36504
-0.36908
-0.36646
-0.36896
-0.36088
-0.35846
-0.36752
-0.3573
-0.36204
-0.38124
-0.37494
-0.38216
-0.38806
-0.38586
-0.38626
-0.39374
-0.39158
-0.3775
-0.38204
-0.39036
-0.38558
-0.38666
-0.38932
-0.3868
-0.37234
-0.3744
-0.36334
-0.36528
-0.3651
-0.37758
-0.37636
-0.36844
-0.3762
-0.37656
-0.39078
-0.36728
-0.36748
-0.38632
-0.37314
-0.36336
-0.37756
-0.37888
-0.36994
-0.36824
-0.37988
-0.38276
-0.38066
-0.37596
-0.3722
-0.36442
-0.3552
-0.35314
-0.37152
-0.36458
-0.37962
-0.37518
-0.36128
-0.358
-0.363
-0.3609
-0.37308
-0.38152
-0.38188
-0.37406
-0.37664
-0.36588
-0.37228
-0.3834
-0.37236
-0.36024
-0.36032
-0.35008
-0.35154
-0.37496
-0.37554
-0.37216
-0.3685
-0.36982
-0.38158
-0.3834
-0.37858
-0.37692
-0.38062
-0.36768
-0.38354
-0.36506
-0.36848
-0.364
-0.36444
-0.36516
-0.35724
-0.36512
-0.3835
-0.38552
-0.37762
-0.36116
-0.35394
-0.36772
-0.38034
-0.39404
-0.39962
-0.38536
-0.37808
-0.3728
-0.36636
-0.35584
-0.35894
-0.36606
-0.37852
-0.3869
-0.3815
-0.373
-0.37004
-0.37148
-0.37378
-0.37948
-0.36946
-0.3719
-0.37262
-0.36946
-0.37414
-0.38328
-0.38236
-0.39514
-0.3958
-0.38036
-0.37062
-0.3687
-0.36908
-0.37716
-0.3841
-0.36406
-0.35524
-0.36556
-0.36328
-0.3751
-0.3728
-0.35904
-0.3488
-0.35346
-0.36868
-0.38756
-0.37826
-0.36804
-0.36708
-0.36304
-0.35736
-0.3615
-0.3561
-0.35228
-0.35302
-0.35628
-0.36556
-0.35188
-0.36102
-0.3664
-0.36628
-0.36442
-0.36616
-0.37644
-0.37196
-0.37456
-0.36664
-0.37302
-0.37238
-0.3704
-0.3725
-0.37138
-0.36552
-0.37126
-0.3746
-0.3832
-0.37348
-0.36428
-0.3524
-0.3681
-0.3601
-0.36796
-0.38302
-0.37872
-0.38216
-0.3725
-0.37998
-0.38286
-0.37204
-0.37082
-0.38008
-0.37286
-0.37628
-0.37598
-0.37312
-0.37094
-0.37604
-0.37812
-0.37406
-0.3791
-0.37528
-0.3717
-0.36772
-0.37004
-0.36134
-0.36278
-0.37206
-0.37922
-0.37792
-0.3774
-0.37744
-0.37688
-0.38154
-0.38188
-0.37914
-0.36638
-0.37494
-0.37534
-0.39098
-0.37718
-0.38512
-0.38646
-0.39102
-0.3742
-0.37558
-0.37824
-0.3827
-0.38886
-0.39688
-0.39016
-0.38398
-0.37734
-0.39046
-0.38276
-0.37746
-0.37278
-0.37308
-0.3811
-0.36642
-0.38404
-0.37988
-0.37656
-0.36792
-0.36882
-0.3701
-0.37098
-0.38706
-0.38542
-0.38346
-0.37926
-0.37568
-0.39204
-0.38578
-0.3874
-0.39032
-0.39564
-0.38608
-0.38224
-0.38776
-0.37678
-0.37312
-0.37732
-0.3679
-0.36544
-0.37582
-0.37886
-0.38048
-0.38796
-0.38552
-0.37884
-0.3669
-0.3664
-0.37398
-0.37582
-0.37618
-0.3886
-0.4014
-0.39634
-0.3853
-0.38288
-0.37606
-0.36748
-0.36028
-0.3509
-0.34118
-0.34608
-0.3635
-0.35146
-0.35166
-0.34756
-0.35776
-0.3801
-0.37564
-0.36576
-0.36736
-0.37232
-0.37292
-0.37622
-0.37662
-0.38222
-0.37106
-0.36636
-0.35984
-0.3601
-0.356
-0.35348
-0.35282
-0.36098
-0.37888
-0.36798
-0.36864
-0.37484
-0.37952
-0.37558
-0.37386
-0.37156
-0.38962
-0.39522
-0.39586
-0.3846
-0.39256
-0.39714
-0.38924
-0.39836
-0.3977
-0.38546
-0.38406
-0.37812
-0.3737
-0.37578
-0.36608
-0.35342
-0.35788
-0.36764
-0.37514
-0.36226
-0.3563
-0.35618
-0.35838
-0.36584
-0.3759
-0.37082
-0.36082
-0.36338
-0.36444
-0.36036
-0.35062
-0.35756
-0.3652
-0.35922
-0.36622
-0.37948
-0.37808
-0.38204
-0.36416
-0.35876
-0.36388
-0.37116
-0.36264
-0.36796
-0.37816
-0.37212
-0.37036
-0.37016
-0.37328
-0.37798
-0.35736
-0.3574
-0.3428
-0.33188
-0.35218
-0.36428
-0.36486
-0.37834
-0.37416
-0.3648
-0.36368
-0.37818
-0.37296
-0.38498
-0.39092
-0.39886
-0.38502
-0.38592
-0.39146
-0.38222
-0.38104
-0.38508
-0.38644
-0.3844
-0.37244
-0.37468
-0.36772
-0.3762
-0.37612
-0.37664
-0.37012
-0.37574
-0.391
-0.36478
-0.36708
-0.37732
-0.38648
-0.39346
-0.37712
-0.37964
-0.36292
-0.38366
-0.38168
-0.378
-0.38472
-0.3768
-0.37048
-0.36446
-0.37962
-0.39736
-0.39258
-0.39584
-0.40364
-0.4051
-0.39726
-0.40482
-0.40442
-0.38262
-0.38218
-0.3658
-0.37148
-0.37222
-0.3722
-0.365
-0.37436
-0.3662
-0.36638
-0.3668
-0.3662
-0.36516
-0.37296
-0.38334
-0.38028
-0.38028
-0.36412
-0.38508
-0.3832
-0.39474
-0.39246
-0.38606
-0.37838
-0.37156
-0.37712
-0.37682
-0.3713
-0.37702
-0.37014
-0.36952
-0.3904
-0.39086
-0.39278
-0.38352
-0.37616
-0.3792
-0.37072
-0.37588
-0.39016
-0.38668
-0.39502
-0.39246
-0.38682
-0.38212
-0.3738
-0.37376
-0.3748
-0.38596
-0.38566
-0.3823
-0.37126
-0.37266
-0.37024
-0.37012
-0.36162
-0.3679
-0.37232
-0.36984
-0.3677
-0.37364
-0.37418
-0.35224
-0.35188
-0.35606
-0.35996
-0.37054
-0.38156
-0.37124
-0.38564
-0.3704
-0.3751
-0.38294
-0.40738
-0.39662
-0.39986
-0.38514
-0.37962
-0.38032
-0.38002
-0.3814
-0.3897
-0.39466
-0.3915
-0.38416
-0.37008
-0.3858
-0.3863
-0.37774
-0.39262
-0.40686
-0.39606
-0.38618
-0.39396
-0.38564
-0.39236
-0.39636
-0.38566
-0.38522
-0.38526
-0.38298
-0.3908
-0.38694
-0.38768
-0.39206
-0.38304
-0.38004
-0.378
-0.39122
-0.37858
-0.3903
-0.40112
-0.39798
-0.37566
-0.39436
-0.37882
-0.37282
-0.37416
-0.38214
-0.38264
-0.3781
-0.39402
-0.39218
-0.37784
-0.37376
-0.38728
-0.36956
-0.36904
-0.38316
-0.38968
-0.39808
-0.3972
-0.3977
-0.38908
-0.37648
-0.3724
-0.36512
-0.35614
-0.36496
-0.3867
-0.379
-0.38292
-0.38836
-0.39248
-0.40074
-0.38972
-0.3841
-0.38074
-0.3899
-0.3867
-0.37702
-0.37124
-0.36804
-0.37456
-0.36806
-0.37256
-0.37886
-0.37834
-0.38368
-0.37018
-0.3774
-0.37846
-0.37682
-0.3672
-0.37262
-0.38664
-0.38268
-0.375
-0.36722
-0.3633
-0.3568
-0.3526
-0.35486
-0.36526
-0.36692
-0.36808
-0.3711
-0.37352
-0.38144
-0.37854
-0.3702
-0.374
-0.38146
-0.38116
-0.36754
-0.36876
-0.3703
-0.3715
-0.3697
-0.36888
-0.37376
-0.3783
-0.37752
-0.3702
-0.37414
-0.35496
-0.36566
-0.35438
-0.36298
-0.36046
-0.3615
-0.36394
-0.36072
-0.35834
-0.38242
-0.39408
-0.37906
-0.36686
-0.36262
-0.36498
-0.3711
-0.36872
-0.3739
-0.3626
-0.36746
-0.38208
-0.36826
-0.35934
-0.37386
-0.38638
-0.3769
-0.37976
-0.3822
-0.38524
-0.3827
-0.38238
-0.37896
-0.3636
-0.36666
-0.36134
-0.35206
-0.36226
-0.37028
-0.37378
-0.38692
-0.38056
-0.36958
-0.37098
-0.36546
-0.37308
-0.36338
-0.37756
-0.37558
-0.37142
-0.3885
-0.38252
-0.37306
-0.38676
-0.36474
-0.36686
-0.36706
-0.37582
-0.37292
-0.38356
-0.3883
-0.3842
-0.37662
-0.37366
-0.39268
-0.38612
-0.3848
-0.384
-0.37958
-0.39474
-0.37376
-0.3752
-0.3883
-0.39042
-0.39806
-0.3819
-0.37634
-0.37808
-0.37766
-0.37852
-0.35772
-0.36134
-0.36022
-0.35918
-0.36844
-0.36226
-0.3666
-0.37238
-0.37816
-0.38194
-0.38002
-0.38534
-0.37896
-0.38232
-0.37598
-0.37424
-0.37624
-0.38102
-0.38026
-0.38366
-0.39064
-0.3893
-0.3879
-0.3845
-0.3761
-0.37778
-0.37372
-0.38336
-0.38934
-0.38892
-0.39294
-0.39834
-0.39874
-0.4076
-0.38272
-0.394
-0.38982
-0.39386
-0.3986
-0.40956
-0.3966
-0.38036
-0.3887
-0.37196
-0.3689
-0.3735
-0.35172
-0.35582
-0.35622
-0.35554
-0.35652
-0.35826
-0.36962
-0.35992
-0.35738
-0.34774
-0.35974
-0.36144
-0.37016
-0.36516
-0.3502
-0.36148
-0.3633
-0.37068
-0.37652
-0.36626
-0.3635
-0.35678
-0.3625
-0.3603
-0.36164
-0.36238
-0.381
-0.39174
-0.3864
-0.36944
-0.36856
-0.37428
-0.37908
-0.39728
-0.39446
-0.3944
-0.3844
-0.37474
-0.37354
-0.3663
-0.36594
-0.3748
-0.3761
-0.3851
-0.38476
-0.38054
-0.39106
-0.37978
-0.37058
-0.37432
-0.38478
-0.3861
-0.39062
-0.39234
-0.3924
-0.40012
-0.38802
-0.38884
-0.37884
-0.37478
-0.35046
-0.35652
-0.35616
-0.3733
-0.374
-0.37492
-0.38928
-0.38982
-0.38882
-0.38858
-0.3896
-0.38164
-0.37166
-0.38034
-0.38544
-0.3814
-0.3781
-0.37272
-0.3498
-0.35972
-0.36784
-0.3513
-0.36238
-0.36916
-0.38024
-0.38926
-0.38408
-0.38314
-0.37268
-0.38312
-0.38554
-0.38394
-0.40452
-0.4131
-0.38786
-0.37762
-0.37476
-0.37026
-0.37144
-0.37636
-0.3718
-0.37826
-0.38316
-0.38072
-0.37766
-0.38374
-0.37784
-0.36972
-0.37582
-0.36338
-0.37532
-0.3635
-0.3776
-0.38134
-0.38474
-0.38696
-0.39306
-0.3891
-0.39944
-0.39624
-0.37584
-0.3786
-0.38024
-0.3835
-0.3877
-0.3701
-0.36116
-0.36494
-0.37046
-0.36812
-0.37596
-0.37776
-0.37086
-0.37206
-0.36506
-0.38522
-0.37484
-0.38014
-0.38168
-0.37308
-0.37922
-0.37314
-0.3664
-0.35698
-0.3549
-0.36556
-0.36632
-0.35934
-0.3648
-0.38154
-0.38842
-0.37426
-0.37608
-0.3777
-0.3772
-0.37994
-0.36388
-0.36402
-0.3672
-0.36932
-0.37166
-0.3626
-0.3699
-0.38456
-0.37536
-0.35934
-0.36286
-0.35994
-0.37216
-0.37758
-0.38354
-0.36584
-0.3707
-0.37672
-0.38138
-0.3663
-0.37766
-0.39076
-0.39094
-0.4027
-0.3854
-0.37814
-0.3665
-0.38364
-0.39838
-0.39588
-0.38914
-0.38066
-0.3831
-0.37922
-0.37742
-0.37328
-0.3765
-0.38458
-0.38588
-0.36872
-0.36546
-0.37264
-0.36242
-0.3552
-0.34984
-0.36362
-0.3701
-0.36106
-0.35652
-0.38014
-0.38672
-0.37912
-0.3733
-0.36754
-0.36578
-0.36116
-0.36784
-0.3759
-0.37034
-0.36058
-0.35656
-0.36636
-0.36716
-0.36918
-0.36306
-0.35228
-0.35606
-0.35444
-0.34794
-0.34992
-0.35444
-0.36758
-0.355
-0.36502
-0.36682
-0.37778
-0.38622
-0.38284
-0.3864
-0.3852
-0.37188
-0.37556
-0.37294
-0.35918
-0.36676
-0.37576
-0.3684
-0.35734
-0.36652
-0.37506
-0.373
-0.36828
-0.37076
-0.37382
-0.37494
-0.37474
-0.36574
-0.3716
-0.37344
-0.38072
-0.38612
-0.3828
-0.37256
-0.37986
-0.36202
-0.36404
-0.37996
-0.3917
-0.37798
-0.36388
-0.37606
-0.38678
-0.38168
-0.37838
-0.37566
-0.3726
-0.37272
-0.35392
-0.35268
-0.35614
-0.3664
-0.36668
-0.36874
-0.35854
-0.35944
-0.36594
-0.34902
-0.373
-0.37632
-0.373
-0.37672
-0.37704
-0.36932
-0.36654
-0.36868
-0.35808
-0.35118
-0.36792
-0.37338
-0.36654
-0.38344
-0.37294
-0.37332
-0.35414
-0.3645
-0.36314
-0.36974
-0.36778
-0.37
-0.37328
-0.36882
-0.3899
-0.38334
-0.37806
-0.36632
-0.375
-0.36862
-0.36874
-0.38764
-0.39534
-0.39514
-0.39944
-0.3976
-0.38504
-0.38414
-0.37606
-0.3815
-0.38452
-0.36648
-0.3707
-0.36174
-0.3589
-0.35614
-0.36076
-0.36904
-0.37804
-0.37602
-0.38354
-0.36852
-0.3641
-0.36088
-0.3616
-0.35922
-0.35574
-0.36016
-0.36812
-0.37208
-0.36544
-0.36792
-0.3804
-0.37868
-0.37912
-0.37892
-0.38116
-0.38884
-0.38714
-0.3612
-0.36832
-0.36864
-0.35516
-0.35046
-0.3467
-0.3503
-0.34612
-0.34774
-0.35104
-0.37624
-0.36382
-0.3671
-0.35634
-0.3656
-0.3513
-0.3628
-0.37414
-0.37156
-0.3738
-0.38422
-0.37914
-0.36648
-0.36432
-0.35386
-0.37604
-0.3737
-0.36402
-0.37466
-0.36778
-0.36858
-0.3762
-0.3838
-0.37752
-0.37322
-0.3714
-0.36454
-0.37044
-0.36764
-0.36956
-0.38124
-0.38488
-0.3771
-0.37214
-0.3749
-0.37688
-0.37218
-0.3705
-0.36232
-0.37444
-0.36444
-0.3774
-0.3757
-0.37302
-0.37414
-0.38188
-0.37992
-0.39084
-0.3866
-0.3696
-0.37578
-0.38302
-0.38674
-0.38548
-0.37786
-0.36954
-0.35586
-0.35276
-0.35728
-0.35862
-0.3605
-0.35702
-0.36896
-0.38064
-0.3722
-0.37212
-0.38632
-0.3689
-0.3611
-0.36488
-0.3748
-0.36966
-0.37218
-0.37014
-0.37366
-0.3665
-0.36336
-0.3514
-0.36148
-0.36498
-0.35892
-0.36078
-0.37328
-0.37008
-0.36094
-0.37966
-0.38088
-0.38176
-0.38212
-0.39682
-0.38244
-0.37878
-0.37806
-0.38694
-0.37932
-0.38804
-0.37984
-0.3645
-0.38048
-0.38166
-0.37818
-0.37424
-0.36382
-0.36732
-0.36138
-0.35592
-0.3579
-0.35972
-0.3684
-0.36334
-0.37456
-0.36366
-0.37494
-0.38348
-0.38644
-0.38862
-0.38296
-0.3717
-0.37544
-0.36614
-0.36398
-0.36742
-0.35704
-0.36728
-0.35684
-0.35232
-0.36426
-0.36176
-0.36644
-0.35842
-0.36904
-0.36658
-0.37488
-0.38122
-0.38402
-0.38978
-0.3903
-0.40554
-0.40642
-0.38728
-0.39702
-0.40046
-0.3895
-0.39882
-0.38906
-0.39286
-0.38532
-0.37414
-0.38416
-0.3932
-0.38238
-0.37322
-0.36774
-0.38372
-0.37832
-0.35568
-0.37386
-0.37202
-0.371
-0.37722
-0.37428
-0.36836
-0.3759
-0.3667
-0.3677
-0.38298
-0.38598
-0.39166
-0.39896
-0.39862
-0.4053
-0.39688
-0.38396
-0.37126
-0.35804
-0.3729
-0.36376
-0.36886
-0.35926
-0.3623
-0.36342
-0.37376
-0.37114
-0.3605
-0.35916
-0.36466
-0.38416
-0.39506
-0.38688
-0.38898
-0.37738
-0.3746
-0.37158
-0.38252
-0.3901
-0.39296
-0.39028
-0.3864
-0.39088
-0.3906
-0.38722
-0.39342
-0.38612
-0.37948
-0.37328
-0.35934
-0.37744
-0.36564
-0.37792
-0.37612
-0.38566
-0.38888
-0.38382
-0.37188
-0.37418
-0.39002
-0.38064
-0.37948
-0.36552
-0.36698
-0.37614
-0.36382
-0.36234
-0.35768
-0.36712
-0.36562
-0.35282
-0.3524
-0.35786
-0.35012
-0.34604
-0.35018
-0.35594
-0.36612
-0.36416
-0.35776
-0.36464
-0.36538
-0.3604
-0.36826
-0.38482
-0.3789
-0.3659
-0.3716
-0.3667
-0.36576
-0.36164
-0.3709
-0.37256
-0.36798
-0.3784
-0.3714
-0.38174
-0.3957
-0.38658
-0.39024
-0.37928
-0.38992
-0.39106
-0.39174
-0.3881
-0.37684
-0.38708
-0.37568
-0.36466
-0.35164
-0.34076
-0.34784
-0.37246
-0.36106
-0.36994
-0.38346
-0.38018
-0.37852
-0.38794
-0.37938
-0.38036
-0.38064
-0.37252
-0.37472
-0.36784
-0.37998
-0.38088
-0.37672
-0.36366
-0.3553
-0.36682
-0.36466
-0.34848
-0.35738
-0.35908
-0.35446
-0.37256
-0.37006
-0.37878
-0.387
-0.37674
-0.39148
-0.39374
-0.38214
-0.3886
-0.36828
-0.3715
-0.36474
-0.3599
-0.37044
-0.361
-0.36968
-0.36706
-0.3741
-0.36778
-0.3754
-0.37988
-0.38968
-0.38718
-0.37096
-0.36756
-0.36886
-0.35182
-0.35654
-0.36666
-0.37498
-0.36184
-0.37592
-0.36726
-0.35838
-0.3711
-0.37442
-0.37962
-0.36392
-0.37636
-0.37592
-0.37428
-0.3625
-0.38382
-0.3837
-0.39274
-0.38124
-0.37968
-0.37242
-0.36968
-0.38042
-0.3884
-0.38346
-0.39724
-0.3963
-0.37862
-0.37538
-0.39144
-0.38598
-0.38398
-0.36664
-0.36822
-0.38346
-0.37344
-0.37508
-0.36976
-0.37648
-0.36882
-0.3753
-0.36232
-0.36276
-0.36474
-0.35394
-0.36652
-0.36966
-0.36582
-0.37454
-0.38562
-0.38418
-0.39204
-0.38206
-0.38206
-0.39146
-0.38074
-0.38538
-0.3842
-0.38622
-0.37148
-0.37092
-0.38728
-0.3947
-0.39756
-0.38408
-0.38706
-0.38686
-0.37624
-0.35944
-0.36738
-0.37044
-0.38096
-0.37818
-0.38072
-0.38496
-0.37282
-0.38206
-0.3839
-0.38972
-0.40676
-0.39198
-0.37866
-0.39134
-0.388
-0.39328
-0.39032
-0.37892
-0.37482
-0.38294
-0.38002
-0.37256
-0.37272
-0.37586
-0.36538
-0.38408
-0.37698
-0.37854
-0.38746
-0.39088
-0.36924
-0.37004
-0.35784
-0.37458
-0.3856
-0.37472
-0.3818
-0.38562
-0.39468
-0.39888
-0.39648
-0.38546
-0.36934
-0.36686
-0.36872
-0.37144
-0.38264
-0.37622
-0.36976
-0.37216
-0.38138
-0.38022
-0.38564
-0.39116
-0.38736
-0.37154
-0.37096
-0.35042
-0.36684
-0.3728
-0.36228
-0.36122
-0.36016
-0.3739
-0.39196
-0.40592
-0.40166
-0.40108
-0.38964
-0.38246
-0.3907
-0.38092
-0.37182
-0.36532
-0.36168
-0.35948
-0.36366
-0.36558
-0.3842
-0.39364
-0.39138
-0.38256
-0.39878
-0.39902
-0.38932
-0.37702
-0.37244
-0.37934
-0.38284
-0.37974
-0.37676
-0.38972
-0.38262
-0.39422
-0.39624
-0.39572
-0.38702
-0.3819
-0.3855
-0.36638
-0.36752
-0.3667
-0.3637
-0.36502
-0.3625
-0.36432
-0.3589
-0.3715
-0.37212
-0.38812
-0.38754
-0.39418
-0.39792
-0.40238
-0.40084
-0.38824
-0.37948
-0.3689
-0.37676
-0.37042
-0.38114
-0.387
-0.39134
-0.37554
-0.36728
-0.37236
-0.38342
-0.38368
-0.3867
-0.37938
-0.38942
-0.38886
-0.3893
-0.39844
-0.39604
-0.40004
-0.39436
-0.37662
-0.37774
-0.37722
-0.36968
-0.3871
-0.38756
-0.38828
-0.39632
-0.39456
-0.39
-0.39152
-0.38396
-0.37316
-0.3687
-0.37016
-0.37948
-0.38198
-0.37408
-0.37586
-0.37668
-0.38078
-0.38956
-0.3881
-0.3953
-0.39102
-0.36626
-0.35188
-0.36324
-0.3705
-0.37522
-0.36552
-0.36216
-0.34712
-0.36362
-0.36214
-0.36786
-0.3635
-0.36676
-0.37618
-0.37032
-0.37202
-0.38476
-0.3797
-0.37948
-0.3646
-0.3554
-0.37668
-0.38968
-0.37728
-0.38214
-0.37258
-0.36854
-0.37126
-0.3847
-0.3773
-0.39924
-0.38644
-0.37514
-0.36962
-0.36862
-0.3712
-0.37366
-0.38662
-0.37376
-0.37846
-0.37296
-0.37568
-0.36924
-0.37812
-0.38616
-0.3864
-0.35818
-0.35396
-0.35768
-0.3575
-0.3616
-0.35696
-0.37298
-0.36566
-0.36628
-0.3796
-0.37524
-0.36916
-0.3735
-0.37582
-0.37884
-0.37352
-0.3727
-0.37858
-0.3913
-0.39262
-0.3894
-0.40026
-0.39012
-0.39612
-0.40696
-0.4021
-0.39642
-0.3884
-0.3781
-0.36818
-0.36576
-0.37396
-0.36302
-0.36228
-0.3624
-0.34568
-0.35702
-0.37492
-0.36618
-0.3701
-0.36436
-0.37148
-0.37452
-0.37646
-0.3826
-0.38716
-0.37962
-0.38246
-0.39674
-0.40124
-0.39364
-0.38828
-0.38514
-0.38726
-0.38876
-0.38734
-0.3844
-0.37756
-0.38382
-0.37006
-0.3727
-0.36136
-0.36612
-0.37042
-0.36448
-0.36054
-0.37196
-0.37894
-0.38582
-0.37124
-0.3709
-0.38326
-0.40014
-0.40498
-0.39148
-0.38962
-0.37476
-0.3702
-0.37208
-0.37084
-0.37418
-0.371
-0.36342
-0.3749
-0.37504
-0.38194
-0.38274
-0.38328
-0.36456
-0.3604
-0.3624
-0.35254
-0.36616
-0.35492
-0.34524
-0.36446
-0.37136
-0.36834
-0.37236
-0.35806
-0.36396
-0.3624
-0.35992
-0.3551
-0.3475
-0.36276
-0.36028
-0.36556
-0.37346
-0.36478
-0.36694
-0.3672
-0.3633
-0.37716
-0.36706
-0.37292
-0.3717
-0.37232
-0.37454
-0.37878
-0.37244
-0.36102
-0.37316
-0.37408
-0.37762
-0.36776
-0.37062
-0.36878
-0.3631
-0.36156
-0.36766
-0.37292
-0.37152
-0.38412
-0.39138
-0.3803
-0.38458
-0.38534
-0.39158
-0.37486
-0.37354
-0.37148
-0.3808
-0.37814
-0.37878
-0.3705
-0.36666
-0.37032
-0.3856
-0.36604
-0.36412
-0.37248
-0.36622
-0.35766
-0.37484
-0.37684
-0.3793
-0.38244
-0.39606
-0.37772
-0.39158
-0.37196
-0.37466
-0.3755
-0.3747
-0.37248
-0.36498
-0.36238
-0.37422
-0.37064
-0.38152
-0.37636
-0.36866
-0.36496
-0.36582
-0.35634
-0.35322
-0.35204
-0.36978
-0.37548
-0.37176
-0.37084
-0.37304
-0.3845
-0.37986
-0.37868
-0.38732
-0.38972
-0.38546
-0.38894
-0.38158
-0.3698
-0.37478
-0.372
-0.38012
-0.38132
-0.3826
-0.36016
-0.36634
-0.3719
-0.37332
-0.367
-0.36588
-0.36498
-0.37054
-0.3854
-0.36788
-0.37712
-0.37898
-0.3771
-0.3807
-0.38316
-0.38814
-0.3846
-0.39386
-0.38234
-0.3795
-0.36046
-0.35726
-0.35376
-0.36454
-0.37326
-0.37404
-0.38054
-0.39316
-0.38496
-0.3863
-0.382
-0.38398
-0.37208
-0.3668
-0.36428
-0.36358
-0.36088
-0.34634
-0.36054
-0.34932
-0.36422
-0.35
-0.3628
-0.36302
-0.34794
-0.34632
-0.34434
-0.35242
-0.34528
-0.34436
-0.35384
-0.34846
-0.3765
-0.3844
-0.39012
-0.3735
-0.38036
-0.3718
-0.3644
-0.36236
-0.36116
-0.3621
-0.35356
-0.35674
-0.35672
-0.35792
-0.34394
-0.35928
-0.3513
-0.34896
-0.3505
-0.35988
-0.36658
-0.37612
-0.37848
-0.37538
-0.38446
-0.38112
-0.38326
-0.38392
-0.37748
-0.37088
-0.3744
-0.36706
-0.35334
-0.36072
-0.3598
-0.34626
-0.3512
-0.35964
-0.37598
-0.36646
-0.38184
-0.38166
-0.37378
-0.3669
-0.36416
-0.38116
-0.37084
-0.37912
-0.36932
-0.38642
-0.39002
-0.38712
-0.37246
-0.36618
-0.37622
-0.37626
-0.37076
-0.3605
-0.35428
-0.36094
-0.36062
-0.35706
-0.36114
-0.35834
-0.35368
-0.35498
-0.36568
-0.35002
-0.36988
-0.36292
-0.36954
-0.37048
-0.39302
-0.3864
-0.4103
-0.39794
-0.38956
-0.38524
-0.3818
-0.3815
-0.36818
-0.37062
-0.3818
-0.39182
-0.40236
-0.3964
-0.38952
-0.38546
-0.37936
-0.38622
-0.3805
-0.38848
-0.38956
-0.37316
-0.38988
-0.39802
-0.38218
-0.3824
-0.38118
-0.35906
-0.3645
-0.36986
-0.36342
-0.37782
-0.3801
-0.37154
-0.37478
-0.36164
-0.35074
-0.36456
-0.37458
-0.36752
-0.37066
-0.3763
-0.37756
-0.3624
-0.37292
-0.37236
-0.36216
-0.36682
-0.36816
-0.3682
-0.36902
-0.37118
-0.37408
-0.38402
-0.38184
-0.36776
-0.37416
-0.37638
-0.38498
-0.37856
-0.37086
-0.3763
-0.3655
-0.37024
-0.38312
-0.38354
-0.38582
-0.38236
-0.37344
-0.36804
-0.3662
-0.38164
-0.3909
-0.38806
-0.38034
-0.38842
-0.38302
-0.37014
-0.37758
-0.3838
-0.39608
-0.39152
-0.39046
-0.38902
-0.38324
-0.38852
-0.39678
-0.38748
-0.38476
-0.38152
-0.36882
-0.37842
-0.37816
-0.37172
-0.3637
-0.37392
-0.3822
-0.38668
-0.39266
-0.39144
-0.3756
-0.37774
-0.37896
-0.3901
-0.37398
-0.37258
-0.3797
-0.38254
-0.3825
-0.38274
-0.37014
-0.36354
-0.36576
-0.36282
-0.3783
-0.3765
-0.3756
-0.37814
-0.38528
-0.3808
-0.36678
-0.376
-0.37466
-0.38586
-0.38888
-0.38416
-0.3819
-0.38422
-0.36062
-0.35944
-0.36404
-0.35214
-0.35938
-0.3659
-0.36506
-0.35688
-0.3545
-0.3591
-0.35558
-0.3733
-0.36398
-0.37076
-0.37764
-0.37964
-0.37676
-0.37714
-0.38378
-0.38036
-0.38372
-0.36754
-0.37254
-0.38324
-0.3797
-0.37454
-0.36622
-0.36844
-0.37314
-0.37608
-0.36146
-0.3653
-0.36222
-0.3913
-0.38184
-0.39212
-0.37342
-0.36432
-0.36334
-0.36618
-0.352
-0.36944
-0.37042
-0.38184
-0.38224
-0.3719
-0.35558
-0.36318
-0.37074
-0.37492
-0.37324
-0.36964
-0.363
-0.35428
-0.35292
-0.36238
-0.37066
-0.37116
-0.36886
-0.3699
-0.37392
-0.3704
-0.36648
-0.37554
-0.37322
-0.37118
-0.37466
-0.374
-0.37148
-0.36738
-0.37158
-0.37376
-0.3889
-0.38232
-0.37076
-0.37046
-0.36966
-0.35932
-0.36526
-0.36654
-0.36546
-0.36318
-0.35094
-0.35272
-0.35512
-0.3528
-0.35734
-0.35176
-0.36354
-0.38058
-0.38078
-0.39132
-0.38198
-0.37424
-0.36788
-0.374
-0.3771
-0.3607
-0.35826
-0.36164
-0.36942
-0.37772
-0.37732
-0.3693
-0.36576
-0.35372
-0.35026
-0.3481
-0.37182
-0.37436
-0.3724
-0.37682
-0.3743
-0.37008
-0.36054
-0.3697
-0.37784
-0.36392
-0.36446
-0.3709
-0.36444
-0.36114
-0.34946
-0.35816
-0.3552
-0.36254
-0.37414
-0.37096
-0.37602
-0.36158
-0.35516
-0.36018
-0.3744
-0.38188
-0.3812
-0.37126
-0.35664
-0.366
-0.37304
-0.37172
-0.3699
-0.3686
-0.36266
-0.37588
-0.37824
-0.37758
-0.3592
-0.37202
-0.38542
-0.37818
-0.37436
-0.3754
-0.37942
-0.3757
-0.38642
-0.39228
-0.37754
-0.38444
-0.37584
-0.37432
-0.37602
-0.3643
-0.36214
-0.37158
-0.3719
-0.3834
-0.38688
-0.37692
-0.3869
-0.378
-0.37972
-0.37758
-0.3894
-0.38546
-0.37188
-0.378
-0.376
-0.3768
-0.37576
-0.38964
-0.38818
-0.40724
-0.40106
-0.39446
-0.37634
-0.36906
-0.37662
-0.38542
-0.383
-0.39632
-0.38678
-0.38678
-0.3956
-0.38806
-0.36428
-0.36692
-0.37836
-0.37756
-0.37236
-0.36478
-0.36878
-0.37048
-0.36294
-0.37534
-0.35776
-0.3676
-0.36802
-0.37002
-0.36874
-0.37672
-0.36912
-0.36984
-0.38042
-0.3856
-0.36818
-0.37822
-0.38628
-0.3787
-0.3682
-0.37594
-0.3688
-0.36852
-0.37666
-0.35772
-0.35732
-0.35702
-0.3732
-0.37824
-0.38448
-0.37144
-0.37162
-0.37202
-0.38044
-0.36306
-0.36596
-0.36252
-0.36894
-0.3734
-0.36254
-0.36458
-0.36132
-0.37952
-0.37758
-0.37764
-0.37968
-0.37464
-0.37754
-0.3769
-0.38132
-0.37386
-0.37218
-0.37954
-0.382
-0.37422
-0.38498
-0.3721
-0.3793
-0.38332
-0.38826
-0.3838
-0.38028
-0.38252
-0.38418
-0.3798
-0.36232
-0.36314
-0.37266
-0.37668
-0.3869
-0.38984
-0.37858
-0.36772
-0.36636
-0.36752
-0.36708
-0.36742
-0.37928
-0.37348
-0.36328
-0.37126
-0.36326
-0.36538
-0.37564
-0.36416
-0.36598
-0.36294
-0.37258
-0.36762
-0.38158
-0.3738
-0.3684
-0.3708
-0.38424
-0.38906
-0.38854
-0.38984
-0.38398
-0.36808
-0.38898
-0.39284
-0.37774
-0.3679
-0.36722
-0.36656
-0.36388
-0.38052
-0.3926
-0.3882
-0.39228
-0.39962
-0.39204
-0.4053
-0.40934
-0.39792
-0.39384
-0.38306
-0.37894
-0.37888
-0.37202
-0.37958
-0.37498
-0.38136
-0.38316
-0.37892
-0.37968
-0.38064
-0.37406
-0.36714
-0.35736
-0.34562
-0.34838
-0.35132
-0.34032
-0.34348
-0.34784
-0.34962
-0.36346
-0.37134
-0.38908
-0.38242
-0.37788
-0.3812
-0.37564
-0.36854
-0.37578
-0.37192
-0.3795
-0.36122
-0.36742
-0.36372
-0.35468
-0.3624
-0.37118
-0.36332
-0.36124
-0.37008
-0.36192
-0.3759
-0.36756
-0.35586
-0.37558
-0.36124
-0.35032
-0.35514
-0.36466
-0.3724
-0.36658
-0.37326
-0.37756
-0.3782
-0.37658
-0.37932
-0.39006
-0.38856
-0.37242
-0.38534
-0.38348
-0.3777
-0.38352
-0.38824
-0.39298
-0.376
-0.37548
-0.36844
-0.37838
-0.36928
-0.37824
-0.37174
-0.36052
-0.35396
-0.35702
-0.35192
-0.35582
-0.37128
-0.38522
-0.3817
-0.39046
-0.38698
-0.38256
-0.3981
-0.39428
-0.38966
-0.39458
-0.39566
-0.3801
-0.3769
-0.37654
-0.37734
-0.36406
-0.36934
-0.37732
-0.37426
-0.39006
-0.38188
-0.38434
-0.37246
-0.38116
-0.37722
-0.37926
-0.3851
-0.3836
-0.38648
-0.37974
-0.35754
-0.34324
-0.35008
-0.365
-0.37146
-0.36804
-0.36344
-0.34956
-0.34918
-0.35064
-0.35314
-0.35444
-0.33884
-0.34914
-0.37572
-0.38312
-0.3836
-0.37532
-0.382
-0.37476
-0.36814
-0.36844
-0.36926
-0.36968
-0.37844
-0.36996
-0.3785
-0.36614
-0.36666
-0.37214
-0.36626
-0.37492
-0.3754
-0.37358
-0.36712
-0.36484
-0.35038
-0.35258
-0.35852
-0.36642
-0.37568
-0.36636
-0.37306
-0.37144
-0.36078
-0.36382
-0.37022
-0.38206
-0.38504
-0.38358
-0.38772
-0.3787
-0.37864
-0.3828
-0.39234
-0.37666
-0.38234
-0.37532
-0.36226
-0.37852
-0.3726
-0.36924
-0.36594
-0.3702
-0.37168
-0.36816
-0.377
-0.38814
-0.37974
-0.3697
-0.36566
-0.37202
-0.37432
-0.36882
-0.361
-0.37082
-0.37972
-0.38162
-0.36808
-0.38168
-0.38642
-0.37614
-0.38198
-0.38388
-0.37712
-0.37278
-0.38398
-0.37594
-0.37212
-0.3776
-0.3569
-0.3741
-0.3753
-0.36268
-0.3702
-0.35602
-0.35708
-0.3648
-0.35846
-0.35184
-0.35936
-0.3666
-0.36392
-0.34436
-0.35144
-0.34848
-0.35832
-0.36272
-0.37578
-0.3837
-0.38488
-0.39068
-0.38998
-0.38312
-0.38142
-0.38308
-0.37812
-0.3943
-0.3935
-0.38904
-0.38134
-0.38652
-0.38874
-0.39824
-0.39904
-0.38524
-0.38734
-0.38852
-0.38234
-0.3864
-0.36962
-0.36156
-0.37874
-0.3717
-0.37794
-0.36922
-0.36682
-0.3692
-0.38418
-0.37636
-0.37572
-0.36614
-0.36322
-0.36402
-0.36688
-0.36962
-0.3694
-0.35988
-0.34966
-0.35828
-0.36136
-0.35614
-0.35734
-0.36466
-0.3582
-0.352
-0.3535
-0.36152
-0.3712
-0.36948
-0.37522
-0.39166
-0.39422
-0.3792
-0.3767
-0.3811
-0.3843
-0.38614
-0.37826
-0.37372
-0.36636
-0.38152
-0.38472
-0.39384
-0.3728
-0.36632
-0.37206
-0.36448
-0.37984
-0.38184
-0.37078
-0.3737
-0.37332
-0.3589
-0.36296
-0.35916
-0.36492
-0.38052
-0.369
-0.37288
-0.37326
-0.3751
-0.37454
-0.38554
-0.36636
-0.35704
-0.35488
-0.37148
-0.37962
-0.3737
-0.37688
-0.3754
-0.37828
-0.37412
-0.37612
-0.39486
-0.39252
-0.3995
-0.37944
-0.36756
-0.37604
-0.3803
-0.38936
-0.3822
-0.3709
-0.35594
-0.34222
-0.34966
-0.34532
-0.35938
-0.35742
-0.3646
-0.36442
-0.36724
-0.37526
-0.3739
-0.37334
-0.37932
-0.3767
-0.36154
-0.36796
-0.38274
-0.3908
-0.3865
-0.38194
-0.36948
-0.3781
-0.37942
-0.37334
-0.36132
-0.37688
-0.38734
-0.39264
-0.37192
-0.37804
-0.36508
-0.37788
-0.37326
-0.3742
-0.39508
-0.393
-0.39454
-0.39506
-0.38578
-0.37752
-0.37624
-0.3713
-0.36784
-0.37528
-0.36204
-0.38002
-0.38346
-0.37434
-0.3874
-0.39304
-0.39066
-0.39004
-0.37054
-0.37304
-0.37686
-0.36746
-0.37518
-0.36408
-0.37764
-0.38522
-0.37982
-0.37882
-0.38114
-0.36396
-0.35602
-0.35324
-0.34886
-0.36928
-0.36966
-0.37148
-0.37428
-0.37994
-0.38252
-0.39556
-0.38894
-0.38842
-0.37898
-0.38722
-0.38116
-0.37546
-0.37076
-0.35948
-0.37648
-0.37786
-0.36708
-0.36506
-0.37296
-0.35278
-0.35602
-0.35572
-0.37006
-0.3671
-0.36346
-0.3695
-0.3687
-0.3725
-0.36964
-0.37122
-0.37458
-0.38622
-0.37766
-0.37462
-0.3603
-0.36268
-0.36504
-0.36062
-0.36358
-0.35902
-0.35532
-0.35734
-0.35932
-0.37232
-0.36448
-0.35534
-0.37354
-0.38344
-0.36746
-0.37352
-0.37658
-0.36892
-0.37358
-0.35874
-0.35856
-0.35774
-0.36808
-0.36658
-0.38148
-0.37912
-0.3879
-0.38928
-0.36324
-0.36696
-0.3673
-0.3741
-0.38238
-0.3783
-0.37514
-0.37734
-0.35804
-0.36166
-0.3646
-0.36902
-0.36706
-0.36198
-0.38044
-0.37858
-0.38518
-0.37168
-0.3775
-0.3613
-0.3638
-0.37534
-0.38872
-0.37016
-0.36904
-0.35932
-0.3685
-0.37478
-0.37502
-0.38344
-0.37592
-0.3704
-0.37562
-0.38102
-0.3762
-0.36876
-0.36026
-0.35708
-0.35258
-0.36168
-0.3599
-0.36524
-0.3708
-0.37528
-0.36596
-0.36798
-0.3715
-0.37518
-0.36424
-0.3654
-0.37634
-0.37106
-0.37014
-0.36252
-0.38294
-0.3724
-0.368
-0.37248
-0.37168
-0.36478
-0.36724
-0.37374
-0.38184
-0.37772
-0.3666
-0.37868
-0.38024
-0.36648
-0.3714
-0.3699
-0.38256
-0.37128
-0.37292
-0.3777
-0.3795
-0.37154
-0.39004
-0.3892
-0.38472
-0.38332
-0.3793
-0.3736
-0.378
-0.37002
-0.36904
-0.39276
-0.37784
-0.39446
-0.4027
-0.39158
-0.39176
-0.3793
-0.37006
-0.37034
-0.37796
-0.37794
-0.38054
-0.3793
-0.38078
-0.38932
-0.36674
-0.3837
-0.37662
-0.3801
-0.37986
-0.3722
-0.39022
-0.38652
-0.38376
-0.37852
-0.38332
-0.36962
-0.37712
-0.38126
-0.38566
-0.38852
-0.37574
-0.37952
-0.38108
-0.37282
-0.37134
-0.36752
-0.37184
-0.36716
-0.37872
-0.38156
-0.3856
-0.38934
-0.37594
-0.3891
-0.3824
-0.37478
-0.37454
-0.38258
-0.38542
-0.38178
-0.36442
-0.36614
-0.37658
-0.37514
-0.37848
-0.372
-0.36936
-0.36176
-0.36404
-0.3574
-0.35476
-0.38016
-0.381
-0.37778
-0.37134
-0.37584
-0.36838
-0.38362
-0.39046
-0.39208
-0.39172
-0.3942
-0.3728
-0.36728
-0.386
-0.3929
-0.3855
-0.37642
-0.36536
-0.36588
-0.3674
-0.36718
-0.38248
-0.38698
-0.37228
-0.37718
-0.37746
-0.37944
-0.37964
-0.37108
-0.3673
-0.37018
-0.3796
-0.3859
-0.38676
-0.38002
-0.37802
-0.37484
-0.36914
-0.37076
-0.37584
-0.37588
-0.38984
-0.38234
-0.3675
-0.36786
-0.37274
-0.37578
-0.3699
-0.36968
-0.3555
-0.35174
-0.37222
-0.3863
-0.37752
-0.38184
-0.38974
-0.38578
-0.37548
-0.36966
-0.369
-0.369
-0.36428
-0.36396
-0.36722
-0.37632
-0.37668
-0.37286
-0.36644
-0.38198
-0.38096
-0.3939
-0.37844
-0.37668
-0.37924
-0.37528
-0.38146
-0.37296
-0.38358
-0.39094
-0.39226
-0.3904
-0.38824
-0.40314
-0.38802
-0.3843
-0.3817
-0.38882
-0.39528
-0.37404
-0.37884
-0.3742
-0.38136
-0.3702
-0.37982
-0.37022
-0.3586
-0.36504
-0.35948
-0.35262
-0.34156
-0.35824
-0.358
-0.36788
-0.36152
-0.367
-0.36514
-0.3663
-0.36328
-0.35322
-0.3577
-0.3692
-0.36372
-0.37154
-0.36872
-0.35976
-0.36982
-0.35922
-0.37218
-0.35912
-0.35532
-0.36294
-0.37002
-0.37644
-0.36462
-0.36978
-0.38594
-0.3699
-0.37516
-0.37794
-0.37774
-0.38472
-0.38288
-0.37778
-0.37206
-0.36778
-0.36844
-0.36534
-0.3595
-0.34904
-0.33842
-0.34528
-0.3411
-0.35376
-0.36146
-0.36054
-0.34826
-0.36612
-0.35532
-0.3477
-0.37218
-0.3791
-0.38466
-0.38152
-0.37264
-0.37254
-0.361
-0.35714
-0.3554
-0.35144
-0.35366
-0.36272
-0.35592
-0.36916
-0.37396
-0.38126
-0.38336
-0.3762
-0.38448
-0.37832
-0.36436
-0.36426
-0.366
-0.37752
-0.36648
-0.37542
-0.37106
-0.37598
-0.38924
-0.39236
-0.38958
-0.39248
-0.38758
-0.37652
-0.36188
-0.37558
-0.3746
-0.37908
-0.38226
-0.39178
-0.39542
-0.38168
-0.37068
-0.35606
-0.3645
-0.36024
-0.36774
-0.3721
-0.3746
-0.37968
-0.38148
-0.3715
-0.38036
-0.39038
-0.38224
-0.38018
-0.38896
-0.37868
-0.37492
-0.37748
-0.36888
-0.38218
-0.36322
-0.36694
-0.35988
-0.36188
-0.35748
-0.36384
-0.36306
-0.36514
-0.3745
-0.37126
-0.3799
-0.38036
-0.39462
-0.38908
-0.38112
-0.38108
-0.38884
-0.37
-0.36686
-0.37098
-0.36606
