0.47912
0.48346
0.49586
0.49068
0.49012
0.48284
0.48788
0.48188
0.49774
0.50268
0.4916
0.48968
0.48784
0.48858
0.4821
0.48382
0.48416
0.48298
0.49064
0.48852
0.4926
0.49414
0.48656
0.50088
0.49164
0.48838
0.48228
0.48568
0.48968
0.48986
0.4873
0.49896
0.49072
0.4838
0.48094
0.49946
0.48906
0.5004
0.50106
0.50058
0.49554
0.4906
0.4853
0.48898
0.47536
0.49018
0.48368
0.48556
0.47678
0.4761
0.47942
0.49056
0.48446
0.49508
0.48208
0.48992
0.48616
0.48602
0.49484
0.4879
0.4862
0.4894
0.48504
0.48798
0.50298
0.48592
0.47638
0.5083
0.49622
0.48618
0.48314
0.48814
0.48792
0.49344
0.49468
0.49758
0.48798
0.4843
0.48768
0.4868
0.48364
0.48762
0.48992
0.48462
0.48972
0.48728
0.49454
0.4977
0.4892
0.48682
0.4779
0.48618
0.48648
0.48658
0.48674
0.4899
0.49496
0.49136
0.47706
0.47612
0.49104
0.47976
0.48668
0.50292
0.48604
0.48864
0.47978
0.48302
0.47944
0.48028
0.48664
0.48184
0.4929
0.48696
0.49406
0.48882
0.49092
0.4955
0.47964
0.48006
0.48374
0.49144
0.48768
0.4912
0.49664
0.49044
0.49106
0.50054
0.4924
0.49074
0.49156
0.49592
0.49098
0.50096
0.49282
0.48456
0.4817
0.48802
0.4806
0.487
0.48074
0.4947
0.47944
0.48648
0.47504
0.48528
0.4998
0.48474
0.50056
0.49624
0.48838
0.49514
0.48972
0.48168
0.49096
0.49766
0.49396
0.5038
0.49188
0.49508
0.48886
0.49894
0.50152
0.48704
0.4866
0.4854
0.47364
0.48906
0.4894
0.48798
0.47634
0.48382
0.48056
0.48626
0.47818
0.48218
0.47248
0.48516
0.48888
0.4854
0.48286
0.48066
0.48368
0.4765
0.4734
0.4871
0.48694
0.4852
0.49392
0.49366
0.4774
0.4858
0.4789
0.48438
0.48902
0.4772
0.48598
0.48436
0.4795
0.47496
0.49342
0.47714
0.48022
0.48964
0.5005
0.4929
0.48418
0.48496
0.49014
0.48026
0.49552
0.48708
0.48356
0.47976
0.49044
0.49856
0.50144
0.48336
0.48478
0.4795
0.46916
0.4705
0.4727
0.4797
0.48876
0.49364
0.49366
0.49128
0.48722
0.47576
0.47618
0.49486
0.49708
0.48112
0.49138
0.49046
0.49716
0.48784
0.48674
0.49028
0.48616
0.48512
0.48868
0.49168
0.48222
0.49928
0.4923
0.47832
0.48126
0.4841
0.48182
0.49256
0.48956
0.48794
0.49256
0.48188
0.48234
0.47248
0.4793
0.47886
0.48204
0.47904
0.49206
0.49206
0.4867
0.47608
0.48136
0.48458
0.4971
0.48406
0.4805
0.47872
0.49058
0.49338
0.48456
0.49438
0.4896
0.48848
0.50206
0.48802
0.48994
0.48096
0.4855
0.48936
0.4938
0.4854
0.48482
0.47712
0.48482
0.47908
0.48478
0.4829
0.48262
0.49016
0.47588
0.49122
0.48512
0.48796
0.49516
0.48802
0.48768
0.48164
0.47838
0.4824
0.49038
0.47724
0.49022
0.48172
0.4807
0.48804
0.48324
0.49024
0.48472
0.48502
0.48258
0.4888
0.49084
0.49004
0.47916
0.48308
0.49636
0.48886
0.48668
0.49228
0.49744
0.49186
0.4802
0.48644
0.50198
0.501
0.48346
0.48468
0.48834
0.4863
0.49064
0.49478
0.48824
0.49678
0.48478
0.48374
0.48528
0.48814
0.48974
0.4882
0.48894
0.49026
0.4893
0.49086
0.4937
0.48494
0.49478
0.48678
0.47988
0.48704
0.495
0.49456
0.50082
0.48524
0.4824
0.48804
0.48896
0.49052
0.49732
0.49052
0.47696
0.4769
0.49124
0.48476
0.48598
0.49054
0.49016
0.48826
0.4994
0.49548
0.4924
0.50044
0.48314
0.49226
0.50026
0.49256
0.49096
0.48756
0.48572
0.4943
0.49824
0.49576
0.49104
0.48164
0.48852
0.49752
0.49028
0.49384
0.49942
0.48004
0.48956
0.48392
0.48828
0.48416
0.49324
0.4928
0.49216
0.49838
0.48866
0.492
0.493
0.48924
0.4854
0.485
0.49594
0.48482
0.47806
0.48878
0.47988
0.48034
0.49414
0.49364
0.47696
0.48654
0.48178
0.49156
0.49072
0.48426
0.48266
0.49412
0.48062
0.49966
0.49096
0.49056
0.48412
0.48122
0.48062
0.48412
0.48418
0.4774
0.48762
0.49268
0.48836
0.4954
0.50368
0.48058
0.48124
0.50312
0.49056
0.49448
0.48904
0.4854
0.50036
0.49498
0.488
0.49098
0.4943
0.47718
0.47654
0.49108
0.48266
0.49366
0.4999
0.49768
0.48426
0.48406
0.48382
0.473
0.48228
0.48022
0.49646
0.48668
0.4956
0.49636
0.4958
0.49754
0.49618
0.50368
0.49982
0.49372
0.47808
0.48122
0.4868
0.48648
0.4759
0.4835
0.49922
0.4938
0.48882
0.48786
0.5002
0.49588
0.49638
0.48766
0.47356
0.48654
0.48686
0.48824
0.48998
0.48718
0.48442
0.4866
0.48126
0.48246
0.48624
0.5005
0.49318
0.48126
0.47744
0.48844
0.47526
0.48106
0.49084
0.48786
0.48986
0.49052
0.49034
0.49064
0.47722
0.48196
0.48508
0.49242
0.49022
0.49746
0.49332
0.49262
0.48766
0.49108
0.4933
0.49076
0.48626
0.48222
0.47834
0.48302
0.48158
0.48776
0.48192
0.4773
0.48764
0.48112
0.4777
0.47644
0.48042
0.49202
0.47848
0.48396
0.4744
0.47706
0.48866
0.48586
0.49684
0.49874
0.5027
0.4814
0.4825
0.48776
0.49682
0.48916
0.48516
0.48588
0.48082
0.48842
0.483
0.49154
0.49116
0.47268
0.47646
0.4833
0.48828
0.50144
0.49622
0.48878
0.48382
0.50218
0.49424
0.49164
0.48164
0.48904
0.49288
0.47502
0.4765
0.47518
0.4772
0.48926
0.48792
0.5028
0.4975
0.48448
0.49012
0.48406
0.49738
0.48934
0.4837
0.48976
0.48888
0.49286
0.47526
0.4897
0.492
0.4835
0.49992
0.49174
0.48212
0.48126
0.48388
0.48158
0.47808
0.48732
0.48882
0.49244
0.4807
0.49078
0.4828
0.4779
0.47812
0.4838
0.49178
0.4818
0.49436
0.49284
0.48992
0.48246
0.489
0.47284
0.4757
0.49204
0.4874
0.47492
0.49112
0.48912
0.48856
0.49738
0.49672
0.48996
0.48572
0.4915
0.47718
0.47748
0.48236
0.4852
0.49526
0.48942
0.49022
0.48534
0.49016
0.50358
0.49802
0.4913
0.49238
0.48136
0.49018
0.49278
0.48464
0.47702
0.48804
0.49096
0.47748
0.48472
0.47802
0.48272
0.47122
0.48238
0.48158
0.48544
0.48024
0.48638
0.47488
0.49928
0.50024
0.49244
0.49724
0.47918
0.49124
0.4844
0.48556
0.49476
0.49824
0.49062
0.49542
0.48834
0.4906
0.50056
0.48646
0.48644
0.48398
0.47794
0.48596
0.48108
0.49386
0.49886
0.48968
0.4938
0.48036
0.48844
0.4927
0.49008
0.4984
0.49294
0.49278
0.47776
0.49086
0.48772
0.48404
0.48992
0.48766
0.49274
0.50278
0.49102
0.48634
0.4937
0.4872
0.48782
0.48628
0.48372
0.47186
0.48312
0.4815
0.49316
0.4807
0.47844
0.48874
0.48296
0.47508
0.47516
0.48382
0.4818
0.48858
0.49572
0.49944
0.496
0.49536
0.49124
0.48198
0.48346
0.47564
0.4735
0.47836
0.4807
0.49046
0.4866
0.48206
0.49098
0.48372
0.49056
0.49562
0.49292
0.49372
0.49246
0.48996
0.48206
0.4799
0.48688
0.48984
0.49386
0.49076
0.4869
0.48492
0.48832
0.48852
0.48912
0.48176
0.4894
0.48544
0.48254
0.4873
0.4756
0.47004
0.49302
0.49418
0.49634
0.5001
0.49126
0.48904
0.47692
0.49076
0.48362
0.48854
0.4867
0.50016
0.49496
0.4945
0.49432
0.4866
0.48638
0.4859
0.48508
0.4869
0.49086
0.494
0.49184
0.48268
0.48448
0.48676
0.49078
0.49122
0.49522
0.48106
0.49242
0.49014
0.48466
0.4666
0.4766
0.49016
0.48294
0.48406
0.48066
0.47848
0.47962
0.4819
0.50028
0.48942
0.49302
0.49664
0.48642
0.47998
0.4759
0.4857
0.48554
0.49318
0.48708
0.48536
0.48456
0.49512
0.4864
0.48386
0.4816
0.49376
0.49708
0.4841
0.48454
0.48622
0.48
0.49434
0.48172
0.48832
0.4853
0.48824
0.47988
0.4912
0.48906
0.46996
0.46534
0.48416
0.49186
0.50296
0.49576
0.4875
0.48914
0.48894
0.49264
0.48878
0.48736
0.491
0.4918
0.48838
0.48688
0.4999
0.49154
0.49442
0.49128
0.48438
0.49606
0.49256
0.5004
0.49534
0.49214
0.48098
0.48496
0.49878
0.48892
0.4944
0.48566
0.48544
0.48746
0.48384
0.48002
0.48628
0.4925
0.48846
0.48432
0.48184
0.48092
0.48542
0.48966
0.48786
0.48232
0.4894
0.48594
0.49282
0.48036
0.49474
0.4936
0.47736
0.4946
0.48434
0.4878
0.48836
0.48652
0.48508
0.47854
0.4883
0.48154
0.49452
0.50056
0.49302
0.48612
0.4698
0.47328
0.4849
0.49634
0.4774
0.49564
0.49346
0.4777
0.48632
0.48708
0.49266
0.48336
0.48594
0.49008
0.48522
0.49384
0.49254
0.489
0.48846
0.47538
0.49032
0.49878
0.49416
0.47646
0.4995
0.49144
0.4941
0.50024
0.49716
0.49516
0.4905
0.48594
0.49614
0.49286
0.48974
0.49068
0.4712
0.48458
0.484
0.48064
0.48102
0.48834
0.48148
0.48902
0.4884
0.49328
0.50048
0.48876
0.48462
0.4833
0.4959
0.493
0.48386
0.48656
0.4948
0.4887
0.50712
0.49416
0.49038
0.49034
0.49148
0.48084
0.4936
0.47944
0.48008
0.4954
0.49116
0.4884
0.48802
0.48826
0.48086
0.4947
0.4893
0.4836
0.48156
0.4826
0.48958
0.48554
0.48636
0.48854
0.49844
0.50798
0.50004
0.4941
0.47834
0.48872
0.48216
0.48704
0.4969
0.49182
0.50134
0.48302
0.48866
0.48592
0.48392
0.47526
0.47884
0.48334
0.4733
0.47474
0.47452
0.48864
0.48378
0.49626
0.48662
0.48804
0.49202
0.47964
0.4896
0.4799
0.48376
0.48106
0.4839
0.4888
0.4836
0.4912
0.48324
0.48566
0.484
0.49064
0.4824
0.49478
0.49264
0.48738
0.4829
0.48482
0.48838
0.49334
0.4826
0.48714
0.49156
0.48644
0.48822
0.47116
0.48004
0.48974
0.48392
0.49166
0.47858
0.48408
0.4801
0.4904
0.4801
0.49448
0.4973
0.49962
0.49114
0.48804
0.48566
0.48128
0.47688
0.48326
0.48526
0.48378
0.49236
0.48894
0.50552
0.48906
0.49032
0.4959
0.49234
0.4857
0.48134
0.47882
0.4834
0.48562
0.48698
0.47926
0.4918
0.49132
0.48574
0.47624
0.47834
0.46534
0.4736
0.48216
0.48438
0.483
0.49012
0.48394
0.47386
0.48736
0.4978
0.50384
0.4892
0.49182
0.4854
0.49068
0.49144
0.49886
0.499
0.49618
0.49344
0.493
0.49128
0.49802
0.49314
0.4902
0.4951
0.48994
0.48188
0.48698
0.48372
0.48442
0.49048
0.48498
0.4964
0.4993
0.489
0.47914
0.47422
0.48298
0.49138
0.49462
0.4848
0.4874
0.49824
0.4894
0.49776
0.49818
0.50562
0.49488
0.49304
0.48586
0.4905
0.49258
0.49328
0.48928
0.4847
0.49014
0.49268
0.48332
0.47684
0.48878
0.49034
0.4873
0.48468
0.49592
0.5067
0.50532
0.49228
0.48706
0.48506
0.4786
0.4771
0.49402
0.50634
0.49566
0.491
0.48898
0.48702
0.48776
0.4903
0.49556
0.48346
0.48192
0.48328
0.48894
0.47618
0.48796
0.4924
0.48326
0.4736
0.49082
0.48766
0.49258
0.4945
0.49142
0.47512
0.48618
0.48264
0.48712
0.49816
0.4842
0.48366
0.49276
0.48428
0.48892
0.5
0.497
0.4841
0.48688
0.4865
0.48594
0.49492
0.49084
0.48246
0.47926
0.48908
0.48248
0.48078
0.47826
0.47276
0.48484
0.49462
0.49232
0.49424
0.49262
0.49272
0.48806
0.48866
0.49482
0.48916
0.49252
0.48982
0.48444
0.48902
0.48968
0.48136
0.48574
0.48872
0.48912
0.47942
0.47734
0.4855
0.48088
0.48028
0.48636
0.4998
0.50324
0.49034
0.48672
0.47984
0.48228
0.49106
0.4857
0.48752
0.48766
0.4823
0.49072
0.48824
0.49154
0.48544
0.49354
0.49168
0.47406
0.48452
0.48872
0.47758
0.48934
0.4903
0.48108
0.49586
0.5074
0.49976
0.49692
0.48926
0.479
0.4871
0.48074
0.4794
0.489
0.48896
0.50778
0.50308
0.49316
0.4909
0.49702
0.49484
0.49556
0.48884
0.48154
0.47642
0.4825
0.48776
0.48762
0.49738
0.48914
0.4824
0.4824
0.48646
0.4898
0.4919
0.47864
0.48858
0.49308
0.49634
0.49232
0.48278
0.48632
0.49102
0.48372
0.48764
0.49048
0.48148
0.48854
0.48446
0.48284
0.46886
0.48928
0.49796
0.4864
0.49186
0.48952
0.493
0.48744
0.4887
0.49008
0.48412
0.48276
0.4758
0.48922
0.48472
0.48262
0.49394
0.49626
0.49368
0.49098
0.4801
0.49032
0.49672
0.49158
0.49014
0.4879
0.48106
0.48556
0.48284
0.50094
0.5015
0.49412
0.49392
0.49626
0.49204
0.49812
0.49314
0.47704
0.47418
0.49058
0.49548
0.49118
0.48978
0.48822
0.48668
0.47992
0.48098
0.49094
0.49248
0.49288
0.49362
0.48864
0.48054
0.4829
0.47792
0.49654
0.49426
0.49344
0.49828
0.47982
0.48656
0.48468
0.49318
0.48256
0.47892
0.49332
0.47768
0.48488
0.4894
0.49464
0.49668
0.49762
0.48992
0.48616
0.49304
0.4949
0.49392
0.4807
0.482
0.48816
0.48576
0.48364
0.48668
0.48506
0.49128
0.48226
0.4842
0.49052
0.47882
0.48286
0.48136
0.48866
0.48404
0.48508
0.48486
0.48024
0.46584
0.48154
0.47798
0.48324
0.48592
0.48012
0.48368
0.49434
0.4845
0.47638
0.48774
0.49324
0.4861
0.49492
0.49276
0.48222
0.49402
0.50062
0.502
0.48458
0.4798
0.48604
0.48916
0.49428
0.49284
0.48404
0.48192
0.49016
0.49852
0.47864
0.47964
0.48262
0.48286
0.49176
0.48266
0.4794
0.46888
0.48414
0.47482
0.48672
0.48084
0.48826
0.49112
0.47212
0.46936
0.48872
0.49068
0.4877
0.4802
0.47316
0.47474
0.4861
0.48546
0.47358
0.48698
0.49652
0.47992
0.48176
0.48096
0.47534
0.48338
0.48282
0.4858
0.47074
0.47832
0.47234
0.4871
0.48412
0.49042
0.49518
0.48666
0.48222
0.49244
0.49318
0.5014
0.50304
0.49972
0.48596
0.48364
0.48272
0.48554
0.49294
0.48034
0.47996
0.48844
0.4941
0.49588
0.48862
0.49482
0.49254
0.48404
0.47398
0.48124
0.49134
0.48952
0.48634
0.49058
0.49464
0.49904
0.4974
0.48858
0.4891
0.48112
0.48954
0.48424
0.48094
0.4912
0.48324
0.48296
0.49348
0.49492
0.48378
0.47656
0.47038
0.48698
0.49054
0.4857
0.4813
0.49136
0.47588
0.48174
0.48796
0.4862
0.48332
0.48778
0.4877
0.49022
0.48472
0.49206
0.50008
0.50198
0.49704
0.48964
0.49134
0.4855
0.49538
0.49638
0.50046
0.48294
0.47928
0.48948
0.4919
0.49076
0.48946
0.49342
0.48638
0.48816
0.48648
0.48968
0.48538
0.47438
0.47672
0.4781
0.48232
0.49412
0.48828
0.48238
0.48442
0.47522
0.4954
0.4916
0.49596
0.48754
0.49134
0.48544
0.47878
0.4773
0.48172
0.50104
0.4971
0.49962
0.49424
0.4917
0.48516
0.49396
0.48798
0.48546
0.4845
0.48288
0.4823
0.48008
0.48852
0.48936
0.48262
0.47826
0.4867
0.4948
0.49652
0.49212
0.4874
0.48646
0.49124
0.49782
0.48796
0.4875
0.4824
0.48466
0.48608
0.49556
0.48416
0.48162
0.4864
0.48398
0.48072
0.4744
0.4812
0.48334
0.49404
0.49474
0.50872
0.4884
0.48858
0.49672
0.49504
0.48092
0.49764
0.48354
0.47554
0.47862
0.4839
0.49792
0.4804
0.47914
0.48988
0.48746
0.49206
0.5
0.49366
0.49706
0.49326
0.48268
0.49408
0.48444
0.49044
0.48992
0.49178
0.47916
0.47674
0.48382
0.48146
0.47848
0.47734
0.47908
0.48974
0.49222
0.48414
0.49568
0.48506
0.4817
0.4957
0.48646
0.489
0.48898
0.49352
0.4912
0.49314
0.48996
0.49546
0.49112
0.4765
0.47886
0.4864
0.4799
0.49026
0.4894
0.48252
0.48278
0.48708
0.48428
0.49622
0.501
0.49574
0.49172
0.4882
0.47662
0.48242
0.47866
0.48854
0.47746
0.48888
0.49132
0.48566
0.48796
0.48416
0.48184
0.48272
0.47292
0.4847
0.47756
0.47252
0.48046
0.48368
0.48012
0.48934
0.49734
0.49086
0.49204
0.48536
0.49002
0.48698
0.48396
0.48036
0.48546
0.48044
0.484
0.48126
0.48032
0.47566
0.47916
0.47988
0.49516
0.48094
0.48446
0.49204
0.47836
0.49606
0.49302
0.49264
0.49636
0.4817
0.4826
0.49382
0.50432
0.4837
0.48586
0.4917
0.49354
0.49544
0.50326
0.49588
0.49322
0.48774
0.49704
0.48296
0.47876
0.47478
0.47612
0.4863
0.48214
0.48494
0.48914
0.48808
0.48572
0.4882
0.48672
0.4882
0.49086
0.49442
0.48504
0.47606
0.46826
0.4878
0.48666
0.49082
0.49184
0.49062
0.49614
0.49612
0.49032
0.48502
0.48364
0.48784
0.47578
0.48584
0.47738
0.48576
0.47818
0.48226
0.47418
0.48264
0.47858
0.4908
0.48714
0.47766
0.48518
0.49242
0.47718
0.47782
0.48182
0.48202
0.49048
0.4902
0.48388
0.4959
0.48568
0.48794
0.4816
0.47864
0.49022
0.48566
0.49444
0.49908
0.49022
0.47772
0.47758
0.48564
0.48914
0.4936
0.4832
0.48478
0.48394
0.49552
0.4938
0.4946
0.4985
0.4944
0.49548
0.49296
0.48648
0.49126
0.49554
0.49624
0.48408
0.49048
0.4872
0.49018
0.49994
0.49888
0.51224
0.49822
0.49206
0.48914
0.506
0.49506
0.49372
0.49436
0.4947
0.50342
0.49768
0.4855
0.49504
0.49494
0.4968
0.48874
0.49276
0.49344
0.47796
0.48016
0.49146
0.4916
0.47354
0.49202
0.4791
0.47366
0.48782
0.48982
0.48668
0.48882
0.499
0.48546
0.49542
0.49326
0.49238
0.48898
0.49518
0.4788
0.47794
0.4789
0.48706
0.48304
0.47818
0.48064
0.47834
0.48692
0.48522
0.4839
0.49942
0.49118
0.49074
0.50282
0.48642
0.48306
0.4869
0.49286
0.47624
0.4819
0.49006
0.49556
0.49446
0.4817
0.47758
0.48404
0.497
0.48588
0.48044
0.4794
0.49422
0.49714
0.49202
0.4856
0.49316
0.4767
0.48238
0.48426
0.4902
0.49484
0.48604
0.4756
0.48404
0.48512
0.48544
0.47728
0.48114
0.4712
0.47346
0.4815
0.48028
0.48786
0.4722
0.47508
0.49102
0.48254
0.48772
0.4935
0.48218
0.4947
0.4967
0.49658
0.49022
0.49048
0.47762
0.48454
0.47924
0.48622
0.49428
0.48424
0.4919
0.50658
0.49438
0.4855
0.48854
0.48622
0.48358
0.47756
0.48138
0.48376
0.48618
0.47594
0.48858
0.49162
0.48924
0.4879
0.49276
0.49068
0.47956
0.48698
0.49732
0.50498
0.49252
0.48832
0.4958
0.50524
0.4906
0.49032
0.4791
0.48144
0.4918
0.47074
0.48486
0.48542
0.48686
0.4854
0.48484
0.48224
0.4876
0.48704
0.50278
0.50106
0.49798
0.50064
0.48124
0.48032
0.49086
0.4861
0.4842
0.48976
0.49408
0.49776
0.49298
0.50108
0.49
0.48566
0.4871
0.49118
0.49294
0.48942
0.48988
0.49116
0.49018
0.48914
0.48536
0.49524
0.4971
0.48968
0.47364
0.48286
0.49744
0.49392
0.49122
0.48668
0.48812
0.49434
0.4876
0.48492
0.48444
0.4939
0.48112
0.4793
0.486
0.48608
0.48834
0.48674
0.48212
0.48164
0.49
0.48636
0.48434
0.49696
0.49522
0.49622
0.49854
0.49496
0.49486
0.49554
0.48476
0.48602
0.49412
0.48804
0.48096
0.48802
0.49016
0.48116
0.49642
0.49734
0.49414
0.48078
0.48492
0.48076
0.47908
0.48714
0.48402
0.48286
0.48462
0.4861
0.48832
0.48138
0.49392
0.49314
0.4934
0.4892
0.49546
0.49316
0.49232
0.48808
0.47522
0.48518
0.48802
0.4782
0.4835
0.4837
0.48866
0.48992
0.49238
0.48918
0.48956
0.4796
0.49902
0.4875
0.4901
0.49522
0.48764
0.4848
0.48848
0.49766
0.50002
0.4952
0.49362
0.49234
0.49042
0.47982
0.48658
0.48828
0.49226
0.49258
0.48408
0.48558
0.48908
0.4906
0.49606
0.48994
0.49416
0.50156
0.49142
0.4749
0.48466
0.49294
0.4803
0.4854
0.48756
0.49394
0.50264
0.48474
0.4759
0.47884
0.48826
0.48108
0.48216
0.48312
0.48194
0.4879
0.49082
0.48942
0.48822
0.49016
0.49826
0.49324
0.49172
0.48326
0.48822
0.49386
0.48158
0.49046
0.48812
0.48342
0.49134
0.49918
0.48174
0.48092
0.48628
0.49226
0.48426
0.48872
0.5012
0.48728
0.49434
0.48974
0.487
0.4801
0.49672
0.48326
0.48492
0.49372
0.48732
0.48736
0.48518
0.47938
0.4791
0.4793
0.48744
0.48502
0.489
0.4907
0.48984
0.47638
0.48398
0.4858
0.47886
0.48186
0.489
0.48338
0.4904
0.492
0.4969
0.50232
0.48758
0.48166
0.48688
0.47768
0.47928
0.48152
0.47516
0.48724
0.48726
0.48144
0.4832
0.48564
0.49404
0.485
0.49774
0.48786
0.48072
0.48238
0.475
0.47874
0.47998
0.47642
0.47686
0.4802
0.48886
0.48798
0.49134
0.50274
0.4939
0.48198
0.48962
0.48838
0.48036
0.48832
0.48574
0.48228
0.48966
0.48876
0.49306
0.4933
0.49616
0.48702
0.47834
0.4887
0.4859
0.48082
0.48304
0.47546
0.48182
0.4824
0.48794
0.49324
0.49056
0.4961
0.48606
0.48098
0.4826
0.49176
0.50078
0.49784
0.48516
0.48886
0.49112
0.4865
0.48996
0.49052
0.5015
0.48532
0.48434
0.4887
0.49388
0.49306
0.48888
0.48062
0.48354
0.49552
0.49596
0.48688
0.48454
0.48002
0.49954
0.4797
0.49164
0.49242
0.49106
0.49446
0.49574
0.48526
0.48024
0.47024
0.47692
0.48584
0.48632
0.48752
0.49218
0.49008
0.47878
0.48478
0.4907
0.47864
0.4932
0.48372
0.4806
0.48262
0.4835
0.48912
0.48208
0.474
0.47954
0.49554
0.50766
0.49508
0.49664
0.4889
0.48742
0.47898
0.48622
0.49052
0.50406
0.49604
0.47802
0.49044
0.47728
0.49804
0.50422
0.49428
0.48898
0.4864
0.49058
0.50162
0.49492
0.48848
0.48786
0.4921
0.49198
0.4874
0.48622
0.50064
0.48736
0.49318
0.48046
0.48632
0.47536
0.48762
0.48146
0.49874
0.4992
0.4966
0.49186
0.48402
0.48816
0.48902
0.488
0.48302
0.4882
0.49892
0.49932
0.50646
0.4934
0.49012
0.48078
0.47898
0.48618
0.48454
0.48454
0.49578
0.4921
0.48866
0.49128
0.48972
0.48632
0.48182
0.48478
0.4902
0.49086
0.48978
0.48684
0.48558
0.48674
0.49106
0.49068
0.49068
0.50092
0.479
0.472
0.48302
0.47976
0.4863
0.48298
0.46752
0.47448
0.48884
0.4849
0.48458
0.49014
0.4887
0.48782
0.47996
0.4869
0.47332
0.47974
0.48178
0.49092
0.4862
0.48772
0.48136
0.47276
0.48972
0.48796
0.50072
0.4928
0.4982
0.49796
0.48872
0.48084
0.48904
0.48236
0.4886
0.48738
0.48958
0.50378
0.49342
0.49734
0.49856
0.48428
0.49362
0.50086
0.48656
0.47846
0.48798
0.48142
0.48026
0.49194
0.50586
0.48676
0.49342
0.49294
0.49634
0.49264
0.49114
0.48002
0.4718
0.47566
0.47692
0.47488
0.47578
0.4743
0.4853
0.48248
0.47836
0.49456
0.49298
0.48344
0.47922
0.4774
0.48768
0.4859
0.48278
0.47958
0.47766
0.49162
0.48404
0.49122
0.48844
0.49112
0.50094
0.49414
0.48624
0.49422
0.49802
0.4982
0.49186
0.49834
0.49942
0.50096
0.48614
0.48222
0.48168
0.48986
0.49364
0.50284
0.4915
0.4894
0.48132
0.47892
0.48586
0.4948
0.48096
0.49014
0.48286
0.48718
0.4927
0.49244
0.48572
0.49774
0.48872
0.4916
0.4909
0.48642
0.49056
0.4922
0.48638
0.4802
0.47826
0.47668
0.47902
0.48292
0.48814
0.48426
0.49032
0.48654
0.48574
0.48316
0.4703
0.4833
0.49266
0.4935
0.49814
0.49408
0.48024
0.47528
0.48576
0.48984
0.49718
0.48428
0.4813
0.48198
0.48616
0.49904
0.49174
0.49468
0.50076
0.49092
0.49272
0.48258
0.48242
0.48988
0.48838
0.50172
0.48652
0.48638
0.48212
0.47948
0.48896
0.47792
0.4897
0.48386
0.48462
0.49564
0.48994
0.4856
0.48546
0.4859
0.4785
0.47014
0.4825
0.49158
0.49502
0.49268
0.49048
0.48996
0.48602
0.47234
0.48152
0.48274
0.47518
0.48206
0.4901
0.49946
0.49068
0.4846
0.48286
0.49122
0.48896
0.48562
0.48344
0.47782
0.4968
0.50132
0.48622
0.48388
0.48532
0.47776
0.48876
0.48762
0.47254
0.48722
0.48074
0.48968
0.48132
0.48482
0.47796
0.4755
0.47826
0.48728
0.4862
0.49814
0.49802
0.48094
0.48932
0.4878
0.47718
0.48642
0.48646
0.48702
0.49822
0.4798
0.4824
0.4829
0.49304
0.49152
0.4843
0.48542
0.48702
0.47168
0.4836
0.48124
0.48354
0.48848
0.48454
0.48862
0.49252
0.4792
0.47724
0.47558
0.48256
0.48978
0.4832
0.48532
0.47586
0.4688
0.47836
0.4887
0.48208
0.48572
0.4777
0.48278
0.48082
0.46678
0.48428
0.48636
0.48816
0.48052
0.48116
0.491
0.4723
0.47834
0.50104
0.48982
0.48858
0.4891
0.48558
0.48274
0.47012
0.48456
0.49052
0.49392
0.4891
0.4844
0.48546
0.47894
0.4779
0.48316
0.47314
0.4957
0.49922
0.49146
0.49866
0.47712
0.48958
0.48036
0.48478
0.48686
0.4888
0.49978
0.49532
0.49676
0.50102
0.49242
0.48912
0.48644
0.48824
0.49756
0.47968
0.49164
0.48108
0.47682
0.49304
0.48562
0.48472
0.49702
0.49866
0.49724
0.48632
0.49962
0.4917
0.47622
0.485
0.4886
0.48322
0.48962
0.48428
0.49608
0.48126
0.48054
0.48938
0.49106
0.48942
0.48326
0.49498
0.49516
0.4867
0.49732
0.49412
0.49956
0.49438
0.48914
0.48968
0.47822
0.48078
0.4862
0.48892
0.48768
0.47996
0.48648
0.4946
0.4887
0.4863
0.48538
0.48124
0.48808
0.50258
0.49462
0.48822
0.484
0.49116
0.48264
0.48862
0.48476
0.49122
0.49562
0.49808
0.50258
0.48628
0.49258
0.49402
0.49108
0.49118
0.49402
0.4923
0.5009
0.48706
0.49476
0.50168
0.49448
0.48626
0.48262
0.48486
0.48954
0.50404
0.49648
0.47502
0.48024
0.48114
0.4918
0.48966
0.48998
0.47212
0.48278
0.4797
0.48326
0.484
0.47184
0.48074
0.49018
0.49466
0.4831
0.4902
0.4877
0.49624
0.4928
0.48516
0.48816
0.48084
0.48674
0.48652
0.48946
0.48934
0.48608
0.49214
0.49688
0.49336
0.48592
0.48854
0.4868
0.48322
0.48674
0.49256
0.48346
0.4895
0.48846
0.48732
0.49302
0.49396
0.4838
0.48856
0.49102
0.49748
0.4904
0.49106
0.4868
0.48028
0.48126
0.4917
0.48108
0.47932
0.48086
0.4744
0.48146
0.46968
0.49346
0.49122
0.48652
0.49358
0.47428
0.49302
0.48966
0.49902
0.48914
0.48544
0.49044
0.49418
0.49482
0.49378
0.48596
0.4871
0.48074
0.48022
0.48586
0.49418
0.48136
0.4879
0.49366
0.48766
0.48442
0.4942
0.49008
0.4785
0.4883
0.48844
0.49572
0.4838
0.49082
0.4852
0.49208
0.486
0.48818
0.47862
0.49102
0.4971
0.4827
0.4819
0.48168
0.47722
0.4902
0.48964
0.4964
0.4876
0.49528
0.50114
0.48762
0.48754
0.48874
0.48406
0.48358
0.49402
0.48172
0.48356
0.48108
0.4828
0.4687
0.48224
0.47828
0.48782
0.48354
0.48576
0.50142
0.48754
0.48626
0.47986
0.48696
0.49642
0.4919
0.4806
0.48086
0.47586
0.48428
0.48218
0.4885
0.48062
0.49312
0.48772
0.4866
0.4838
0.48036
0.47554
0.47334
0.49056
0.48556
0.47384
0.47798
0.48886
0.49388
0.4904
0.48764
0.48798
0.48468
0.4878
0.48126
0.48676
0.48984
0.49982
0.49212
0.49012
0.5002
0.50016
0.48938
0.49524
0.48424
0.49194
0.49088
0.48678
0.48776
0.50334
0.49796
0.48484
0.4778
0.48508
0.49156
0.49046
0.49766
0.49436
0.4867
0.48614
0.49062
0.49308
0.49434
0.4877
0.49044
0.47754
0.48352
0.4891
0.48108
0.47594
0.4954
0.49236
0.4915
0.47692
0.48682
0.49556
0.49484
0.48892
0.49962
0.49326
0.493
0.48788
0.48682
0.47878
0.4771
0.49706
0.48466
0.49334
0.48832
0.4773
0.49234
0.49042
0.4863
0.48088
0.48024
0.48814
0.4888
0.48078
0.4876
0.47834
0.4719
0.48554
0.48774
0.49152
0.47954
0.48106
0.47396
0.48872
0.49616
0.48824
0.48758
0.4913
0.47636
0.48932
0.50074
0.48402
0.47842
0.4788
0.47576
0.49006
0.49872
0.48622
0.47214
0.48678
0.47422
0.4798
0.48544
0.48294
0.48772
0.49598
0.48646
0.48126
0.4839
0.47874
0.48438
0.4818
0.4771
0.48078
0.48532
0.48272
0.47424
0.479
0.4803
0.49274
0.48888
0.48186
0.48512
0.49088
0.4875
0.48586
0.49332
0.48502
0.48512
0.4839
0.48782
0.48492
0.49136
0.48544
0.48836
0.48258
0.49504
0.4929
0.48232
0.4775
0.48942
0.4826
0.47796
0.49308
0.48948
0.48264
0.4901
0.4753
0.49424
0.4888
0.4917
0.48268
0.48592
0.49284
0.49456
0.4938
0.49286
0.47692
0.48228
0.48464
0.48786
0.49108
0.49396
0.50274
0.49102
0.49378
0.48236
0.47296
0.4779
0.48202
0.48434
0.475
0.47616
0.49908
0.5053
0.4905
0.48722
0.4852
0.48254
0.47318
0.47218
0.47468
0.47478
0.47802
0.48378
0.48844
0.49394
0.48898
0.48906
0.4868
0.4746
0.47566
0.48138
0.49872
0.48874
0.49188
0.48076
0.48166
0.47184
0.46866
0.477
0.498
0.49168
0.48966
0.49298
0.49502
0.49578
0.49522
0.49616
0.48754
0.4936
0.48804
0.48554
0.49646
0.48964
0.50374
0.48968
0.48788
0.49206
0.48458
0.4718
0.49974
0.48892
0.4974
0.48836
0.47548
0.47568
0.48464
0.48278
0.4886
0.49204
0.48472
0.47946
0.48452
0.47942
0.48254
0.49522
0.48746
0.49582
0.49302
0.4894
0.48246
0.48848
0.48352
0.49398
0.48962
0.48874
0.4739
0.48364
0.48198
0.49066
0.47788
0.49214
0.49034
0.49284
0.48726
0.4883
0.49866
0.48446
0.49222
0.4811
0.48136
0.48878
0.49066
0.48958
0.48806
0.4828
0.48584
0.49102
0.4804
0.50094
0.48702
0.48094
0.48134
0.48378
0.4783
0.47254
0.48752
0.48542
0.48326
0.4772
0.48186
0.47666
0.4757
0.47732
0.46986
0.48442
0.47896
0.48676
0.4899
0.4848
0.48364
0.49194
0.48612
0.49124
0.49084
0.48144
0.49614
0.49888
0.49756
0.48516
0.48428
0.48642
0.4871
0.48222
0.4864
0.47912
0.49096
0.49164
0.47608
0.48208
0.49604
0.47954
0.49368
0.4987
0.49474
0.49324
0.48176
0.4791
0.48142
0.49318
0.49114
0.48282
0.48716
0.4797
0.49302
0.48646
0.4761
0.49394
0.49382
0.49116
0.49024
0.4932
0.49796
0.48746
0.4859
0.48746
0.48514
0.4925
0.49284
0.48374
0.48144
0.48346
0.47116
0.48316
0.48878
0.4936
0.48816
0.4926
0.48514
0.4825
0.49096
0.491
0.49082
0.49062
0.48952
0.4805
0.47212
0.46954
0.48466
0.47462
0.50172
0.4825
0.4968
0.4868
0.47668
0.48886
0.49594
0.48904
0.49502
0.48696
0.4913
0.49388
0.49346
0.49148
0.4929
0.49464
0.49868
0.49738
0.49056
0.48392
0.4905
0.4792
0.48518
0.48956
0.48328
0.48974
0.49444
0.48766
0.48978
0.48622
0.48768
0.48434
0.48962
0.48832
0.48502
0.49196
0.49606
0.47736
0.47598
0.49058
0.50614
0.49074
0.48964
0.48746
0.4803
0.49078
0.4872
0.4812
0.49092
0.48592
0.4909
0.48562
0.48382
0.4785
0.4872
0.49528
0.49094
0.48374
0.49052
0.49314
0.49448
0.48756
0.4924
0.50204
0.49002
0.48548
0.48484
0.4806
0.49432
0.48426
0.47972
0.48756
0.4969
0.48666
0.4965
0.4822
0.48448
0.48444
0.49218
0.48734
0.48428
0.47944
0.48756
0.492
0.49316
0.4967
0.504
0.5026
0.49232
0.4829
0.49438
0.48764
0.48524
0.48436
0.48616
0.47902
0.49964
0.49864
0.4875
0.48148
0.47788
0.4907
0.4902
0.49264
0.4967
0.49268
0.48656
0.48716
0.48948
0.48772
0.50776
0.49664
0.4912
0.48782
0.4882
0.48884
0.49844
0.49
0.49378
0.48942
0.49682
0.49214
0.48366
0.48268
0.48554
0.48766
0.48134
0.4883
0.48614
0.4808
0.48212
0.48268
0.49556
0.49738
0.4993
0.48854
0.4964
0.4907
0.47804
0.49066
0.48908
0.49196
0.48942
0.48248
0.48962
0.4831
0.4728
0.49384
0.48652
0.4906
0.4985
0.5008
0.4922
0.4958
0.49278
0.49182
0.48264
0.48928
0.49008
0.48474
0.47632
0.4813
0.48864
0.4884
0.48166
0.49062
0.48798
0.47028
0.49688
0.49052
0.48822
0.50516
0.48988
0.48946
0.48642
0.48564
0.48672
0.49268
0.49632
0.48102
0.48962
0.48586
0.49184
0.48562
0.48894
0.48168
0.48324
0.49518
0.49578
0.4894
0.48822
0.50448
0.49222
0.48774
0.49
0.49578
0.48314
0.48352
0.48458
0.48564
0.50364
0.49916
0.49534
0.49328
0.49082
0.49188
0.50074
0.4903
0.48456
0.49178
0.49864
0.48734
0.47716
0.48934
0.48822
0.48116
0.48822
0.49442
0.48386
0.48384
0.50662
0.50388
0.49834
0.48912
0.4762
0.49412
0.49124
0.4971
0.4882
0.4828
0.4718
0.47854
0.49146
0.48682
0.49636
0.48904
0.48384
0.49016
0.48614
0.47682
0.47488
0.48584
0.48442
0.48466
0.47692
0.4813
0.49586
0.486
0.48738
0.48246
0.48606
0.4787
0.4746
0.4931
0.49686
0.49424
0.4865
0.4851
0.4871
0.48444
0.48174
0.47976
0.48594
0.48864
0.4876
0.48264
0.48128
0.48322
0.48398
0.48712
0.49832
0.49354
0.49644
0.49684
0.49284
0.4899
0.48908
0.47942
0.49008
0.47218
0.48306
0.49574
0.4914
0.49296
0.48936
0.49344
0.49012
0.4768
0.49074
0.48174
0.49278
0.4937
0.48834
0.48944
0.49072
0.48038
0.48534
0.47716
0.48346
0.48718
0.48078
0.47818
0.47758
0.48512
0.48678
0.47688
0.48724
0.49092
0.4825
0.4884
0.48528
0.4807
0.47472
0.46958
0.49656
0.4859
0.48188
0.47938
0.4702
0.48474
0.46978
0.47986
0.48726
0.47314
0.47702
0.48616
0.4926
0.48832
0.4926
0.48458
0.49048
0.48996
0.48938
0.48882
0.49822
0.49462
0.48812
0.50048
0.49442
0.4938
0.4864
0.48172
0.4867
0.48988
0.48414
0.49042
0.48148
0.4795
0.48346
0.48234
0.4808
0.48864
0.49924
0.49572
0.47668
0.48896
0.48432
0.47636
0.47148
0.48264
0.49088
0.48424
0.487
0.48802
0.48692
0.48832
0.4989
0.49632
0.49954
0.4829
0.48766
0.49592
0.49526
0.48914
0.49764
0.4918
0.49478
0.4848
0.48898
0.49106
0.48222
0.49526
0.49002
0.47824
0.49138
0.48906
0.49184
0.49558
0.4889
0.47812
0.47534
0.47912
0.48906
0.4917
0.49192
0.49328
0.47194
0.48588
0.48212
0.49016
0.49154
0.48794
0.48224
0.48794
0.48916
0.48588
0.49596
0.49256
0.48798
0.50024
0.48874
0.4823
0.48544
0.4845
0.4924
0.48048
0.49564
0.4908
0.48758
0.48964
0.48854
0.49292
0.48758
0.474
0.48314
0.48966
0.47932
0.4873
0.49168
0.48446
0.47108
0.472
0.4808
0.49072
0.48162
0.49652
0.48766
0.49748
0.48822
0.49126
0.49394
0.47902
0.48822
0.48448
0.4987
0.48846
0.48268
0.47166
0.4817
0.49186
0.49122
0.48078
0.4854
0.47692
0.48194
0.48766
0.48628
0.48966
0.47904
0.48712
0.49494
0.49316
0.493
0.49532
0.48966
0.49072
0.49136
0.49808
0.49092
0.47924
0.48872
0.5002
0.49674
0.491
0.49282
0.48118
0.48048
0.48164
0.49288
0.49636
0.49456
0.50016
0.49078
0.4838
0.4821
0.48788
0.49426
0.49488
0.4861
0.48428
0.49076
0.4893
0.49198
0.4903
0.49064
0.48616
0.47624
0.4926
0.48794
0.49826
0.47514
0.47428
0.46226
0.4709
0.48498
0.49214
0.48628
0.48084
0.47806
0.47434
0.48658
0.47982
0.4828
0.48908
0.48416
0.4849
0.48732
0.48188
0.4765
0.4745
0.47656
0.48062
0.4856
0.49194
0.48872
0.47852
0.48776
0.48812
0.48366
0.49208
0.49736
0.48682
0.48284
0.48866
0.49794
0.49508
0.48222
0.49004
0.4957
0.49724
0.49066
0.48624
0.48498
0.4837
0.48026
0.47534
0.47982
0.46778
0.47826
0.48094
0.46908
0.48448
0.48268
0.49026
0.48696
0.4869
0.4968
0.48244
0.49004
0.49142
0.47624
0.48178
0.48046
0.48084
0.47994
0.48676
0.48358
0.492
0.48984
0.4819
0.49324
0.4947
0.48676
0.49134
0.49092
0.48262
0.48422
0.48788
0.47692
0.48106
0.49146
0.4897
0.4876
0.49808
0.48838
0.4804
0.4827
0.49266
0.47804
0.48476
0.48252
0.49312
0.48814
0.48304
0.47922
0.47952
0.48424
0.48538
0.48554
0.48398
0.48752
0.48604
0.48618
0.48428
0.49304
0.49224
0.49536
0.50066
0.47704
0.47234
0.47736
0.49078
0.49492
0.4906
0.48018
0.4835
0.48756
0.4962
0.49226
0.50024
0.47912
0.47066
0.48376
0.48642
0.47654
0.49172
0.49602
0.48902
0.48414
0.48998
0.4956
0.49192
0.48954
0.48516
0.49342
0.4837
0.48892
0.4929
0.49402
0.48806
0.50204
0.47608
0.4767
0.48142
0.50376
0.48698
0.50164
0.48816
0.49688
0.49384
0.48436
0.4891
0.4943
0.49006
0.4916
0.48042
0.47576
0.47612
0.48278
0.49018
0.4842
0.49254
0.48776
0.47464
0.48438
0.49514
0.4938
0.49816
0.49076
0.47818
0.48392
0.48348
0.49458
0.48678
0.48972
0.48932
0.50008
0.48796
0.48696
0.48604
0.48518
0.49226
0.49112
0.492
0.4804
0.49002
0.4833
0.47462
0.4801
0.48906
0.48642
0.48396
0.4768
0.48762
0.49556
0.49298
0.4974
0.50024
0.49406
0.48546
0.48148
0.47934
0.4779
0.4862
0.48824
0.4861
0.4791
0.48766
0.49404
0.4748
0.48024
0.4852
0.4907
0.48166
0.50028
0.49826
0.4956
0.48032
0.4903
0.48932
0.4862
0.48906
0.49074
0.49056
0.48578
0.4944
0.48962
0.4835
0.48152
0.48254
0.48422
0.48994
0.48774
0.4846
0.49122
0.4851
0.48836
0.47926
0.48646
0.48914
0.48932
0.48614
0.48156
0.49526
0.48666
0.48852
0.48332
0.50412
0.48926
0.50196
0.49156
0.49312
0.47348
0.48036
0.49652
0.48586
0.48674
0.4891
0.48868
0.4915
0.48054
0.48248
0.49702
0.50472
0.49786
0.48654
0.4923
0.49556
0.4798
0.48942
0.486
0.48388
0.48346
0.48306
0.48604
0.49522
0.48726
0.48672
0.47568
0.48836
0.48608
0.47812
0.47874
