-0.19034
-0.17746
-0.18542
-0.17566
-0.17456
-0.18228
-0.18182
-0.17882
-0.17158
-0.18396
-0.19414
-0.20144
-0.19798
-0.20752
-0.21232
-0.21832
-0.20798
-0.2125
-0.22428
-0.23278
-0.2254
-0.22512
-0.21826
-0.2207
-0.22676
-0.2265
-0.2112
-0.21092
-0.2248
-0.21902
-0.21818
-0.19994
-0.1914
-0.1935
-0.18982
-0.20064
-0.2041
-0.20962
-0.204
-0.1979
-0.20864
-0.20592
-0.2022
-0.20234
-0.20338
-0.2116
-0.21366
-0.20228
-0.205
-0.21886
-0.22204
-0.22562
-0.23524
-0.22688
-0.2361
-0.23348
-0.23598
-0.2256
-0.2278
-0.24412
-0.24362
-0.2437
-0.23892
-0.24246
-0.23834
-0.23774
-0.24998
-0.24652
-0.24498
-0.2597
-0.24924
-0.25952
-0.25608
-0.25846
-0.26278
-0.2697
-0.24926
-0.24548
-0.25126
-0.24884
-0.2565
-0.25056
-0.23654
-0.2365
-0.22812
-0.22134
-0.2215
-0.22224
-0.23482
-0.22968
-0.22228
-0.225
-0.22984
-0.2306
-0.22376
-0.21496
-0.21856
-0.20312
-0.2016
-0.19018
-0.20974
-0.20628
-0.1957
-0.19636
-0.20202
-0.19268
-0.18508
-0.19452
-0.18268
-0.1896
-0.19244
-0.18944
-0.1854
-0.17728
-0.17964
-0.19952
-0.20126
-0.18848
-0.21022
-0.19374
-0.2071
-0.19606
-0.20262
-0.2154
-0.21676
-0.21332
-0.21256
-0.2119
-0.20132
-0.19996
-0.2114
-0.21296
-0.23508
-0.23214
-0.25406
-0.22576
-0.24318
-0.23822
-0.24312
-0.24892
-0.23118
-0.2301
-0.22124
-0.22984
-0.23754
-0.243
-0.2495
-0.24118
-0.24694
-0.24262
-0.24374
-0.24052
-0.22142
-0.22322
-0.2219
-0.21538
-0.20854
-0.21452
-0.19966
-0.19028
-0.19384
-0.20992
-0.22224
-0.22192
-0.23496
-0.22744
-0.22266
-0.233
-0.22074
-0.24004
-0.2467
-0.24404
-0.24192
-0.23942
-0.2455
-0.25496
-0.2588
-0.26562
-0.2661
-0.27704
-0.2822
-0.26318
-0.2735
-0.26232
-0.2436
-0.24212
-0.24866
-0.23472
-0.23514
-0.2326
-0.232
-0.2337
-0.242
-0.2494
-0.2501
-0.26246
-0.2443
-0.24318
-0.2458
-0.23714
-0.22678
-0.22724
-0.2247
-0.2317
-0.22976
-0.23228
-0.23762
-0.22414
-0.22104
-0.2332
-0.22524
-0.21892
-0.22838
-0.23798
-0.24036
-0.23874
-0.22668
-0.23348
-0.24602
-0.25172
-0.25012
-0.23354
-0.23878
-0.24442
-0.25076
-0.25292
-0.23726
-0.22068
-0.2308
-0.23456
-0.23554
-0.23658
-0.22492
-0.22964
-0.23766
-0.23462
-0.23012
-0.23016
-0.22544
-0.21718
-0.2137
-0.2185
-0.21288
-0.20718
-0.21062
-0.20832
-0.20282
-0.19574
-0.20328
-0.1994
-0.2002
-0.21414
-0.21982
-0.22576
-0.23644
-0.22728
-0.22774
-0.22192
-0.2074
-0.22218
-0.21922
-0.23276
-0.25738
-0.2477
-0.25456
-0.25184
-0.25164
-0.2473
-0.25148
-0.23916
-0.25632
-0.24306
-0.23212
-0.21814
-0.21718
-0.21218
-0.21864
-0.2156
-0.2027
-0.20154
-0.20818
-0.2105
-0.21428
-0.20472
-0.20638
-0.21344
-0.21162
-0.21394
-0.22502
-0.2228
-0.2334
-0.23318
-0.2322
-0.22822
-0.23892
-0.2227
-0.24368
-0.24388
-0.24906
-0.23746
-0.22614
-0.21542
-0.20566
-0.20516
-0.20284
-0.20076
-0.20374
-0.20072
-0.21538
-0.206
-0.20782
-0.19774
-0.20776
-0.21286
-0.22302
-0.22286
-0.21398
-0.22078
-0.23504
-0.24186
-0.2258
-0.22924
-0.2238
-0.23856
-0.238
-0.2333
-0.24158
-0.24082
-0.23822
-0.22988
-0.21984
-0.22816
-0.2116
-0.21408
-0.21166
-0.21022
-0.2103
-0.20164
-0.2145
-0.2185
-0.22486
-0.22654
-0.21646
-0.21954
-0.22238
-0.2072
-0.21322
-0.1936
-0.18508
-0.20992
-0.21214
-0.21662
-0.22374
-0.23036
-0.2323
-0.23668
-0.22542
-0.23346
-0.23168
-0.21246
-0.20742
-0.20638
-0.20758
-0.18956
-0.19324
-0.20806
-0.20198
-0.19306
-0.19936
-0.20822
-0.21816
-0.21346
-0.21132
-0.20478
-0.20084
-0.18184
-0.18146
-0.18542
-0.19474
-0.2062
-0.19796
-0.18958
-0.19174
-0.18792
-0.18082
-0.19272
-0.20666
-0.21546
-0.22316
-0.22608
-0.23212
-0.22598
-0.21962
-0.22382
-0.22788
-0.231
-0.22808
-0.21828
-0.21506
-0.19018
-0.20512
-0.2058
-0.20366
-0.21388
-0.22518
-0.22528
-0.22828
-0.23394
-0.2445
-0.25554
-0.25542
-0.2425
-0.2406
-0.21982
-0.23006
-0.22032
-0.2129
-0.23196
-0.22842
-0.23366
-0.23252
-0.22212
-0.23142
-0.23632
-0.23464
-0.2263
-0.23262
-0.21526
-0.20196
-0.19154
-0.19268
-0.19956
-0.1944
-0.2017
-0.21574
-0.20018
-0.20246
-0.21502
-0.20258
-0.21178
-0.2142
-0.22122
-0.22528
-0.2381
-0.231
-0.23486
-0.23096
-0.24408
-0.24254
-0.24438
-0.23572
-0.22994
-0.238
-0.2549
-0.25482
-0.24638
-0.24076
-0.23206
-0.2291
-0.2313
-0.23092
-0.24262
-0.22948
-0.21726
-0.21828
-0.20844
-0.19942
-0.19384
-0.19686
-0.21262
-0.20742
-0.22912
-0.22542
-0.22348
-0.23698
-0.23632
-0.2412
-0.24362
-0.24828
-0.2469
-0.24948
-0.24484
-0.24352
-0.24032
-0.23378
-0.21956
-0.21452
-0.2262
-0.24138
-0.23986
-0.23448
-0.22308
-0.21604
-0.2169
-0.2092
-0.21002
-0.22954
-0.23116
-0.22614
-0.22424
-0.22358
-0.22106
-0.21956
-0.251
-0.24672
-0.24802
-0.24706
-0.24772
-0.23952
-0.231
-0.2383
-0.23742
-0.23826
-0.24636
-0.24528
-0.23762
-0.24774
-0.25556
-0.262
-0.26124
-0.26698
-0.27136
-0.27878
-0.27866
-0.27354
-0.26676
-0.27122
-0.2665
-0.27852
-0.27586
-0.27534
-0.2689
-0.27158
-0.2743
-0.27594
-0.28564
-0.28956
-0.28612
-0.27134
-0.2695
-0.2604
-0.26682
-0.26204
-0.26696
-0.27342
-0.25608
-0.26436
-0.2742
-0.28882
-0.2754
-0.29186
-0.29042
-0.28856
-0.27282
-0.27728
-0.27666
-0.266
-0.27008
-0.27722
-0.2878
-0.2826
-0.29128
-0.29588
-0.28624
-0.27178
-0.25612
-0.23884
-0.24854
-0.24096
-0.23074
-0.23878
-0.25836
-0.2561
-0.24932
-0.23938
-0.25448
-0.24684
-0.25598
-0.26422
-0.25278
-0.25738
-0.24272
-0.24396
-0.2304
-0.24236
-0.23092
-0.21616
-0.22714
-0.2167
-0.21316
-0.20308
-0.1906
-0.19812
-0.1983
-0.20478
-0.21142
-0.2174
-0.2101
-0.21492
-0.22436
-0.24
-0.23972
-0.23398
-0.23402
-0.2226
-0.23358
-0.23636
-0.2238
-0.23882
-0.23778
-0.2371
-0.22634
-0.24216
-0.2482
-0.2487
-0.25106
-0.26086
-0.25864
-0.24586
-0.25282
-0.2652
-0.27042
-0.29292
-0.28024
-0.29132
-0.26948
-0.27756
-0.27608
-0.26898
-0.26602
-0.27188
-0.25148
-0.2415
-0.24398
-0.24036
-0.22818
-0.23178
-0.22656
-0.2303
-0.22702
-0.225
-0.2183
-0.21716
-0.21228
-0.20412
-0.20524
-0.20286
-0.17896
-0.17722
-0.18522
-0.19532
-0.19798
-0.20308
-0.20562
-0.19468
-0.19062
-0.19074
-0.19794
-0.18826
-0.18428
-0.18022
-0.1787
-0.17492
-0.19146
-0.19484
-0.20082
-0.21092
-0.21512
-0.2242
-0.22298
-0.21738
-0.22086
-0.21174
-0.23596
-0.23976
-0.25398
-0.24702
-0.23936
-0.24824
-0.24676
-0.23066
-0.22742
-0.2247
-0.23174
-0.22952
-0.23262
-0.23954
-0.22818
-0.21846
-0.21614
-0.21142
-0.2047
-0.1979
-0.19116
-0.18116
-0.18752
-0.19266
-0.20566
-0.21168
-0.21188
-0.2147
-0.22416
-0.21466
-0.21284
-0.22376
-0.22726
-0.23184
-0.2205
-0.2199
-0.22104
-0.22838
-0.2341
-0.23196
-0.23658
-0.21808
-0.22938
-0.22162
-0.2097
-0.2154
-0.2229
-0.21096
-0.21272
-0.2087
-0.20176
-0.20044
-0.21536
-0.21766
-0.22116
-0.21664
-0.22974
-0.23658
-0.23206
-0.22638
-0.22468
-0.22782
-0.21172
-0.1977
-0.19518
-0.20244
-0.1929
-0.18982
-0.18726
-0.1998
-0.19448
-0.20578
-0.20774
-0.21632
-0.20426
-0.20126
-0.20378
-0.21324
-0.21114
-0.20372
-0.2047
-0.2143
-0.21688
-0.22934
-0.2319
-0.22874
-0.23064
-0.2365
-0.22834
-0.23758
-0.22468
-0.22492
-0.22164
-0.21832
-0.2365
-0.2429
-0.23628
-0.21772
-0.20662
-0.20562
-0.2096
-0.21018
-0.21608
-0.2209
-0.2154
-0.21874
-0.23482
-0.23424
-0.23642
-0.23426
-0.25428
-0.2614
-0.27172
-0.27768
-0.27758
-0.27152
-0.2609
-0.25328
-0.26348
-0.27538
-0.26268
-0.26086
-0.26092
-0.25772
-0.2574
-0.26794
-0.2638
-0.2689
-0.27028
-0.26892
-0.26444
-0.26212
-0.25256
-0.2569
-0.26334
-0.24056
-0.24542
-0.2489
-0.24682
-0.24292
-0.25064
-0.23728
-0.23306
-0.2266
-0.22108
-0.24118
-0.23638
-0.2329
-0.25338
-0.24448
-0.2429
-0.23746
-0.24052
-0.24372
-0.24958
-0.25102
-0.22648
-0.24178
-0.2424
-0.2367
-0.24036
-0.24604
-0.2424
-0.25818
-0.25724
-0.26644
-0.2521
-0.2448
-0.24268
-0.22768
-0.21432
-0.22156
-0.22006
-0.23672
-0.24042
-0.24538
-0.2514
-0.2394
-0.24668
-0.23902
-0.24004
-0.23222
-0.2289
-0.23146
-0.21744
-0.22424
-0.23478
-0.22674
-0.23636
-0.2369
-0.23708
-0.24814
-0.24778
-0.27392
-0.27388
-0.2784
-0.28902
-0.28014
-0.2695
-0.26438
-0.26926
-0.27162
-0.26146
-0.25234
-0.24802
-0.23744
-0.24158
-0.24076
-0.24852
-0.23532
-0.23338
-0.22024
-0.21564
-0.22258
-0.22596
-0.22524
-0.22078
-0.21862
-0.22458
-0.22706
-0.23716
-0.24194
-0.24028
-0.24934
-0.2505
-0.23832
-0.23922
-0.22882
-0.22402
-0.21204
-0.21292
-0.2204
-0.21066
-0.199
-0.21102
-0.21334
-0.21658
-0.21118
-0.21302
-0.22042
-0.22632
-0.22646
-0.2331
-0.22254
-0.22346
-0.22142
-0.22594
-0.21856
-0.22524
-0.22644
-0.23504
-0.2353
-0.23562
-0.2379
-0.23162
-0.22042
-0.2302
-0.22546
-0.22614
-0.22098
-0.21802
-0.21094
-0.22432
-0.23126
-0.244
-0.23424
-0.24474
-0.2462
-0.23246
-0.22394
-0.22534
-0.2105
-0.20488
-0.20314
-0.2137
-0.21664
-0.20208
-0.1978
-0.19186
-0.19988
-0.19194
-0.19218
-0.19156
-0.17992
-0.19316
-0.17846
-0.18064
-0.19362
-0.19698
-0.18794
-0.18528
-0.18614
-0.18114
-0.1879
-0.19098
-0.1912
-0.19326
-0.18124
-0.19074
-0.18828
-0.1835
-0.17966
-0.19358
-0.19868
-0.19314
-0.192
-0.1941
-0.19524
-0.20696
-0.2125
-0.22358
-0.2166
-0.21906
-0.22142
-0.23376
-0.2202
-0.22438
-0.2243
-0.222
-0.2192
-0.23918
-0.23398
-0.22654
-0.21992
-0.22862
-0.22616
-0.23204
-0.24238
-0.23946
-0.24758
-0.24674
-0.24248
-0.24002
-0.232
-0.22476
-0.21642
-0.22188
-0.22812
-0.2292
-0.23166
-0.22382
-0.23248
-0.23066
-0.2207
-0.21632
-0.2144
-0.22458
-0.22098
-0.21802
-0.22136
-0.2171
-0.23544
-0.24182
-0.24034
-0.23732
-0.23664
-0.24616
-0.23684
-0.24276
-0.24132
-0.2472
-0.2643
-0.27106
-0.28226
-0.28388
-0.28912
-0.28108
-0.27816
-0.27328
-0.27112
-0.2752
-0.26818
-0.278
-0.28186
-0.27312
-0.26668
-0.25868
-0.26102
-0.27124
-0.26856
-0.25856
-0.26204
-0.26178
-0.27952
-0.27044
-0.26082
-0.2462
-0.2335
-0.22554
-0.23012
-0.23676
-0.23116
-0.24074
-0.23692
-0.23756
-0.2454
-0.2502
-0.2573
-0.26024
-0.26174
-0.2521
-0.24372
-0.24658
-0.2259
-0.22334
-0.2347
-0.2443
-0.24726
-0.25012
-0.25582
-0.2489
-0.24164
-0.24918
-0.24922
-0.2362
-0.23424
-0.24456
-0.2609
-0.25068
-0.24488
-0.24478
-0.24578
-0.24634
-0.2479
-0.24224
-0.23612
-0.22734
-0.22692
-0.22228
-0.2287
-0.2313
-0.22144
-0.21834
-0.24306
-0.22646
-0.22928
-0.22148
-0.21094
-0.2249
-0.23564
-0.23892
-0.24274
-0.25086
-0.24918
-0.2628
-0.25372
-0.2479
-0.2438
-0.23564
-0.24252
-0.23908
-0.23756
-0.2317
-0.24098
-0.23382
-0.23756
-0.23044
-0.24412
-0.25108
-0.23224
-0.22922
-0.21316
-0.21326
-0.21726
-0.21632
-0.21494
-0.21876
-0.21692
-0.22666
-0.23834
-0.23362
-0.23668
-0.21806
-0.21128
-0.22404
-0.23522
-0.2434
-0.2434
-0.24012
-0.23194
-0.23508
-0.24636
-0.24372
-0.2431
-0.2429
-0.24704
-0.25622
-0.24108
-0.23112
-0.2314
-0.2282
-0.23766
-0.23714
-0.23278
-0.23682
-0.24554
-0.23346
-0.22632
-0.22778
-0.23792
-0.24576
-0.23968
-0.23666
-0.22838
-0.2317
-0.22008
-0.22776
-0.22924
-0.2351
-0.22684
-0.2242
-0.21406
-0.20546
-0.21538
-0.22138
-0.21666
-0.21522
-0.20052
-0.20784
-0.20296
-0.21454
-0.22216
-0.21912
-0.2217
-0.23152
-0.22076
-0.23252
-0.2317
-0.2371
-0.23028
-0.22012
-0.22154
-0.22554
-0.2219
-0.22002
-0.21806
-0.21106
-0.20688
-0.20336
-0.2107
-0.2085
-0.20638
-0.21314
-0.21542
-0.21844
-0.22336
-0.23818
-0.24552
-0.23864
-0.22788
-0.23954
-0.24278
-0.24794
-0.26646
-0.2733
-0.26402
-0.27528
-0.25458
-0.25744
-0.24394
-0.24912
-0.246
-0.24702
-0.23702
-0.23138
-0.2285
-0.2418
-0.24142
-0.2445
-0.24956
-0.23902
-0.25252
-0.24914
-0.23944
-0.2442
-0.24774
-0.2322
-0.24922
-0.24578
-0.2376
-0.22888
-0.2205
-0.2226
-0.2285
-0.22452
-0.23694
-0.23564
-0.23726
-0.22766
-0.2276
-0.22174
-0.2278
-0.21632
-0.22602
-0.21062
-0.21028
-0.21684
-0.20914
-0.21334
-0.21152
-0.21184
-0.20954
-0.21248
-0.21726
-0.22638
-0.2197
-0.20354
-0.22236
-0.2231
-0.22572
-0.21996
-0.22974
-0.22474
-0.2255
-0.23846
-0.2269
-0.21348
-0.2239
-0.22668
-0.22602
-0.22378
-0.23186
-0.23344
-0.2185
-0.21746
-0.21524
-0.20264
-0.21234
-0.22864
-0.23462
-0.23816
-0.23394
-0.24424
-0.23656
-0.2427
-0.23236
-0.24588
-0.2511
-0.23744
-0.22924
-0.22954
-0.22846
-0.23284
-0.23346
-0.21808
-0.2244
-0.23016
-0.22634
-0.2142
-0.2135
-0.21932
-0.22642
-0.20878
-0.2082
-0.20206
-0.20534
-0.20938
-0.20162
-0.21166
-0.19634
-0.18626
-0.1915
-0.20936
-0.20998
-0.21466
-0.21762
-0.22214
-0.23206
-0.23424
-0.23752
-0.25202
-0.25276
-0.25112
-0.24338
-0.2511
-0.25416
-0.26264
-0.26234
-0.2845
-0.27852
-0.26966
-0.26772
-0.24572
-0.25734
-0.24838
-0.23674
-0.24318
-0.2418
-0.2464
-0.2455
-0.21874
-0.22986
-0.22556
-0.2089
-0.19676
-0.2132
-0.22166
-0.22606
-0.244
-0.24548
-0.25548
-0.25788
-0.23814
-0.23696
-0.23586
-0.23926
-0.24714
-0.25186
-0.25564
-0.24744
-0.23734
-0.24522
-0.2505
-0.25628
-0.25746
-0.26682
-0.2665
-0.25902
-0.25656
-0.2588
-0.259
-0.26726
-0.24594
-0.24974
-0.24182
-0.24604
-0.23434
-0.23542
-0.24088
-0.23692
-0.23048
-0.2354
-0.24152
-0.24328
-0.25044
-0.24156
-0.24084
-0.24058
-0.2357
-0.2471
-0.24812
-0.23816
-0.23332
-0.2169
-0.20612
-0.2101
-0.2141
-0.2242
-0.21548
-0.20496
-0.22426
-0.22492
-0.23446
-0.232
-0.22822
-0.23692
-0.24466
-0.25114
-0.26194
-0.24974
-0.25148
-0.2627
-0.25906
-0.23248
-0.2307
-0.23498
-0.21648
-0.2204
-0.2269
-0.21958
-0.2142
-0.20706
-0.19852
-0.19832
-0.19894
-0.19308
-0.19674
-0.1958
-0.20568
-0.21934
-0.20962
-0.21368
-0.20022
-0.20708
-0.21746
-0.22406
-0.21968
-0.22032
-0.23108
-0.2351
-0.2315
-0.23182
-0.22884
-0.21976
-0.21652
-0.21988
-0.22118
-0.2265
-0.21832
-0.22138
-0.21912
-0.22614
-0.22678
-0.22932
-0.2353
-0.24362
-0.25058
-0.2637
-0.28048
-0.26344
-0.26024
-0.25488
-0.26476
-0.26166
-0.26352
-0.2796
-0.2722
-0.27966
-0.2695
-0.27554
-0.26888
-0.2684
-0.26854
-0.26084
-0.25474
-0.26242
-0.26036
-0.2471
-0.23182
-0.24218
-0.24078
-0.22762
-0.2427
-0.2492
-0.25488
-0.26352
-0.27366
-0.26704
-0.2598
-0.2577
-0.2472
-0.25488
-0.25372
-0.2511
-0.24448
-0.25594
-0.2556
-0.25566
-0.25004
-0.24418
-0.25768
-0.2601
-0.25436
-0.2381
-0.22504
-0.21484
-0.20102
-0.19716
-0.20288
-0.19378
-0.20548
-0.21936
-0.2265
-0.23972
-0.25616
-0.25206
-0.24876
-0.25398
-0.2497
-0.24888
-0.23398
-0.23756
-0.24496
-0.23304
-0.23342
-0.2372
-0.23614
-0.22914
-0.2316
-0.2341
-0.22248
-0.23322
-0.23646
-0.22598
-0.22874
-0.22568
-0.23358
-0.23062
-0.22678
-0.22974
-0.23414
-0.2433
-0.24142
-0.2364
-0.23286
-0.2316
-0.22596
-0.20644
-0.21628
-0.20476
-0.20542
-0.21476
-0.22024
-0.23182
-0.2366
-0.23458
-0.24432
-0.24404
-0.24776
-0.24206
-0.23426
-0.24132
-0.25332
-0.25252
-0.26428
-0.2508
-0.26412
-0.26154
-0.269
-0.27574
-0.25588
-0.25512
-0.25512
-0.26152
-0.24416
-0.25094
-0.248
-0.23506
-0.22856
-0.2303
-0.2273
-0.21638
-0.22298
-0.21056
-0.20042
-0.19076
-0.21526
-0.21128
-0.21374
-0.21424
-0.22042
-0.20318
-0.20748
-0.19808
-0.19714
-0.20542
-0.205
-0.21786
-0.21598
-0.20554
-0.22074
-0.22434
-0.22264
-0.24832
-0.25152
-0.23056
-0.2307
-0.23814
-0.24764
-0.24614
-0.23104
-0.23842
-0.23064
-0.23176
-0.2267
-0.22626
-0.22604
-0.22288
-0.24176
-0.2406
-0.25174
-0.25874
-0.24542
-0.24826
-0.23192
-0.23794
-0.24226
-0.25172
-0.2596
-0.24324
-0.25146
-0.26104
-0.26204
-0.26366
-0.25966
-0.25368
-0.25172
-0.25282
-0.24698
-0.25754
-0.2547
-0.24474
-0.23918
-0.24798
-0.23664
-0.23766
-0.23824
-0.2333
-0.23456
-0.23724
-0.23758
-0.23744
-0.24426
-0.23476
-0.2444
-0.25672
-0.25578
-0.26102
-0.27276
-0.27732
-0.27678
-0.27534
-0.26322
-0.25226
-0.25086
-0.24858
-0.24624
-0.24626
-0.23972
-0.24182
-0.24284
-0.24198
-0.25088
-0.2488
-0.2545
-0.24522
-0.2533
-0.23978
-0.23684
-0.25468
-0.24832
-0.24598
-0.248
-0.24784
-0.25884
-0.253
-0.25892
-0.25084
-0.24492
-0.24096
-0.25498
-0.2554
-0.26016
-0.24442
-0.23158
-0.22898
-0.24602
-0.24172
-0.23144
-0.22698
-0.23308
-0.24074
-0.2465
-0.24024
-0.24848
-0.23882
-0.23198
-0.24476
-0.26858
-0.27596
-0.29044
-0.278
-0.28238
-0.27286
-0.26046
-0.25082
-0.25924
-0.2565
-0.25
-0.24168
-0.25156
-0.24714
-0.24054
-0.2218
-0.2147
-0.19768
-0.21288
-0.22214
-0.22116
-0.21362
-0.21678
-0.21048
-0.21156
-0.2116
-0.20338
-0.21108
-0.19314
-0.19862
-0.20702
-0.23492
-0.24062
-0.25008
-0.2517
-0.24716
-0.23712
-0.22816
-0.22176
-0.22106
-0.21466
-0.22952
-0.22018
-0.21732
-0.22978
-0.2386
-0.24442
-0.24892
-0.24732
-0.25698
-0.25622
-0.26316
-0.27416
-0.28436
-0.27992
-0.2693
-0.27114
-0.28116
-0.2951
-0.27544
-0.26894
-0.27094
-0.26568
-0.25268
-0.24592
-0.23256
-0.2413
-0.24642
-0.23844
-0.24776
-0.23682
-0.23764
-0.22086
-0.2321
-0.22686
-0.21046
-0.20628
-0.20162
-0.19878
-0.19264
-0.19676
-0.2049
-0.20152
-0.20606
-0.20182
-0.20942
-0.20788
-0.22136
-0.23318
-0.22968
-0.232
-0.23514
-0.23182
-0.22872
-0.23344
-0.22272
-0.21372
-0.21302
-0.21192
-0.21028
-0.21238
-0.22156
-0.23286
-0.2427
-0.24482
-0.24732
-0.24282
-0.2339
-0.2293
-0.23924
-0.23444
-0.2385
-0.24294
-0.22712
-0.22502
-0.23422
-0.24
-0.23076
-0.23694
-0.2358
-0.23874
-0.22306
-0.22206
-0.21772
-0.21822
-0.21204
-0.21282
-0.20928
-0.21536
-0.21444
-0.20818
-0.21258
-0.21692
-0.22184
-0.23606
-0.23994
-0.23986
-0.22622
-0.21104
-0.22572
-0.22532
-0.22102
-0.22078
-0.22948
-0.23326
-0.23548
-0.23376
-0.24356
-0.23016
-0.23538
-0.23438
-0.2244
-0.22338
-0.21142
-0.22022
-0.22528
-0.21512
-0.2051
-0.20372
-0.20716
-0.20212
-0.19924
-0.21662
-0.2204
-0.21102
-0.22224
-0.23382
-0.24358
-0.23646
-0.24232
-0.2514
-0.23788
-0.23188
-0.25352
-0.238
-0.23978
-0.24816
-0.24052
-0.23602
-0.24226
-0.2389
-0.23716
-0.23772
-0.2272
-0.23022
-0.23134
-0.22876
-0.22392
-0.23278
-0.2397
-0.21756
-0.22384
-0.21624
-0.21202
-0.2098
-0.21884
-0.21874
-0.21964
-0.21548
-0.20478
-0.19462
-0.2103
-0.2113
-0.21116
-0.21664
-0.22674
-0.21786
-0.22116
-0.22522
-0.23508
-0.23622
-0.2477
-0.25016
-0.23516
-0.23156
-0.25182
-0.25588
-0.25924
-0.25376
-0.24288
-0.2479
-0.2399
-0.2243
-0.22778
-0.2164
-0.21878
-0.22134
-0.22024
-0.21468
-0.21524
-0.2019
-0.1982
-0.19242
-0.19906
-0.21682
-0.19536
-0.2013
-0.20262
-0.19804
-0.21304
-0.2153
-0.22274
-0.2275
-0.21258
-0.20962
-0.22174
-0.21872
-0.222
-0.22292
-0.22568
-0.22286
-0.21914
-0.23144
-0.23194
-0.2233
-0.2079
-0.21642
-0.22028
-0.22872
-0.2147
-0.2149
-0.20584
-0.1939
-0.19372
-0.18726
-0.18958
-0.19008
-0.1963
-0.19734
-0.19176
-0.19902
-0.19116
-0.1992
-0.18458
-0.1914
-0.19424
-0.19236
-0.20096
-0.1961
-0.19128
-0.18724
-0.20094
-0.20884
-0.20474
-0.19336
-0.2074
-0.19532
-0.19506
-0.19294
-0.18642
-0.18612
-0.18838
-0.19016
-0.18766
-0.17442
-0.17976
-0.19292
-0.18888
-0.18322
-0.19192
-0.18702
-0.18926
-0.1915
-0.1939
-0.20656
-0.19992
-0.2059
-0.1867
-0.18622
-0.20116
-0.21762
-0.23252
-0.21034
-0.215
-0.2154
-0.20636
-0.21486
-0.22094
-0.22128
-0.2264
-0.23692
-0.23678
-0.23986
-0.24048
-0.2326
-0.22652
-0.23596
-0.2463
-0.24582
-0.26992
-0.28024
-0.26564
-0.27814
-0.27076
-0.27834
-0.287
-0.27192
-0.27918
-0.28862
-0.28698
-0.28164
-0.27982
-0.27428
-0.27408
-0.2855
-0.28418
-0.28144
-0.28004
-0.28208
-0.28336
-0.28238
-0.27734
-0.27434
-0.27148
-0.26446
-0.25368
-0.25088
-0.25016
-0.23998
-0.24406
-0.24758
-0.24116
-0.24174
-0.23528
-0.23256
-0.22602
-0.21846
-0.22082
-0.21842
-0.2233
-0.22284
-0.2162
-0.21398
-0.22926
-0.22828
-0.23476
-0.2253
-0.23126
-0.22936
-0.22666
-0.22982
-0.23182
-0.23468
-0.2316
-0.2239
-0.22714
-0.2254
-0.22866
-0.23404
-0.21902
-0.21574
-0.22088
-0.21498
-0.21564
-0.21464
-0.20162
-0.21478
-0.22116
-0.24296
-0.2543
-0.24862
-0.2629
-0.258
-0.26688
-0.2537
-0.24324
-0.2518
-0.26274
-0.25548
-0.25116
-0.24134
-0.23574
-0.24394
-0.25582
-0.24794
-0.24436
-0.23806
-0.2415
-0.23248
-0.23888
-0.2262
-0.23052
-0.23136
-0.23356
-0.22702
-0.22698
-0.23222
-0.20714
-0.205
-0.20142
-0.2143
-0.23054
-0.23314
-0.21936
-0.21838
-0.21414
-0.21122
-0.20692
-0.21856
-0.22244
-0.22088
-0.22108
-0.2149
-0.22092
-0.23038
-0.24366
-0.2466
-0.23728
-0.22432
-0.23274
-0.22362
-0.21438
-0.21928
-0.22404
-0.22004
-0.20666
-0.2171
-0.21108
-0.21298
-0.21922
-0.21614
-0.21742
-0.20644
-0.20324
-0.20702
-0.22252
-0.23738
-0.23644
-0.22668
-0.23002
-0.23144
-0.22892
-0.23014
-0.22202
-0.21674
-0.20338
-0.21106
-0.20396
-0.20668
-0.2145
-0.22278
-0.2261
-0.2184
-0.21012
-0.21142
-0.21996
-0.21354
-0.22176
-0.20624
-0.20454
-0.2057
-0.21414
-0.19642
-0.19864
-0.20368
-0.2221
-0.2118
-0.19298
-0.18896
-0.1696
-0.18638
-0.18704
-0.19862
-0.19798
-0.20542
-0.21406
-0.2233
-0.21
-0.1973
-0.19926
-0.21054
-0.22314
-0.23786
-0.24464
-0.23956
-0.24822
-0.25282
-0.25252
-0.2636
-0.27258
-0.27694
-0.2737
-0.26422
-0.26502
-0.25048
-0.24102
-0.22528
-0.22902
-0.22914
-0.21694
-0.21486
-0.20966
-0.22858
-0.2382
-0.2339
-0.23914
-0.2328
-0.23554
-0.23212
-0.23468
-0.23472
-0.2372
-0.23388
-0.23384
-0.2328
-0.23414
-0.23066
-0.22522
-0.22916
-0.23412
-0.23488
-0.21792
-0.2269
-0.2308
-0.24922
-0.24646
-0.24716
-0.24054
-0.24668
-0.24024
-0.24556
-0.2432
-0.2371
-0.23958
-0.24784
-0.25102
-0.27478
-0.2671
-0.25494
-0.23872
-0.2264
-0.22596
-0.22136
-0.2162
-0.22612
-0.22592
-0.21018
-0.20404
-0.19938
-0.20392
-0.20824
-0.19422
-0.20212
-0.2013
-0.20202
-0.19822
-0.2016
-0.19924
-0.1867
-0.1989
-0.1993
-0.20668
-0.21256
-0.22612
-0.21622
-0.2247
-0.2295
-0.23862
-0.22704
-0.2296
-0.24786
-0.24062
-0.25294
-0.25288
-0.25886
-0.26206
-0.24854
-0.24248
-0.24214
-0.23568
-0.23818
-0.24588
-0.2574
-0.26966
-0.25926
-0.25696
-0.2784
-0.26968
-0.27628
-0.26154
-0.2642
-0.26518
-0.26422
-0.27038
-0.26212
-0.26166
-0.25058
-0.25612
-0.24776
-0.22872
-0.23144
-0.2308
-0.23612
-0.23278
-0.23056
-0.21094
-0.20994
-0.22318
-0.23598
-0.23352
-0.22488
-0.23248
-0.2344
-0.2293
-0.22388
-0.22196
-0.21414
-0.21066
-0.21546
-0.22572
-0.22548
-0.23228
-0.23424
-0.22898
-0.21588
-0.21734
-0.2033
-0.19882
-0.20336
-0.19252
-0.20314
-0.21396
-0.21828
-0.22408
-0.20972
-0.22468
-0.23174
-0.2246
-0.227
-0.23322
-0.22032
-0.19804
-0.2163
-0.21126
-0.21882
-0.22016
-0.21868
-0.20662
-0.20506
-0.21892
-0.21232
-0.20328
-0.19794
-0.21346
-0.2184
-0.22004
-0.22512
-0.23778
-0.2237
-0.232
-0.22074
-0.2264
-0.22442
-0.23366
-0.23062
-0.23842
-0.23124
-0.23708
-0.2354
-0.23632
-0.22076
-0.23228
-0.22424
-0.22486
-0.21316
-0.20946
-0.21528
-0.2233
-0.20942
-0.2119
-0.21966
-0.21946
-0.22652
-0.21982
-0.2271
-0.22842
-0.2322
-0.23042
-0.23562
-0.23852
-0.24916
-0.25932
-0.25096
-0.24498
-0.23442
-0.24456
-0.24154
-0.23792
-0.23988
-0.2456
-0.25692
-0.24198
-0.24804
-0.2554
-0.24754
-0.24576
-0.23724
-0.22396
-0.21344
-0.2117
-0.20628
-0.21624
-0.22902
-0.2307
-0.22042
-0.21088
-0.21062
-0.20648
-0.19464
-0.195
-0.20604
-0.21786
-0.23386
-0.23758
-0.2401
-0.23648
-0.24666
-0.23524
-0.2574
-0.25582
-0.24828
-0.246
-0.24066
-0.23132
-0.246
-0.23818
-0.24792
-0.24856
-0.2268
-0.21294
-0.20766
-0.22934
-0.24614
-0.23162
-0.2303
-0.2263
-0.22848
-0.2179
-0.21876
-0.21612
-0.21158
-0.21034
-0.21842
-0.21044
-0.213
-0.20688
-0.2105
-0.2285
-0.23016
-0.24694
-0.22922
-0.22008
-0.22218
-0.23626
-0.23764
-0.24644
-0.24932
-0.2436
-0.23588
-0.2386
-0.2312
-0.232
-0.23374
-0.23572
-0.2366
-0.24394
-0.24724
-0.23812
-0.22074
-0.21312
-0.2303
-0.23402
-0.22318
-0.21082
-0.20056
-0.19798
-0.19982
-0.21142
-0.20584
-0.19616
-0.2093
-0.21912
-0.223
-0.23166
-0.2261
-0.22666
-0.23564
-0.22888
-0.23506
-0.23932
-0.2401
-0.24064
-0.23454
-0.24398
-0.25016
-0.23542
-0.22522
-0.22772
-0.24012
-0.24102
-0.25466
-0.24992
-0.24012
-0.23646
-0.23346
-0.23956
-0.23402
-0.23554
-0.23846
-0.2328
-0.22648
-0.23886
-0.2306
-0.2447
-0.24964
-0.26044
-0.25586
-0.25172
-0.2487
-0.24918
-0.26102
-0.27242
-0.28836
-0.2983
-0.29512
-0.29672
-0.2977
-0.2887
-0.27224
-0.26614
-0.25944
-0.26758
-0.27382
-0.26804
-0.2771
-0.27648
-0.2724
-0.27056
-0.25196
-0.24196
-0.23116
-0.23854
-0.22978
-0.24808
-0.24506
-0.23922
-0.23588
-0.2367
-0.25684
-0.261
-0.241
-0.23948
-0.24034
-0.2372
-0.24412
-0.24526
-0.23998
-0.2439
-0.25118
-0.24536
-0.27158
-0.2682
-0.25552
-0.25474
-0.25914
-0.26072
-0.25554
-0.2696
-0.26722
-0.26036
-0.26426
-0.24884
-0.24902
-0.24318
-0.25224
-0.25212
-0.25082
-0.26676
-0.25134
-0.25884
-0.2509
-0.26136
-0.27412
-0.26394
-0.26136
-0.25608
-0.26592
-0.27354
-0.2623
-0.25718
-0.26446
-0.26052
-0.24494
-0.23918
-0.25164
-0.2471
-0.25582
-0.25582
-0.24734
-0.25736
-0.24602
-0.25252
-0.26156
-0.26292
-0.2564
-0.26384
-0.26198
-0.26154
-0.26942
-0.26212
-0.25488
-0.24836
-0.23344
-0.23034
-0.2349
-0.22814
-0.22848
-0.23042
-0.23774
-0.23488
-0.21402
-0.20626
-0.21674
-0.23748
-0.22518
-0.22474
-0.24314
-0.24264
-0.24838
-0.23512
-0.24214
-0.24254
-0.23554
-0.22826
-0.23066
-0.21866
-0.21678
-0.20916
-0.22506
-0.2369
-0.2399
-0.25298
-0.24386
-0.24596
-0.2365
-0.24926
-0.24504
-0.23032
-0.23626
-0.23366
-0.2339
-0.22282
-0.22748
-0.23408
-0.2393
-0.24014
-0.244
-0.2541
-0.26818
-0.26972
-0.27314
-0.25964
-0.25456
-0.2456
-0.24488
-0.2267
-0.21898
-0.22464
-0.22788
-0.23184
-0.23878
-0.23928
-0.2332
-0.24428
-0.23196
-0.23182
-0.2427
-0.24124
-0.23178
-0.2334
-0.24622
-0.22494
-0.22482
-0.21808
-0.19406
-0.19534
-0.21576
-0.21778
-0.21628
-0.21304
-0.22146
-0.23658
-0.23842
-0.23484
-0.22648
-0.2267
-0.23756
-0.2303
-0.21856
-0.2277
-0.2217
-0.2223
-0.23362
-0.22908
-0.23092
-0.2346
-0.24716
-0.253
-0.25906
-0.2627
-0.26294
-0.26342
-0.27802
-0.2663
-0.25498
-0.25248
-0.2549
-0.24312
-0.2574
-0.26046
-0.26452
-0.25656
-0.2535
-0.2546
-0.23984
-0.22816
-0.2391
-0.25022
-0.2373
-0.2425
-0.23978
-0.2321
-0.22544
-0.23162
-0.2286
-0.23542
-0.2346
-0.24224
-0.24218
-0.24098
-0.22754
-0.23512
-0.24086
-0.2352
-0.25036
-0.23492
-0.2363
-0.22764
-0.23526
-0.24142
-0.23962
-0.23168
-0.2331
-0.22726
-0.22914
-0.2218
-0.20318
-0.20476
-0.19936
-0.21238
-0.21308
-0.21816
-0.20484
-0.21178
-0.21918
-0.21072
-0.1934
-0.1969
-0.19834
-0.1931
-0.19276
-0.1869
-0.17592
-0.19024
-0.181
-0.19734
-0.22436
-0.22498
-0.21288
-0.21944
-0.21324
-0.21818
-0.20772
-0.2098
-0.22856
-0.22126
-0.22494
-0.22296
-0.23118
-0.23496
-0.24076
-0.24438
-0.23808
-0.23046
-0.22444
-0.2303
-0.23482
-0.23716
-0.2427
-0.24438
-0.25716
-0.24696
-0.24506
-0.24548
-0.24878
-0.2472
-0.23456
-0.24062
-0.23654
-0.24558
-0.24318
-0.2491
-0.25454
-0.24046
-0.23868
-0.24914
-0.25366
-0.25826
-0.25024
-0.23852
-0.23942
-0.23336
-0.23654
-0.23456
-0.23916
-0.23596
-0.24006
-0.22176
-0.2142
-0.22572
-0.22218
-0.22178
-0.21032
-0.20148
-0.20322
-0.22552
-0.22006
-0.22314
-0.21918
-0.22724
-0.22442
-0.2185
-0.24086
-0.24338
-0.23342
-0.22262
-0.21454
-0.20388
-0.19518
-0.17888
-0.19628
-0.19604
-0.17778
-0.18144
-0.17578
-0.1765
-0.18626
-0.17554
-0.16878
-0.16584
-0.19138
-0.19428
-0.1973
-0.2005
-0.21804
-0.20426
-0.18218
-0.1685
-0.19354
-0.1965
-0.2038
-0.21288
-0.20388
-0.21634
-0.20756
-0.20062
-0.18934
-0.16648
-0.16976
-0.17176
-0.18366
-0.18268
-0.16908
-0.1648
-0.17762
-0.18564
-0.16878
-0.17908
-0.17238
-0.1916
-0.1983
-0.20258
-0.21324
-0.22838
-0.2151
-0.21796
-0.22086
-0.21908
-0.2189
-0.22782
-0.22238
-0.22214
-0.22736
-0.22714
-0.22378
-0.24148
-0.23632
-0.23538
-0.22774
-0.23074
-0.20832
-0.20296
-0.2173
-0.21416
-0.2143
-0.2182
-0.21952
-0.22222
-0.22782
-0.22868
-0.22284
-0.217
-0.2127
-0.20642
-0.21686
-0.20834
-0.20092
-0.21134
-0.2139
-0.2195
-0.22678
-0.24458
-0.24224
-0.2407
-0.23974
-0.2377
-0.23198
-0.24004
-0.2478
-0.25304
-0.2508
-0.24584
-0.2406
-0.23894
-0.22868
-0.24204
-0.23276
-0.22146
-0.21586
-0.20792
-0.1987
-0.20784
-0.1964
-0.2044
-0.20112
-0.1978
-0.20522
-0.20418
-0.20572
-0.20424
-0.19776
-0.20934
-0.2165
-0.22082
-0.2186
-0.22102
-0.22668
-0.22046
-0.21896
-0.22042
-0.22146
-0.21992
-0.2251
-0.24014
-0.22466
-0.21514
-0.22064
-0.21562
-0.20964
-0.21866
-0.19852
-0.19686
-0.18444
-0.17832
-0.18866
-0.18274
-0.18578
-0.17526
-0.16902
-0.16638
-0.17028
-0.17012
-0.17502
-0.17836
-0.177
-0.17892
-0.18104
-0.1716
-0.17774
-0.17418
-0.1751
-0.18972
-0.19016
-0.18936
-0.17256
-0.17074
-0.18156
-0.17064
-0.16842
-0.17712
-0.18716
-0.1903
-0.1992
-0.19574
-0.19692
-0.19858
-0.19806
-0.19826
-0.19564
-0.19988
-0.21108
-0.2009
-0.20128
-0.20062
-0.19198
-0.21386
-0.21236
-0.21336
-0.21656
-0.2206
-0.2155
-0.2164
-0.22154
-0.2117
-0.21426
-0.22324
-0.23
-0.23538
-0.24176
-0.24928
-0.23838
-0.24162
-0.24264
-0.24122
-0.24088
-0.24626
-0.23812
-0.24124
-0.2451
-0.2433
-0.2475
-0.25164
-0.25242
-0.25382
-0.26406
-0.26642
-0.26826
-0.26824
-0.26768
-0.27476
-0.28466
-0.27586
-0.27352
-0.26432
-0.25458
-0.24392
-0.2386
-0.2394
-0.23672
-0.24268
-0.23842
-0.2252
-0.21778
-0.21144
-0.2336
-0.22422
-0.21362
-0.22596
-0.22624
-0.23552
-0.2287
-0.22462
-0.22266
-0.23238
-0.21894
-0.22262
-0.23478
-0.23802
-0.23144
-0.21854
-0.22086
-0.21608
-0.22152
-0.21836
-0.21086
-0.2013
-0.2082
-0.20976
-0.22498
-0.22406
-0.21532
-0.2148
-0.20358
-0.21046
-0.20364
-0.19952
-0.20182
-0.2128
-0.21508
-0.21918
-0.22524
-0.22318
-0.21728
-0.22064
-0.2214
-0.22838
-0.22804
-0.21856
-0.23146
-0.22998
-0.24138
-0.24048
-0.24276
-0.25284
-0.25696
-0.26024
-0.2582
-0.25818
-0.25434
-0.25204
-0.25332
-0.26082
-0.25746
-0.27196
-0.26654
-0.26776
-0.24982
-0.2385
-0.23388
-0.2477
-0.25028
-0.2595
-0.25088
-0.236
-0.2326
-0.2351
-0.23192
-0.22234
-0.22536
-0.2383
-0.23638
-0.22784
-0.23282
-0.244
-0.25246
-0.25388
-0.24068
-0.24524
-0.23614
-0.2461
-0.26044
-0.26554
-0.26354
-0.24998
-0.24454
-0.24036
-0.23994
-0.24746
-0.2454
-0.25604
-0.26696
-0.25644
-0.25292
-0.25522
-0.2387
-0.23232
-0.22556
-0.2393
-0.2293
-0.21474
-0.20764
-0.21682
-0.21856
-0.21892
-0.23126
-0.23098
-0.23562
-0.25182
-0.2474
-0.24246
-0.24512
-0.25684
-0.27452
-0.26062
-0.28052
-0.2803
-0.27658
-0.27054
-0.2681
-0.2726
-0.25202
-0.24382
-0.23456
-0.22094
-0.23298
-0.23166
-0.2324
-0.22986
-0.22752
-0.21604
-0.22202
-0.20952
-0.21994
-0.2086
-0.21012
-0.20374
-0.1987
-0.19936
-0.19632
-0.2035
-0.19626
-0.20328
-0.20022
-0.21046
-0.21988
-0.201
-0.21548
-0.22172
-0.22308
-0.22956
-0.22356
-0.225
-0.22148
-0.22284
-0.22006
-0.22416
-0.21424
-0.2114
-0.20282
-0.19918
-0.22038
-0.24066
-0.23082
-0.226
-0.20662
-0.2069
-0.21838
-0.21772
-0.21952
-0.2293
-0.22648
-0.23672
-0.2194
-0.2224
-0.20768
-0.2191
-0.23402
-0.2284
-0.22544
-0.24706
-0.2578
-0.26908
-0.26158
-0.25946
-0.24602
-0.24906
-0.2549
-0.24516
-0.237
-0.2347
-0.23968
-0.22788
-0.2291
-0.23538
-0.24904
-0.25144
-0.26408
-0.25184
-0.24336
-0.24682
-0.25874
-0.2481
-0.24934
-0.25366
-0.2554
-0.2458
-0.22692
-0.23312
-0.2375
-0.23428
-0.22602
-0.21256
-0.20978
-0.19954
-0.2017
-0.19362
-0.1992
-0.19222
-0.20124
-0.21882
-0.21394
-0.2331
-0.23062
-0.228
-0.23648
-0.24404
-0.24402
-0.2307
-0.25608
-0.26144
-0.24706
-0.23902
-0.22386
-0.22552
-0.23678
-0.23264
-0.24076
-0.23626
-0.23792
-0.25046
-0.24586
-0.2444
-0.23276
-0.22204
-0.21644
-0.2091
-0.2094
-0.20396
-0.22276
-0.22846
-0.2313
-0.22346
-0.2203
-0.21808
-0.2162
-0.22736
-0.22778
-0.21392
-0.21444
-0.2044
-0.21182
-0.21208
-0.2245
-0.22358
-0.2157
-0.21606
-0.21022
-0.21916
-0.20758
-0.21304
-0.22372
-0.22206
-0.2114
-0.22994
-0.22646
-0.19976
-0.21132
-0.19662
-0.2141
-0.22408
-0.22862
-0.23632
-0.24336
-0.262
-0.26588
-0.2654
-0.2702
-0.28648
-0.29166
-0.26756
-0.26998
-0.24772
-0.24956
-0.24026
-0.24124
-0.24638
-0.24724
-0.24268
-0.2356
-0.2223
-0.22094
-0.21302
-0.2188
-0.21396
-0.20274
-0.2027
-0.19758
-0.1972
-0.2139
-0.22736
-0.24386
-0.25082
-0.2557
-0.26438
-0.2673
-0.25666
-0.2728
-0.26628
-0.26352
-0.26908
-0.2574
-0.25112
-0.24716
-0.24894
-0.24302
-0.23414
-0.23306
-0.24224
-0.2342
-0.23396
-0.23004
-0.23324
-0.23848
-0.2392
-0.23478
-0.2378
-0.22598
-0.21772
-0.23216
-0.24694
-0.25924
-0.25412
-0.26444
-0.2692
-0.2577
-0.26186
-0.25918
-0.2485
-0.24286
-0.24402
-0.25396
-0.25764
-0.25202
-0.24668
-0.2503
-0.25464
-0.24684
-0.25412
-0.24982
-0.24298
-0.24694
-0.25232
-0.25446
-0.25038
-0.24828
-0.26852
-0.25966
-0.26896
-0.26438
-0.26572
-0.27366
-0.26914
-0.2751
-0.26904
-0.2722
-0.27832
-0.26034
-0.25414
-0.24092
-0.25302
-0.25064
-0.24562
-0.24458
-0.24612
-0.2322
-0.25034
-0.25282
-0.26368
-0.26964
-0.26754
-0.25444
-0.25208
-0.25014
-0.2503
-0.24614
-0.24482
-0.23428
-0.23484
-0.24022
-0.22824
-0.24084
-0.23424
-0.22974
-0.23184
-0.23622
-0.23546
-0.23312
-0.2386
-0.24392
-0.23198
-0.23166
-0.23596
-0.23194
-0.23986
-0.25124
-0.25132
-0.24916
-0.25284
-0.2538
-0.25536
-0.2493
-0.25476
-0.24942
-0.24152
-0.24106
-0.2361
-0.24902
-0.2513
-0.26128
-0.2407
-0.21512
-0.2231
-0.21562
-0.2167
-0.22724
-0.22928
-0.22856
-0.23224
-0.21556
-0.20336
-0.1934
-0.20342
-0.20936
-0.21076
-0.22146
-0.2198
-0.23204
-0.2313
-0.21516
-0.22726
-0.2266
-0.23716
-0.22768
-0.23006
-0.22568
-0.22144
-0.23474
-0.23038
-0.2305
-0.22882
-0.21892
-0.21116
-0.2086
-0.21338
-0.20334
-0.19838
-0.19298
-0.20454
-0.21246
-0.21784
-0.2251
-0.22178
-0.2301
-0.23502
-0.22958
-0.2257
-0.23138
-0.2155
-0.2187
-0.21538
-0.21336
-0.22402
-0.24572
-0.2491
-0.24724
-0.23312
-0.23082
-0.22866
-0.21422
-0.20658
-0.1999
-0.20014
-0.20974
-0.21568
-0.2173
-0.22154
-0.21064
-0.21136
-0.21048
-0.21554
-0.20664
-0.20516
-0.20526
-0.20814
-0.22046
-0.21194
-0.21244
-0.21832
-0.22226
-0.23204
-0.21952
-0.22102
-0.22282
-0.2275
-0.23758
-0.22598
-0.23974
-0.24758
-0.25478
-0.24978
-0.27032
-0.2689
-0.26844
-0.2574
-0.24658
-0.24632
-0.25022
-0.25476
-0.24484
-0.22704
-0.24104
-0.23594
-0.2474
-0.24902
-0.23922
-0.23864
-0.25414
-0.2531
-0.25518
-0.25848
-0.25976
-0.26902
-0.27224
-0.28048
-0.27588
-0.26582
-0.2534
-0.25558
-0.25008
-0.23894
-0.23618
-0.24056
-0.25004
-0.24404
-0.24122
-0.2543
-0.25134
-0.25024
-0.25414
-0.26582
-0.26872
-0.27004
-0.27124
-0.26258
-0.26776
-0.26602
-0.2692
-0.27358
-0.2708
-0.2714
-0.2641
-0.27108
-0.26432
-0.2627
-0.27426
-0.276
-0.27974
-0.283
-0.28908
-0.28658
-0.2837
-0.26982
-0.25804
-0.25734
-0.24002
-0.2377
-0.23526
-0.23214
-0.22718
-0.24124
-0.22578
-0.22326
-0.22146
-0.23148
-0.23532
-0.24326
-0.24522
-0.24208
-0.24542
-0.2467
-0.24218
-0.24648
-0.24718
-0.23876
-0.22558
-0.2357
-0.22692
-0.21526
-0.21744
-0.22384
-0.23412
-0.24122
-0.25196
-0.24328
-0.24018
-0.22472
-0.22508
-0.2073
-0.22132
-0.233
-0.24636
-0.23428
-0.25584
-0.23662
-0.23864
-0.24778
-0.23964
-0.24288
-0.24742
-0.2464
-0.24922
-0.24088
-0.24398
-0.24302
-0.23728
-0.23564
-0.23522
-0.23544
-0.22948
-0.23372
-0.23782
-0.23566
-0.23686
-0.22818
-0.2315
-0.23874
-0.24524
-0.23924
-0.2265
-0.21718
-0.21538
-0.2181
-0.23912
-0.22782
-0.22334
-0.21992
-0.2244
-0.23838
-0.24208
-0.24214
-0.25614
-0.2337
-0.24216
-0.22992
-0.2377
-0.22546
-0.21316
-0.22134
-0.20754
-0.21712
-0.22292
-0.21072
-0.21696
-0.21154
-0.20306
-0.19946
-0.18286
-0.1918
-0.18154
-0.19034
-0.2087
-0.2115
-0.21052
-0.1988
-0.19794
-0.19126
-0.1899
-0.2065
-0.20248
-0.19838
-0.19608
-0.20314
-0.21092
-0.22954
-0.2264
-0.22578
-0.22198
-0.23604
-0.2278
-0.23606
-0.23358
-0.2401
-0.24642
-0.24856
-0.2421
-0.2412
-0.2469
-0.2429
-0.2245
-0.22608
-0.23942
-0.2439
-0.23852
-0.25684
-0.26118
-0.27054
-0.25718
-0.2453
-0.24254
-0.24008
-0.2397
-0.23556
-0.23628
-0.24246
-0.24846
-0.2491
-0.2462
-0.2564
-0.24084
-0.23402
-0.2444
-0.234
-0.2346
-0.23432
-0.23192
-0.24242
-0.24318
-0.2317
-0.24556
-0.23898
-0.23156
-0.22826
-0.2171
-0.2313
-0.22532
-0.22054
-0.24072
-0.24804
-0.2528
-0.24196
-0.26212
-0.27098
-0.27054
-0.2762
-0.25466
-0.2532
-0.25464
-0.25728
-0.25486
-0.25988
-0.25304
-0.24702
-0.23642
-0.22762
-0.20878
-0.20648
-0.21128
-0.21228
-0.21756
-0.23362
-0.24108
-0.23006
-0.23224
-0.23838
-0.23706
-0.22444
-0.22686
-0.2308
-0.20996
-0.21908
-0.21898
-0.24028
-0.24216
-0.24632
-0.24842
-0.24644
-0.25036
-0.2553
-0.25582
-0.26306
-0.27012
-0.2732
-0.26146
-0.2624
-0.26846
-0.26422
-0.26636
-0.27296
-0.27088
-0.28852
-0.28872
-0.27334
-0.27818
-0.27794
-0.28612
-0.29286
-0.28842
-0.27972
-0.27924
-0.28688
-0.28212
-0.27238
-0.25532
-0.24808
-0.24116
-0.23486
-0.23402
-0.22844
-0.23418
-0.2158
-0.22128
-0.21926
-0.22038
-0.2134
-0.22322
-0.21868
-0.20818
-0.20946
-0.20978
-0.21006
-0.1946
-0.208
-0.21372
-0.21892
-0.20904
-0.21498
-0.21456
-0.2449
-0.2312
-0.22476
-0.2331
-0.23334
-0.2315
-0.23098
-0.2353
-0.22844
-0.24012
-0.24628
-0.25374
