-0.8975
-0.8941
-0.89404
-0.89606
-0.89748
-0.89372
-0.8919
-0.89562
-0.89758
-0.8947
-0.89318
-0.89686
-0.89278
-0.89368
-0.89482
-0.89548
-0.89296
-0.89778
-0.89878
-0.89752
-0.89944
-0.895
-0.89278
-0.89558
-0.89982
-0.89734
-0.89816
-0.8949
-0.89362
-0.89552
-0.89478
-0.89448
-0.89608
-0.8946
-0.90036
-0.89976
-0.89722
-0.89556
-0.89636
-0.89502
-0.89902
-0.89472
-0.89082
-0.89336
-0.89236
-0.89572
-0.90122
-0.90386
-0.89638
-0.8954
-0.8956
-0.8976
-0.89868
-0.8982
-0.8981
-0.89476
-0.8934
-0.89336
-0.89592
-0.89856
-0.89968
-0.90256
-0.90282
-0.89682
-0.90392
-0.89632
-0.90014
-0.90414
-0.89584
-0.8971
-0.8957
-0.9005
-0.89482
-0.90454
-0.89862
-0.89482
-0.8958
-0.90092
-0.8975
-0.90144
-0.8963
-0.90098
-0.89982
-0.89834
-0.90266
-0.89634
-0.8957
-0.89338
-0.89698
-0.8953
-0.89466
-0.89592
-0.89596
-0.8934
-0.89808
-0.89434
-0.89812
-0.8986
-0.90142
-0.8964
-0.89356
-0.89702
-0.8946
-0.89604
-0.89702
-0.89516
-0.89934
-0.89688
-0.89502
-0.89904
-0.89542
-0.89592
-0.89972
-0.89802
-0.90104
-0.89472
-0.89622
-0.89828
-0.89824
-0.90028
-0.8993
-0.8983
-0.8959
-0.8931
-0.89316
-0.8976
-0.89674
-0.89658
-0.89776
-0.89944
-0.90018
-0.89692
-0.89946
-0.89958
-0.89036
-0.8969
-0.89782
-0.89578
-0.89612
-0.89486
-0.89636
-0.89854
-0.90038
-0.89538
-0.90202
-0.89582
-0.89622
-0.90022
-0.90296
-0.89988
-0.89958
-0.89992
-0.8999
-0.8989
-0.89724
-0.89422
-0.89078
-0.89842
-0.89568
-0.89634
-0.89776
-0.89732
-0.902
-0.8974
-0.90104
-0.8975
-0.89726
-0.89298
-0.898
-0.89904
-0.89698
-0.90324
-0.8987
-0.8989
-0.89806
-0.89476
-0.89526
-0.89616
-0.89152
-0.89002
-0.89458
-0.89464
-0.89542
-0.8935
-0.8956
-0.89788
-0.89484
-0.8923
-0.89138
-0.89662
-0.89394
-0.8967
-0.89464
-0.89548
-0.8975
-0.89736
-0.896
-0.8968
-0.89608
-0.89918
-0.89244
-0.89668
-0.8922
-0.8985
-0.89818
-0.89382
-0.9019
-0.89664
-0.89938
-0.8951
-0.89858
-0.9008
-0.90154
-0.89896
-0.89392
-0.89626
-0.8966
-0.90108
-0.89892
-0.89932
-0.89792
-0.89982
-0.90534
-0.89812
-0.89282
-0.89748
-0.89786
-0.89606
-0.89356
-0.90118
-0.89742
-0.90074
-0.89542
-0.8975
-0.90032
-0.89558
-0.89384
-0.89134
-0.89008
-0.89136
-0.8942
-0.8959
-0.89564
-0.89934
-0.89646
-0.901
-0.89758
-0.90042
-0.90068
-0.89808
-0.89564
-0.89568
-0.8951
-0.90128
-0.90166
-0.89784
-0.89606
-0.89668
-0.89306
-0.89182
-0.89492
-0.89964
-0.89636
-0.89928
-0.8985
-0.8941
-0.89536
-0.89462
-0.89802
-0.90082
-0.89556
-0.8956
-0.89844
-0.89766
-0.89104
-0.89764
-0.89898
-0.89852
-0.89784
-0.89928
-0.90018
-0.89926
-0.8975
-0.89736
-0.89496
-0.89876
-0.89868
-0.89992
-0.89252
-0.89664
-0.89614
-0.89436
-0.89438
-0.8935
-0.89824
-0.89912
-0.8996
-0.89632
-0.89332
-0.89556
-0.90066
-0.89884
-0.89406
-0.89844
-0.89364
-0.88946
-0.89868
-0.89866
-0.89694
-0.89722
-0.89924
-0.89522
-0.89182
-0.89328
-0.89774
-0.89264
-0.8981
-0.89792
-0.89932
-0.8936
-0.89778
-0.8951
-0.89672
-0.89938
-0.8966
-0.89816
-0.89942
-0.89842
-0.89832
-0.89732
-0.89924
-0.90186
-0.9005
-0.8956
-0.89672
-0.89872
-0.899
-0.89884
-0.9014
-0.90096
-0.90516
-0.89644
-0.89954
-0.8979
-0.89714
-0.89814
-0.89268
-0.89138
-0.89538
-0.89796
-0.89836
-0.89628
-0.89294
-0.89778
-0.89778
-0.89638
-0.89388
-0.89842
-0.89526
-0.89896
-0.90076
-0.8953
-0.89478
-0.89462
-0.89168
-0.89712
-0.89746
-0.90388
-0.89632
-0.89582
-0.89978
-0.89468
-0.89568
-0.89928
-0.89978
-0.89622
-0.89614
-0.90118
-0.89562
-0.90098
-0.90028
-0.89596
-0.89712
-0.90102
-0.90186
-0.8946
-0.89778
-0.89494
-0.89434
-0.89406
-0.89434
-0.89222
-0.89648
-0.89894
-0.8932
-0.8994
-0.89818
-0.8991
-0.89716
-0.89862
-0.89928
-0.89616
-0.90196
-0.8931
-0.89374
-0.9003
-0.8968
-0.89972
-0.89494
-0.89754
-0.8963
-0.9002
-0.89868
-0.8972
-0.89566
-0.8968
-0.89756
-0.89812
-0.89516
-0.89832
-0.89854
-0.9002
-0.89332
-0.89692
-0.89648
-0.90016
-0.89782
-0.89914
-0.89874
-0.89386
-0.89488
-0.89518
-0.89468
-0.8959
-0.89754
-0.89682
-0.8967
-0.89624
-0.901
-0.89938
-0.89676
-0.89574
-0.89886
-0.89556
-0.90152
-0.90358
-0.8989
-0.89792
-0.90042
-0.89198
-0.8944
-0.8929
-0.89972
-0.90114
-0.89752
-0.90184
-0.89554
-0.8933
-0.89334
-0.89388
-0.89774
-0.8972
-0.89764
-0.90214
-0.8983
-0.8996
-0.89738
-0.89978
-0.9013
-0.89976
-0.8978
-0.89722
-0.89328
-0.89644
-0.8944
-0.8985
-0.9001
-0.89732
-0.90114
-0.89834
-0.89532
-0.89798
-0.89642
-0.89986
-0.89178
-0.89644
-0.89854
-0.8991
-0.90002
-0.89956
-0.89634
-0.89722
-0.89822
-0.89674
-0.89136
-0.8987
-0.89306
-0.89734
-0.89668
-0.90042
-0.89518
-0.89654
-0.90076
-0.89966
-0.9042
-0.90226
-0.9004
-0.89954
-0.89576
-0.89966
-0.89682
-0.89562
-0.90046
-0.8981
-0.89574
-0.8997
-0.89406
-0.89444
-0.89428
-0.90256
-0.90138
-0.89808
-0.89728
-0.90044
-0.89678
-0.89348
-0.8957
-0.8968
-0.89768
-0.8957
-0.89438
-0.8983
-0.90242
-0.89904
-0.89524
-0.89688
-0.89576
-0.89874
-0.89624
-0.8968
-0.90014
-0.8968
-0.89558
-0.89096
-0.89406
-0.89544
-0.89524
-0.8974
-0.89828
-0.90304
-0.89588
-0.89606
-0.90046
-0.89834
-0.89972
-0.89596
-0.89744
-0.89508
-0.8934
-0.89562
-0.89432
-0.8935
-0.8925
-0.89546
-0.8948
-0.89528
-0.89472
-0.89364
-0.8984
-0.89574
-0.8984
-0.89484
-0.89752
-0.89824
-0.89504
-0.89732
-0.9
-0.89946
-0.89536
-0.89272
-0.89642
-0.8944
-0.89462
-0.89356
-0.89532
-0.89732
-0.89732
-0.8977
-0.89542
-0.89678
-0.89686
-0.90056
-0.90118
-0.89894
-0.89334
-0.8951
-0.89258
-0.89784
-0.89974
-0.89944
-0.90002
-0.89406
-0.89636
-0.89528
-0.8975
-0.89762
-0.90138
-0.89694
-0.8962
-0.8955
-0.89462
-0.89078
-0.89908
-0.8959
-0.89704
-0.90014
-0.90012
-0.8969
-0.89728
-0.90188
-0.8982
-0.89398
-0.89862
-0.89704
-0.8959
-0.88914
-0.89508
-0.89718
-0.90112
-0.90032
-0.8986
-0.89868
-0.89322
-0.8965
-0.89814
-0.89966
-0.90024
-0.89558
-0.9
-0.8973
-0.89826
-0.89774
-0.89742
-0.89884
-0.8962
-0.89454
-0.8917
-0.89836
-0.89686
-0.89324
-0.89728
-0.89952
-0.89708
-0.89954
-0.9
-0.89306
-0.89954
-0.8998
-0.8955
-0.8957
-0.90082
-0.90096
-0.89878
-0.89932
-0.89818
-0.89364
-0.89334
-0.89462
-0.89496
-0.89866
-0.9015
-0.89786
-0.89948
-0.90056
-0.90054
-0.90264
-0.89698
-0.89388
-0.90068
-0.90032
-0.89842
-0.89802
-0.89748
-0.89814
-0.8928
-0.89898
-0.89696
-0.90072
-0.90174
-0.8991
-0.90512
-0.90064
-0.90042
-0.8983
-0.8962
-0.90084
-0.899
-0.89292
-0.89718
-0.89644
-0.89516
-0.8995
-0.8931
-0.89574
-0.89864
-0.89352
-0.89208
-0.89662
-0.90066
-0.9002
-0.89966
-0.8976
-0.90132
-0.89872
-0.9026
-0.89714
-0.8947
-0.89764
-0.89832
-0.89648
-0.89528
-0.897
-0.90064
-0.89404
-0.89982
-0.9012
-0.89772
-0.89322
-0.90078
-0.89836
-0.90038
-0.89964
-0.90136
-0.9004
-0.89834
-0.89934
-0.89514
-0.8942
-0.89574
-0.89404
-0.89276
-0.89618
-0.89892
-0.89988
-0.8974
-0.89692
-0.89878
-0.89872
-0.90098
-0.89884
-0.89734
-0.90094
-0.8969
-0.89488
-0.89806
-0.89764
-0.8992
-0.90456
-0.902
-0.89706
-0.89406
-0.8948
-0.89986
-0.89656
-0.8987
-0.89646
-0.89362
-0.89922
-0.8983
-0.89774
-0.89662
-0.89586
-0.8967
-0.8971
-0.89636
-0.89748
-0.89632
-0.8953
-0.89506
-0.901
-0.89772
-0.90038
-0.89516
-0.89006
-0.89612
-0.8972
-0.89578
-0.89886
-0.89232
-0.89384
-0.89638
-0.89474
-0.89764
-0.89452
-0.89324
-0.9012
-0.8975
-0.89572
-0.89968
-0.89952
-0.89734
-0.8938
-0.89736
-0.8966
-0.899
-0.8934
-0.89896
-0.9001
-0.89664
-0.8947
-0.89766
-0.89896
-0.90074
-0.89762
-0.89778
-0.9022
-0.89858
-0.89448
-0.89572
-0.89712
-0.89668
-0.8942
-0.89222
-0.89784
-0.8984
-0.89792
-0.89632
-0.89274
-0.89008
-0.8974
-0.89582
-0.89668
-0.89192
-0.89976
-0.89926
-0.89574
-0.90108
-0.89468
-0.89142
-0.8922
-0.89258
-0.8957
-0.90002
-0.89746
-0.89742
-0.89592
-0.89354
-0.89206
-0.89778
-0.89896
-0.90044
-0.89772
-0.89858
-0.89576
-0.89634
-0.8952
-0.89986
-0.89258
-0.89392
-0.89652
-0.8997
-0.90038
-0.89814
-0.89602
-0.9001
-0.89908
-0.90064
-0.89948
-0.89968
-0.8986
-0.90156
-0.90142
-0.90162
-0.90144
-0.89814
-0.89438
-0.89646
-0.90102
-0.89796
-0.8945
-0.90022
-0.89936
-0.89714
-0.89676
-0.8984
-0.8965
-0.8991
-0.89856
-0.8974
-0.89566
-0.90122
-0.8955
-0.89926
-0.8979
-0.89698
-0.89204
-0.88592
-0.89424
-0.89748
-0.90036
-0.89898
-0.89574
-0.89634
-0.8987
-0.89592
-0.89334
-0.89682
-0.89802
-0.8974
-0.89642
-0.89662
-0.89682
-0.90362
-0.89858
-0.89584
-0.89754
-0.9004
-0.89976
-0.90092
-0.89998
-0.8956
-0.8945
-0.89796
-0.90244
-0.89652
-0.89736
-0.89774
-0.90126
-0.8964
-0.89636
-0.89834
-0.89746
-0.9013
-0.8983
-0.89258
-0.8985
-0.89622
-0.89996
-0.89506
-0.8987
-0.90016
-0.89848
-0.89128
-0.89428
-0.8976
-0.89698
-0.89784
-0.89742
-0.89642
-0.90314
-0.90034
-0.89872
-0.896
-0.89268
-0.8935
-0.89226
-0.89736
-0.89922
-0.89692
-0.89566
-0.89408
-0.8952
-0.8971
-0.89518
-0.90104
-0.89856
-0.89586
-0.89854
-0.89794
-0.89822
-0.89862
-0.8998
-0.89642
-0.89918
-0.89738
-0.89464
-0.89734
-0.89556
-0.89768
-0.89904
-0.90148
-0.89842
-0.90072
-0.8917
-0.8962
-0.9018
-0.89428
-0.89524
-0.89964
-0.90088
-0.89978
-0.89518
-0.89956
-0.89312
-0.89332
-0.8938
-0.89622
-0.89194
-0.89216
-0.88968
-0.89076
-0.9014
-0.89902
-0.89714
-0.8987
-0.90064
-0.89824
-0.8953
-0.89258
-0.89612
-0.89634
-0.89988
-0.89784
-0.90062
-0.89894
-0.89408
-0.8973
-0.90004
-0.8969
-0.89734
-0.90516
-0.89896
-0.89838
-0.89462
-0.89682
-0.90134
-0.89884
-0.89576
-0.89828
-0.90004
-0.9045
-0.89792
-0.89494
-0.8961
-0.89342
-0.89668
-0.89594
-0.89492
-0.89752
-0.8977
-0.8966
-0.89564
-0.88988
-0.89518
-0.8982
-0.89888
-0.89906
-0.89434
-0.89664
-0.8998
-0.89744
-0.89684
-0.8979
-0.89996
-0.89862
-0.89516
-0.89908
-0.89526
-0.89264
-0.89444
-0.89404
-0.89738
-0.89524
-0.89688
-0.89344
-0.89428
-0.8996
-0.89814
-0.89476
-0.8954
-0.89658
-0.90042
-0.89726
-0.89576
-0.89502
-0.89778
-0.90716
-0.90242
-0.89482
-0.89458
-0.90074
-0.89574
-0.8961
-0.90228
-0.8996
-0.89962
-0.89816
-0.8976
-0.89778
-0.89256
-0.89314
-0.90066
-0.90288
-0.8923
-0.89856
-0.89628
-0.89404
-0.89524
-0.89728
-0.89514
-0.89784
-0.89928
-0.89498
-0.89778
-0.90156
-0.90026
-0.89868
-0.89898
-0.89668
-0.89828
-0.90182
-0.89856
-0.8926
-0.89284
-0.89442
-0.89714
-0.89314
-0.8964
-0.8992
-0.90358
-0.89766
-0.89982
-0.8968
-0.89236
-0.89974
-0.90112
-0.9008
-0.89278
-0.89422
-0.89414
-0.89282
-0.89528
-0.89902
-0.89644
-0.89978
-0.90124
-0.8953
-0.89374
-0.89826
-0.89658
-0.89628
-0.89992
-0.89732
-0.9006
-0.8982
-0.8937
-0.90212
-0.8975
-0.8947
-0.90282
-0.90068
-0.89728
-0.8992
-0.89736
-0.89764
-0.8971
-0.8935
-0.896
-0.89492
-0.8989
-0.90228
-0.89456
-0.89492
-0.89516
-0.89584
-0.90092
-0.9008
-0.89832
-0.89904
-0.89724
-0.89332
-0.89362
-0.8965
-0.89756
-0.8991
-0.8957
-0.8975
-0.89786
-0.89638
-0.89542
-0.89932
-0.89782
-0.89478
-0.89964
-0.89264
-0.89756
-0.89626
-0.898
-0.89682
-0.90166
-0.89926
-0.8975
-0.9007
-0.90068
-0.89396
-0.89744
-0.89632
-0.89882
-0.89666
-0.89392
-0.89688
-0.89432
-0.89782
-0.89852
-0.89944
-0.89574
-0.90052
-0.8993
-0.89596
-0.8977
-0.89506
-0.89788
-0.8926
-0.89622
-0.8963
-0.89356
-0.89344
-0.89714
-0.89694
-0.89486
-0.89618
-0.8992
-0.89704
-0.89814
-0.8974
-0.8981
-0.89644
-0.89464
-0.89452
-0.9006
-0.89662
-0.89118
-0.8912
-0.8965
-0.89628
-0.89714
-0.89642
-0.89892
-0.89676
-0.89856
-0.8971
-0.8971
-0.89784
-0.89848
-0.89682
-0.89498
-0.89516
-0.894
-0.8941
-0.89768
-0.90164
-0.89654
-0.89786
-0.9026
-0.8967
-0.89914
-0.89614
-0.90096
-0.89886
-0.90366
-0.9
-0.90162
-0.89988
-0.89912
-0.89654
-0.89858
-0.8997
-0.89454
-0.90164
-0.90022
-0.89432
-0.9007
-0.90086
-0.89874
-0.89658
-0.90052
-0.89884
-0.89644
-0.89888
-0.8984
-0.89684
-0.89288
-0.9034
-0.90276
-0.89864
-0.8985
-0.89944
-0.89974
-0.8968
-0.89608
-0.89762
-0.89346
-0.89206
-0.8982
-0.89478
-0.89532
-0.89434
-0.8962
-0.89612
-0.89834
-0.88988
-0.89638
-0.89932
-0.89318
-0.89664
-0.8977
-0.90094
-0.89548
-0.89844
-0.89476
-0.89708
-0.89544
-0.89526
-0.8999
-0.896
-0.896
-0.89866
-0.8963
-0.89374
-0.8968
-0.89254
-0.8967
-0.89698
-0.89412
-0.89754
-0.89668
-0.9026
-0.89664
-0.89724
-0.89696
-0.89598
-0.8945
-0.89534
-0.90062
-0.89556
-0.89464
-0.89788
-0.894
-0.89026
-0.89306
-0.89916
-0.89474
-0.90056
-0.8969
-0.89686
-0.89104
-0.89306
-0.89488
-0.89686
-0.89584
-0.90072
-0.90246
-0.8975
-0.89896
-0.89618
-0.89998
-0.89618
-0.89268
-0.89512
-0.89782
-0.9033
-0.90146
-0.899
-0.899
-0.89568
-0.89884
-0.8983
-0.90214
-0.8983
-0.90242
-0.90112
-0.90002
-0.8986
-0.90132
-0.89714
-0.89866
-0.90324
-0.89824
-0.8932
-0.89876
-0.89594
-0.89548
-0.89236
-0.89112
-0.89728
-0.89544
-0.89372
-0.89432
-0.8965
-0.8944
-0.89424
-0.89708
-0.90172
-0.89608
-0.8958
-0.89908
-0.90116
-0.9016
-0.89796
-0.89412
-0.89248
-0.889
-0.89412
-0.89874
-0.8939
-0.89722
-0.89664
-0.89804
-0.89442
-0.89044
-0.89518
-0.9038
-0.9012
-0.89866
-0.8991
-0.89728
-0.90168
-0.90208
-0.90074
-0.89856
-0.9003
-0.89748
-0.90416
-0.89936
-0.9031
-0.89572
-0.89734
-0.89412
-0.89866
-0.89664
-0.8973
-0.90014
-0.89846
-0.90188
-0.90036
-0.89792
-0.89982
-0.89662
-0.9004
-0.90226
-0.89992
-0.89602
-0.89384
-0.8958
-0.89628
-0.89706
-0.89454
-0.90114
-0.89746
-0.90178
-0.8995
-0.8966
-0.89872
-0.90052
-0.89636
-0.90032
-0.89282
-0.89604
-0.89654
-0.8956
-0.89698
-0.89642
-0.89918
-0.901
-0.89562
-0.89706
-0.90254
-0.9044
-0.90174
-0.89732
-0.90154
-0.89772
-0.89336
-0.89386
-0.8976
-0.89658
-0.89588
-0.89316
-0.89412
-0.8975
-0.89136
-0.89808
-0.89932
-0.90028
-0.89668
-0.89512
-0.89848
-0.89578
-0.89688
-0.89916
-0.89394
-0.89936
-0.89492
-0.89452
-0.89378
-0.9016
-0.89616
-0.8971
-0.89682
-0.89752
-0.89676
-0.89898
-0.89658
-0.8966
-0.89842
-0.89578
-0.90072
-0.89838
-0.894
-0.89716
-0.8971
-0.89816
-0.89686
-0.89602
-0.89734
-0.89582
-0.89336
-0.89814
-0.89658
-0.8992
-0.89164
-0.89378
-0.89332
-0.89872
-0.89512
-0.89944
-0.8978
-0.89676
-0.89262
-0.90088
-0.89692
-0.89502
-0.89676
-0.8978
-0.8986
-0.89928
-0.90118
-0.90216
-0.89546
-0.89446
-0.89642
-0.89486
-0.8912
-0.8957
-0.90154
-0.89854
-0.90482
-0.89914
-0.89822
-0.89768
-0.89484
-0.89592
-0.89752
-0.89712
-0.89694
-0.90314
-0.8976
-0.89528
-0.89738
-0.90384
-0.90424
-0.90046
-0.90066
-0.89576
-0.89576
-0.89926
-0.9003
-0.89546
-0.89492
-0.89134
-0.89582
-0.896
-0.89518
-0.89894
-0.89504
-0.89588
-0.90032
-0.89432
-0.8968
-0.89512
-0.8911
-0.89706
-0.89952
-0.89818
-0.89584
-0.89806
-0.89896
-0.89736
-0.8929
-0.8941
-0.89428
-0.89396
-0.89608
-0.89872
-0.89872
-0.9032
-0.89792
-0.8958
-0.90078
-0.8957
-0.89974
-0.89762
-0.90146
-0.89454
-0.89046
-0.89648
-0.8973
-0.89862
-0.89946
-0.89648
-0.89238
-0.89686
-0.89648
-0.89862
-0.8997
-0.89516
-0.8943
-0.89804
-0.89746
-0.90038
-0.89676
-0.90078
-0.8948
-0.89638
-0.89344
-0.89604
-0.89662
-0.89552
-0.8951
-0.896
-0.8961
-0.89658
-0.90194
-0.89892
-0.89936
-0.89838
-0.90026
-0.89932
-0.89448
-0.89368
-0.89248
-0.8936
-0.8959
-0.8985
-0.8991
-0.89526
-0.89412
-0.89732
-0.89698
-0.897
-0.89464
-0.897
-0.89936
-0.89284
-0.8899
-0.89326
-0.8955
-0.89756
-0.89776
-0.89782
-0.89316
-0.89914
-0.89704
-0.90002
-0.90064
-0.89512
-0.89882
-0.89582
-0.89636
-0.89368
-0.89812
-0.89468
-0.89608
-0.8973
-0.89518
-0.89928
-0.90272
-0.8971
-0.89956
-0.89728
-0.89906
-0.90248
-0.89656
-0.89752
-0.8937
-0.8961
-0.89766
-0.8966
-0.89504
-0.89398
-0.89558
-0.89714
-0.8962
-0.89422
-0.89566
-0.89964
-0.89574
-0.89642
-0.9012
-0.89878
-0.89854
-0.89486
-0.89852
-0.90124
-0.89932
-0.89038
-0.8944
-0.89698
-0.89946
-0.89732
-0.8958
-0.89516
-0.89126
-0.89754
-0.89342
-0.89228
-0.89442
-0.89346
-0.89998
-0.89524
-0.89556
-0.89554
-0.89682
-0.90574
-0.89848
-0.90058
-0.89548
-0.90122
-0.89944
-0.9009
-0.89368
-0.8964
-0.89516
-0.89566
-0.89968
-0.89792
-0.89854
-0.90048
-0.898
-0.89898
-0.89648
-0.8977
-0.8958
-0.90092
-0.8978
-0.90046
-0.90156
-0.89834
-0.90252
-0.8973
-0.90112
-0.89784
-0.89514
-0.89526
-0.89994
-0.89424
-0.8965
-0.89902
-0.89466
-0.897
-0.89836
-0.8944
-0.89586
-0.8939
-0.89138
-0.898
-0.89554
-0.89832
-0.90032
-0.89974
-0.89436
-0.89526
-0.89416
-0.89614
-0.90022
-0.89888
-0.89768
-0.89878
-0.89708
-0.89764
-0.89618
-0.89604
-0.90136
-0.89752
-0.89534
-0.89516
-0.89828
-0.89728
-0.89394
-0.89686
-0.8995
-0.89322
-0.89438
-0.8962
-0.89448
-0.90344
-0.8983
-0.90388
-0.89744
-0.8967
-0.89798
-0.89602
-0.89472
-0.89486
-0.8952
-0.90062
-0.89444
-0.90316
-0.90076
-0.89818
-0.89132
-0.8933
-0.9
-0.89326
-0.89146
-0.8958
-0.8952
-0.89656
-0.89668
-0.9001
-0.89472
-0.89458
-0.89668
-0.89932
-0.90264
-0.89696
-0.90106
-0.89754
-0.89774
-0.89414
-0.89672
-0.89944
-0.89168
-0.89724
-0.8953
-0.89838
-0.89444
-0.89646
-0.89876
-0.89546
-0.89632
-0.89584
-0.9
-0.89598
-0.89288
-0.89788
-0.9001
-0.8996
-0.89818
-0.89974
-0.89286
-0.895
-0.89998
-0.89314
-0.89472
-0.89616
-0.8957
-0.89488
-0.8979
-0.89828
-0.8916
-0.88892
-0.89704
-0.89818
-0.89812
-0.89832
-0.89456
-0.89412
-0.89448
-0.89474
-0.89526
-0.89964
-0.89916
-0.89684
-0.89896
-0.89602
-0.89906
-0.89646
-0.89712
-0.89976
-0.89882
-0.89934
-0.89318
-0.89696
-0.90022
-0.8966
-0.89628
-0.8955
-0.8911
-0.90286
-0.89766
-0.89882
-0.8958
-0.89908
-0.89974
-0.89804
-0.89594
-0.89776
-0.90008
-0.8987
-0.89422
-0.897
-0.89658
-0.8951
-0.90228
-0.8953
-0.89762
-0.89958
-0.90016
-0.89896
-0.90088
-0.8997
-0.89908
-0.89676
-0.89402
-0.89752
-0.89666
-0.89672
-0.89276
-0.8965
-0.896
-0.89594
-0.90074
-0.90074
-0.89666
-0.89506
-0.89824
-0.90008
-0.89958
-0.89424
-0.89898
-0.90084
-0.90412
-0.89866
-0.8986
-0.89578
-0.8972
-0.89882
-0.8941
-0.8984
-0.89544
-0.89902
-0.89364
-0.89348
-0.89518
-0.8981
-0.89966
-0.89842
-0.90174
-0.90122
-0.89856
-0.89732
-0.89288
-0.89514
-0.89584
-0.8979
-0.89672
-0.89934
-0.89662
-0.8945
-0.89374
-0.89826
-0.89344
-0.89416
-0.89582
-0.89788
-0.90378
-0.90316
-0.89974
-0.89876
-0.89804
-0.8949
-0.89842
-0.8944
-0.89624
-0.89444
-0.89428
-0.8956
-0.8935
-0.89608
-0.8945
-0.89836
-0.89326
-0.89374
-0.8997
-0.8979
-0.90024
-0.90044
-0.89936
-0.90094
-0.89516
-0.89512
-0.89124
-0.89016
-0.89392
-0.89586
-0.8911
-0.89532
-0.89542
-0.8999
-0.90032
-0.89818
-0.89724
-0.89864
-0.89532
-0.8994
-0.9006
-0.9003
-0.8986
-0.89712
-0.89642
-0.89626
-0.89646
-0.90074
-0.90006
-0.89664
-0.89932
-0.90004
-0.89748
-0.89844
-0.89814
-0.89964
-0.89838
-0.89664
-0.89992
-0.90004
-0.89816
-0.89546
-0.90188
-0.89688
-0.89388
-0.89686
-0.89662
-0.89968
-0.89416
-0.89418
-0.89852
-0.89508
-0.89792
-0.89906
-0.90002
-0.8985
-0.89666
-0.8961
-0.89456
-0.89402
-0.89558
-0.8931
-0.89544
-0.89656
-0.90074
-0.89616
-0.89576
-0.89316
-0.89372
-0.89932
-0.89816
-0.89452
-0.89564
-0.89428
-0.898
-0.89644
-0.89428
-0.8913
-0.89384
-0.89432
-0.89484
-0.89482
-0.89744
-0.89212
-0.8931
-0.89092
-0.89702
-0.89926
-0.89196
-0.89564
-0.89098
-0.8911
-0.8969
-0.89422
-0.89786
-0.8962
-0.89456
-0.89934
-0.90036
-0.89794
-0.89846
-0.9053
-0.9025
-0.89464
-0.89588
-0.8923
-0.89568
-0.8974
-0.8941
-0.8936
-0.89718
-0.89754
-0.90144
-0.8996
-0.8984
-0.89702
-0.89274
-0.89424
-0.89432
-0.89452
-0.89632
-0.89832
-0.89878
-0.89968
-0.90232
-0.90104
-0.89874
-0.89628
-0.89848
-0.89902
-0.89546
-0.89086
-0.8903
-0.89248
-0.8985
-0.89676
-0.89314
-0.89666
-0.89134
-0.8943
-0.89446
-0.89506
-0.89776
-0.8955
-0.89752
-0.89812
-0.895
-0.89456
-0.89772
-0.89674
-0.9002
-0.89976
-0.90326
-0.89756
-0.90382
-0.89734
-0.89664
-0.89406
-0.89208
-0.89806
-0.89546
-0.90294
-0.89492
-0.89436
-0.8968
-0.89536
-0.8995
-0.89788
-0.90478
-0.89864
-0.89786
-0.89618
-0.90112
-0.89622
-0.89782
-0.89848
-0.90084
-0.90148
-0.89894
-0.90026
-0.89988
-0.8972
-0.89826
-0.89538
-0.89412
-0.89376
-0.89652
-0.89662
-0.89854
-0.89598
-0.89486
-0.89954
-0.8962
-0.89194
-0.90092
-0.8973
-0.89658
-0.8921
-0.89774
-0.89456
-0.8994
-0.90292
-0.90142
-0.89914
-0.90172
-0.89542
-0.90052
-0.8992
-0.90152
-0.90464
-0.89994
-0.89968
-0.89336
-0.8968
-0.8992
-0.89816
-0.89828
-0.89648
-0.89254
-0.89828
-0.89944
-0.90062
-0.8974
-0.90332
-0.89694
-0.8986
-0.89984
-0.90002
-0.90204
-0.89804
-0.90166
-0.89536
-0.89284
-0.89194
-0.89492
-0.89732
-0.89584
-0.89878
-0.89774
-0.8998
-0.90172
-0.89892
-0.89888
-0.90102
-0.89708
-0.89312
-0.89258
-0.89318
-0.89632
-0.89926
-0.89722
-0.898
-0.89472
-0.90174
-0.89948
-0.90012
-0.9001
-0.89898
-0.89858
-0.89986
-0.89938
-0.90076
-0.89634
-0.89714
-0.89796
-0.8959
-0.89844
-0.9015
-0.90078
-0.89334
-0.8985
-0.89728
-0.89754
-0.89758
-0.89616
-0.8974
-0.8979
-0.90086
-0.89906
-0.89766
-0.8914
-0.88986
-0.89088
-0.89566
-0.8939
-0.89424
-0.89884
-0.90134
-0.89574
-0.89922
-0.89772
-0.90056
-0.89982
-0.89902
-0.89318
-0.9019
-0.8999
-0.89086
-0.89754
-0.90096
-0.89802
-0.89522
-0.89388
-0.8973
-0.8916
-0.89094
-0.8975
-0.89822
-0.89678
-0.89746
-0.89694
-0.89524
-0.89996
-0.89762
-0.90012
-0.89918
-0.90146
-0.89296
-0.89324
-0.89186
-0.8943
-0.89542
-0.8997
-0.8987
-0.89128
-0.89732
-0.89482
-0.90252
-0.8961
-0.8906
-0.90078
-0.8969
-0.8985
-0.89592
-0.89572
-0.89346
-0.90098
-0.89784
-0.90034
-0.89692
-0.89352
-0.89528
-0.89332
-0.9014
-0.89732
-0.8996
-0.8981
-0.8982
-0.89988
-0.89702
-0.8956
-0.89584
-0.89396
-0.89292
-0.89246
-0.90002
-0.89854
-0.89842
-0.89476
-0.89544
-0.89334
-0.89148
-0.89934
-0.89252
-0.8988
-0.90028
-0.8956
-0.89462
-0.8933
-0.89562
-0.8919
-0.89572
-0.89774
-0.89632
-0.89506
-0.89704
-0.89944
-0.89814
-0.90076
-0.90166
-0.89856
-0.89674
-0.89828
-0.89502
-0.89668
-0.89312
-0.89536
-0.89754
-0.90288
-0.8952
-0.89898
-0.89952
-0.8977
-0.89542
-0.89658
-0.89424
-0.89546
-0.89778
-0.89738
-0.89708
-0.89798
-0.89506
-0.8932
-0.89896
-0.89466
-0.89762
-0.89854
-0.89952
-0.89372
-0.89634
-0.90106
-0.89582
-0.89928
-0.89604
-0.8994
-0.90764
-0.89296
-0.89742
-0.89734
-0.9024
-0.89962
-0.8981
-0.8961
-0.8962
-0.90164
-0.89906
-0.89506
-0.89758
-0.90062
-0.8986
-0.89802
-0.90034
-0.89692
-0.89174
-0.896
-0.89764
-0.89226
-0.89936
-0.89964
-0.89754
-0.89728
-0.89896
-0.898
-0.89514
-0.89922
-0.89576
-0.89532
-0.89422
-0.89974
-0.8969
-0.8926
-0.89302
-0.89504
-0.8896
-0.89542
-0.89828
-0.898
-0.89814
-0.89806
-0.89826
-0.89682
-0.89596
-0.89594
-0.89376
-0.89564
-0.89686
-0.89636
-0.89828
-0.89478
-0.90126
-0.90132
-0.89478
-0.89976
-0.90298
-0.90274
-0.89424
-0.89808
-0.89918
-0.89722
-0.89826
-0.89944
-0.9039
-0.90264
-0.8998
-0.89926
-0.89834
-0.89446
-0.89338
-0.9002
-0.8986
-0.89702
-0.90014
-0.90022
-0.8945
-0.89786
-0.89856
-0.89756
-0.89838
-0.89676
-0.901
-0.89916
-0.89874
-0.89956
-0.89776
-0.90206
-0.8952
-0.8948
-0.89736
-0.89614
-0.89518
-0.89784
-0.89622
-0.896
-0.89712
-0.901
-0.89426
-0.89684
-0.89546
-0.89398
-0.89538
-0.89888
-0.8978
-0.89538
-0.89152
-0.89882
-0.8933
-0.89504
-0.8962
-0.8968
-0.90016
-0.8984
-0.89994
-0.8961
-0.89316
-0.898
-0.8967
-0.898
-0.89406
-0.90102
-0.90016
-0.90122
-0.90356
-0.8997
-0.89446
-0.8986
-0.89546
-0.89804
-0.89552
-0.89828
-0.89614
-0.8948
-0.89708
-0.89738
-0.89948
-0.89524
-0.90006
-0.89814
-0.89594
-0.89806
-0.89818
-0.90126
-0.89144
-0.89602
-0.89804
-0.89584
-0.89682
-0.89804
-0.8966
-0.89722
-0.9012
-0.8979
-0.90088
-0.89272
-0.89168
-0.89732
-0.895
-0.89906
-0.8969
-0.9004
-0.89612
-0.8931
-0.8934
-0.89524
-0.89458
-0.89802
-0.89582
-0.89442
-0.902
-0.89674
-0.89444
-0.89662
-0.89172
-0.8945
-0.89634
-0.89092
-0.89448
-0.89266
-0.89612
-0.89922
-0.8968
-0.89594
-0.89494
-0.8954
-0.8971
-0.89716
-0.89324
-0.8963
-0.89738
-0.89646
-0.89564
-0.89702
-0.89824
-0.8987
-0.8953
-0.8974
-0.89942
-0.9
-0.89638
-0.89898
-0.9003
-0.90012
-0.90328
-0.89358
-0.89782
-0.8992
-0.89648
-0.8965
-0.8945
-0.89044
-0.89552
-0.89644
-0.89804
-0.89808
-0.8965
-0.9
-0.89244
-0.89618
-0.89748
-0.89732
-0.89462
-0.89598
-0.89714
-0.90204
-0.8954
-0.8956
-0.90026
-0.9001
-0.89708
-0.89844
-0.89418
-0.90006
-0.8976
-0.89898
-0.89922
-0.89488
-0.89802
-0.89614
-0.89256
-0.89744
-0.8987
-0.89498
-0.8965
-0.89498
-0.89722
-0.89798
-0.89488
-0.89832
-0.90112
-0.89766
-0.90178
-0.89964
-0.89706
-0.89914
-0.89912
-0.89658
-0.89578
-0.89416
-0.89718
-0.8949
-0.90094
-0.8959
-0.90032
-0.89484
-0.89608
-0.8966
-0.89758
-0.89684
-0.8975
-0.89164
-0.89298
-0.89562
-0.89822
-0.89504
-0.9002
-0.8943
-0.89832
-0.89686
-0.8919
-0.8957
-0.90492
-0.89156
-0.89326
-0.89966
-0.89874
-0.89296
-0.89562
-0.8977
-0.89528
-0.8924
-0.89644
-0.8966
-0.90074
-0.89918
-0.89984
-0.9004
-0.90012
-0.8979
-0.89298
-0.89344
-0.89118
-0.8926
-0.89666
-0.89524
-0.89664
-0.89658
-0.8984
-0.90256
-0.8941
-0.89168
-0.89314
-0.90166
-0.9018
-0.89732
-0.89588
-0.90278
-0.89068
-0.89478
-0.8968
-0.89788
-0.8999
-0.8966
-0.8978
-0.89824
-0.89428
-0.89364
-0.89618
-0.89394
-0.8969
-0.89618
-0.897
-0.9017
-0.89812
-0.90034
-0.90052
-0.89876
-0.89362
-0.89336
-0.89414
-0.88968
-0.89606
-0.89636
-0.89918
-0.89918
-0.89596
-0.89826
-0.8967
-0.8976
-0.8951
-0.90102
-0.89896
-0.89758
-0.89668
-0.89536
-0.891
-0.8894
-0.89598
-0.89422
-0.90098
-0.9033
-0.90242
-0.89848
-0.89674
-0.8953
-0.89746
-0.8963
-0.8976
-0.89354
-0.89922
-0.89824
-0.89796
-0.89734
-0.89468
-0.89642
-0.89968
-0.89822
-0.89622
-0.8944
-0.88968
-0.89306
-0.89554
-0.89464
-0.9001
-0.90134
-0.90188
-0.89986
-0.89804
-0.89884
-0.89616
-0.8934
-0.89834
-0.8951
-0.8924
-0.89526
-0.8929
-0.89992
-0.89948
-0.8952
-0.8958
-0.89624
-0.89614
-0.89772
-0.89582
-0.89594
-0.89474
-0.89282
-0.89776
-0.89766
-0.8939
-0.89626
-0.8967
-0.89518
-0.89346
-0.8922
-0.89544
-0.89682
-0.8966
-0.9018
-0.89966
-0.8955
-0.8978
-0.89748
-0.89432
-0.90322
-0.901
-0.89936
-0.9002
-0.89884
-0.89922
-0.89654
-0.89706
-0.90096
-0.89722
-0.89642
-0.8977
-0.89796
-0.89652
-0.89482
-0.89788
-0.89858
-0.89974
-0.90184
-0.89432
-0.8966
-0.90066
-0.89536
-0.89798
-0.89218
-0.89406
-0.8953
-0.89404
-0.8971
-0.89738
-0.89882
-0.8973
-0.89728
-0.89858
-0.8981
-0.90274
-0.89366
-0.89782
-0.9001
-0.89976
-0.89886
-0.89998
-0.8991
-0.89762
-0.89358
-0.89496
-0.8976
-0.89778
-0.8992
-0.89248
-0.89488
-0.898
-0.8983
-0.89678
-0.89684
-0.89686
-0.89744
-0.8984
-0.89156
-0.89904
-0.90138
-0.89364
-0.89386
-0.90072
-0.89766
-0.8941
-0.89526
-0.89768
-0.8907
-0.8972
-0.89362
-0.89588
-0.89732
-0.89446
-0.89126
-0.89832
-0.89552
-0.89888
-0.89752
-0.90322
-0.89668
-0.89536
-0.89866
-0.90006
-0.90346
-0.89878
-0.89216
-0.89476
-0.90038
-0.89946
-0.89922
-0.89562
-0.90288
-0.90032
-0.90076
-0.89442
-0.89294
-0.8914
-0.89064
-0.89548
-0.89618
-0.89674
-0.9044
-0.90086
-0.89454
-0.89192
-0.89208
-0.89424
-0.89846
-0.89798
-0.90178
-0.90228
-0.89602
-0.89954
-0.89506
-0.8957
-0.89568
-0.89952
-0.90024
-0.89976
-0.89662
-0.89792
-0.89624
-0.8972
-0.89434
-0.89978
-0.89596
-0.89768
-0.90048
-0.89774
-0.89408
-0.90168
-0.89768
-0.89568
-0.90022
-0.90244
-0.89828
-0.89674
-0.89794
-0.90112
-0.89616
-0.90364
-0.89392
-0.89754
-0.89816
-0.89326
-0.89806
-0.89542
-0.89652
-0.8964
-0.89482
-0.89628
-0.89568
-0.89546
-0.89672
-0.89702
-0.90056
-0.89698
-0.89516
-0.89482
-0.89974
-0.89338
-0.8953
-0.88966
-0.89688
-0.89394
-0.89272
-0.8952
-0.8987
-0.8946
-0.9007
-0.89698
-0.89406
-0.89294
-0.89654
-0.88876
-0.89398
-0.8954
-0.89722
-0.89962
-0.89762
-0.89292
-0.89638
-0.89586
-0.8986
-0.89466
-0.89844
-0.90358
-0.9002
-0.90028
-0.89902
-0.8985
-0.9006
-0.89586
-0.89304
-0.89294
-0.89342
-0.89934
-0.89726
-0.89416
-0.89506
-0.89338
-0.8931
-0.89696
-0.89622
-0.8925
-0.8938
-0.90296
-0.9011
-0.89288
-0.89448
-0.89234
-0.90074
-0.90252
-0.8971
-0.90132
-0.90184
-0.90282
-0.89402
-0.8979
-0.8964
-0.89558
-0.89882
-0.89694
-0.89588
-0.90296
-0.89736
-0.89344
-0.89706
-0.90196
-0.90144
-0.90074
-0.89952
-0.90164
-0.89738
-0.89858
-0.89782
-0.90202
-0.90076
-0.89684
-0.89664
-0.8938
-0.90286
-0.8969
-0.89812
-0.89444
-0.8937
-0.89762
-0.89974
-0.8999
-0.89918
-0.89322
-0.8999
-0.89814
-0.8999
-0.89918
-0.8947
-0.8932
-0.89844
-0.8996
-0.9012
-0.89886
-0.90116
-0.90136
-0.8991
-0.89714
-0.89512
-0.8968
-0.89566
-0.89812
-0.90176
-0.89964
-0.90142
-0.89924
-0.89966
-0.8985
-0.89432
-0.89302
-0.89816
-0.89912
-0.89586
-0.89604
-0.89848
-0.90064
-0.89914
-0.89216
-0.89106
-0.89264
-0.8917
-0.89916
-0.89358
-0.89032
-0.89748
-0.90014
-0.89954
-0.90218
-0.89812
-0.89638
-0.89472
-0.89328
-0.89244
-0.89178
-0.89808
-0.90136
-0.89766
-0.90112
-0.90028
-0.8975
-0.89874
-0.89528
-0.89702
-0.90292
-0.8938
-0.89584
-0.89988
-0.89836
-0.89518
-0.8997
-0.89284
-0.89612
-0.8968
-0.89832
-0.89688
-0.89704
-0.89752
-0.8968
-0.89472
-0.89992
-0.9016
-0.8972
-0.8957
-0.90058
-0.90416
-0.89598
-0.89632
-0.89394
-0.89598
-0.89568
-0.90202
-0.89732
-0.89584
-0.89476
-0.896
-0.8963
-0.89906
-0.8937
-0.8926
-0.89352
-0.89442
-0.89916
-0.89704
-0.8945
-0.89788
-0.89728
-0.8957
-0.8953
-0.89476
-0.89736
-0.89818
-0.8972
-0.8982
-0.89898
-0.89136
-0.89724
-0.89498
-0.89548
-0.89708
-0.89542
-0.89672
-0.89582
-0.89336
-0.8988
-0.89374
-0.89958
-0.8897
-0.89418
-0.89628
-0.89756
-0.89956
-0.89896
-0.90042
-0.8964
-0.89726
-0.89938
-0.90136
-0.89752
-0.89458
-0.89534
-0.89544
-0.89582
-0.9023
-0.8965
-0.8943
-0.89422
-0.8878
-0.89232
-0.89486
-0.89474
-0.8971
-0.89746
-0.89834
-0.90136
-0.89292
-0.89456
-0.89922
-0.889
-0.89496
-0.8971
-0.89482
-0.89238
-0.89252
-0.89872
-0.89568
-0.8935
-0.89688
-0.89708
-0.89594
-0.90062
-0.89816
-0.89684
-0.90398
-0.89748
-0.89736
-0.89692
-0.90184
-0.89298
-0.89374
-0.895
-0.89754
-0.89644
-0.8913
-0.89694
-0.89798
-0.89674
-0.89718
-0.895
-0.89126
-0.90194
-0.8938
-0.89452
-0.89562
-0.89284
-0.89664
-0.89784
-0.895
-0.89944
-0.89482
-0.89698
-0.90318
-0.90002
-0.89686
-0.89308
-0.89832
-0.89606
-0.9008
-0.89898
-0.89838
-0.89774
-0.89308
-0.89414
-0.89818
-0.89598
-0.89704
-0.90304
-0.90254
-0.89978
-0.89924
-0.89616
-0.8974
-0.90006
-0.89822
-0.8925
-0.893
-0.89522
-0.89562
-0.89022
-0.89508
-0.89176
-0.89926
-0.90118
-0.89644
-0.90168
-0.9009
-0.89834
-0.89708
-0.89888
-0.89852
-0.89506
-0.8945
-0.89954
-0.89758
-0.8979
-0.89492
-0.89284
-0.89858
-0.89952
-0.8975
-0.8985
-0.89808
-0.89072
-0.8995
-0.90092
-0.89936
-0.89438
-0.89368
-0.9014
-0.90456
-0.8986
-0.89098
-0.89428
-0.89742
-0.89238
-0.8929
-0.89514
-0.89626
-0.8984
-0.89242
-0.89726
-0.89346
-0.89454
-0.89694
-0.89846
-0.8937
-0.89976
-0.90216
-0.89804
-0.89684
-0.89496
-0.89774
-0.89484
-0.89798
-0.8927
-0.89556
-0.89428
-0.89366
-0.89854
-0.8955
-0.8954
-0.89554
-0.90076
-0.89642
-0.899
-0.89262
-0.8976
-0.89608
-0.89114
-0.90004
-0.89928
-0.8969
-0.90086
-0.89688
-0.89572
-0.89608
-0.89212
-0.89534
-0.89652
-0.8937
-0.89804
-0.89674
-0.89432
-0.8969
-0.8958
-0.89334
-0.89902
-0.90056
-0.89472
-0.89144
-0.894
-0.897
-0.89814
-0.89568
-0.89814
-0.90104
-0.90316
-0.90058
-0.89914
-0.89386
-0.90118
-0.89768
-0.89668
-0.90324
-0.89672
-0.89912
-0.8971
-0.8986
-0.8948
-0.89924
-0.89652
-0.89932
-0.8952
-0.89774
-0.89334
-0.89906
-0.89176
-0.8965
-0.8977
-0.90054
-0.89732
-0.8963
-0.89496
-0.89936
-0.89592
-0.89662
-0.89866
-0.89826
-0.90132
-0.8979
-0.89774
-0.89396
-0.898
-0.89634
-0.8991
-0.89582
-0.8948
-0.90064
-0.8954
-0.89236
-0.89458
-0.90014
-0.89744
-0.89624
-0.8961
-0.89546
-0.90182
-0.903
-0.89808
-0.89658
-0.89994
-0.8967
-0.90486
-0.89642
-0.8903
-0.89802
-0.90142
-0.898
-0.89542
-0.89456
-0.89332
-0.89926
-0.89558
-0.89436
-0.89556
-0.89646
-0.8955
-0.89606
-0.8916
-0.89784
-0.89946
-0.89632
-0.89718
-0.90136
-0.89864
-0.89686
-0.8923
-0.89402
-0.89972
-0.89898
-0.8987
-0.90054
-0.89794
-0.90146
-0.90022
-0.89946
-0.89818
-0.89752
-0.89948
-0.90114
-0.89912
-0.89572
-0.89712
-0.89788
-0.89646
-0.90036
-0.9001
-0.89436
-0.89406
-0.8984
-0.89722
-0.89482
-0.8963
-0.89974
-0.90302
-0.90154
-0.89934
-0.8951
-0.8958
-0.89712
-0.89734
-0.89634
-0.89434
-0.89634
-0.89782
-0.89126
-0.89452
-0.8946
-0.89886
-0.8992
-0.89586
-0.89896
-0.90468
-0.89606
-0.8971
-0.89642
-0.8948
-0.89766
-0.90004
-0.89692
-0.8995
-0.902
-0.8986
-0.90036
-0.90464
-0.89704
-0.88686
-0.89082
-0.8921
-0.8963
-0.89626
-0.89864
-0.90288
-0.89816
-0.89682
-0.89888
-0.898
-0.90172
-0.89716
-0.89478
-0.89996
-0.89824
-0.89806
-0.89578
-0.89964
-0.89772
-0.90042
-0.89726
-0.89522
-0.89608
-0.89968
-0.8936
-0.89792
-0.89738
-0.90068
-0.90082
-0.897
-0.8973
-0.90306
-0.8972
-0.89964
-0.90182
-0.89384
-0.89414
-0.90016
-0.89856
-0.89708
-0.90074
-0.89494
-0.89584
-0.89444
-0.89174
-0.89182
-0.89726
-0.89786
-0.8979
-0.89596
-0.89198
-0.89668
-0.89538
-0.89782
-0.89854
-0.8985
-0.89434
-0.8959
-0.89416
-0.89774
-0.8987
-0.90212
-0.89994
-0.8938
-0.89566
-0.89586
-0.89932
-0.89406
-0.901
-0.8996
-0.89672
-0.89378
-0.8972
-0.89728
-0.8981
-0.89594
-0.90046
-0.89298
-0.89726
-0.89776
-0.89642
-0.89608
-0.89436
-0.89638
-0.89816
-0.89896
-0.89852
-0.89938
-0.89566
-0.8956
-0.89358
-0.89666
-0.89284
-0.89554
-0.89898
-0.89452
-0.89868
-0.89652
-0.89786
-0.90018
-0.89426
-0.89596
-0.90144
-0.8991
-0.89258
-0.89366
-0.89634
-0.8963
-0.8984
-0.89568
-0.90074
-0.89816
-0.89944
-0.89784
-0.89856
-0.89882
-0.89914
-0.89898
-0.89848
-0.89616
-0.89784
-0.89564
-0.8953
-0.89538
-0.88958
-0.89104
-0.89526
-0.89858
-0.89846
-0.89118
-0.898
-0.89474
-0.8977
-0.8959
-0.89892
-0.90346
-0.89782
-0.89664
-0.89784
-0.89858
-0.89588
-0.89616
-0.9003
-0.89318
-0.89846
-0.90002
-0.89918
-0.89582
-0.89534
-0.8942
-0.89638
-0.90138
-0.90034
-0.89368
-0.89996
-0.89556
-0.8964
-0.89604
-0.896
-0.89732
-0.89584
-0.89968
-0.89138
-0.89404
-0.89142
-0.89294
-0.89614
-0.8947
-0.89476
-0.89618
-0.89342
-0.89772
-0.8933
-0.89306
-0.9022
-0.89982
-0.89758
-0.89922
-0.89798
-0.89822
-0.8983
-0.89638
-0.89678
-0.89734
-0.89608
-0.89906
-0.89772
-0.8991
-0.89872
-0.90188
-0.8983
-0.8984
-0.89426
-0.89608
-0.90018
-0.89722
-0.8953
-0.89798
-0.89328
-0.89878
-0.89852
-0.89756
-0.8952
-0.89688
-0.89508
-0.8962
-0.9019
-0.8956
-0.8966
-0.89624
-0.90222
-0.90142
-0.892
-0.9008
-0.89598
-0.89952
-0.8945
-0.8978
-0.89482
-0.88822
-0.9003
-0.89948
-0.89692
-0.89468
-0.89568
-0.89264
-0.89446
-0.8992
-0.8954
-0.89582
-0.89942
-0.89802
-0.89704
-0.89688
-0.89376
-0.8983
-0.89816
-0.89356
-0.9007
-0.89642
-0.89962
-0.89564
-0.89584
-0.89658
-0.8981
-0.89918
-0.89582
-0.89946
-0.89556
-0.89766
-0.90046
-0.89988
-0.8947
-0.89254
-0.89704
-0.89578
-0.89106
-0.89796
-0.90178
-0.8976
-0.89848
-0.89636
-0.89798
-0.89508
-0.89566
-0.8963
-0.90086
-0.90128
-0.89614
-0.89688
-0.89428
-0.89808
-0.89516
-0.90032
-0.89928
-0.89832
-0.89952
-0.89534
-0.89398
-0.89844
-0.8973
-0.89884
-0.90186
-0.89858
-0.89518
-0.89852
-0.89912
-0.90026
-0.89684
-0.89694
-0.89832
-0.899
-0.8989
-0.89166
-0.89486
-0.89796
-0.89814
-0.898
-0.89658
-0.89928
-0.90246
-0.902
-0.90078
-0.89516
-0.89758
-0.89672
-0.89634
-0.89762
-0.90064
-0.8947
-0.89518
-0.89814
-0.89208
-0.89496
-0.89246
-0.89712
-0.9011
-0.89958
-0.8982
-0.89398
-0.89452
-0.898
-0.89532
-0.89442
-0.89606
-0.90002
-0.899
-0.90158
-0.89636
-0.90088
-0.89378
-0.89362
-0.8983
-0.89212
-0.89834
-0.89752
-0.90076
-0.89864
-0.89662
-0.89724
-0.89442
-0.89274
-0.89992
-0.89996
-0.9
-0.89664
-0.89822
-0.89924
-0.8994
-0.90074
-0.90116
-0.90002
-0.89688
-0.89606
-0.8945
-0.89354
-0.89874
-0.90016
-0.90188
-0.90356
-0.89662
-0.89854
-0.89744
-0.89942
-0.89684
-0.89744
-0.8974
-0.89774
-0.89508
-0.89386
-0.89956
-0.89798
-0.89442
-0.89496
-0.89812
-0.89638
-0.90014
-0.8973
-0.8973
-0.89872
-0.89484
-0.89824
-0.89696
-0.8968
-0.897
-0.89628
-0.8968
-0.90164
-0.89924
-0.89908
-0.89628
-0.89732
-0.89386
-0.90072
-0.89486
-0.8966
-0.89816
-0.89874
-0.89596
-0.89622
-0.89838
-0.89232
-0.89402
-0.89704
-0.89418
-0.89948
-0.90078
-0.8985
-0.89452
-0.90062
-0.897
-0.90286
-0.89918
-0.89764
-0.89958
-0.90058
-0.89982
-0.89366
-0.89636
-0.89372
-0.89458
-0.89628
-0.89786
-0.89362
-0.90026
-0.8998
-0.89388
-0.90034
-0.89646
-0.8962
-0.89664
-0.89786
-0.89712
-0.898
-0.9048
-0.90054
-0.89848
-0.90214
-0.8975
-0.8964
-0.89802
-0.89608
-0.89728
-0.8941
-0.89334
-0.89726
-0.90076
-0.89562
-0.89988
-0.89808
-0.90166
-0.89692
-0.90056
-0.89834
-0.89348
-0.9034
-0.89952
-0.89484
