-0.14152
-0.14862
-0.13474
-0.14106
-0.15458
-0.13618
-0.13652
-0.12868
-0.13922
-0.15156
-0.13852
-0.13204
-0.14252
-0.13962
-0.13686
-0.14244
-0.1409
-0.14298
-0.13812
-0.12928
-0.13918
-0.13896
-0.14432
-0.14418
-0.13028
-0.13962
-0.15402
-0.13928
-0.13062
-0.1354
-0.13932
-0.13986
-0.13766
-0.12688
-0.1406
-0.1355
-0.14046
-0.1414
-0.12964
-0.14776
-0.13778
-0.1471
-0.14074
-0.14628
-0.13556
-0.12314
-0.13104
-0.12648
-0.14278
-0.14354
-0.13858
-0.12986
-0.1294
-0.14272
-0.13382
-0.12966
-0.13572
-0.13284
-0.13336
-0.15052
-0.14298
-0.14992
-0.12932
-0.13888
-0.13648
-0.1429
-0.13656
-0.144
-0.12388
-0.1207
-0.14012
-0.12882
-0.13738
-0.1458
-0.13798
-0.14188
-0.13494
-0.15026
-0.1505
-0.15078
-0.15138
-0.14202
-0.15054
-0.15258
-0.14418
-0.14768
-0.1438
-0.13514
-0.12828
-0.12898
-0.13912
-0.13736
-0.13636
-0.14196
-0.14902
-0.15968
-0.1398
-0.1513
-0.13116
-0.13558
-0.11998
-0.13238
-0.1283
-0.1443
-0.14382
-0.13912
-0.12824
-0.1213
-0.1352
-0.14212
-0.14032
-0.13298
-0.14174
-0.12296
-0.1305
-0.13172
-0.14708
-0.13916
-0.13388
-0.14844
-0.14792
-0.13122
-0.13528
-0.12456
-0.12984
-0.14648
-0.15148
-0.1487
-0.1278
-0.14432
-0.13306
-0.12668
-0.13716
-0.12912
-0.14074
-0.14208
-0.14348
-0.13696
-0.1367
-0.12616
-0.14402
-0.145
-0.15894
-0.1511
-0.13394
-0.14322
-0.147
-0.13844
-0.15044
-0.13764
-0.1324
-0.13098
-0.14554
-0.1391
-0.14206
-0.14564
-0.14608
-0.15014
-0.14508
-0.1277
-0.12932
-0.14454
-0.13756
-0.1355
-0.12862
-0.14088
-0.1401
-0.14376
-0.14124
-0.13738
-0.13974
-0.13656
-0.15382
-0.14956
-0.14358
-0.15794
-0.15772
-0.14588
-0.14682
-0.1303
-0.13756
-0.12612
-0.12076
-0.14572
-0.15004
-0.14596
-0.13826
-0.14188
-0.12864
-0.1257
-0.13148
-0.13696
-0.14774
-0.13614
-0.14524
-0.13696
-0.13944
-0.14866
-0.13398
-0.13306
-0.148
-0.13474
-0.14116
-0.12732
-0.1343
-0.13226
-0.14902
-0.14212
-0.1418
-0.1408
-0.1351
-0.13002
-0.14812
-0.14444
-0.13964
-0.1349
-0.13626
-0.13208
-0.16086
-0.1514
-0.12876
-0.13762
-0.14828
-0.13342
-0.13488
-0.14062
-0.13528
-0.12646
-0.13804
-0.139
-0.13042
-0.1546
-0.1468
-0.15136
-0.13728
-0.14394
-0.14734
-0.1289
-0.13054
-0.12394
-0.13342
-0.13994
-0.13644
-0.14252
-0.1519
-0.1483
-0.12928
-0.13438
-0.138
-0.13366
-0.1366
-0.13356
-0.13858
-0.13692
-0.1365
-0.13924
-0.14394
-0.13834
-0.1368
-0.12998
-0.12952
-0.13708
-0.1309
-0.13952
-0.13494
-0.13242
-0.1432
-0.13558
-0.13914
-0.13272
-0.1462
-0.14924
-0.15482
-0.1454
-0.13346
-0.13816
-0.13484
-0.13888
-0.14724
-0.14154
-0.13808
-0.14502
-0.1449
-0.13674
-0.13024
-0.14024
-0.12826
-0.14408
-0.13196
-0.1396
-0.13968
-0.13144
-0.14508
-0.13986
-0.13786
-0.14122
-0.13168
-0.14322
-0.14676
-0.13834
-0.14218
-0.13808
-0.1466
-0.13838
-0.15492
-0.14888
-0.13162
-0.1374
-0.13542
-0.13462
-0.14204
-0.14728
-0.13616
-0.1372
-0.1392
-0.13904
-0.13868
-0.135
-0.13622
-0.13972
-0.13342
-0.13442
-0.12014
-0.13358
-0.1316
-0.13238
-0.13854
-0.12008
-0.1396
-0.13874
-0.1434
-0.14818
-0.15336
-0.15354
-0.13264
-0.13738
-0.13408
-0.1389
-0.13344
-0.13334
-0.13642
-0.14
-0.1335
-0.1378
-0.13076
-0.13766
-0.146
-0.1447
-0.13316
-0.14184
-0.12772
-0.1449
-0.14448
-0.14198
-0.14266
-0.14542
-0.13384
-0.14288
-0.14464
-0.1473
-0.1386
-0.12816
-0.13134
-0.13134
-0.1362
-0.13198
-0.14218
-0.12846
-0.14184
-0.132
-0.13426
-0.13916
-0.12854
-0.1328
-0.13762
-0.1245
-0.12934
-0.13304
-0.14346
-0.14496
-0.155
-0.15238
-0.13858
-0.14402
-0.14302
-0.13444
-0.1366
-0.1368
-0.1425
-0.13012
-0.1474
-0.13142
-0.1387
-0.14252
-0.14434
-0.13332
-0.13972
-0.12226
-0.14434
-0.13318
-0.14042
-0.142
-0.13972
-0.15136
-0.14692
-0.15038
-0.1373
-0.137
-0.14914
-0.1411
-0.14154
-0.1442
-0.15114
-0.14094
-0.14056
-0.13892
-0.13268
-0.13192
-0.13664
-0.13842
-0.14256
-0.14486
-0.1336
-0.12686
-0.13652
-0.14572
-0.13426
-0.14286
-0.1365
-0.13872
-0.13462
-0.15282
-0.13364
-0.14454
-0.14088
-0.13794
-0.1387
-0.13128
-0.13082
-0.13916
-0.1308
-0.14248
-0.12502
-0.1472
-0.14196
-0.13968
-0.13594
-0.13
-0.14368
-0.14382
-0.14128
-0.14924
-0.14434
-0.13724
-0.14726
-0.14616
-0.1426
-0.1326
-0.12996
-0.1395
-0.13732
-0.12822
-0.13918
-0.13644
-0.1303
-0.13524
-0.13712
-0.1364
-0.1445
-0.14812
-0.14944
-0.1383
-0.13024
-0.12726
-0.14154
-0.15346
-0.14756
-0.13586
-0.14474
-0.1386
-0.13066
-0.13272
-0.13556
-0.14492
-0.14076
-0.13986
-0.13314
-0.1344
-0.12942
-0.12642
-0.1304
-0.13698
-0.13762
-0.1358
-0.13716
-0.13394
-0.1382
-0.12864
-0.1444
-0.14602
-0.1435
-0.13568
-0.1348
-0.14398
-0.15248
-0.1414
-0.14164
-0.13482
-0.1442
-0.13312
-0.13234
-0.12266
-0.12656
-0.13922
-0.12984
-0.12814
-0.13678
-0.14136
-0.1355
-0.12372
-0.13252
-0.12868
-0.12344
-0.13368
-0.13994
-0.148
-0.14174
-0.14616
-0.14788
-0.1394
-0.1354
-0.14148
-0.13594
-0.14098
-0.14074
-0.14088
-0.14036
-0.12956
-0.1344
-0.13236
-0.14524
-0.14324
-0.13498
-0.13954
-0.13024
-0.12824
-0.13898
-0.13608
-0.14928
-0.14188
-0.13816
-0.13884
-0.14172
-0.14644
-0.13654
-0.15104
-0.13868
-0.13462
-0.13244
-0.12834
-0.13472
-0.12788
-0.12808
-0.1229
-0.12934
-0.13428
-0.14326
-0.14544
-0.1488
-0.14252
-0.1391
-0.15282
-0.13566
-0.13362
-0.1276
-0.12964
-0.14212
-0.12904
-0.14182
-0.14856
-0.13526
-0.13636
-0.13948
-0.14614
-0.13478
-0.1287
-0.1488
-0.14434
-0.14692
-0.13788
-0.14776
-0.131
-0.13852
-0.14134
-0.15072
-0.13316
-0.13344
-0.15022
-0.1542
-0.13128
-0.1253
-0.133
-0.13172
-0.1394
-0.13008
-0.13986
-0.12378
-0.13932
-0.13802
-0.13402
-0.13742
-0.13234
-0.13932
-0.14416
-0.13862
-0.13926
-0.13594
-0.1298
-0.14454
-0.12554
-0.13118
-0.1495
-0.14736
-0.13608
-0.12604
-0.14408
-0.13658
-0.14326
-0.1423
-0.12586
-0.15468
-0.13738
-0.1342
-0.13186
-0.12666
-0.1382
-0.1302
-0.14072
-0.13884
-0.13714
-0.15372
-0.14484
-0.13636
-0.14816
-0.14148
-0.14266
-0.1438
-0.14062
-0.1359
-0.13302
-0.1409
-0.15062
-0.13152
-0.14738
-0.12916
-0.13036
-0.15144
-0.1472
-0.14054
-0.13098
-0.1502
-0.15232
-0.14462
-0.1338
-0.1394
-0.13236
-0.13836
-0.15184
-0.14154
-0.1345
-0.14254
-0.13406
-0.134
-0.14022
-0.14834
-0.14522
-0.14436
-0.14022
-0.14548
-0.1336
-0.13514
-0.1476
-0.13692
-0.13064
-0.13566
-0.15238
-0.1343
-0.13534
-0.14082
-0.13016
-0.1387
-0.13308
-0.13446
-0.13854
-0.14168
-0.1493
-0.14312
-0.13272
-0.1408
-0.14176
-0.13198
-0.13906
-0.14238
-0.14048
-0.14326
-0.13242
-0.12728
-0.13574
-0.13278
-0.11994
-0.12938
-0.12424
-0.13224
-0.143
-0.13926
-0.15
-0.13934
-0.13266
-0.125
-0.13458
-0.1401
-0.1458
-0.14326
-0.14646
-0.13784
-0.13956
-0.12688
-0.1328
-0.12468
-0.11972
-0.12054
-0.13538
-0.12802
-0.13764
-0.14056
-0.14526
-0.13944
-0.13944
-0.13602
-0.13738
-0.1466
-0.13752
-0.13518
-0.13756
-0.13202
-0.13348
-0.1443
-0.14466
-0.1354
-0.12862
-0.13716
-0.14012
-0.1359
-0.13316
-0.13472
-0.12998
-0.13438
-0.1445
-0.1405
-0.13336
-0.1462
-0.1309
-0.13304
-0.13596
-0.14282
-0.15012
-0.14352
-0.1432
-0.1425
-0.14716
-0.15136
-0.13162
-0.15288
-0.14138
-0.14376
-0.13884
-0.13088
-0.13322
-0.14002
-0.12806
-0.1304
-0.1339
-0.13716
-0.14492
-0.14172
-0.14738
-0.1505
-0.1358
-0.14556
-0.13832
-0.14518
-0.13732
-0.1495
-0.13162
-0.12632
-0.13522
-0.13142
-0.1307
-0.13082
-0.13884
-0.1263
-0.14256
-0.12256
-0.13498
-0.1363
-0.14158
-0.14268
-0.14624
-0.14024
-0.14804
-0.14448
-0.12876
-0.13478
-0.15104
-0.15612
-0.14498
-0.142
-0.12552
-0.14238
-0.13872
-0.1431
-0.15072
-0.14508
-0.14828
-0.12866
-0.13376
-0.14982
-0.14488
-0.14742
-0.13944
-0.12638
-0.13582
-0.14286
-0.13592
-0.13418
-0.1432
-0.12976
-0.14718
-0.14634
-0.13912
-0.13828
-0.1453
-0.13654
-0.13474
-0.12716
-0.13622
-0.13226
-0.13994
-0.13448
-0.13298
-0.13944
-0.14272
-0.14542
-0.14338
-0.14732
-0.14522
-0.14318
-0.14306
-0.13616
-0.13924
-0.13964
-0.12998
-0.14462
-0.13234
-0.14296
-0.1555
-0.1308
-0.13106
-0.1424
-0.13866
-0.12896
-0.1302
-0.14076
-0.1405
-0.13722
-0.13814
-0.12904
-0.13008
-0.13024
-0.13704
-0.14578
-0.14434
-0.13622
-0.14528
-0.13412
-0.13002
-0.1247
-0.13652
-0.1403
-0.15548
-0.13298
-0.13088
-0.14522
-0.13234
-0.13316
-0.12774
-0.1284
-0.13274
-0.1286
-0.13184
-0.13532
-0.14482
-0.14998
-0.14894
-0.1456
-0.14456
-0.13946
-0.138
-0.13884
-0.13716
-0.1287
-0.12836
-0.13588
-0.13538
-0.1318
-0.13174
-0.13372
-0.13686
-0.13488
-0.14654
-0.13744
-0.1449
-0.13444
-0.13526
-0.13056
-0.13436
-0.13516
-0.13564
-0.1359
-0.1385
-0.15
-0.13856
-0.13296
-0.1425
-0.13864
-0.1466
-0.143
-0.13634
-0.1515
-0.13952
-0.1454
-0.14086
-0.1375
-0.11822
-0.1311
-0.128
-0.14358
-0.1423
-0.14468
-0.13306
-0.13222
-0.13472
-0.15002
-0.1438
-0.1427
-0.1426
-0.14222
-0.14222
-0.13702
-0.13876
-0.15512
-0.14336
-0.14998
-0.13276
-0.1317
-0.1267
-0.12526
-0.1411
-0.13476
-0.14184
-0.15492
-0.13592
-0.13926
-0.1391
-0.13666
-0.13132
-0.13356
-0.13072
-0.12098
-0.13068
-0.13258
-0.14924
-0.15054
-0.1287
-0.13852
-0.13738
-0.13616
-0.1323
-0.13172
-0.14702
-0.1415
-0.1238
-0.13442
-0.13104
-0.13848
-0.13752
-0.13836
-0.14176
-0.14522
-0.14284
-0.14152
-0.13836
-0.13064
-0.14268
-0.13408
-0.14174
-0.1341
-0.1372
-0.1381
-0.14298
-0.14226
-0.14414
-0.15648
-0.14712
-0.1503
-0.14424
-0.1442
-0.1302
-0.131
-0.1269
-0.13034
-0.13128
-0.13554
-0.14492
-0.12994
-0.13682
-0.15136
-0.14318
-0.13282
-0.14028
-0.14884
-0.14754
-0.13984
-0.14458
-0.14524
-0.14858
-0.14144
-0.1356
-0.1399
-0.13972
-0.15378
-0.14214
-0.14098
-0.1332
-0.14102
-0.1352
-0.13268
-0.13134
-0.13756
-0.134
-0.13306
-0.1396
-0.13216
-0.14644
-0.13758
-0.13988
-0.1395
-0.14378
-0.1364
-0.1414
-0.132
-0.13884
-0.14176
-0.14046
-0.14744
-0.14584
-0.14192
-0.13744
-0.14562
-0.13394
-0.13812
-0.1323
-0.14904
-0.1425
-0.14112
-0.13758
-0.13426
-0.14062
-0.13602
-0.1433
-0.13852
-0.14054
-0.14582
-0.13318
-0.13
-0.14118
-0.15028
-0.13356
-0.1373
-0.12688
-0.13288
-0.14432
-0.13904
-0.14008
-0.12716
-0.1277
-0.12824
-0.13864
-0.14184
-0.135
-0.13388
-0.1229
-0.1465
-0.14336
-0.15138
-0.14172
-0.1401
-0.12328
-0.13894
-0.14178
-0.13884
-0.1341
-0.12916
-0.1409
-0.1428
-0.1416
-0.13674
-0.14124
-0.13908
-0.14506
-0.14056
-0.1453
-0.13214
-0.13982
-0.13664
-0.1275
-0.13728
-0.14332
-0.1267
-0.13684
-0.1394
-0.14364
-0.14138
-0.13312
-0.13464
-0.13772
-0.14264
-0.15422
-0.1411
-0.14032
-0.13072
-0.15304
-0.14178
-0.14588
-0.13942
-0.13092
-0.14642
-0.13436
-0.13984
-0.13396
-0.1366
-0.11724
-0.12722
-0.12438
-0.13614
-0.13794
-0.1429
-0.14074
-0.146
-0.14356
-0.1423
-0.14238
-0.13892
-0.14446
-0.1367
-0.13656
-0.13354
-0.13496
-0.14006
-0.13394
-0.1357
-0.1164
-0.14276
-0.13624
-0.13978
-0.13656
-0.12772
-0.14176
-0.1434
-0.14192
-0.13984
-0.14612
-0.13836
-0.137
-0.14236
-0.1395
-0.1305
-0.12566
-0.13208
-0.12506
-0.12798
-0.1363
-0.12518
-0.1307
-0.1346
-0.1382
-0.14306
-0.14008
-0.1529
-0.13556
-0.13258
-0.14112
-0.14436
-0.13622
-0.13792
-0.13992
-0.14126
-0.15204
-0.14304
-0.13908
-0.138
-0.1335
-0.12986
-0.13452
-0.14272
-0.13986
-0.14062
-0.1373
-0.13354
-0.13348
-0.14592
-0.12944
-0.12914
-0.1402
-0.14846
-0.13536
-0.13182
-0.12382
-0.1331
-0.13716
-0.14378
-0.15538
-0.14222
-0.14016
-0.13618
-0.14844
-0.1471
-0.1322
-0.13394
-0.12746
-0.1389
-0.13868
-0.13136
-0.13516
-0.13094
-0.1323
-0.13672
-0.14284
-0.13614
-0.1215
-0.13974
-0.13744
-0.1517
-0.1394
-0.12338
-0.14456
-0.1433
-0.1307
-0.13332
-0.139
-0.14286
-0.14242
-0.13762
-0.1425
-0.13032
-0.13738
-0.14616
-0.13916
-0.14388
-0.14428
-0.13426
-0.13184
-0.1421
-0.13772
-0.13854
-0.1369
-0.13292
-0.1425
-0.13632
-0.1374
-0.13054
-0.13464
-0.14082
-0.13852
-0.12124
-0.1387
-0.13724
-0.13816
-0.1476
-0.14092
-0.14662
-0.1497
-0.12786
-0.13776
-0.13348
-0.1394
-0.14158
-0.14254
-0.13004
-0.14296
-0.1378
-0.13888
-0.14236
-0.14376
-0.13954
-0.15336
-0.14176
-0.13596
-0.14098
-0.14742
-0.14798
-0.1223
-0.13602
-0.13782
-0.13
-0.13958
-0.13838
-0.1482
-0.14284
-0.13862
-0.13506
-0.14384
-0.13884
-0.13756
-0.1348
-0.14282
-0.12934
-0.143
-0.14118
-0.14304
-0.137
-0.13744
-0.1408
-0.14076
-0.15434
-0.14378
-0.13888
-0.13044
-0.13502
-0.13748
-0.1312
-0.14026
-0.13704
-0.13868
-0.13048
-0.15414
-0.1504
-0.14904
-0.14004
-0.1315
-0.13492
-0.13564
-0.13026
-0.13112
-0.13268
-0.13674
-0.13648
-0.13408
-0.12744
-0.1332
-0.13578
-0.13134
-0.12664
-0.13382
-0.147
-0.13996
-0.14342
-0.13086
-0.147
-0.12874
-0.14044
-0.13214
-0.13864
-0.14328
-0.13288
-0.13222
-0.1429
-0.13884
-0.15226
-0.13778
-0.12682
-0.1318
-0.12846
-0.13596
-0.13576
-0.14624
-0.14608
-0.14384
-0.13998
-0.13988
-0.13026
-0.1398
-0.13904
-0.13464
-0.13672
-0.133
-0.13958
-0.14898
-0.13726
-0.13786
-0.1359
-0.138
-0.13468
-0.14472
-0.1296
-0.12506
-0.13284
-0.1399
-0.14132
-0.13986
-0.15056
-0.14442
-0.14804
-0.15028
-0.14112
-0.12704
-0.13094
-0.12684
-0.14584
-0.13938
-0.13112
-0.13632
-0.13012
-0.1332
-0.13262
-0.13906
-0.152
-0.14356
-0.13522
-0.13564
-0.14084
-0.14424
-0.14526
-0.14032
-0.13172
-0.1424
-0.15124
-0.1451
-0.12578
-0.13432
-0.1334
-0.13734
-0.1347
-0.14136
-0.13986
-0.1394
-0.12922
-0.14554
-0.14558
-0.15798
-0.1489
-0.13796
-0.1427
-0.13486
-0.13212
-0.13736
-0.13708
-0.14222
-0.13578
-0.13962
-0.1397
-0.13574
-0.12836
-0.14526
-0.14068
-0.14368
-0.12422
-0.13706
-0.14092
-0.1399
-0.13726
-0.1387
-0.12886
-0.1319
-0.14686
-0.13022
-0.1324
-0.13918
-0.15042
-0.146
-0.12736
-0.13574
-0.1355
-0.14578
-0.1405
-0.13266
-0.12418
-0.13694
-0.13772
-0.14464
-0.1452
-0.14634
-0.14552
-0.13366
-0.13644
-0.1478
-0.1437
-0.14654
-0.14126
-0.1462
-0.13652
-0.12272
-0.13348
-0.12546
-0.14284
-0.13616
-0.1372
-0.13242
-0.12684
-0.13596
-0.13928
-0.12668
-0.1314
-0.1371
-0.14744
-0.13568
-0.14258
-0.14906
-0.13338
-0.12946
-0.14364
-0.1474
-0.1393
-0.13282
-0.14052
-0.13676
-0.13126
-0.14078
-0.13852
-0.13608
-0.1229
-0.14442
-0.13004
-0.13962
-0.12676
-0.14876
-0.14974
-0.13536
-0.14042
-0.14812
-0.14068
-0.14566
-0.1345
-0.1451
-0.14012
-0.13936
-0.14086
-0.14206
-0.1399
-0.14824
-0.13996
-0.13456
-0.13954
-0.1345
-0.1356
-0.13448
-0.13656
-0.13648
-0.1231
-0.13118
-0.13844
-0.14664
-0.145
-0.1381
-0.12446
-0.132
-0.13402
-0.13596
-0.14798
-0.13314
-0.12852
-0.14378
-0.13678
-0.1365
-0.13864
-0.1282
-0.14634
-0.14574
-0.14226
-0.13622
-0.13604
-0.1297
-0.12998
-0.12414
-0.13456
-0.14122
-0.1298
-0.13758
-0.14296
-0.14164
-0.13588
-0.13994
-0.13424
-0.14084
-0.1463
-0.13958
-0.13778
-0.1448
-0.14288
-0.13444
-0.13694
-0.13238
-0.13986
-0.15104
-0.1508
-0.15438
-0.14284
-0.13712
-0.129
-0.1308
-0.13698
-0.13338
-0.13862
-0.14438
-0.14532
-0.14212
-0.14862
-0.1313
-0.13716
-0.13844
-0.12454
-0.14406
-0.15244
-0.13784
-0.1413
-0.12692
-0.14866
-0.15096
-0.14336
-0.13624
-0.14
-0.13212
-0.14192
-0.13302
-0.14034
-0.14286
-0.13362
-0.1389
-0.13398
-0.14712
-0.143
-0.13958
-0.13948
-0.1486
-0.13532
-0.12604
-0.13732
-0.13676
-0.14168
-0.14556
-0.1414
-0.142
-0.12696
-0.1285
-0.12622
-0.12796
-0.13298
-0.13854
-0.14374
-0.14636
-0.14554
-0.13526
-0.13818
-0.14438
-0.13166
-0.12716
-0.13328
-0.14552
-0.14072
-0.14724
-0.14674
-0.1289
-0.14712
-0.13622
-0.13982
-0.14172
-0.13772
-0.13354
-0.13368
-0.13902
-0.1556
-0.13204
-0.14438
-0.12866
-0.14274
-0.13256
-0.12652
-0.14048
-0.14052
-0.1247
-0.1407
-0.138
-0.14054
-0.15634
-0.14344
-0.141
-0.14762
-0.14766
-0.14248
-0.12764
-0.13574
-0.14606
-0.1459
-0.14698
-0.13836
-0.14914
-0.14324
-0.13416
-0.13814
-0.1401
-0.1323
-0.13894
-0.13182
-0.14122
-0.1328
-0.13304
-0.12256
-0.13866
-0.1533
-0.1458
-0.14368
-0.12758
-0.14476
-0.13118
-0.13138
-0.147
-0.14112
-0.14316
-0.1531
-0.15264
-0.14054
-0.13174
-0.1382
-0.13246
-0.12934
-0.13736
-0.14326
-0.13826
-0.13056
-0.13586
-0.1331
-0.13394
-0.13476
-0.13726
-0.14416
-0.13494
-0.13412
-0.14938
-0.14388
-0.14292
-0.14112
-0.1388
-0.15238
-0.13882
-0.13036
-0.1452
-0.14808
-0.15342
-0.1445
-0.13688
-0.1439
-0.13444
-0.1397
-0.14268
-0.14934
-0.15048
-0.1483
-0.14994
-0.13808
-0.14482
-0.1435
-0.14986
-0.13882
-0.13824
-0.13522
-0.12736
-0.13838
-0.14224
-0.12658
-0.12178
-0.14932
-0.13052
-0.13988
-0.13958
-0.12158
-0.14482
-0.14492
-0.13226
-0.1337
-0.13528
-0.13838
-0.13994
-0.13776
-0.14092
-0.12648
-0.13374
-0.13562
-0.12572
-0.1298
-0.1356
-0.14092
-0.13254
-0.14322
-0.14378
-0.1428
-0.14168
-0.13914
-0.14274
-0.13864
-0.15102
-0.1181
-0.13126
-0.12056
-0.13178
-0.1537
-0.1364
-0.13882
-0.1355
-0.1412
-0.14436
-0.1421
-0.13354
-0.13906
-0.1335
-0.13308
-0.13016
-0.13374
-0.13892
-0.13762
-0.14498
-0.1416
-0.1276
-0.15252
-0.1485
-0.15374
-0.13096
-0.14368
-0.13912
-0.14644
-0.14036
-0.1424
-0.14776
-0.1403
-0.14116
-0.13676
-0.15158
-0.14316
-0.14214
-0.14188
-0.1497
-0.14064
-0.13268
-0.15284
-0.13326
-0.13416
-0.13508
-0.14162
-0.14064
-0.13024
-0.14866
-0.14392
-0.1342
-0.14226
-0.14776
-0.14762
-0.14576
-0.1431
-0.14822
-0.13938
-0.1277
-0.13148
-0.12504
-0.13074
-0.14542
-0.14482
-0.13924
-0.1315
-0.1391
-0.13734
-0.14054
-0.13228
-0.13756
-0.12414
-0.13878
-0.1368
-0.14428
-0.12968
-0.13824
-0.13324
-0.13384
-0.13262
-0.13852
-0.14798
-0.14262
-0.13398
-0.13382
-0.14558
-0.1339
-0.13684
-0.14408
-0.12996
-0.13958
-0.13626
-0.13778
-0.14224
-0.14356
-0.13376
-0.13796
-0.14286
-0.14086
-0.1325
-0.13524
-0.13226
-0.12652
-0.13268
-0.14728
-0.14172
-0.13582
-0.15202
-0.15342
-0.14794
-0.14706
-0.1332
-0.13796
-0.1268
-0.13912
-0.13432
-0.14058
-0.13004
-0.1426
-0.13804
-0.1429
-0.14458
-0.13728
-0.14192
-0.12644
-0.14474
-0.14476
-0.1352
-0.14008
-0.13624
-0.13396
-0.13182
-0.1417
-0.14656
-0.14148
-0.14002
-0.14238
-0.13618
-0.13732
-0.13508
-0.12632
-0.12212
-0.14708
-0.1381
-0.14118
-0.14718
-0.11732
-0.13726
-0.12944
-0.1372
-0.13558
-0.13272
-0.13976
-0.12584
-0.13984
-0.15262
-0.14202
-0.13848
-0.13656
-0.13038
-0.13704
-0.14216
-0.13546
-0.13268
-0.12362
-0.13646
-0.1323
-0.14112
-0.13844
-0.12434
-0.13858
-0.1279
-0.14148
-0.14354
-0.14074
-0.141
-0.13606
-0.15094
-0.137
-0.1448
-0.12968
-0.12928
-0.14138
-0.13662
-0.14512
-0.14106
-0.14054
-0.14788
-0.14144
-0.13724
-0.13696
-0.14118
-0.14882
-0.1465
-0.1455
-0.13602
-0.12918
-0.13446
-0.1365
-0.13672
-0.15128
-0.13278
-0.13624
-0.15648
-0.1473
-0.1379
-0.1306
-0.12694
-0.13282
-0.13672
-0.14658
-0.14312
-0.13104
-0.12498
-0.13266
-0.14226
-0.14254
-0.13302
-0.1368
-0.1401
-0.13804
-0.12916
-0.14534
-0.13716
-0.13358
-0.13078
-0.13192
-0.1329
-0.14848
-0.145
-0.15012
-0.12992
-0.13538
-0.12452
-0.12816
-0.1386
-0.13688
-0.13714
-0.1338
-0.14688
-0.13718
-0.15746
-0.14738
-0.1487
-0.1406
-0.13476
-0.15422
-0.1374
-0.13264
-0.14086
-0.14508
-0.1418
-0.13788
-0.13798
-0.14068
-0.13922
-0.14228
-0.13284
-0.1376
-0.12494
-0.13766
-0.13174
-0.143
-0.1394
-0.14202
-0.126
-0.13458
-0.13374
-0.13896
-0.12966
-0.13426
-0.14926
-0.14124
-0.1307
-0.1439
-0.13992
-0.14474
-0.1325
-0.14376
-0.14882
-0.13616
-0.1307
-0.14816
-0.14008
-0.13978
-0.13522
-0.13626
-0.13846
-0.15278
-0.14458
-0.1463
-0.15548
-0.14358
-0.12788
-0.13244
-0.12814
-0.13576
-0.1316
-0.1342
-0.13118
-0.1344
-0.13192
-0.1367
-0.14626
-0.15038
-0.1468
-0.14426
-0.13056
-0.1178
-0.14048
-0.13536
-0.12858
-0.13754
-0.13306
-0.13084
-0.14172
-0.13644
-0.13032
-0.13558
-0.14136
-0.13558
-0.1385
-0.14272
-0.14688
-0.14338
-0.15068
-0.14444
-0.13974
-0.14554
-0.13926
-0.14844
-0.13848
-0.13764
-0.14776
-0.15372
-0.1405
-0.13074
-0.13698
-0.14318
-0.13254
-0.13304
-0.1354
-0.1276
-0.13158
-0.13382
-0.15038
-0.1415
-0.14402
-0.12266
-0.13194
-0.14148
-0.12178
-0.1359
-0.13332
-0.13482
-0.1297
-0.13514
-0.13806
-0.15044
-0.14596
-0.13968
-0.1342
-0.14974
-0.14694
-0.13226
-0.13482
-0.1427
-0.13592
-0.13092
-0.14022
-0.12336
-0.14554
-0.14514
-0.12174
-0.1453
-0.14662
-0.14148
-0.13138
-0.14244
-0.1473
-0.13214
-0.13486
-0.1353
-0.12976
-0.13804
-0.14614
-0.13186
-0.1307
-0.13812
-0.14576
-0.13614
-0.13666
-0.1373
-0.12582
-0.142
-0.1414
-0.15246
-0.1344
-0.14314
-0.1468
-0.1397
-0.14
-0.14038
-0.14652
-0.14424
-0.13626
-0.12816
-0.13334
-0.13854
-0.14944
-0.14014
-0.13596
-0.13858
-0.15444
-0.15008
-0.13412
-0.14114
-0.13976
-0.14606
-0.12242
-0.13276
-0.14096
-0.12498
-0.13314
-0.13894
-0.14308
-0.13988
-0.13824
-0.15236
-0.14924
-0.15956
-0.13072
-0.13478
-0.14652
-0.15094
-0.13832
-0.1423
-0.14442
-0.12608
-0.1298
-0.12836
-0.12768
-0.13726
-0.12412
-0.13552
-0.13572
-0.12602
-0.12394
-0.12648
-0.13308
-0.1298
-0.13378
-0.14268
-0.12536
-0.13482
-0.13862
-0.141
-0.1423
-0.13832
-0.14066
-0.145
-0.1357
-0.1281
-0.1242
-0.12826
-0.131
-0.14218
-0.1414
-0.1378
-0.13786
-0.13422
-0.13632
-0.13952
-0.1403
-0.14028
-0.13468
-0.14026
-0.13722
-0.14116
-0.14796
-0.1483
-0.14556
-0.14956
-0.14886
-0.13814
-0.12836
-0.14324
-0.13898
-0.13692
-0.134
-0.13956
-0.1426
-0.13694
-0.1327
-0.13554
-0.1228
-0.14256
-0.1385
-0.15298
-0.14742
-0.1385
-0.1348
-0.13104
-0.1425
-0.13308
-0.14148
-0.14006
-0.1334
-0.13996
-0.14788
-0.143
-0.1318
-0.1422
-0.1207
-0.13954
-0.14038
-0.13312
-0.1464
-0.1337
-0.14756
-0.13524
-0.13882
-0.12804
-0.13202
-0.14266
-0.13084
-0.13246
-0.13602
-0.1398
-0.13316
-0.13354
-0.13638
-0.13568
-0.14664
-0.13864
-0.1374
-0.1429
-0.1341
-0.12924
-0.12478
-0.13814
-0.14034
-0.1395
-0.12742
-0.13836
-0.14466
-0.137
-0.1289
-0.14032
-0.13876
-0.1364
-0.1356
-0.14604
-0.1475
-0.14828
-0.13826
-0.15036
-0.13388
-0.14574
-0.13766
-0.13642
-0.13608
-0.15382
-0.15984
-0.143
-0.1472
-0.13748
-0.14418
-0.14104
-0.13748
-0.1406
-0.1396
-0.1309
-0.14116
-0.1443
-0.15096
-0.12944
-0.1373
-0.14924
-0.14898
-0.134
-0.13382
-0.14438
-0.15442
-0.14666
-0.13292
-0.1336
-0.13226
-0.13924
-0.11894
-0.13382
-0.13244
-0.13638
-0.13362
-0.13032
-0.1322
-0.1407
-0.13748
-0.1294
-0.12872
-0.14072
-0.13962
-0.14374
-0.14122
-0.13512
-0.12936
-0.14636
-0.135
-0.144
-0.15854
-0.13458
-0.14864
-0.12786
-0.1336
-0.13898
-0.1409
-0.1388
-0.15052
-0.13556
-0.13152
-0.13794
-0.13558
-0.13654
-0.13566
-0.13806
-0.15304
-0.13854
-0.14122
-0.1458
-0.14364
-0.13142
-0.1355
-0.13354
-0.14304
-0.14426
-0.13728
-0.13886
-0.14268
-0.13256
-0.13672
-0.13844
-0.14216
-0.13994
-0.14496
-0.1465
-0.13286
-0.13128
-0.13082
-0.13202
-0.13392
-0.14102
-0.13832
-0.1442
-0.1442
-0.13316
-0.13528
-0.13626
-0.14548
-0.12814
-0.14428
-0.14346
-0.14032
-0.14374
-0.1474
-0.15004
-0.13584
-0.13344
-0.1282
-0.13044
-0.15436
-0.14518
-0.13114
-0.12616
-0.13922
-0.13638
-0.1435
-0.12968
-0.13376
-0.14164
-0.13684
-0.12634
-0.13602
-0.13034
-0.13644
-0.13762
-0.12592
-0.14622
-0.14836
-0.15012
-0.14242
-0.14236
-0.13014
-0.12546
-0.1303
-0.13438
-0.1353
-0.13488
-0.12544
-0.12524
-0.13764
-0.1457
-0.14308
-0.13628
-0.13914
-0.13396
-0.1405
-0.14444
-0.14958
-0.1347
-0.1387
-0.1333
-0.13682
-0.1362
-0.14716
-0.14122
-0.12734
-0.13344
-0.13976
-0.1405
-0.1494
-0.14704
-0.14388
-0.13696
-0.13544
-0.13492
-0.13718
-0.13046
-0.13166
-0.13674
-0.13492
-0.13394
-0.11946
-0.11854
-0.13986
-0.13426
-0.15316
-0.13234
-0.1302
-0.14528
-0.13792
-0.1348
-0.13004
-0.13752
-0.14236
-0.13484
-0.13784
-0.15268
-0.14236
-0.14118
-0.12964
-0.13916
-0.13298
-0.1373
-0.1294
-0.13276
-0.1372
-0.14368
-0.14068
-0.14452
-0.1422
-0.14164
-0.139
-0.13542
-0.15216
-0.14302
-0.13932
-0.14398
-0.13602
-0.14434
-0.1436
-0.1329
-0.12284
-0.14076
-0.1291
-0.15146
-0.14356
-0.14964
-0.15142
-0.13964
-0.1481
-0.14724
-0.1499
-0.13748
-0.14042
-0.13458
-0.13172
-0.13268
-0.13316
-0.13916
-0.13288
-0.13416
-0.14662
-0.1489
-0.14664
-0.14656
-0.14364
-0.14358
-0.14476
-0.13882
-0.13254
-0.13512
-0.13856
-0.13194
-0.1433
-0.1357
-0.14064
-0.14458
-0.13698
-0.14472
-0.14854
-0.12786
-0.14248
-0.13302
-0.13356
-0.13802
-0.1389
-0.14578
-0.14244
-0.1486
-0.1379
-0.14498
-0.137
-0.14034
-0.1468
-0.1399
-0.13448
-0.13944
-0.13318
-0.14412
-0.13994
-0.15266
-0.14294
-0.15244
-0.14192
-0.14564
-0.14074
-0.13778
-0.13394
-0.15042
-0.14016
-0.14096
-0.13464
-0.13106
-0.13382
-0.13108
-0.13818
-0.13082
-0.13364
-0.12272
-0.1359
-0.14402
-0.13884
-0.14586
-0.14524
-0.15064
-0.14174
-0.13774
-0.14496
-0.14592
-0.1392
-0.14698
-0.14056
-0.12728
-0.14854
-0.13816
-0.12728
-0.14144
-0.14164
-0.14446
-0.14816
-0.12666
-0.13434
-0.13386
-0.1392
-0.15476
-0.14504
-0.13664
-0.14264
-0.13622
-0.13596
-0.12754
-0.13276
-0.13152
-0.13628
-0.15108
-0.13826
-0.13086
-0.13696
-0.13238
-0.14622
-0.14434
-0.12858
-0.13364
-0.14192
-0.13986
-0.13272
-0.1372
-0.13196
-0.12248
-0.12444
-0.12666
-0.1247
-0.1239
-0.12252
-0.13146
-0.14498
-0.1415
-0.1426
-0.1414
-0.14666
-0.14054
-0.13004
-0.14192
-0.14116
-0.13748
-0.14404
-0.1438
-0.13694
-0.14442
-0.12078
-0.12512
-0.13014
-0.13086
-0.1383
-0.15476
-0.13764
-0.13244
-0.13934
-0.14698
-0.14442
-0.14086
-0.13742
-0.14246
-0.13678
-0.15398
-0.1408
-0.14102
-0.13658
-0.13876
-0.14068
-0.14326
-0.1448
-0.14838
-0.14014
-0.13804
-0.13012
-0.14514
-0.13198
-0.12744
-0.13706
-0.14886
-0.13836
-0.14362
-0.13942
-0.13264
-0.13392
-0.12986
-0.14716
-0.15222
-0.14388
-0.13398
-0.1445
-0.1343
-0.13324
-0.13046
-0.14924
-0.13256
-0.1328
-0.13158
-0.12592
-0.14012
-0.13388
-0.12076
-0.12106
-0.12956
-0.1426
-0.14022
-0.14724
-0.14114
-0.13774
-0.13734
-0.12578
-0.13682
-0.13634
-0.13452
-0.14318
-0.13872
-0.13116
-0.12766
-0.1432
-0.13512
-0.13808
-0.1437
-0.14112
-0.14316
-0.14634
-0.133
-0.15026
-0.14142
-0.13668
-0.1323
-0.1305
-0.13272
-0.13658
-0.14548
-0.1398
-0.14174
-0.13838
-0.14202
-0.13756
-0.13606
-0.145
-0.14688
-0.1357
-0.14078
-0.1272
-0.14294
-0.14138
-0.13984
-0.12348
-0.12982
-0.14046
-0.14032
-0.14414
-0.13794
-0.12664
-0.13418
-0.1407
-0.13174
-0.14146
-0.13892
-0.14828
-0.15064
-0.15082
-0.1475
-0.15038
-0.1405
-0.13896
-0.1484
-0.14152
-0.1459
-0.1363
-0.13214
-0.13052
-0.13762
-0.13016
-0.13812
-0.1401
-0.14426
-0.13742
-0.11802
-0.14214
-0.1454
-0.13608
-0.13718
-0.12778
-0.12586
-0.12856
-0.13084
-0.13002
-0.1381
-0.13734
-0.14122
-0.13756
-0.14592
-0.1389
-0.14734
-0.13636
-0.14472
-0.14094
-0.14382
-0.14106
-0.13098
-0.1378
-0.14
-0.13324
-0.14852
-0.14088
-0.13618
-0.13112
-0.1368
-0.13052
-0.14562
-0.14044
-0.14374
-0.1374
-0.12904
-0.14424
-0.137
-0.14642
-0.14422
-0.13432
-0.1264
-0.1374
-0.13406
-0.13
-0.13194
-0.14076
-0.14262
-0.13102
-0.13774
-0.14374
-0.13096
-0.13766
-0.1397
-0.14436
-0.1331
-0.13242
-0.13874
-0.13444
-0.14464
-0.13936
-0.13032
-0.13786
-0.1367
-0.14028
-0.14662
-0.1513
-0.14084
-0.13462
-0.1251
-0.13796
-0.13932
-0.14786
-0.1421
-0.1452
-0.12644
-0.13648
-0.1521
-0.13748
-0.12842
-0.13258
-0.12916
-0.12774
-0.13456
-0.14204
-0.1307
-0.13482
-0.14558
-0.14436
-0.13124
-0.11418
-0.13362
-0.1391
-0.14508
-0.13854
-0.13954
-0.131
-0.13502
-0.1282
-0.14188
-0.14864
-0.12706
-0.1428
-0.14744
-0.15046
-0.13812
-0.14076
-0.14174
-0.13876
-0.13388
-0.14384
-0.1269
-0.1359
-0.13244
-0.1437
-0.13728
-0.13222
-0.14126
-0.14286
-0.13346
-0.13974
-0.1314
-0.13848
-0.13406
-0.1419
-0.13954
-0.15034
-0.14222
-0.1377
-0.13894
-0.13264
-0.13008
-0.14698
-0.13082
-0.1374
-0.14312
-0.14448
-0.13052
-0.13552
-0.1576
-0.13746
-0.1386
-0.12802
-0.14336
-0.134
-0.13698
-0.1359
-0.13136
-0.13262
-0.13628
-0.12852
-0.15096
-0.13902
-0.14586
-0.13914
-0.13832
-0.13854
-0.14106
-0.14084
-0.14654
-0.13746
-0.14406
-0.137
-0.135
-0.13676
-0.12964
-0.13372
-0.14116
-0.13744
-0.14334
-0.14316
-0.1468
-0.13612
-0.14438
-0.14612
-0.13574
-0.14296
-0.15156
-0.14232
-0.14064
-0.1384
-0.13462
-0.14836
-0.14388
-0.14562
-0.15738
-0.14814
-0.14612
-0.14928
-0.1488
-0.13454
-0.12878
-0.13306
-0.14952
-0.14592
-0.13356
-0.128
-0.14782
-0.13756
-0.1522
-0.14056
-0.12894
-0.13068
-0.15208
-0.14494
-0.12142
-0.14104
-0.14026
-0.14318
-0.1402
-0.14088
-0.14136
-0.13252
-0.13652
-0.1398
-0.13184
-0.12964
-0.13148
-0.13388
-0.1521
-0.14522
-0.13278
-0.14844
-0.14596
-0.12686
-0.13478
-0.1474
-0.14166
-0.13728
-0.15308
-0.13872
-0.12656
-0.14458
-0.13702
-0.15258
-0.13748
-0.13086
-0.13088
-0.12184
-0.14034
-0.1475
-0.14072
-0.13882
-0.13908
-0.14572
-0.14392
-0.15168
-0.13558
-0.13262
-0.12822
-0.14604
-0.14898
-0.14058
-0.13882
-0.13816
-0.13632
-0.14802
-0.13868
-0.13966
-0.14662
-0.14458
-0.14648
-0.14172
-0.14454
-0.15038
-0.14084
-0.14384
-0.1349
-0.1389
-0.14686
-0.13476
-0.1403
-0.1299
-0.14298
-0.13292
-0.14168
-0.13792
-0.15148
-0.14404
-0.14
-0.14016
-0.14274
-0.13344
-0.13462
-0.13466
-0.13478
-0.136
-0.13326
-0.13574
-0.1467
-0.13896
-0.14318
-0.15628
-0.13862
-0.12956
-0.12538
-0.12768
-0.12446
-0.12412
-0.13508
-0.13808
-0.15242
-0.14608
-0.13284
-0.13734
-0.13872
-0.13322
-0.1489
-0.13232
-0.12832
-0.12652
-0.13372
-0.12418
-0.13264
-0.1408
-0.14686
-0.14122
-0.13016
-0.13286
-0.13728
-0.14288
-0.1291
-0.14044
-0.12914
-0.13056
-0.13888
-0.14912
-0.13546
-0.12474
-0.13842
-0.14474
-0.15772
-0.1399
-0.13836
-0.13402
-0.1433
-0.13646
-0.13222
-0.133
-0.1379
-0.12858
-0.1317
-0.1306
-0.12572
-0.12858
-0.14388
-0.1373
-0.13468
-0.14852
-0.13698
-0.1395
-0.15156
-0.13824
-0.13902
-0.13968
-0.14756
-0.14478
-0.14124
-0.13676
-0.12734
-0.12886
-0.13274
-0.1387
-0.14082
-0.13666
-0.13346
-0.1323
-0.14036
-0.13142
-0.12948
-0.1336
-0.1334
-0.13196
-0.1365
-0.12492
-0.13378
-0.14296
-0.1547
-0.14428
-0.13868
-0.15252
-0.14114
-0.14664
-0.14002
-0.14654
-0.1477
-0.1422
-0.13504
-0.12994
-0.14004
-0.13758
-0.13278
-0.13182
-0.13506
-0.13368
-0.14614
-0.12964
-0.1382
-0.14414
-0.1292
-0.12786
-0.12926
-0.1318
-0.1434
-0.14008
-0.12898
-0.13032
-0.14062
-0.13578
-0.14368
-0.14594
-0.14236
-0.12122
-0.147
-0.14074
-0.1438
-0.12732
-0.1401
-0.1325
-0.1377
-0.13952
-0.13098
-0.1421
-0.14456
-0.14268
-0.1431
-0.14318
-0.1325
-0.13622
-0.13988
-0.13848
-0.13974
-0.14112
-0.1509
-0.15146
-0.14468
-0.14646
-0.14602
-0.143
-0.13416
-0.1384
-0.12442
-0.13868
-0.13348
-0.12666
-0.13226
-0.1291
-0.13792
-0.13678
-0.14678
-0.14216
-0.147
-0.15126
-0.12348
-0.14016
-0.13948
-0.12806
-0.13918
-0.1214
-0.12478
-0.1351
-0.14328
-0.14212
-0.1394
-0.13764
-0.13438
-0.14032
-0.13878
-0.14086
-0.14124
-0.12522
-0.12982
-0.13052
-0.13224
-0.12234
-0.14634
-0.14222
-0.1425
-0.14318
-0.14172
-0.13586
-0.13144
-0.13896
-0.13426
-0.14508
-0.13664
-0.15098
-0.15064
-0.13756
-0.12946
-0.13208
-0.129
-0.13814
-0.12948
-0.12478
-0.13796
-0.14406
-0.14678
-0.14854
-0.14802
-0.13054
-0.1414
-0.14114
-0.12898
-0.13734
-0.13518
-0.14066
-0.13824
-0.14076
-0.14406
-0.1427
-0.14994
-0.15658
-0.14572
-0.13292
-0.13238
-0.1377
-0.13404
-0.13694
-0.14022
-0.1166
-0.13056
-0.12904
-0.12908
-0.14772
-0.13916
-0.1373
-0.13752
-0.12904
-0.13404
-0.13704
-0.12804
-0.1227
-0.13124
-0.13094
-0.13774
-0.13144
-0.1401
-0.13318
-0.13804
-0.13948
-0.13852
-0.1292
-0.14152
-0.1463
-0.12312
-0.13524
-0.13934
-0.14174
-0.14182
-0.129
-0.13752
-0.1248
-0.13096
-0.15118
-0.13928
-0.16106
-0.1507
-0.14936
-0.14152
-0.14116
-0.132
-0.13114
-0.1301
-0.14118
-0.13788
-0.13112
-0.14506
-0.1539
-0.13702
-0.12726
-0.14214
-0.14456
-0.1491
-0.14264
-0.14172
-0.12852
-0.13378
-0.1113
-0.1216
-0.13748
-0.14366
-0.14392
-0.15094
-0.14762
-0.14206
-0.13884
-0.12842
-0.12748
-0.12864
-0.1311
-0.1379
-0.13148
-0.14594
-0.14942
-0.14444
-0.14464
-0.14016
-0.14568
-0.13248
-0.14176
-0.14236
-0.13426
-0.13714
-0.12732
-0.12842
-0.13766
-0.12462
-0.12792
-0.13748
-0.143
-0.15186
-0.13486
-0.13632
-0.13992
-0.14956
-0.13898
-0.139
-0.14258
-0.13008
-0.14506
-0.14688
-0.139
-0.13206
-0.14086
-0.13796
-0.13792
-0.1401
-0.14182
-0.14624
-0.14436
-0.1523
-0.13386
-0.13964
-0.14142
-0.13522
-0.13402
-0.13478
-0.1442
-0.13728
-0.1355
-0.14544
-0.12688
-0.13302
-0.12228
-0.13232
-0.1308
-0.12472
-0.14086
-0.13626
-0.13402
-0.1325
-0.13998
-0.14386
-0.14338
-0.13556
-0.14374
-0.13744
-0.139
-0.1502
-0.13454
-0.13324
-0.13756
-0.13376
-0.14272
-0.12686
-0.14064
-0.13102
-0.13548
-0.14938
-0.13974
-0.15776
-0.15106
-0.1548
-0.12698
-0.145
-0.14322
-0.1313
-0.1307
-0.12898
-0.14158
-0.13578
-0.1409
-0.14416
-0.14706
-0.15604
-0.13922
-0.13656
-0.13604
-0.13442
-0.13506
-0.13892
-0.13984
-0.1359
-0.13696
-0.14316
-0.14028
-0.14224
-0.132
-0.1402
-0.13068
-0.1312
-0.12356
-0.1381
-0.13496
-0.13858
-0.15036
-0.14698
-0.15854
-0.14548
-0.14738
-0.14386
-0.13098
-0.13284
-0.1481
-0.1425
-0.14906
-0.14792
-0.13762
-0.14012
-0.14002
-0.14084
-0.13364
-0.1336
-0.14386
-0.13882
-0.14576
-0.14654
-0.14768
-0.14574
-0.14352
-0.14542
-0.15112
-0.14968
-0.1308
-0.12858
-0.13594
-0.14872
-0.14818
-0.14652
-0.1333
-0.13712
-0.1313
-0.15706
-0.12582
-0.13744
-0.13826
-0.13514
-0.1433
-0.1489
-0.14608
-0.15238
-0.12482
-0.12608
-0.12956
-0.12306
-0.1253
-0.1317
-0.13294
-0.12408
-0.1348
-0.13488
-0.1471
-0.12816
-0.1342
-0.14732
-0.14364
-0.14112
-0.14362
-0.14214
-0.13726
-0.14228
-0.13594
-0.13402
-0.13804
-0.14696
-0.146
-0.13362
-0.1361
-0.13562
-0.13324
-0.13376
-0.13658
-0.13548
-0.1289
-0.1355
-0.14428
-0.1356
-0.13366
-0.13198
-0.132
-0.13438
-0.1278
-0.14012
-0.13568
-0.14736
-0.1498
-0.138
-0.13908
-0.14368
-0.1341
-0.13448
-0.13688
-0.1449
-0.14104
-0.13472
-0.1355
-0.1382
-0.14276
-0.14074
-0.14704
-0.1379
-0.13334
-0.12836
-0.13804
-0.14214
-0.15018
-0.15106
-0.13854
-0.13246
-0.13142
-0.12702
-0.13692
-0.13282
-0.13048
-0.14064
-0.13766
-0.14558
-0.1323
-0.15252
-0.14316
-0.14594
-0.13228
-0.1384
-0.13048
-0.13018
-0.14048
-0.1429
-0.15984
-0.14844
-0.15214
-0.1232
-0.13086
-0.14368
-0.1267
-0.12236
-0.13562
-0.15188
-0.15096
-0.1455
-0.13808
-0.14042
-0.1357
-0.1414
-0.13938
-0.13858
-0.13782
-0.13216
-0.14048
-0.146
-0.15226
-0.152
-0.14816
-0.1366
-0.14188
-0.15044
-0.14432
-0.13894
-0.12954
-0.12886
-0.13496
-0.13822
-0.13516
-0.13622
-0.13236
-0.1323
-0.13526
-0.13864
-0.12968
-0.13376
-0.13064
-0.1449
-0.1328
-0.13546
-0.1352
-0.14378
-0.15044
-0.131
-0.12476
-0.12808
-0.14008
-0.1286
-0.13454
-0.137
-0.13996
-0.13022
-0.14168
-0.14756
-0.1432
-0.1401
-0.13588
-0.14578
-0.14598
-0.14214
-0.14388
-0.12458
-0.12334
-0.1464
-0.14904
-0.12606
-0.14164
-0.13024
-0.14144
-0.14976
-0.1477
-0.1474
-0.1484
-0.13234
-0.14006
-0.14122
-0.1469
-0.14512
-0.1484
-0.13634
-0.13862
-0.14544
-0.15212
-0.14138
-0.13174
-0.13146
-0.12386
-0.13892
-0.13802
-0.1506
-0.14462
-0.1459
-0.12052
-0.12704
-0.1304
-0.13626
-0.14228
-0.14644
-0.13774
-0.12842
-0.141
-0.13468
-0.1424
-0.13168
-0.13868
-0.13144
-0.127
-0.13658
-0.13868
-0.12762
-0.13862
-0.1379
-0.1365
-0.11528
-0.12792
-0.13472
-0.12694
-0.13942
-0.1423
-0.13916
-0.1428
-0.13446
-0.1405
-0.12848
-0.13088
-0.13384
-0.12716
-0.13852
-0.14818
-0.14242
-0.13096
-0.13938
-0.13782
-0.13754
-0.13476
-0.15446
-0.13612
-0.14208
-0.14322
-0.14234
-0.13552
-0.13886
-0.13634
-0.12792
-0.14264
-0.13554
-0.128
-0.1351
-0.12798
-0.12596
-0.13786
-0.13796
-0.13764
-0.13866
-0.13796
-0.15216
-0.13998
-0.13458
-0.12822
-0.1149
-0.14176
-0.14266
-0.14236
-0.14334
-0.12794
-0.13312
-0.15006
-0.13698
-0.133
-0.15612
-0.14044
-0.13526
-0.1429
-0.12426
-0.1338
-0.14352
-0.14356
-0.14006
-0.14124
-0.1444
-0.13154
-0.1459
-0.14724
-0.13572
-0.13748
-0.13122
-0.13384
-0.1312
-0.1247
-0.139
-0.139
-0.13226
-0.14032
-0.13398
-0.13664
-0.14258
-0.12728
-0.12882
-0.1312
-0.13292
-0.14238
-0.13394
-0.14152
-0.13484
-0.13468
-0.1299
-0.14026
-0.13856
-0.14198
-0.1411
-0.1435
-0.14142
-0.14264
-0.1394
-0.14164
-0.1485
-0.12928
-0.12118
-0.14118
-0.14946
-0.14772
-0.14774
-0.13424
-0.13136
-0.13754
-0.14932
-0.14292
-0.13352
-0.1394
-0.14208
-0.14658
-0.12766
-0.1417
-0.1249
-0.13898
-0.15094
-0.13888
-0.14392
-0.14296
-0.13496
-0.13516
-0.13932
-0.14754
-0.13162
-0.13362
-0.13786
-0.12936
-0.13324
-0.12968
-0.13164
-0.12626
-0.11588
-0.14676
-0.1295
-0.1359
-0.13364
-0.13652
-0.1257
-0.13496
-0.14118
-0.13376
-0.14666
-0.147
-0.13994
-0.13912
-0.13554
-0.144
-0.14362
-0.1345
-0.13532
-0.13672
-0.13846
-0.13902
-0.1419
-0.14538
-0.13256
-0.14598
-0.14552
-0.13386
-0.1314
-0.12036
-0.13156
-0.12778
-0.131
-0.13562
-0.13238
-0.14126
-0.14082
-0.14622
-0.14752
-0.14936
-0.13536
-0.14536
-0.14274
