0.97546
0.9766
0.97534
0.97498
0.9758
0.97528
0.97616
0.9756
0.97736
0.97504
0.97568
0.975
0.97576
0.9774
0.9754
0.9752
0.97544
0.97666
0.97548
0.97626
0.97598
0.9762
0.97592
0.97568
0.97494
0.9755
0.97698
0.97644
0.976
0.97646
0.97472
0.9745
0.9763
0.97418
0.97442
0.97504
0.9732
0.97484
0.97598
0.97612
0.97642
0.9759
0.97396
0.97582
0.97518
0.97622
0.97448
0.97826
0.97496
0.97644
0.97476
0.97514
0.97676
0.97484
0.974
0.97668
0.97608
0.9747
0.97488
0.97774
0.9758
0.97542
0.97702
0.97464
0.97618
0.97588
0.9775
0.9758
0.97556
0.97676
0.97634
0.97656
0.9762
0.97684
0.97554
0.97624
0.97528
0.97464
0.97548
0.97498
0.97628
0.9758
0.97644
0.9761
0.97766
0.9752
0.97576
0.9765
0.9749
0.97434
0.97584
0.97598
0.97676
0.9761
0.9753
0.97568
0.97644
0.9755
0.97466
0.97484
0.9754
0.97692
0.97668
0.9772
0.97754
0.97768
0.97572
0.97508
0.97532
0.976
0.9754
0.97734
0.97596
0.9756
0.976
0.9748
0.97626
0.97638
0.97442
0.97596
0.97636
0.976
0.9755
0.97604
0.97614
0.97536
0.97468
0.97628
0.97564
0.97614
0.9743
0.97736
0.97504
0.97694
0.97538
0.97702
0.97492
0.976
0.97482
0.97602
0.97378
0.97536
0.97418
0.97576
0.9766
0.97606
0.97612
0.976
0.97602
0.97516
0.97516
0.97496
0.97496
0.97538
0.9747
0.97478
0.97426
0.97516
0.97698
0.97478
0.97528
0.97702
0.97558
0.97572
0.9752
0.9751
0.97666
0.97616
0.97582
0.97584
0.9757
0.97628
0.97562
0.97592
0.9757
0.97604
0.97666
0.97684
0.9763
0.9762
0.97538
0.97664
0.97634
0.9753
0.97584
0.97464
0.97672
0.97716
0.97608
0.9771
0.97548
0.97322
0.97576
0.97516
0.97696
0.97474
0.97734
0.97504
0.9762
0.97492
0.97588
0.97662
0.97584
0.97666
0.97568
0.9776
0.9766
0.9746
0.9749
0.97616
0.97764
0.97672
0.97528
0.97658
0.97424
0.97584
0.97664
0.9761
0.97602
0.9773
0.97664
0.97538
0.97446
0.975
0.9748
0.97368
0.97736
0.9769
0.97694
0.97456
0.97554
0.97638
0.97576
0.97606
0.97686
0.97654
0.9754
0.97734
0.97606
0.9768
0.97578
0.97556
0.97598
0.97702
0.97494
0.9754
0.97734
0.97444
0.97466
0.97646
0.97576
0.97574
0.97524
0.97448
0.97688
0.97598
0.97642
0.9753
0.97648
0.9776
0.97658
0.97524
0.97436
0.97564
0.97464
0.97488
0.97682
0.97592
0.97516
0.9749
0.97606
0.97518
0.97634
0.9743
0.9751
0.97526
0.97554
0.97606
0.97638
0.97624
0.97654
0.97454
0.9746
0.97664
0.97492
0.97702
0.97632
0.97672
0.97592
0.97484
0.97638
0.9767
0.97538
0.97556
0.97684
0.97528
0.97594
0.97538
0.97616
0.97702
0.97538
0.97578
0.97534
0.975
0.97426
0.97658
0.9768
0.9754
0.97594
0.97582
0.9765
0.97582
0.97638
0.97474
0.97574
0.97682
0.9761
0.97542
0.97582
0.97546
0.9762
0.97714
0.97444
0.97688
0.97544
0.97644
0.9762
0.977
0.97522
0.9765
0.97548
0.97642
0.97626
0.97506
0.97574
0.9756
0.97608
0.97604
0.97528
0.97542
0.97494
0.97556
0.97558
0.97584
0.97782
0.97714
0.97568
0.97518
0.97628
0.97562
0.97562
0.9757
0.97468
0.9754
0.9759
0.97656
0.97622
0.97502
0.9757
0.97616
0.97612
0.97564
0.97674
0.9754
0.97622
0.97696
0.97502
0.976
0.97672
0.97648
0.97434
0.97658
0.97564
0.97514
0.9784
0.97546
0.97668
0.97468
0.97318
0.97626
0.9767
0.9754
0.97536
0.97436
0.97594
0.97594
0.97608
0.97526
0.97434
0.97604
0.97614
0.97654
0.9764
0.97366
0.97536
0.97664
0.97614
0.97718
0.97656
0.97596
0.97584
0.97448
0.97574
0.97612
0.97534
0.97648
0.97786
0.97518
0.97548
0.97538
0.97614
0.976
0.97646
0.97668
0.97482
0.97484
0.97538
0.97714
0.9749
0.97538
0.97564
0.97624
0.97724
0.97652
0.9751
0.97572
0.97598
0.97588
0.97658
0.97574
0.97596
0.97516
0.976
0.97634
0.9753
0.97592
0.97604
0.97648
0.97726
0.97522
0.97428
0.97524
0.97544
0.97386
0.9761
0.97634
0.97446
0.9757
0.97506
0.97614
0.97474
0.97624
0.9752
0.97496
0.97506
0.9761
0.9766
0.97618
0.9755
0.976
0.9748
0.97544
0.97468
0.97424
0.97518
0.97492
0.97522
0.97436
0.97518
0.97728
0.97522
0.97598
0.9758
0.97486
0.97576
0.97598
0.97536
0.97538
0.97634
0.97702
0.97612
0.976
0.97508
0.97594
0.97562
0.97672
0.97578
0.97408
0.97542
0.97554
0.97512
0.97488
0.97588
0.97574
0.9755
0.97612
0.97638
0.975
0.976
0.97758
0.97644
0.97634
0.9757
0.9761
0.97482
0.9763
0.97764
0.97398
0.97462
0.97596
0.97554
0.9765
0.9758
0.97616
0.97638
0.97666
0.97406
0.97496
0.97576
0.97678
0.97672
0.97716
0.97632
0.97528
0.97586
0.97598
0.97464
0.97594
0.9761
0.97676
0.9759
0.9756
0.97498
0.97612
0.97488
0.9749
0.97758
0.97404
0.97398
0.9747
0.97736
0.97584
0.97604
0.97562
0.97492
0.97618
0.9748
0.97518
0.97518
0.97598
0.9762
0.97476
0.97492
0.97518
0.97474
0.97638
0.97536
0.9752
0.9771
0.97564
0.97558
0.97614
0.9767
0.97648
0.97596
0.9765
0.97608
0.97394
0.97762
0.97646
0.9755
0.97624
0.97672
0.97636
0.97608
0.97496
0.97676
0.97524
0.97518
0.97596
0.97502
0.97634
0.97638
0.97684
0.97524
0.97582
0.97614
0.97738
0.97442
0.97582
0.97452
0.97554
0.9771
0.97498
0.97606
0.97494
0.9753
0.97586
0.97602
0.97516
0.97742
0.97458
0.9752
0.97792
0.97614
0.97484
0.97524
0.9771
0.97454
0.97652
0.9767
0.97474
0.97736
0.97674
0.97688
0.9762
0.97554
0.97592
0.97684
0.97736
0.97552
0.97328
0.97552
0.9756
0.97572
0.97518
0.9769
0.9746
0.97694
0.97574
0.97756
0.97618
0.97648
0.9754
0.97536
0.97682
0.97668
0.97562
0.97582
0.9745
0.97634
0.97626
0.97598
0.97636
0.97622
0.97502
0.9772
0.97452
0.97608
0.9755
0.97624
0.97612
0.97554
0.97566
0.97756
0.97668
0.97624
0.97534
0.97636
0.97624
0.97426
0.97536
0.97516
0.97564
0.97518
0.97598
0.97446
0.97632
0.97598
0.9761
0.9752
0.97738
0.97492
0.97514
0.9755
0.97562
0.97656
0.97606
0.97516
0.97634
0.97538
0.97634
0.9748
0.97624
0.97418
0.97502
0.97546
0.97586
0.97442
0.9771
0.97508
0.97568
0.97634
0.97532
0.97528
0.97616
0.9771
0.97558
0.97414
0.97502
0.97668
0.97728
0.9746
0.97526
0.97668
0.97636
0.97434
0.97628
0.9753
0.97686
0.9751
0.97614
0.97494
0.97442
0.97548
0.97476
0.97604
0.9757
0.97628
0.97534
0.9771
0.97552
0.97578
0.97592
0.97554
0.97436
0.97596
0.97604
0.97364
0.97514
0.9747
0.97582
0.9745
0.97538
0.97546
0.97634
0.97562
0.9766
0.9771
0.9759
0.97578
0.97564
0.97384
0.97472
0.97366
0.97636
0.97768
0.97406
0.97536
0.97678
0.97634
0.97512
0.97666
0.97554
0.97454
0.97514
0.97504
0.9746
0.9748
0.97652
0.97472
0.97514
0.97552
0.97604
0.97604
0.97518
0.97466
0.97538
0.97624
0.97446
0.97574
0.97548
0.97656
0.97634
0.97678
0.97778
0.97524
0.9765
0.97608
0.97678
0.97522
0.9769
0.9746
0.97486
0.977
0.9748
0.97618
0.97642
0.97506
0.97756
0.9754
0.97542
0.97584
0.97514
0.97522
0.9755
0.97666
0.9766
0.97562
0.97632
0.9754
0.97544
0.97514
0.97564
0.97466
0.97668
0.9743
0.97458
0.97708
0.97562
0.97642
0.97656
0.9769
0.97698
0.97542
0.97554
0.97452
0.97682
0.97362
0.9745
0.97552
0.97514
0.97672
0.9752
0.97514
0.97568
0.97514
0.97592
0.97716
0.97564
0.97562
0.97632
0.975
0.97366
0.97558
0.9766
0.97642
0.97586
0.97496
0.975
0.97606
0.97588
0.97592
0.9761
0.97492
0.97622
0.97646
0.9745
0.97562
0.97432
0.974
0.97708
0.97532
0.97576
0.97492
0.97674
0.97506
0.97646
0.9769
0.97634
0.97528
0.9754
0.97522
0.9738
0.97554
0.97694
0.97498
0.97606
0.97636
0.97484
0.97486
0.9754
0.97624
0.97566
0.97266
0.97586
0.97844
0.97536
0.9767
0.97556
0.97636
0.97698
0.97478
0.97528
0.97682
0.97728
0.97604
0.97432
0.9765
0.97554
0.9763
0.97696
0.97666
0.97652
0.97394
0.97648
0.97586
0.9762
0.97426
0.97574
0.97512
0.97666
0.97574
0.97688
0.9752
0.97644
0.97508
0.9755
0.97616
0.97532
0.97644
0.97646
0.9757
0.97524
0.9752
0.9754
0.9749
0.97536
0.9748
0.97664
0.97596
0.97598
0.97556
0.9762
0.97546
0.9749
0.97544
0.97628
0.97538
0.97584
0.9771
0.97654
0.97578
0.97402
0.97586
0.9758
0.97614
0.97364
0.97584
0.97482
0.97462
0.975
0.9765
0.97606
0.9766
0.97572
0.9749
0.9755
0.97602
0.97542
0.97662
0.97612
0.97606
0.97652
0.97524
0.9779
0.97732
0.97538
0.97562
0.97544
0.97634
0.97724
0.97704
0.97628
0.97734
0.97572
0.97278
0.97396
0.97682
0.97554
0.9759
0.9754
0.97726
0.9763
0.97552
0.97502
0.97538
0.97438
0.9751
0.97524
0.97552
0.97544
0.97548
0.97692
0.97678
0.97624
0.97362
0.97686
0.97532
0.97598
0.97636
0.97444
0.97716
0.97818
0.97502
0.97638
0.97544
0.97722
0.97594
0.97582
0.97566
0.9758
0.9762
0.97458
0.97626
0.97614
0.9754
0.97616
0.97648
0.97388
0.97534
0.97568
0.97538
0.97566
0.97536
0.97528
0.97474
0.9756
0.9757
0.97618
0.97438
0.97522
0.97478
0.97686
0.97616
0.9751
0.97538
0.9749
0.9751
0.97624
0.97688
0.97532
0.9761
0.97542
0.97678
0.97426
0.97784
0.97652
0.977
0.97524
0.97432
0.9755
0.97484
0.97626
0.97694
0.97486
0.97582
0.97584
0.97542
0.97522
0.97562
0.97684
0.97638
0.97564
0.97584
0.9769
0.97572
0.97492
0.97588
0.97632
0.97596
0.97692
0.97698
0.97566
0.9758
0.97742
0.97654
0.977
0.97648
0.97732
0.9765
0.97784
0.97682
0.97586
0.97528
0.9779
0.97436
0.97728
0.97516
0.97526
0.9758
0.97716
0.97678
0.97628
0.97668
0.97582
0.97652
0.97658
0.97702
0.97508
0.9754
0.97474
0.97612
0.97696
0.9763
0.97506
0.97604
0.97618
0.9755
0.97562
0.9769
0.97672
0.97652
0.97716
0.97522
0.97602
0.97476
0.9752
0.97416
0.9761
0.97486
0.9769
0.97596
0.97592
0.97574
0.975
0.97524
0.97392
0.97586
0.97572
0.9763
0.97382
0.97476
0.9768
0.9759
0.97646
0.97556
0.97796
0.97586
0.9773
0.97442
0.97562
0.97608
0.97538
0.9762
0.97594
0.97586
0.97628
0.97584
0.97774
0.97554
0.97504
0.97576
0.97668
0.97566
0.97564
0.97548
0.97754
0.97548
0.97656
0.97582
0.97578
0.97448
0.9751
0.97492
0.97654
0.9769
0.9745
0.97492
0.97562
0.97612
0.97482
0.97538
0.97642
0.97458
0.97608
0.97584
0.97588
0.97584
0.97538
0.97604
0.97582
0.97552
0.97544
0.97426
0.9759
0.976
0.97576
0.97576
0.97406
0.97566
0.97432
0.97502
0.97486
0.97646
0.97544
0.97538
0.97586
0.97588
0.97746
0.97606
0.9753
0.97538
0.9755
0.97472
0.97594
0.9745
0.975
0.97684
0.97476
0.97628
0.97742
0.97722
0.97548
0.97606
0.97564
0.97726
0.97606
0.97498
0.97652
0.97658
0.97514
0.97722
0.97524
0.97448
0.97642
0.977
0.97736
0.97608
0.9758
0.9744
0.9759
0.97514
0.97542
0.97472
0.9766
0.974
0.9743
0.97368
0.97706
0.97666
0.97446
0.97654
0.97476
0.97608
0.97552
0.97588
0.97568
0.97534
0.97564
0.97628
0.97642
0.97706
0.97454
0.97458
0.97656
0.97588
0.97716
0.97686
0.97552
0.9776
0.97532
0.9759
0.97562
0.97596
0.97784
0.97558
0.97598
0.97626
0.9754
0.97594
0.97668
0.97556
0.97606
0.97658
0.97364
0.9757
0.9759
0.97642
0.97526
0.97512
0.97618
0.97538
0.9757
0.9764
0.97618
0.97462
0.97644
0.97658
0.97586
0.97708
0.97506
0.97576
0.9769
0.97564
0.97556
0.97618
0.97382
0.97638
0.97622
0.97618
0.97646
0.97708
0.97646
0.9753
0.97618
0.97418
0.97598
0.97482
0.97456
0.97422
0.97432
0.9745
0.97518
0.9745
0.97582
0.97594
0.97508
0.9746
0.97604
0.97538
0.97438
0.97508
0.97606
0.97522
0.97544
0.97446
0.97468
0.97544
0.9754
0.97648
0.97642
0.97656
0.9768
0.97634
0.97598
0.97678
0.97414
0.97606
0.97584
0.97452
0.97582
0.97556
0.97602
0.97588
0.9761
0.97572
0.97558
0.97506
0.97566
0.97698
0.97678
0.97578
0.97588
0.97624
0.9765
0.9768
0.97654
0.97428
0.97668
0.9743
0.97588
0.97832
0.97638
0.97654
0.97408
0.97576
0.9755
0.97646
0.97418
0.97542
0.9753
0.97452
0.97646
0.97526
0.97568
0.97564
0.97418
0.97588
0.97614
0.97518
0.9754
0.97586
0.97594
0.97454
0.97708
0.97638
0.97522
0.97514
0.97574
0.97674
0.97536
0.97464
0.97668
0.97584
0.97646
0.97506
0.97686
0.97648
0.97682
0.9752
0.9755
0.97718
0.97536
0.97578
0.97596
0.97604
0.976
0.9761
0.97508
0.97472
0.97532
0.97516
0.97358
0.97688
0.9767
0.97406
0.976
0.97616
0.97556
0.97514
0.97516
0.97628
0.97484
0.97508
0.97602
0.9764
0.9761
0.97728
0.97606
0.97666
0.97808
0.97564
0.97536
0.97316
0.97582
0.97604
0.97686
0.97454
0.97502
0.97422
0.9765
0.9739
0.97596
0.9749
0.97536
0.97574
0.97524
0.97482
0.97576
0.97448
0.9762
0.97716
0.9759
0.9754
0.9764
0.9738
0.97568
0.9741
0.97554
0.97546
0.97626
0.97586
0.9766
0.9764
0.9755
0.97654
0.97608
0.97482
0.97526
0.97534
0.97612
0.97422
0.97542
0.975
0.97706
0.97654
0.97594
0.97548
0.97706
0.9761
0.9751
0.97392
0.97546
0.97692
0.9766
0.97604
0.9767
0.9757
0.97446
0.97772
0.97694
0.97712
0.9774
0.97646
0.97514
0.97704
0.97676
0.97524
0.97634
0.97528
0.9752
0.9757
0.97694
0.97488
0.97598
0.97546
0.97424
0.9759
0.97646
0.9773
0.97778
0.97586
0.97716
0.97634
0.97476
0.975
0.97592
0.97672
0.97434
0.97572
0.97552
0.97766
0.97526
0.97622
0.97726
0.97622
0.97622
0.97606
0.97428
0.97704
0.97482
0.97534
0.97672
0.97504
0.97582
0.97632
0.9752
0.97538
0.97616
0.97544
0.97612
0.97506
0.97656
0.97462
0.97544
0.97582
0.97496
0.97586
0.97594
0.97586
0.97542
0.97544
0.97466
0.9764
0.97618
0.97512
0.97668
0.97464
0.97534
0.97586
0.97594
0.97868
0.97504
0.97642
0.97604
0.97552
0.97384
0.97596
0.97634
0.97514
0.9755
0.97516
0.97502
0.97512
0.97572
0.97686
0.97664
0.9759
0.97618
0.97634
0.97642
0.9759
0.97678
0.97544
0.97616
0.97516
0.97308
0.97748
0.9762
0.97636
0.97594
0.97622
0.97582
0.9757
0.97694
0.97516
0.9762
0.97648
0.97322
0.97742
0.97626
0.97486
0.97646
0.97448
0.97476
0.97606
0.97488
0.97596
0.9746
0.9761
0.97492
0.9735
0.9749
0.97458
0.97608
0.97714
0.97824
0.97474
0.97472
0.97632
0.97466
0.976
0.97622
0.97752
0.97508
0.97602
0.97746
0.97604
0.9771
0.97604
0.97642
0.9748
0.9771
0.97762
0.97732
0.97502
0.97616
0.97612
0.97656
0.976
0.9758
0.97572
0.9759
0.97734
0.97578
0.97574
0.97544
0.97404
0.9761
0.9757
0.97542
0.97514
0.97502
0.97454
0.97482
0.97594
0.97698
0.9768
0.9761
0.97524
0.97608
0.97434
0.97536
0.97646
0.97666
0.97526
0.9766
0.97746
0.9764
0.97538
0.97318
0.97658
0.97578
0.97516
0.97472
0.97578
0.97538
0.97554
0.97492
0.9765
0.97436
0.9768
0.97486
0.97566
0.9769
0.97612
0.97684
0.97514
0.9753
0.9747
0.9756
0.9769
0.97562
0.97522
0.97446
0.97558
0.97566
0.9744
0.97438
0.97396
0.97694
0.97626
0.9757
0.9753
0.97512
0.97462
0.97568
0.97684
0.97536
0.97356
0.97608
0.97476
0.97616
0.97486
0.97578
0.9765
0.9765
0.977
0.97622
0.9771
0.97596
0.97586
0.97718
0.97538
0.97518
0.97394
0.97786
0.97552
0.97702
0.97596
0.97592
0.9752
0.97692
0.9754
0.97722
0.97524
0.97618
0.97662
0.97652
0.97568
0.97516
0.97468
0.97708
0.97644
0.9768
0.97574
0.97708
0.97646
0.97538
0.9745
0.97704
0.9761
0.97428
0.97554
0.97618
0.97594
0.97608
0.97552
0.97572
0.975
0.9775
0.97668
0.97536
0.9769
0.97646
0.97542
0.97694
0.97494
0.97682
0.97668
0.97694
0.97522
0.97734
0.9747
0.9756
0.97534
0.9771
0.97644
0.97488
0.97506
0.9751
0.97576
0.97544
0.97518
0.97478
0.97654
0.976
0.97556
0.97618
0.9772
0.97412
0.9753
0.9755
0.97582
0.97658
0.97604
0.97554
0.9766
0.97652
0.97646
0.97616
0.97582
0.97664
0.97422
0.97444
0.97578
0.97566
0.97532
0.97636
0.9777
0.97762
0.97568
0.9766
0.9765
0.97602
0.97696
0.97468
0.97446
0.97516
0.97522
0.97632
0.97654
0.97656
0.97524
0.97576
0.97662
0.97546
0.9754
0.97602
0.97504
0.97528
0.97428
0.97654
0.97532
0.97544
0.97672
0.97642
0.97578
0.97494
0.97668
0.97642
0.97544
0.97444
0.97596
0.977
0.97594
0.97488
0.97458
0.97702
0.97636
0.97484
0.97524
0.9735
0.97446
0.97572
0.9766
0.97488
0.97582
0.97486
0.97558
0.97708
0.97476
0.97492
0.97542
0.97666
0.97494
0.97612
0.97622
0.97532
0.97684
0.9757
0.97594
0.97654
0.97544
0.97568
0.97694
0.97468
0.9745
0.97646
0.9752
0.97642
0.97476
0.97564
0.97588
0.97584
0.97528
0.9742
0.97658
0.97502
0.97524
0.9754
0.97578
0.97562
0.97614
0.97544
0.97506
0.97634
0.97638
0.9756
0.97628
0.97598
0.97544
0.97632
0.97598
0.97506
0.97452
0.97704
0.97596
0.97652
0.97654
0.97572
0.97502
0.97802
0.97594
0.97572
0.9752
0.97558
0.97528
0.97444
0.9759
0.9758
0.97618
0.97418
0.97688
0.97744
0.97712
0.9756
0.9749
0.9741
0.97546
0.9763
0.97512
0.97506
0.97534
0.97394
0.97548
0.97506
0.9758
0.97632
0.97546
0.97428
0.97748
0.97596
0.97518
0.97588
0.97642
0.97642
0.97584
0.97688
0.97462
0.97566
0.97644
0.97656
0.97498
0.97554
0.97568
0.97518
0.97554
0.97572
0.97562
0.97472
0.97666
0.97542
0.97546
0.9752
0.97528
0.97674
0.977
0.976
0.97576
0.97586
0.97694
0.97524
0.97596
0.97578
0.9768
0.97476
0.97628
0.97642
0.97744
0.97676
0.9746
0.9751
0.9761
0.97634
0.97374
0.9739
0.97628
0.97414
0.9762
0.97566
0.9752
0.97478
0.9763
0.9763
0.97556
0.9757
0.97502
0.97584
0.9759
0.97638
0.9744
0.9759
0.97678
0.97754
0.97602
0.97528
0.97684
0.97684
0.97576
0.97546
0.9757
0.9748
0.97612
0.9762
0.97452
0.97508
0.97602
0.97586
0.97654
0.97638
0.97562
0.97524
0.97704
0.97516
0.9761
0.97484
0.97528
0.97576
0.9753
0.9768
0.97528
0.97276
0.9759
0.97496
0.97542
0.97598
0.9767
0.97582
0.97684
0.975
0.97674
0.97654
0.9766
0.97636
0.97488
0.97592
0.97576
0.9753
0.9761
0.97604
0.97696
0.97498
0.97624
0.9758
0.9744
0.97492
0.97622
0.97558
0.9743
0.9754
0.97428
0.97616
0.97664
0.97748
0.97588
0.97538
0.97732
0.97724
0.97684
0.97654
0.97576
0.97606
0.9754
0.97546
0.9742
0.97518
0.97572
0.97734
0.97524
0.97466
0.97574
0.9757
0.9759
0.9758
0.9769
0.97604
0.97552
0.97658
0.97452
0.9764
0.9761
0.97596
0.9759
0.97574
0.97414
0.9761
0.97458
0.97558
0.97762
0.97568
0.9757
0.97756
0.9745
0.97672
0.97586
0.97516
0.9765
0.97588
0.97494
0.97658
0.97624
0.9775
0.97692
0.97608
0.97572
0.97726
0.9755
0.97508
0.97452
0.9754
0.97446
0.97596
0.97496
0.97522
0.97568
0.97538
0.97496
0.97534
0.97618
0.9762
0.97542
0.97606
0.97626
0.97618
0.97626
0.97596
0.97518
0.976
0.976
0.97442
0.9755
0.97728
0.97762
0.97656
0.9756
0.97496
0.9758
0.97594
0.9759
0.97408
0.97528
0.97732
0.97588
0.97638
0.97774
0.9764
0.97842
0.97558
0.9763
0.9764
0.97616
0.97512
0.97602
0.97524
0.97596
0.97502
0.97642
0.9759
0.97562
0.9757
0.97574
0.97766
0.97678
0.97572
0.97536
0.97686
0.97484
0.97514
0.97608
0.97568
0.97502
0.97598
0.97506
0.97534
0.97706
0.97602
0.9758
0.97718
0.9754
0.97548
0.97494
0.9754
0.97668
0.97542
0.97556
0.97648
0.97424
0.97668
0.9768
0.97562
0.97552
0.97594
0.97644
0.97608
0.97534
0.9756
0.97586
0.9748
0.97602
0.97712
0.9762
0.97698
0.97588
0.97592
0.97652
0.97648
0.97732
0.97624
0.97672
0.97534
0.9759
0.97502
0.97662
0.97574
0.97688
0.97614
0.97662
0.9763
0.97646
0.97624
0.97614
0.97678
0.97458
0.97644
0.97462
0.975
0.97476
0.97664
0.97504
0.97664
0.97458
0.97522
0.97488
0.97502
0.97456
0.9757
0.97432
0.97792
0.9761
0.97744
0.97614
0.97532
0.97638
0.9747
0.97558
0.97732
0.97632
0.9765
0.97736
0.97536
0.97604
0.97702
0.97556
0.9758
0.97562
0.97452
0.97596
0.9751
0.97672
0.97626
0.97656
0.97484
0.9756
0.97492
0.97534
0.97636
0.977
0.97648
0.97614
0.97624
0.9762
0.97552
0.97658
0.9766
0.97736
0.975
0.97666
0.97586
0.97562
0.97486
0.9768
0.9776
0.9772
0.9759
0.9736
0.9754
0.97438
0.97466
0.97646
0.97664
0.97528
0.9745
0.97572
0.97494
0.97496
0.97634
0.9761
0.97622
0.97538
0.97604
0.97498
0.97508
0.97472
0.9762
0.97526
0.97546
0.97584
0.97726
0.97616
0.97498
0.9756
0.97612
0.97566
0.97644
0.97578
0.97436
0.9757
0.97774
0.97606
0.97636
0.9753
0.97572
0.97556
0.978
0.97614
0.9754
0.97418
0.97566
0.97652
0.97576
0.97582
0.97538
0.9758
0.97536
0.97612
0.97546
0.9756
0.97678
0.9741
0.9761
0.97668
0.97552
0.97602
0.9778
0.97604
0.9752
0.97668
0.97526
0.9761
0.9766
0.97686
0.97512
0.97436
0.97616
0.97506
0.97666
0.97702
0.97464
0.9771
0.97658
0.97644
0.97556
0.97428
0.97648
0.97684
0.97636
0.97526
0.97674
0.97446
0.97704
0.9767
0.97566
0.97582
0.97552
0.97518
0.97664
0.97486
0.97688
0.9767
0.97556
0.97564
0.97562
0.9751
0.97602
0.97736
0.9763
0.97516
0.97556
0.9745
0.97614
0.97738
0.97582
0.97458
0.9767
0.9756
0.97544
0.97608
0.97462
0.97582
0.97598
0.97624
0.97516
0.97452
0.97514
0.97614
0.97672
0.97666
0.97594
0.97624
0.9759
0.97594
0.97646
0.97412
0.97618
0.97574
0.97658
0.97574
0.97538
0.97514
0.97522
0.9762
0.9758
0.97604
0.97584
0.97522
0.97492
0.97592
0.97532
0.97464
0.97566
0.97366
0.97608
0.97702
0.97496
0.97674
0.97662
0.97592
0.97508
0.97554
0.97618
0.9758
0.97552
0.97632
0.97568
0.977
0.97374
0.9755
0.97582
0.97532
0.9765
0.97646
0.9775
0.97536
0.97508
0.976
0.97514
0.97684
0.975
0.97514
0.97456
0.9743
0.97564
0.97444
0.97638
0.97498
0.97618
0.9752
0.97658
0.97558
0.97502
0.97388
0.97596
0.97768
0.97796
0.97628
0.97408
0.97732
0.97544
0.97644
0.97584
0.97666
0.97472
0.9763
0.97528
0.97638
0.97652
0.97586
0.97666
0.97604
0.97506
0.97524
0.97628
0.97438
0.97488
0.97528
0.97576
0.9763
0.97534
0.97492
0.97594
0.97624
0.97574
0.9746
0.97446
0.97592
0.97668
0.97478
0.97668
0.97562
0.97582
0.9769
0.97512
0.97444
0.97584
0.97476
0.97538
0.9751
0.97698
0.97614
0.9762
0.97598
0.97628
0.97534
0.97426
0.97634
0.97684
0.97804
0.97488
0.9761
0.97594
0.97662
0.97556
0.97524
0.9753
0.97616
0.97482
0.9759
0.97558
0.9764
0.97584
0.9754
0.97424
0.97738
0.97598
0.97632
0.97524
0.97468
0.97564
0.97676
0.9741
0.97466
0.97536
0.97628
0.97488
0.97578
0.9745
0.97608
0.97612
0.97512
0.97506
0.9759
0.97686
0.97466
0.97658
0.97402
0.97712
0.97576
0.97442
0.9761
0.97532
0.97536
0.97526
0.97518
0.97646
0.97616
0.97696
0.977
0.9766
0.9764
0.978
0.97664
0.97714
0.97536
0.97684
0.9748
0.97696
0.9771
0.97526
0.97536
0.97692
0.9765
0.97602
0.97686
0.9755
0.97488
0.97614
0.97584
0.9747
0.97586
0.97554
0.97526
0.9758
0.9757
0.97668
0.97584
0.9764
0.97468
0.97586
0.97498
0.97566
0.97568
0.97578
0.97574
0.97412
0.97436
0.97538
0.97594
0.97484
0.97572
0.9759
0.97612
0.97586
0.97626
0.97524
0.97622
0.97696
0.97622
0.97668
0.97598
0.97532
0.9753
0.9761
0.97542
0.97532
0.97622
0.9761
0.97552
0.97702
0.97678
0.97616
0.97616
0.97664
0.9756
0.97656
0.97684
0.97642
0.97478
0.97604
0.97642
0.97504
0.9754
0.97552
0.97634
0.9774
0.97438
0.97584
0.978
0.97568
0.977
0.9745
0.975
0.97444
0.97638
0.97502
0.97568
0.97658
0.97694
0.97466
0.9755
0.97482
0.97588
0.97542
0.97562
0.97586
0.97598
0.97522
0.97462
0.97648
0.97806
0.97676
0.97752
0.97526
0.9759
0.97588
0.97508
0.97588
0.9761
0.97712
0.9758
0.9754
0.97544
0.97542
0.97466
0.97538
0.9748
0.9765
0.97522
0.97562
0.975
0.97596
0.97396
0.97578
0.97446
0.97544
0.97548
0.97504
0.97458
0.9748
0.97594
0.97508
0.97554
0.97628
0.97656
0.97698
0.9765
0.97706
0.9744
0.97558
0.9761
0.97504
0.97602
0.9756
0.97546
0.97594
0.9766
0.9756
0.97664
0.97382
0.9765
0.97522
0.97426
0.97502
0.97638
0.97522
0.9736
0.97576
0.97454
0.97796
0.97554
0.97672
0.9767
0.97676
0.9746
0.9745
0.97534
0.97568
0.97566
0.97526
0.97514
0.97654
0.9767
0.97486
0.9774
0.9757
0.97624
0.9759
0.9745
0.97612
0.9745
0.97606
0.97382
0.97458
0.97502
0.9754
0.976
0.97528
0.97426
0.97372
0.975
0.97562
0.97676
0.97626
0.97482
0.97674
0.97458
0.97738
0.97536
0.9752
0.97504
0.97578
0.97656
0.9774
0.97686
0.9759
0.97688
0.97572
0.9763
0.97552
0.9743
0.9764
0.97518
0.9757
0.97588
0.97496
0.97634
0.97514
0.97536
0.97576
0.97698
0.9756
0.97632
0.97576
0.97486
0.97496
0.97572
0.97598
0.9757
0.97604
0.97522
0.97544
0.9779
0.97508
0.97486
0.97608
0.9745
0.97412
0.97754
0.97554
0.97614
0.97612
0.97502
0.97554
0.97688
0.97618
0.97694
0.97588
0.97374
0.97574
0.97652
0.97738
0.97646
0.97656
0.97604
0.9754
0.97622
0.9768
0.97512
0.97656
0.97516
0.97558
0.97512
0.97544
0.97378
0.97634
0.9744
0.975
0.97504
0.97404
0.97558
0.97556
0.9746
0.97662
0.97512
0.97622
0.97586
0.97668
0.97616
0.97512
0.97506
0.9753
0.97576
0.976
0.97516
0.97762
0.97738
0.97596
0.9765
0.97538
0.97714
0.97648
0.97672
0.97506
0.97428
0.97486
0.97488
0.97546
0.97492
0.9756
0.97536
0.9762
0.97344
0.97554
0.97634
0.97506
0.97518
0.97542
0.97388
0.9749
0.97582
0.97528
0.97556
0.97564
0.97436
0.97456
0.97432
0.97614
0.97608
0.9753
0.976
0.9741
0.97634
0.9765
0.97542
0.97648
0.97636
0.97604
0.97622
0.97732
0.97544
0.97468
0.97694
0.97572
0.9772
0.97526
0.97562
0.97692
0.97554
0.97448
0.97628
0.97516
0.97412
0.97762
0.97528
0.97506
0.97558
0.97746
0.97562
0.9771
0.97686
0.97674
0.97724
0.97702
0.9762
0.97628
0.97634
0.97584
0.97448
0.97604
0.97604
0.97474
0.97646
0.97602
0.97412
0.97552
0.97608
0.97582
0.97464
0.97642
0.97484
0.97594
0.97484
0.97454
0.97622
0.97484
0.97688
0.97536
0.97684
0.9761
0.97632
0.97534
0.9745
0.97634
0.97538
0.97552
0.9764
0.97484
0.97528
0.9762
0.9743
0.97564
0.97522
0.97546
0.97498
0.97622
0.97592
0.97678
0.97578
0.97534
0.97558
0.97544
0.97594
0.97458
0.97468
0.97668
0.97482
0.97708
0.97504
0.97454
0.97532
0.97472
0.97608
0.97566
0.97534
0.97708
0.97548
0.9762
0.97692
0.97468
0.97588
0.9735
0.97502
0.97618
0.9737
0.97558
0.97488
0.9756
0.97442
0.97426
0.97604
0.97542
0.97578
0.9756
0.97684
0.97636
0.97738
0.97516
0.97636
0.9775
0.97518
0.97528
0.97538
0.9752
0.97638
0.97754
0.9758
0.97642
0.9747
0.97698
0.97538
0.97578
0.97534
0.97464
0.97422
0.97762
0.97654
0.97602
0.9778
0.97654
0.9756
0.97444
0.97298
0.97482
0.97564
0.9759
0.97532
0.97424
0.97682
0.97386
0.97618
0.97568
0.97524
0.97724
0.97582
0.97624
0.97632
0.9775
0.9753
0.97504
0.97394
0.97486
0.97446
0.97512
0.97478
0.97414
0.97462
0.9755
0.97508
0.97662
0.9759
0.97688
0.97576
0.97522
0.9758
0.9742
0.97486
0.9762
0.97692
0.9751
0.97548
0.9761
0.97506
0.97462
0.97556
0.97622
0.97512
0.97566
0.97488
0.97546
0.97498
0.97596
0.97668
0.9759
0.97512
0.97528
0.97766
0.9752
0.97368
0.97522
0.97654
0.97632
0.97678
0.97638
0.97722
0.9757
0.97648
0.9754
0.9769
0.9769
0.97506
0.97616
0.97546
0.97682
0.97586
0.97622
0.97506
0.97464
0.97734
0.97604
0.97622
0.9745
0.97564
0.97506
0.97458
0.97546
0.97666
0.97346
0.97592
0.97442
0.97628
0.97718
0.97462
0.97574
0.977
0.97614
0.97712
0.9761
0.97622
0.97688
0.97462
0.97544
0.97724
0.97496
0.97578
0.97614
0.9759
0.97546
0.97486
0.97632
0.97662
0.97542
0.97448
0.97598
0.97576
0.97582
0.97614
0.97656
0.97474
0.97588
0.9753
0.9748
0.97588
0.97456
0.97598
0.97406
0.97472
0.97746
0.9762
0.97646
0.97608
0.97588
0.97688
0.97678
0.97568
0.97616
0.97514
0.97526
0.9765
0.97704
0.97674
0.97564
0.9745
0.97622
0.97734
0.97622
0.97612
0.97628
0.97646
0.97696
0.9761
0.97538
0.9763
0.9762
0.9766
0.97358
0.97632
0.97638
0.9745
0.97682
0.9757
0.9739
0.97462
0.97508
0.97536
0.97572
0.97468
0.97572
0.9759
0.97662
0.97318
0.97604
0.97564
0.97408
0.97528
0.9764
0.97658
0.9759
0.9748
0.97536
0.97366
0.97556
0.97456
0.9763
0.97502
0.97564
0.97662
0.97558
0.97582
0.9761
0.97592
0.97594
0.976
0.97612
0.9761
0.9758
0.9756
0.97618
0.97456
0.97526
0.97482
0.97586
0.9741
0.9765
0.976
0.97708
0.9767
0.97734
0.97654
0.97502
0.9751
0.9765
0.97646
0.9745
0.9757
0.97542
0.9755
0.9755
0.97658
0.9754
0.9745
0.97582
0.9741
0.9754
0.97838
0.97608
0.9754
0.9763
0.97652
0.97588
0.97544
0.97618
0.97584
0.97534
0.97548
0.97626
0.97418
0.97584
0.97404
0.97702
0.97548
0.97626
0.97612
0.97578
0.97554
0.97476
0.97502
0.97502
0.97472
0.9752
0.97706
0.9773
0.97676
0.97436
0.97688
0.97518
0.97624
0.97464
0.97532
0.97416
0.97678
0.97538
0.97622
0.97666
0.97622
0.97616
0.97512
0.97666
0.97834
0.97558
0.97572
0.976
0.97598
0.97398
0.97626
0.97772
0.97514
0.9746
0.97512
0.97576
0.97656
0.97576
0.97626
0.97458
0.97512
0.97756
0.97514
0.9741
0.97528
0.97632
0.97582
0.97676
0.9768
0.97594
0.97682
0.97256
0.9766
0.97658
0.97572
0.97648
0.97644
0.97558
0.97536
0.97678
0.97528
0.975
0.97456
0.97484
0.97608
0.97552
0.97412
0.97588
0.97604
0.97554
0.97524
0.97744
0.97552
0.97622
0.97478
0.97552
0.97528
0.9767
0.9763
0.9753
0.97668
0.97476
0.97372
0.97472
0.97558
0.97564
0.97526
0.97544
0.97692
0.9744
0.97472
0.97704
0.97534
0.97332
0.97616
0.97654
0.97552
0.97556
0.9753
0.97442
0.97444
0.9754
0.97412
0.97548
0.97574
0.9751
0.97704
0.97674
0.97556
0.97564
0.97714
0.97598
0.97652
0.97808
0.97676
0.97596
0.97624
0.9762
0.97488
0.97524
0.97506
0.97542
0.9749
0.97522
0.97622
0.9758
0.9748
0.9745
0.97594
0.97656
0.9753
0.97526
0.97442
0.97454
0.97546
0.97546
0.97412
0.9747
0.97582
0.97704
0.97582
0.97486
0.97514
0.97472
0.9766
0.97644
0.97594
0.9756
0.97512
0.97788
0.97338
0.97576
0.97546
0.97678
0.9742
0.97604
0.97698
0.97616
0.97536
0.97694
0.9759
0.97854
0.97548
0.976
0.97622
0.97628
0.9748
0.97546
0.97624
0.97734
0.97602
0.9753
0.97706
0.9762
0.97588
0.97724
0.97566
0.97694
0.9745
0.97692
0.97442
0.97498
0.97548
0.97566
0.97626
0.97514
0.97584
0.97638
0.97516
0.97646
0.97648
0.97622
0.9746
0.97744
0.97628
0.97616
0.9757
0.97582
0.97632
0.9754
0.97604
0.97472
0.97702
0.97524
0.97622
0.97518
0.97516
0.97766
0.97512
0.97478
0.97644
0.97502
0.97718
0.9749
0.97444
0.97378
0.97608
0.97474
0.97618
0.97566
0.97572
0.975
0.97682
0.97684
0.97472
0.97572
0.97688
0.97486
0.97664
0.97514
0.97582
0.97616
0.97498
0.976
0.97516
0.97538
0.97586
0.97398
0.97538
0.97664
0.97678
0.97654
0.97524
0.97676
0.97438
0.97562
0.97534
0.97504
0.97476
0.97586
0.97632
0.97576
0.97736
0.9766
0.97604
0.9771
0.97622
0.975
0.97566
0.9757
0.97466
0.97586
0.97548
0.97614
0.97608
0.97456
0.9764
0.97482
0.97404
0.97342
0.97582
0.9758
0.97534
0.97562
0.97624
0.97634
0.97542
0.97542
0.97468
0.9772
0.97582
0.97684
0.97646
0.9752
0.97596
0.97426
0.977
0.97778
0.97644
0.9769
0.9754
0.97708
0.97434
0.97594
0.9745
0.97454
0.97612
0.97602
0.97668
0.97482
0.97476
0.97532
0.97498
0.97652
0.9773
0.97646
0.97594
0.97576
0.97606
0.9761
0.976
0.97572
0.97454
0.97656
0.97388
0.9749
0.97676
0.97608
0.97566
0.97396
0.97604
0.97624
0.97484
0.9771
0.97726
0.97546
0.97676
0.97626
0.97548
0.9772
0.97628
0.97676
0.97466
0.97598
0.97632
0.97414
0.97634
0.9756
0.97576
0.97584
0.97472
0.97534
0.9751
0.97638
0.97572
0.97588
0.97704
0.97684
0.97732
0.97692
0.97452
0.97536
0.97546
0.978
0.9752
0.97624
0.97534
0.97586
0.97434
0.97752
0.97618
0.9745
0.9738
0.97596
0.97582
0.97604
0.97758
0.975
0.97504
0.97482
0.97602
0.97534
0.97542
0.97628
0.97488
0.97736
0.97674
0.977
0.97448
0.97504
0.97764
0.97376
0.97552
0.97552
0.9765
0.9748
0.97408
0.97482
0.97682
0.97542
0.97524
0.97552
0.97496
0.9748
0.9757
0.97592
0.97682
0.97394
0.97668
0.97592
0.97574
0.97604
0.9758
0.9762
0.97546
0.97542
0.9755
0.9753
0.97638
0.97688
0.97558
0.97542
0.97584
0.97724
0.97706
0.97646
0.97486
0.97722
0.97524
0.97546
0.97532
0.9756
0.9764
0.9778
0.97514
0.97572
0.9767
0.97564
0.97696
0.97496
0.9754
0.97528
0.97674
0.9753
0.97526
0.97498
0.97452
0.97584
0.97668
0.97616
0.97466
0.97436
0.97512
0.97666
0.97464
0.97672
0.97624
0.97616
0.97426
0.97474
0.9756
0.97514
0.97668
0.977
0.97674
0.97584
0.976
0.97622
0.9771
0.97632
0.97572
0.97632
0.97614
0.9755
0.976
0.97536
0.9753
0.97492
0.97564
0.97462
0.97556
0.97524
0.97624
0.97636
0.97532
0.97568
0.97682
0.97552
0.9758
0.97616
0.97594
0.9741
0.97602
0.97432
0.9745
0.97496
0.97608
0.97358
0.9751
0.97576
0.97578
0.97594
0.9752
0.97612
0.9759
0.9755
0.97606
0.97516
0.9746
0.97498
0.97612
0.9741
0.97576
0.97494
0.97724
0.97596
0.97694
0.9744
0.97742
0.97628
0.97454
0.9754
0.9765
0.97566
0.97466
0.97474
0.97652
0.97512
0.97742
0.97516
0.97608
0.9754
0.97472
0.9764
0.97332
0.97556
0.97532
0.97568
0.9756
0.97532
0.97614
0.9765
0.97712
0.97554
0.97464
0.9758
0.97748
0.97686
0.97404
0.97448
0.9748
0.97526
0.9761
0.97622
0.97596
0.97672
0.9764
0.97648
0.97484
0.9756
0.976
0.97528
0.97714
0.97448
0.97592
0.97626
0.9764
0.9757
0.97484
0.97678
0.97404
0.97486
0.97588
0.97404
0.97628
0.97594
0.97576
0.97528
0.9763
0.9746
0.97668
0.97492
0.97558
0.97428
0.9753
0.97706
0.9741
0.97574
0.97514
0.97438
0.97586
0.97522
0.976
0.97518
0.9747
0.97562
0.97576
0.97628
0.97518
0.97666
0.97392
0.97586
0.97618
0.9756
0.97642
0.97504
0.97622
0.97412
0.97548
0.97468
0.97628
0.97614
0.97612
0.97486
0.97668
0.9751
0.97596
0.97514
0.97506
0.97728
0.97624
0.97508
0.97682
0.97828
0.9757
0.97746
0.97522
0.97534
0.97508
0.97516
0.97502
0.97646
0.97418
0.97538
0.97624
0.9764
0.97474
0.97548
0.97796
0.97622
0.97432
0.97624
0.97454
0.97696
0.97536
0.97504
0.97568
0.97624
0.97584
0.97592
0.97468
0.97426
0.97528
0.97572
0.97588
0.97484
0.97674
0.9755
0.9749
0.97568
0.97724
0.97472
0.97496
0.97696
0.97394
0.97722
0.97468
0.97552
0.9769
0.9743
0.97448
0.9757
0.97474
0.97596
0.97484
0.97482
0.97576
0.97574
0.97544
0.97408
0.9764
0.97682
0.97732
0.97688
0.9751
0.97542
0.97438
0.97598
0.97544
0.97692
0.9754
0.97536
0.97564
0.97546
0.97538
0.97622
0.97576
0.97738
0.97616
0.9748
0.9759
0.97598
0.97648
0.97508
0.97562
0.97476
0.97626
0.97464
0.97548
0.97642
0.97742
0.9767
0.97612
0.97758
0.97628
0.97574
0.97522
0.97536
0.9767
0.97474
0.97576
0.9747
0.9762
0.97542
0.97696
0.97676
