0.65548
0.65918
0.6587
0.6536
0.65746
0.65956
0.65846
0.65328
0.6583
0.65708
0.65686
0.66278
0.66256
0.65524
0.65974
0.65388
0.66162
0.65772
0.65586
0.65396
0.6592
0.65966
0.66214
0.66658
0.65982
0.66084
0.66114
0.66174
0.6586
0.66554
0.6589
0.65956
0.65958
0.66346
0.66008
0.66148
0.65986
0.65926
0.6571
0.65754
0.65624
0.65806
0.65728
0.65824
0.65164
0.6545
0.65938
0.65462
0.6657
0.6594
0.65316
0.65654
0.65982
0.65774
0.65668
0.65172
0.65224
0.65632
0.65732
0.65804
0.66418
0.66238
0.6629
0.65218
0.6586
0.66474
0.6597
0.66128
0.66028
0.65532
0.66004
0.65804
0.65756
0.65892
0.6642
0.65818
0.65962
0.65572
0.6633
0.65586
0.65568
0.66216
0.66726
0.65784
0.66428
0.65608
0.65616
0.65548
0.65944
0.65818
0.65642
0.65514
0.66368
0.65276
0.6621
0.66146
0.65836
0.6602
0.66484
0.66302
0.66008
0.65178
0.65698
0.65788
0.66384
0.66006
0.662
0.65962
0.66798
0.65292
0.66492
0.66494
0.65732
0.66046
0.66264
0.65182
0.65958
0.65322
0.66462
0.66224
0.6582
0.66694
0.6588
0.66248
0.6618
0.65612
0.6588
0.65222
0.65588
0.66028
0.6583
0.66222
0.65402
0.65564
0.65654
0.65512
0.66078
0.65784
0.66658
0.66302
0.65884
0.65874
0.65644
0.65268
0.65896
0.6559
0.65566
0.6605
0.66188
0.6629
0.65758
0.6611
0.65836
0.65674
0.65968
0.66092
0.66194
0.66368
0.66038
0.65498
0.65388
0.65814
0.66248
0.65416
0.66086
0.66636
0.65496
0.66462
0.66322
0.66026
0.65814
0.6536
0.6567
0.66436
0.65542
0.65698
0.65876
0.65706
0.65654
0.65964
0.65892
0.6583
0.66312
0.66264
0.66378
0.66376
0.66222
0.65388
0.65428
0.65736
0.66536
0.66328
0.65312
0.65416
0.6663
0.65696
0.65654
0.6602
0.6567
0.66114
0.65404
0.6601
0.65942
0.65972
0.66186
0.66124
0.66012
0.6551
0.6555
0.66454
0.65688
0.6618
0.66126
0.66152
0.66004
0.6602
0.65678
0.66044
0.65152
0.66102
0.66216
0.6599
0.65188
0.658
0.65774
0.65856
0.66332
0.66282
0.65268
0.65508
0.66012
0.65606
0.65402
0.65092
0.6578
0.65878
0.66084
0.65612
0.6578
0.65656
0.66086
0.65434
0.66218
0.66742
0.65962
0.65482
0.6557
0.6536
0.6584
0.65856
0.6585
0.65832
0.65986
0.65686
0.65632
0.65962
0.66126
0.65514
0.66202
0.65604
0.66152
0.65554
0.66064
0.66004
0.66126
0.65308
0.66096
0.65394
0.65922
0.6583
0.66192
0.66294
0.66028
0.6567
0.6589
0.65966
0.6549
0.6599
0.6628
0.65274
0.65886
0.6612
0.65202
0.65696
0.6563
0.65108
0.65402
0.654
0.65994
0.65566
0.65618
0.65172
0.6602
0.66084
0.66574
0.65714
0.6584
0.65498
0.65548
0.66954
0.65294
0.65228
0.65576
0.65772
0.65902
0.66096
0.65186
0.66192
0.66912
0.65796
0.66132
0.6574
0.65646
0.65714
0.66014
0.66768
0.66642
0.6575
0.65382
0.65312
0.66596
0.65548
0.65544
0.66238
0.66006
0.65894
0.65934
0.65776
0.6588
0.6555
0.66372
0.65628
0.65444
0.65144
0.65744
0.66456
0.65944
0.65938
0.65402
0.6608
0.65872
0.66024
0.6611
0.66166
0.65454
0.65694
0.6532
0.66118
0.6631
0.66202
0.6535
0.66544
0.66036
0.65878
0.659
0.65862
0.66218
0.66188
0.66256
0.66236
0.66478
0.66716
0.65628
0.66498
0.65854
0.65516
0.66068
0.65978
0.66388
0.64964
0.65556
0.66064
0.65504
0.66002
0.6584
0.65776
0.652
0.65966
0.66426
0.66426
0.661
0.6586
0.65396
0.66154
0.66526
0.65572
0.6566
0.65818
0.65666
0.66464
0.66284
0.66842
0.6657
0.655
0.65822
0.65738
0.66078
0.65862
0.65938
0.66252
0.6617
0.65836
0.65654
0.65668
0.65554
0.6536
0.65722
0.6548
0.66302
0.65962
0.65784
0.65894
0.6606
0.65506
0.66184
0.66322
0.65768
0.6586
0.65604
0.65852
0.66334
0.66096
0.65764
0.66356
0.66148
0.6623
0.66492
0.65956
0.65894
0.66022
0.6579
0.65894
0.6579
0.65894
0.66296
0.66112
0.6632
0.66544
0.66018
0.65226
0.65322
0.6579
0.6592
0.66068
0.66214
0.65816
0.6507
0.66086
0.65678
0.66038
0.6555
0.65826
0.66066
0.65568
0.66058
0.66172
0.6567
0.65758
0.66132
0.6668
0.65928
0.66224
0.65766
0.65662
0.65826
0.6639
0.65676
0.65596
0.66208
0.6594
0.66394
0.651
0.65756
0.65902
0.65564
0.65926
0.66044
0.65896
0.65414
0.6588
0.66168
0.6586
0.65076
0.65876
0.65872
0.66036
0.65838
0.66068
0.6631
0.65262
0.65836
0.6608
0.65752
0.65488
0.66132
0.65678
0.66198
0.66292
0.65688
0.66338
0.662
0.66006
0.66162
0.65482
0.66452
0.66252
0.66406
0.65822
0.66042
0.6638
0.65632
0.659
0.65594
0.65612
0.66126
0.65754
0.66102
0.65898
0.66258
0.65892
0.6589
0.6597
0.65968
0.6611
0.66468
0.66442
0.65606
0.65566
0.65672
0.66256
0.66258
0.65906
0.65472
0.66022
0.66288
0.66138
0.66718
0.6549
0.65346
0.65876
0.66064
0.66926
0.65854
0.66222
0.66802
0.66146
0.65576
0.65968
0.65972
0.65644
0.6581
0.6654
0.66082
0.65678
0.6575
0.65432
0.66324
0.65948
0.65612
0.66236
0.665
0.6561
0.65498
0.65198
0.65562
0.65814
0.65612
0.65814
0.65434
0.6505
0.66484
0.65602
0.65962
0.66386
0.66134
0.65542
0.65934
0.65508
0.66552
0.65746
0.65402
0.65874
0.6583
0.65992
0.66152
0.66186
0.66256
0.66014
0.65332
0.66262
0.66308
0.66226
0.6597
0.6583
0.6635
0.66122
0.65664
0.6652
0.6545
0.65828
0.66102
0.66046
0.66008
0.65378
0.65816
0.66382
0.65866
0.6545
0.65536
0.65462
0.66218
0.6631
0.6614
0.66012
0.66176
0.66612
0.66058
0.65372
0.66128
0.65574
0.65334
0.66202
0.66066
0.66162
0.66318
0.66078
0.66286
0.65958
0.6584
0.66296
0.66584
0.6654
0.658
0.66498
0.65568
0.6582
0.65828
0.65534
0.65352
0.65126
0.65762
0.656
0.65922
0.66022
0.66018
0.6611
0.6562
0.65942
0.65832
0.6548
0.66382
0.65448
0.65662
0.66112
0.66564
0.66208
0.65768
0.65418
0.65944
0.65782
0.66004
0.66322
0.6633
0.6605
0.66002
0.65856
0.66098
0.66248
0.65204
0.65604
0.65736
0.66138
0.6649
0.66296
0.65942
0.65734
0.65714
0.6582
0.65626
0.6506
0.66244
0.65718
0.65862
0.65736
0.66372
0.66038
0.65782
0.65704
0.66326
0.65684
0.65924
0.6526
0.6568
0.65294
0.65504
0.6624
0.65928
0.66092
0.66142
0.661
0.65788
0.65938
0.6565
0.65958
0.6592
0.65752
0.66524
0.65748
0.66366
0.65576
0.6622
0.6568
0.65554
0.65772
0.65444
0.65266
0.66034
0.65126
0.65842
0.65816
0.6629
0.65906
0.65952
0.65532
0.66164
0.65752
0.65906
0.65992
0.66388
0.65868
0.6597
0.66324
0.66614
0.6642
0.6577
0.65404
0.66266
0.6609
0.66046
0.65174
0.663
0.6599
0.66084
0.653
0.65014
0.66506
0.65576
0.65676
0.66248
0.65424
0.66404
0.657
0.6612
0.65674
0.66008
0.66062
0.65842
0.65946
0.65576
0.65574
0.66014
0.65754
0.66562
0.66038
0.65878
0.66194
0.66072
0.65448
0.6594
0.66382
0.66494
0.65774
0.65788
0.65628
0.66058
0.65486
0.65504
0.65688
0.65912
0.66126
0.66004
0.6636
0.66486
0.65342
0.66032
0.6586
0.65736
0.65284
0.65658
0.6617
0.66152
0.6617
0.66478
0.66468
0.659
0.6669
0.65802
0.66576
0.657
0.65342
0.65818
0.65158
0.6574
0.65858
0.65292
0.65546
0.65886
0.6547
0.65762
0.65898
0.65554
0.65924
0.65658
0.65962
0.66268
0.66032
0.66272
0.65778
0.66156
0.6582
0.65518
0.65884
0.66014
0.65984
0.65432
0.66048
0.6592
0.66528
0.65788
0.6624
0.66154
0.66434
0.6562
0.65456
0.64986
0.65802
0.65566
0.6595
0.65804
0.65912
0.65746
0.65706
0.65908
0.66262
0.66324
0.6593
0.65718
0.65786
0.66254
0.65726
0.6642
0.65418
0.6559
0.65544
0.6544
0.65758
0.6572
0.65398
0.6607
0.6668
0.66086
0.65322
0.65232
0.66208
0.66158
0.6615
0.6633
0.65462
0.66006
0.6568
0.656
0.6549
0.6608
0.65494
0.65534
0.65682
0.65926
0.66302
0.6517
0.66106
0.655
0.66558
0.66438
0.6639
0.6589
0.66324
0.65678
0.65708
0.65448
0.6563
0.6601
0.65312
0.66348
0.6559
0.65946
0.66082
0.6606
0.66262
0.6613
0.65762
0.65774
0.65878
0.65528
0.66522
0.65614
0.6533
0.66286
0.65506
0.6607
0.663
0.65864
0.66322
0.65398
0.6631
0.66138
0.6599
0.65586
0.65896
0.65036
0.65774
0.65974
0.66118
0.65758
0.66448
0.6556
0.65924
0.6636
0.66162
0.6564
0.66582
0.65784
0.66036
0.65696
0.66122
0.66364
0.66178
0.65876
0.6549
0.66254
0.65256
0.6596
0.65692
0.66278
0.66532
0.65964
0.6657
0.65982
0.65736
0.6561
0.65626
0.6614
0.65234
0.65998
0.6584
0.6571
0.66106
0.66048
0.66414
0.65542
0.65636
0.66024
0.6623
0.66258
0.66314
0.65652
0.66
0.65098
0.6503
0.65794
0.65878
0.6596
0.65702
0.65486
0.6585
0.6628
0.65296
0.65196
0.65792
0.6576
0.66104
0.65604
0.6547
0.65712
0.65368
0.66306
0.66192
0.65616
0.66062
0.65808
0.66158
0.66476
0.65792
0.6608
0.65248
0.65816
0.65562
0.65992
0.66358
0.65798
0.66218
0.66018
0.6556
0.65522
0.65728
0.66222
0.65426
0.65316
0.65716
0.6553
0.65884
0.66016
0.65828
0.65856
0.6599
0.66296
0.6627
0.6631
0.66134
0.65484
0.65606
0.65684
0.65616
0.65866
0.65646
0.66446
0.65952
0.66418
0.65792
0.65572
0.65702
0.66128
0.65976
0.65602
0.6624
0.6582
0.65504
0.65904
0.65592
0.65756
0.66122
0.65836
0.65818
0.658
0.65814
0.65598
0.65712
0.6695
0.66214
0.657
0.65928
0.6641
0.65656
0.6594
0.66268
0.65258
0.6517
0.66326
0.65622
0.65868
0.65282
0.6632
0.66204
0.66476
0.6531
0.6591
0.6569
0.65418
0.65978
0.67048
0.6628
0.66026
0.65728
0.65728
0.6599
0.66164
0.65984
0.66086
0.65552
0.66076
0.65864
0.65814
0.65546
0.65498
0.66432
0.66118
0.66044
0.66024
0.65508
0.65722
0.66072
0.6649
0.66024
0.6589
0.65574
0.65802
0.66508
0.66528
0.6618
0.66154
0.65588
0.65544
0.654
0.66376
0.66148
0.65996
0.6606
0.6654
0.6613
0.65866
0.65402
0.65896
0.66422
0.65576
0.65536
0.6624
0.65534
0.66046
0.65804
0.65836
0.65418
0.6617
0.65738
0.65558
0.6615
0.66112
0.6566
0.6535
0.66096
0.66338
0.65894
0.6604
0.6601
0.65898
0.6571
0.65864
0.65
0.66236
0.6646
0.65938
0.66078
0.65882
0.66568
0.66088
0.66342
0.65396
0.66144
0.66034
0.66404
0.65718
0.65496
0.6548
0.6597
0.66024
0.65578
0.66002
0.66412
0.66072
0.65892
0.66084
0.6532
0.65176
0.659
0.65956
0.65706
0.65904
0.65832
0.65562
0.65218
0.65802
0.6628
0.65954
0.65856
0.6577
0.6532
0.66194
0.6586
0.65978
0.65634
0.65226
0.65488
0.65292
0.66012
0.66436
0.66082
0.6524
0.6588
0.6557
0.66008
0.65954
0.66068
0.66224
0.6588
0.6623
0.65288
0.65296
0.65692
0.65574
0.6592
0.65386
0.65464
0.65714
0.65748
0.65932
0.65534
0.6521
0.6596
0.6538
0.66264
0.65746
0.65908
0.65892
0.66126
0.66192
0.66028
0.65638
0.66426
0.6604
0.6561
0.65698
0.66088
0.65518
0.65418
0.65616
0.6598
0.6577
0.65776
0.66124
0.65856
0.6654
0.6548
0.65706
0.66028
0.65858
0.66038
0.65448
0.65936
0.6588
0.66314
0.65824
0.6563
0.6552
0.6554
0.65942
0.6614
0.6607
0.654
0.66108
0.66118
0.65646
0.66206
0.6579
0.66202
0.66268
0.65574
0.66
0.65946
0.65678
0.65962
0.65596
0.65528
0.65488
0.66328
0.65556
0.6552
0.65452
0.66282
0.6589
0.65438
0.65604
0.65714
0.66106
0.6584
0.66238
0.65064
0.6596
0.6684
0.65982
0.65394
0.65362
0.65756
0.65424
0.66244
0.66324
0.6634
0.6617
0.6572
0.65574
0.65954
0.66112
0.66512
0.6568
0.658
0.65464
0.6632
0.65906
0.66082
0.65004
0.65518
0.65996
0.66196
0.6567
0.66622
0.66206
0.66296
0.66124
0.6575
0.66098
0.66442
0.65696
0.65828
0.65892
0.65828
0.66252
0.65852
0.66098
0.66002
0.66318
0.65758
0.6645
0.6573
0.65574
0.65882
0.65546
0.65954
0.6567
0.65638
0.66156
0.6587
0.66254
0.66052
0.65736
0.65598
0.65348
0.66
0.66324
0.6556
0.65926
0.66106
0.65974
0.65608
0.65616
0.6569
0.6618
0.66206
0.65886
0.66166
0.6597
0.65524
0.65712
0.65262
0.65964
0.6567
0.66454
0.659
0.65536
0.66114
0.65624
0.66092
0.65596
0.6583
0.65788
0.65468
0.65966
0.65752
0.65742
0.66226
0.6618
0.66154
0.65638
0.65892
0.65732
0.6589
0.66182
0.66134
0.66516
0.65766
0.65688
0.66132
0.65976
0.6598
0.65696
0.65602
0.65762
0.65776
0.65496
0.65638
0.66104
0.64742
0.6585
0.656
0.65428
0.65914
0.66122
0.66102
0.65784
0.65904
0.65776
0.66114
0.6623
0.66076
0.65768
0.66062
0.65952
0.65852
0.66354
0.66054
0.65968
0.661
0.66262
0.66106
0.65608
0.65802
0.65436
0.65814
0.65756
0.66138
0.66128
0.66126
0.66334
0.66708
0.65532
0.663
0.66486
0.65714
0.6628
0.656
0.65992
0.6612
0.65636
0.6567
0.65442
0.6586
0.66038
0.65908
0.662
0.65928
0.65908
0.65246
0.66272
0.6604
0.65884
0.65666
0.66068
0.65896
0.66222
0.6596
0.64706
0.65284
0.65618
0.65614
0.65298
0.65294
0.65708
0.6583
0.66032
0.65506
0.65728
0.65212
0.66498
0.6579
0.65564
0.66224
0.66332
0.65844
0.65062
0.65932
0.66282
0.66146
0.65852
0.66534
0.6593
0.66066
0.65234
0.65098
0.6507
0.66202
0.66412
0.6587
0.66058
0.66112
0.66312
0.65514
0.6534
0.65738
0.66366
0.65646
0.66022
0.65928
0.65682
0.6528
0.65454
0.66352
0.6618
0.661
0.66028
0.65442
0.6598
0.66374
0.6621
0.65962
0.6606
0.65472
0.66234
0.65946
0.65478
0.66298
0.66136
0.66366
0.65922
0.66212
0.6638
0.65836
0.65566
0.66176
0.65312
0.65872
0.65328
0.66698
0.66436
0.65412
0.65916
0.65944
0.65508
0.65058
0.65952
0.66612
0.65892
0.65976
0.6641
0.66094
0.66588
0.66134
0.66212
0.65822
0.6543
0.65656
0.6561
0.6581
0.659
0.66352
0.65876
0.65224
0.65892
0.66016
0.66536
0.65712
0.6583
0.6564
0.65486
0.6574
0.66408
0.66154
0.66372
0.65002
0.65118
0.65906
0.66126
0.65646
0.66076
0.65312
0.65544
0.65816
0.66218
0.66194
0.65762
0.65844
0.65682
0.6566
0.6606
0.65402
0.66318
0.66138
0.65364
0.65906
0.6593
0.66042
0.65698
0.65816
0.66126
0.65832
0.66316
0.66662
0.66192
0.6636
0.6626
0.65512
0.66226
0.66138
0.66204
0.6585
0.65726
0.66118
0.66428
0.65808
0.66042
0.65822
0.6644
0.65374
0.66222
0.6558
0.6508
0.65526
0.66176
0.66344
0.65982
0.65408
0.66218
0.6504
0.65796
0.6569
0.65582
0.66328
0.65284
0.66118
0.66064
0.66244
0.66826
0.6527
0.6587
0.65506
0.6625
0.66424
0.66118
0.664
0.65748
0.65438
0.65266
0.65268
0.65856
0.65638
0.66034
0.66088
0.66096
0.656
0.65992
0.65778
0.66362
0.66412
0.65892
0.66318
0.66134
0.65818
0.65626
0.66248
0.6644
0.6547
0.65906
0.6562
0.66198
0.66136
0.66756
0.6595
0.66416
0.65966
0.66066
0.66584
0.65846
0.66182
0.6569
0.65938
0.65454
0.65478
0.65704
0.65268
0.66416
0.65222
0.6547
0.6591
0.65706
0.6579
0.66196
0.6554
0.65356
0.65734
0.6586
0.66238
0.65488
0.654
0.66358
0.6566
0.66208
0.65688
0.65728
0.66386
0.6604
0.66138
0.65452
0.6586
0.64968
0.66084
0.66596
0.65854
0.6566
0.66186
0.66622
0.66336
0.65744
0.6569
0.66096
0.66586
0.661
0.6583
0.65838
0.66402
0.65844
0.65542
0.65392
0.66076
0.65576
0.65072
0.66112
0.6655
0.65434
0.66024
0.6585
0.66042
0.65972
0.66134
0.65264
0.6561
0.65786
0.65914
0.66232
0.65932
0.65972
0.65426
0.6597
0.65394
0.66458
0.6535
0.66144
0.65992
0.6608
0.65598
0.66452
0.66188
0.65332
0.6573
0.65786
0.65898
0.66
0.66226
0.66136
0.65596
0.66034
0.65402
0.65778
0.65794
0.66328
0.6524
0.65838
0.6589
0.65138
0.6602
0.6656
0.66158
0.65804
0.66248
0.65988
0.66142
0.65862
0.65978
0.65226
0.65916
0.66236
0.65716
0.6545
0.6604
0.65402
0.66174
0.66014
0.65212
0.65638
0.65192
0.65694
0.65858
0.65856
0.66004
0.65408
0.6541
0.66448
0.6635
0.66148
0.65584
0.65942
0.663
0.65492
0.65936
0.65748
0.65802
0.66208
0.6611
0.65334
0.66176
0.65926
0.65694
0.66144
0.65782
0.65974
0.66024
0.65846
0.65846
0.65872
0.66202
0.65846
0.65824
0.65346
0.66616
0.65972
0.66342
0.66244
0.65508
0.66002
0.65928
0.65998
0.66506
0.66774
0.65324
0.65756
0.66166
0.66
0.6595
0.66532
0.6585
0.66616
0.659
0.65818
0.6617
0.6581
0.6613
0.65928
0.65824
0.65666
0.6606
0.65714
0.6576
0.66266
0.65546
0.66298
0.65946
0.65242
0.65958
0.65606
0.6481
0.66146
0.65772
0.65566
0.65904
0.66196
0.6641
0.6621
0.65956
0.66162
0.66368
0.66606
0.65252
0.65506
0.66026
0.65392
0.65608
0.65586
0.66196
0.65864
0.65868
0.65862
0.66178
0.65156
0.66242
0.66288
0.65754
0.65896
0.65826
0.6598
0.66768
0.6591
0.6605
0.66348
0.6528
0.65738
0.65802
0.65622
0.65914
0.66044
0.65596
0.65864
0.65968
0.6629
0.65392
0.65612
0.6584
0.66128
0.66368
0.66102
0.65896
0.65526
0.66046
0.65662
0.65852
0.65854
0.65938
0.65804
0.66744
0.64886
0.66866
0.65534
0.66352
0.65794
0.65512
0.65642
0.65624
0.65512
0.66266
0.65944
0.65634
0.65948
0.65706
0.65888
0.65564
0.65876
0.6609
0.65842
0.66594
0.66072
0.65876
0.65816
0.6552
0.66104
0.66186
0.66156
0.65796
0.6593
0.6562
0.65746
0.65942
0.66024
0.65104
0.6616
0.66026
0.6595
0.65434
0.66538
0.66118
0.6628
0.66134
0.66614
0.66186
0.65874
0.6598
0.65762
0.65538
0.65712
0.65536
0.65358
0.66028
0.65546
0.66572
0.6563
0.65846
0.66446
0.66422
0.65872
0.65478
0.66134
0.65498
0.66082
0.66118
0.66198
0.65896
0.65626
0.6562
0.65674
0.65496
0.65976
0.66472
0.6673
0.6545
0.65744
0.65866
0.65902
0.6628
0.65708
0.65684
0.66098
0.66116
0.6638
0.65812
0.65578
0.6623
0.65994
0.66784
0.65988
0.65242
0.6583
0.65818
0.65892
0.66222
0.65854
0.65514
0.65368
0.65914
0.65962
0.65656
0.65942
0.65254
0.65944
0.66026
0.66076
0.65764
0.65012
0.66236
0.66088
0.65746
0.65408
0.6627
0.65936
0.65646
0.65026
0.66156
0.6615
0.66254
0.66004
0.66098
0.65596
0.6582
0.6575
0.66032
0.65646
0.65568
0.66898
0.65742
0.65664
0.65206
0.66208
0.6562
0.66006
0.6653
0.66052
0.65968
0.66142
0.66406
0.65214
0.66028
0.65812
0.65902
0.65898
0.65766
0.6605
0.6552
0.6545
0.66422
0.66298
0.65938
0.66486
0.65254
0.65744
0.64812
0.65846
0.65778
0.65284
0.66168
0.65368
0.65748
0.66324
0.66658
0.66312
0.66018
0.65908
0.6625
0.6544
0.66028
0.65922
0.65872
0.65848
0.65602
0.66118
0.65716
0.6623
0.66214
0.65926
0.65962
0.65538
0.65594
0.65488
0.65344
0.66412
0.6529
0.66268
0.65638
0.6536
0.65718
0.65838
0.6586
0.65204
0.65998
0.66148
0.6609
0.6494
0.66136
0.65666
0.64946
0.65912
0.65846
0.66188
0.6565
0.65058
0.65666
0.65838
0.65832
0.65298
0.6585
0.65958
0.66058
0.6591
0.65438
0.6582
0.66086
0.65994
0.66162
0.66148
0.65774
0.66002
0.6618
0.65282
0.65772
0.66106
0.6593
0.66052
0.66036
0.6542
0.6593
0.65372
0.65906
0.66436
0.6552
0.65802
0.66506
0.65906
0.64882
0.65812
0.65594
0.65468
0.6635
0.66684
0.66182
0.66016
0.65834
0.65332
0.65118
0.66124
0.6596
0.66364
0.65726
0.66088
0.65926
0.66218
0.66058
0.6538
0.65562
0.6502
0.6535
0.65408
0.66006
0.66204
0.65978
0.66768
0.65894
0.65838
0.65926
0.658
0.65866
0.66106
0.66534
0.662
0.65796
0.66062
0.65782
0.65952
0.66124
0.66706
0.6594
0.65802
0.65968
0.65794
0.65452
0.65932
0.65238
0.66004
0.65968
0.65954
0.6575
0.6629
0.65672
0.6554
0.66378
0.6511
0.65558
0.6566
0.66116
0.65768
0.6547
0.66154
0.65662
0.65618
0.6659
0.65396
0.65868
0.65814
0.65862
0.65236
0.65978
0.66184
0.65974
0.65924
0.66096
0.65092
0.66034
0.66316
0.65192
0.6605
0.66288
0.66338
0.65684
0.65542
0.65696
0.65438
0.65828
0.65924
0.6586
0.65712
0.65622
0.65958
0.6598
0.65662
0.65532
0.6586
0.66744
0.65604
0.65712
0.6639
0.65788
0.66242
0.66444
0.66018
0.65822
0.65914
0.658
0.65792
0.65462
0.66454
0.65388
0.66062
0.6578
0.65926
0.65434
0.65822
0.65952
0.65754
0.65884
0.65772
0.6621
0.6584
0.66642
0.6584
0.66486
0.6564
0.66512
0.66274
0.65732
0.65644
0.66088
0.6611
0.66284
0.65758
0.66158
0.65982
0.66052
0.66662
0.65746
0.6611
0.65962
0.66332
0.65216
0.66352
0.65714
0.65702
0.66588
0.65168
0.66094
0.66054
0.6629
0.65872
0.65438
0.65942
0.65524
0.65208
0.66282
0.65854
0.6619
0.65554
0.65858
0.6618
0.66
0.65702
0.65944
0.65576
0.66266
0.66084
0.65526
0.66158
0.6624
0.65224
0.66056
0.66032
0.65018
0.6586
0.65818
0.66016
0.65174
0.662
0.65034
0.65764
0.6588
0.65878
0.65096
0.66168
0.65904
0.65958
0.65724
0.65942
0.65616
0.65486
0.65656
0.65786
0.65348
0.65482
0.6568
0.65502
0.6599
0.65646
0.65578
0.66008
0.65978
0.66164
0.65952
0.65896
0.65816
0.6567
0.65786
0.65752
0.66112
0.65932
0.65174
0.65544
0.65478
0.66328
0.65674
0.6563
0.6562
0.65368
0.6532
0.66018
0.65588
0.65904
0.65608
0.66082
0.65678
0.6602
0.66084
0.6638
0.66396
0.65938
0.65562
0.6592
0.6553
0.65468
0.65496
0.65504
0.65696
0.65956
0.6505
0.65934
0.66596
0.65512
0.66106
0.6599
0.65994
0.6614
0.65934
0.6556
0.66436
0.66106
0.65922
0.66164
0.6565
0.6545
0.65878
0.65344
0.65494
0.66226
0.6571
0.66296
0.65428
0.65858
0.6577
0.6592
0.65686
0.6581
0.65416
0.65882
0.65684
0.6621
0.65856
0.65096
0.65848
0.65448
0.66066
0.66108
0.66152
0.66224
0.6555
0.66182
0.65772
0.6562
0.6577
0.6564
0.65598
0.65918
0.65896
0.6682
0.65706
0.6604
0.65288
0.65874
0.65988
0.66342
0.65674
0.6621
0.6602
0.6585
0.65874
0.65972
0.65962
0.65774
0.65776
0.66118
0.66242
0.65938
0.65288
0.65826
0.65964
0.6566
0.66544
0.6612
0.65904
0.65494
0.65966
0.65522
0.65884
0.65698
0.66002
0.66174
0.65794
0.66344
0.65854
0.66564
0.65666
0.66098
0.66402
0.65346
0.65624
0.66416
0.65428
0.6612
0.6599
0.6581
0.65694
0.65266
0.6632
0.65596
0.66116
0.65594
0.658
0.66054
0.66044
0.65642
0.6609
0.6611
0.65354
0.66168
0.66024
0.65678
0.6599
0.66064
0.65566
0.658
0.66224
0.6591
0.6568
0.66006
0.6598
0.66196
0.65702
0.65704
0.6571
0.65962
0.66334
0.66184
0.65734
0.6624
0.6563
0.65572
0.66014
0.65802
0.65788
0.65522
0.65692
0.65462
0.65906
0.65996
0.65862
0.65946
0.66106
0.66132
0.66046
0.65552
0.65622
0.65074
0.65728
0.65732
0.65768
0.65802
0.66162
0.66006
0.654
0.66008
0.6542
0.65556
0.66116
0.6633
0.657
0.66402
0.65526
0.65916
0.66054
0.66086
0.66132
0.66046
0.66096
0.6627
0.66112
0.66076
0.65262
0.66032
0.65902
0.6545
0.6577
0.6572
0.65384
0.66032
0.65726
0.65736
0.65656
0.6623
0.6563
0.6535
0.65544
0.6582
0.66274
0.66188
0.6525
0.65624
0.65446
0.65844
0.65496
0.66132
0.66026
0.6637
0.65718
0.65772
0.66328
0.6521
0.65864
0.66682
0.65602
0.65672
0.65812
0.65712
0.6589
0.65658
0.6547
0.6591
0.66872
0.66826
0.65476
0.65842
0.66416
0.6657
0.66464
0.6591
0.6584
0.6586
0.6596
0.65652
0.6581
0.65954
0.6629
0.66174
0.6564
0.65608
0.6608
0.66132
0.6531
0.6557
0.65924
0.65602
0.65618
0.65998
0.66182
0.66302
0.66178
0.66272
0.65946
0.65608
0.65856
0.66412
0.66312
0.65748
0.66172
0.66414
0.65692
0.66138
0.65916
0.65658
0.66246
0.66074
0.65728
0.65956
0.65876
0.65814
0.66212
0.65928
0.65518
0.65788
0.66
0.65708
0.6553
0.65828
0.6561
0.6612
0.6533
0.6636
0.6606
0.65466
0.65504
0.65954
0.65972
0.65784
0.66288
0.65712
0.66134
0.6562
0.65564
0.65788
0.65726
0.6577
0.66144
0.65092
0.65546
0.65782
0.65736
0.65686
0.6618
0.65864
0.65702
0.65932
0.6634
0.65984
0.6641
0.6665
0.66628
0.66266
0.65784
0.65218
0.66028
0.65306
0.66758
0.65638
0.65102
0.66026
0.66164
0.65898
0.66358
0.65804
0.6578
0.6643
0.66368
0.65666
0.65828
0.6602
0.6573
0.65908
0.66204
0.65782
0.6615
0.66064
0.65924
0.65798
0.65434
0.65878
0.65402
0.66118
0.65416
0.65946
0.65694
0.65576
0.65768
0.65902
0.6572
0.65686
0.65916
0.6602
0.65222
0.6535
0.65966
0.65646
0.65972
0.65886
0.65716
0.65972
0.66186
0.66076
0.6546
0.66454
0.66186
0.65574
0.6633
0.65808
0.65762
0.65948
0.65858
0.66158
0.66622
0.65544
0.65728
0.66078
0.66212
0.66618
0.65924
0.6619
0.65964
0.65796
0.65846
0.65904
0.65912
0.65682
0.65508
0.66258
0.6676
0.66122
0.66284
0.65424
0.66114
0.66694
0.65924
0.654
0.65606
0.65686
0.65736
0.66052
0.65532
0.65632
0.66422
0.66102
0.65574
0.66092
0.65892
0.66222
0.66034
0.66416
0.65574
0.65646
0.66272
0.65488
0.6537
0.66306
0.66366
0.65872
0.66224
0.6533
0.66734
0.65596
0.6605
0.65186
0.66046
0.65612
0.66194
0.6624
0.66374
0.65324
0.66616
0.65818
0.65534
0.65924
0.65934
0.6571
0.65742
0.66158
0.65466
0.6611
0.65592
0.6565
0.6637
0.66494
0.6574
0.65948
0.65852
0.65112
0.65792
0.6603
0.65514
0.66554
0.65608
0.65724
0.65386
0.66448
0.6603
0.65858
0.66682
0.6563
0.66036
0.66064
0.65764
0.65396
0.65664
0.66338
0.65934
0.6548
0.6542
0.65452
0.65908
0.66556
0.66038
0.65912
0.65344
0.66428
0.65546
0.65394
0.66176
0.65902
0.6581
0.657
0.6615
0.66032
0.66576
0.66216
0.65818
0.66442
0.65598
0.66142
0.65856
0.65756
0.6559
0.65766
0.65282
0.66018
0.66188
0.66108
0.66526
0.6582
0.6508
0.6602
0.65394
0.65608
0.66308
0.65908
0.65602
0.65532
0.65964
0.65312
0.66158
0.65178
0.66576
0.6603
0.6652
0.66032
0.65754
0.65882
0.65746
0.66156
0.65708
0.65486
0.6545
0.6583
0.65526
0.6546
0.65968
0.65904
0.6601
0.6561
0.65342
0.65906
0.65764
0.65972
0.65872
0.65704
0.65794
0.65912
0.65614
0.6606
0.65836
0.65664
0.66144
0.65862
0.66228
0.65788
0.65698
0.66208
0.65792
0.6562
0.65016
0.66648
0.655
0.66146
0.65322
0.65582
0.66168
0.65586
0.65778
0.6593
0.65608
0.65512
0.65826
0.65804
0.6608
0.66456
0.6543
0.65508
0.65998
0.65504
0.6582
0.65452
0.65888
0.66274
0.65752
0.66026
0.6587
0.6554
0.66226
0.65852
0.65572
0.65754
0.65652
0.65648
0.65664
0.6619
0.6632
0.6614
0.65774
0.66212
0.65972
0.65082
0.6619
0.65386
0.65334
0.6582
0.65768
0.65614
0.66186
0.65724
0.66182
0.65134
0.65454
0.65888
0.65778
0.66122
0.66186
0.65632
0.65586
0.65798
0.6605
0.65474
0.65866
0.6677
0.66744
0.66082
0.6641
0.66462
0.66358
0.65394
0.66324
0.662
0.66356
0.65726
0.65788
0.66442
0.66248
0.6585
0.65756
0.65654
0.65936
0.65888
0.65422
0.65364
0.65534
0.661
0.66422
0.65764
0.65456
0.66256
0.66082
0.66056
0.65652
0.65428
0.66114
0.66176
0.65518
0.656
0.65616
0.65348
0.6588
0.65618
0.66094
0.64812
0.65742
0.656
0.65592
0.6525
0.66352
0.65772
0.65696
0.6583
0.65386
0.66198
0.66364
0.6629
0.65942
0.65218
0.66176
0.66232
0.65782
0.65092
0.65072
0.65966
0.6596
0.65388
0.65042
0.66308
0.66688
0.66404
0.66206
0.65658
0.66134
0.65408
0.6637
0.66314
0.65832
0.65974
0.65784
0.65808
0.65416
0.65534
0.65872
0.65892
0.65238
0.65954
0.6536
0.65606
0.65496
0.66186
0.6593
0.65912
0.6582
0.65838
0.65618
0.65892
0.65822
0.66266
0.6601
0.65648
0.65908
0.66446
0.65778
0.6573
0.65552
0.65996
0.65862
0.65764
0.66238
0.6514
0.6555
0.65892
0.6552
0.65512
0.65736
0.65896
0.65448
0.65722
0.65874
0.6681
0.65464
0.66376
0.66288
0.65588
0.65794
0.65758
0.66284
0.65914
0.65992
0.6627
0.65684
0.66164
0.66464
0.657
0.65776
0.66288
0.66222
0.65696
0.66412
0.6622
0.65662
0.65632
0.66166
0.65518
0.65506
0.66438
0.65888
0.6616
0.65606
0.6546
0.66118
0.66906
0.6574
0.66256
0.65384
0.65846
0.65972
0.66276
0.64576
0.65934
0.65506
0.65434
0.66094
0.65888
0.65894
0.65636
0.65456
0.66076
0.66732
0.66236
0.6605
0.65766
0.65804
0.65898
0.65346
0.65766
0.65514
0.65734
0.66126
0.65458
0.6618
0.656
0.66134
0.65992
0.65956
0.66122
0.66474
0.659
0.64902
0.6602
0.66106
0.66146
0.662
0.66126
0.66094
0.66116
0.6562
0.6613
0.65966
0.66154
0.65678
0.65902
0.65848
0.6591
0.66488
0.6641
0.66076
0.65612
0.6609
0.65786
0.658
0.6623
0.65926
0.65842
0.65112
0.65576
0.66072
0.65786
0.65598
0.65986
0.66176
0.6595
0.66432
0.65802
0.65742
0.6545
0.65782
0.65572
0.65956
0.6581
0.65406
0.65642
0.66018
0.65898
0.6581
0.661
0.65858
0.66014
0.65788
0.65768
0.66132
0.658
0.66074
0.66004
0.65994
0.6576
0.652
0.66436
0.6596
0.66362
0.6643
0.66574
0.65958
0.65668
0.65346
0.6616
0.661
0.65714
0.65952
0.6648
0.6571
0.65922
0.6564
0.6594
0.65718
0.6665
0.6647
0.66026
0.654
0.66016
0.6615
0.65752
0.65874
0.65828
0.65862
0.66092
0.66304
0.65806
0.6593
0.65592
0.66028
0.65968
0.66134
0.65894
0.65364
0.6601
0.65552
0.6582
0.65934
0.65588
0.65284
0.66134
0.66662
0.6606
0.66072
0.65616
0.66418
0.65304
0.66072
0.6573
0.65688
0.66026
0.6567
0.65796
0.65724
0.66468
0.65832
0.66556
0.66074
0.66168
0.658
0.65672
0.65354
0.66648
0.65776
0.6647
0.65858
0.66192
0.6581
0.6628
0.65968
0.65766
0.65594
0.6572
0.65356
0.66538
0.65944
0.65452
0.66334
0.65536
0.654
0.66316
0.6574
0.65272
0.66076
0.65606
0.6563
0.66196
0.65776
0.65608
0.65504
0.66642
0.65874
0.6586
0.65856
0.66228
0.65698
0.6588
0.66
0.65944
0.65412
0.65766
0.65846
0.6577
0.66558
0.6581
0.65982
0.6627
0.66054
0.65704
0.65734
0.65086
0.65664
0.66628
0.65672
0.65772
0.66368
0.65394
0.65646
0.6595
0.66004
0.65736
0.66092
0.6552
0.65832
0.65368
0.65508
0.6578
0.65788
0.66276
0.65656
0.65738
0.66046
0.66486
0.65458
0.66494
0.66048
0.66032
0.65744
0.6587
0.6571
0.657
0.6574
0.66338
0.65518
0.65384
0.6654
0.65584
0.66344
0.6525
0.66216
0.66156
0.66198
0.65956
0.66178
0.65684
0.66312
0.65886
0.66294
0.66234
0.66114
0.66034
0.66368
0.65894
0.65622
0.6636
0.65286
0.6509
0.65748
0.65638
0.65936
0.6604
0.65872
0.65472
0.65394
0.65744
0.6554
0.6565
0.64934
0.65474
0.65964
0.65882
0.66404
0.65504
0.6544
0.6608
0.65494
0.65468
0.66236
0.66146
0.65928
0.65774
0.66184
0.65834
0.65986
0.66038
0.65958
0.65878
0.66048
0.66364
0.66012
0.65966
0.66104
0.65494
0.66398
0.6537
0.6611
0.66048
0.6675
0.66382
0.66546
0.6549
0.65482
0.66534
0.65426
0.65244
0.66404
0.65442
0.65278
0.65386
0.65748
0.66096
0.66414
0.65878
0.66028
0.66058
0.66534
0.65398
0.65258
0.65538
0.65892
0.65732
0.65712
0.65548
0.65382
0.66498
0.65906
0.65948
0.6587
0.65652
0.65734
0.65428
0.6574
0.66146
0.6577
0.65154
0.65834
0.66018
0.65878
0.65902
0.654
0.65362
0.65834
0.65938
0.66436
0.65808
0.65496
0.65358
0.6576
0.66066
0.66196
0.6596
0.66216
0.6583
0.66194
0.65926
0.6598
0.6664
0.66518
0.65386
0.65778
0.66198
0.65888
0.66168
0.6633
0.66346
0.66024
0.66604
0.65622
0.66514
0.65872
0.6564
0.65744
0.64968
0.65966
0.6581
0.66068
0.65452
0.6603
0.6583
0.6642
0.65798
0.65862
0.65654
0.65684
0.65988
0.66012
0.65658
0.65848
0.66514
0.6589
0.67088
0.65722
0.65186
0.65736
0.66288
0.65886
0.65456
0.6537
0.65948
0.65024
0.65568
0.65312
0.66616
0.66022
0.65746
0.65494
0.66044
0.6584
0.65652
0.66024
0.65312
0.6593
0.65918
0.66226
0.65884
0.65824
0.6573
0.65978
0.6508
0.66128
0.6536
0.65758
0.65518
0.65648
0.65748
0.66324
0.65848
0.66124
0.66062
0.65338
0.6576
0.65558
0.65926
0.66326
0.65788
0.65696
0.65954
0.66068
0.65812
0.6606
0.66118
0.65942
0.6583
0.6583
0.66188
0.65682
0.66142
0.66466
0.65618
0.6576
0.6546
0.65994
0.66164
0.66334
0.65662
0.65538
0.65526
0.65712
0.65728
0.65598
0.66032
0.65466
0.6626
0.65928
0.65994
0.66102
0.6556
0.66828
0.6625
0.66132
0.65828
0.66164
0.66254
0.65732
0.65482
0.6541
0.66498
0.66344
0.66234
0.65584
0.66516
0.65802
0.6521
0.66472
0.66268
0.66022
0.65472
0.66352
0.6597
0.65826
0.66034
0.66424
0.65904
0.65674
0.66382
0.65804
0.6568
0.66828
0.65752
0.65498
0.65946
0.66074
0.65418
0.66368
0.65376
0.66078
0.66
0.65226
0.65796
0.655
0.65576
0.66564
0.66452
0.66166
0.66014
0.65792
0.66002
0.65842
0.6592
0.66656
0.65482
0.6675
0.65478
0.66104
0.65712
0.65868
0.66054
0.65916
0.662
0.65554
0.65496
0.66032
0.65684
0.65348
0.66518
0.65318
0.6612
0.65158
0.6581
0.6562
0.65542
0.65154
0.65782
0.65272
0.65866
0.6585
0.65476
0.65552
0.65762
0.65922
0.65422
0.66868
0.65958
0.66036
0.64856
0.65586
0.65454
0.65706
0.6507
0.6538
0.65778
0.66064
0.6652
0.65722
0.65972
0.65612
0.65268
0.66118
0.65486
0.65562
0.66124
0.6557
0.65312
0.65978
0.65838
0.66368
0.65452
0.65308
0.65844
0.66144
0.65582
0.65284
0.66288
0.65484
0.66056
0.66234
0.66056
0.65928
0.66066
0.6567
0.65188
0.65722
0.66682
0.65992
0.66266
0.6652
0.65964
0.6589
0.66616
0.66492
0.65522
0.65528
0.67054
0.65616
0.66162
0.65888
0.65626
0.6594
0.65702
0.66352
0.65488
0.65486
0.66182
0.6577
0.65196
0.65786
0.65908
0.668
0.6616
0.65112
0.65626
0.66012
0.66216
0.65656
0.65238
0.65506
0.6568
0.65892
0.65478
0.66026
0.65622
0.6572
0.66186
0.65842
0.6532
0.66
0.65288
0.66072
0.65774
0.66364
0.66488
0.66556
0.66012
0.65654
0.66088
0.66256
0.65996
0.6583
0.65914
0.6577
0.65802
0.65792
0.65722
0.65832
0.65252
0.66054
0.65878
0.65642
0.65708
0.66106
0.66112
0.65714
0.65546
0.65422
0.65434
0.6663
0.65328
0.66238
0.66114
0.6602
0.66136
0.65644
0.6577
0.66664
0.65778
0.6563
0.6649
0.66048
0.66706
0.6557
0.66254
0.6623
0.65644
0.65868
0.66448
0.65702
0.65966
0.65556
0.65856
0.65724
0.66286
0.66186
0.66026
0.65586
0.66088
0.6594
0.65954
0.65436
0.65614
0.66388
0.66304
0.65938
0.66314
0.65102
0.6526
0.6566
0.66144
0.65658
0.65722
0.66134
0.65936
0.66514
0.65896
0.66466
0.65028
0.65762
0.66086
0.66152
0.65878
0.66462
0.66094
0.6635
0.6624
0.65848
0.66026
0.65338
0.66026
0.65454
0.66134
0.6575
0.65858
0.65546
0.65558
0.6599
0.65416
0.64806
0.66016
0.6554
0.65646
0.65906
0.65544
0.659
0.65674
0.65774
0.662
0.65262
0.6604
0.65648
0.66586
0.65786
0.6609
0.6574
0.66088
0.6551
0.65666
0.65626
0.65858
0.65896
0.65966
0.66294
0.66574
0.66008
0.65604
0.65708
0.6597
0.66012
0.65964
0.66158
0.65656
0.66086
0.66246
0.66186
0.6618
0.6599
0.65878
0.662
0.66548
0.65888
0.65872
0.65348
0.65754
0.66472
0.65888
0.65722
0.66468
0.65988
0.65528
0.65946
0.65804
0.66108
0.65222
0.66148
0.6603
0.66488
0.6563
0.6597
0.65916
0.65794
0.65784
0.65772
0.65728
0.65966
0.65588
0.66344
0.6517
0.66138
0.65954
0.65648
0.66014
0.6529
0.65728
0.66176
0.65636
0.65514
0.66042
0.66182
0.65822
0.656
0.65458
0.65752
0.65864
0.6608
0.6557
0.65988
0.6569
0.6661
0.66168
0.66094
0.66354
0.65366
0.65552
0.6565
0.65324
0.65722
0.66272
0.66018
0.66284
0.65618
0.65346
0.6651
0.66096
0.65396
0.66486
0.66
0.66028
0.66118
0.66286
0.65834
0.65652
0.6592
0.66164
0.6609
0.64976
0.65456
0.65992
0.66358
0.65566
0.66124
0.65546
0.6664
