0.9502
0.95184
0.94944
0.9514
0.9505
0.94992
0.95132
0.94942
0.95216
0.9525
0.95144
0.94954
0.94952
0.95248
0.9516
0.95146
0.94996
0.95084
0.95158
0.94922
0.95226
0.95318
0.95228
0.95046
0.9526
0.9481
0.9514
0.95062
0.95042
0.9502
0.9502
0.9517
0.95054
0.95046
0.9504
0.94946
0.95252
0.95186
0.94964
0.951
0.95104
0.95178
0.94978
0.94898
0.95158
0.95278
0.9489
0.95158
0.95088
0.95122
0.94992
0.95048
0.94974
0.94938
0.95168
0.95102
0.95286
0.9509
0.95084
0.9526
0.9505
0.95292
0.95052
0.952
0.9513
0.95002
0.95092
0.95216
0.95038
0.94922
0.9504
0.95008
0.95106
0.94962
0.94986
0.9509
0.95212
0.94912
0.95226
0.94912
0.95172
0.95024
0.94962
0.95154
0.94942
0.94872
0.95082
0.9502
0.9498
0.94968
0.94958
0.9526
0.9499
0.95196
0.95218
0.95036
0.9495
0.95078
0.95016
0.95126
0.95026
0.95224
0.95174
0.94966
0.94928
0.95036
0.95038
0.94986
0.95406
0.95098
0.94902
0.95142
0.94978
0.95242
0.9511
0.9497
0.95138
0.95126
0.95076
0.95002
0.9523
0.95112
0.94918
0.95218
0.94948
0.95222
0.94828
0.95042
0.95038
0.9501
0.9509
0.95352
0.95144
0.9509
0.95164
0.94946
0.94926
0.9493
0.9525
0.94812
0.9532
0.94906
0.95056
0.94942
0.95032
0.9504
0.95196
0.94856
0.95044
0.95204
0.94766
0.95324
0.9499
0.95198
0.95052
0.94974
0.94888
0.9501
0.95112
0.94918
0.9488
0.95094
0.95142
0.95128
0.95
0.95214
0.95092
0.9491
0.95028
0.9508
0.94976
0.95204
0.95052
0.95026
0.95036
0.95068
0.94918
0.95222
0.95122
0.95174
0.95282
0.95184
0.94726
0.9489
0.952
0.95164
0.949
0.95072
0.94898
0.95168
0.9514
0.94962
0.9506
0.95292
0.94936
0.94946
0.95166
0.95198
0.95164
0.94826
0.94938
0.95224
0.95202
0.95202
0.94958
0.95134
0.94972
0.95004
0.95026
0.9502
0.9513
0.94874
0.9516
0.95216
0.95188
0.9517
0.9521
0.9541
0.95154
0.9501
0.9514
0.94972
0.95088
0.94934
0.95064
0.95066
0.9511
0.94906
0.95186
0.95176
0.9475
0.9478
0.9517
0.94932
0.94956
0.94946
0.95102
0.94944
0.95092
0.95084
0.95166
0.94858
0.95058
0.95106
0.94954
0.95092
0.95092
0.94972
0.9506
0.95056
0.94916
0.9494
0.95016
0.9499
0.94954
0.95046
0.94932
0.95038
0.94898
0.95186
0.95138
0.95044
0.95006
0.95006
0.95128
0.95024
0.95024
0.95084
0.95038
0.9508
0.94938
0.9486
0.95248
0.95094
0.95042
0.94986
0.9486
0.95066
0.94928
0.95168
0.9512
0.95028
0.9518
0.94986
0.95022
0.95036
0.9496
0.95186
0.95124
0.94966
0.94936
0.95054
0.9489
0.95214
0.95112
0.94894
0.95114
0.9484
0.95146
0.95102
0.95068
0.95244
0.952
0.95008
0.94962
0.9498
0.95118
0.95114
0.95224
0.95132
0.95168
0.9501
0.9491
0.95146
0.9516
0.9477
0.94972
0.95054
0.94902
0.95084
0.9513
0.95124
0.94936
0.94984
0.95234
0.95134
0.95072
0.95064
0.9502
0.94972
0.9512
0.95032
0.94954
0.94854
0.95164
0.95118
0.9507
0.9507
0.95084
0.95076
0.95028
0.95112
0.95094
0.95164
0.95114
0.94926
0.94904
0.95044
0.94874
0.95172
0.94898
0.9522
0.95032
0.95208
0.94966
0.95188
0.94926
0.95246
0.94918
0.9492
0.95206
0.94838
0.94992
0.95036
0.9515
0.95114
0.95002
0.95146
0.94834
0.94838
0.94998
0.95266
0.94858
0.95008
0.9522
0.95226
0.95066
0.94914
0.95086
0.94938
0.9514
0.94886
0.95124
0.95158
0.95158
0.9494
0.95008
0.9528
0.94938
0.9505
0.9495
0.95212
0.95028
0.95018
0.94952
0.95038
0.94808
0.951
0.9518
0.95186
0.94968
0.95072
0.95104
0.94854
0.95074
0.94962
0.95012
0.95084
0.95
0.95078
0.9528
0.9502
0.95072
0.95128
0.95136
0.94974
0.95122
0.94996
0.94738
0.94938
0.94992
0.951
0.95278
0.95092
0.9515
0.94998
0.95082
0.94932
0.94908
0.94862
0.95284
0.95084
0.95298
0.95176
0.95012
0.94876
0.9509
0.95
0.9508
0.95034
0.95066
0.95002
0.949
0.9486
0.95076
0.95262
0.95264
0.95194
0.94976
0.95156
0.95188
0.95166
0.9514
0.95384
0.9503
0.94898
0.95074
0.95134
0.95204
0.94978
0.94882
0.95074
0.94938
0.95108
0.95118
0.94982
0.95168
0.94976
0.9528
0.95042
0.95336
0.95078
0.95194
0.94936
0.94944
0.95176
0.9503
0.95084
0.95052
0.95214
0.9524
0.9529
0.95026
0.9502
0.95162
0.94984
0.95098
0.95032
0.94998
0.95244
0.95116
0.95312
0.94932
0.95006
0.951
0.94974
0.9511
0.94944
0.95012
0.95328
0.94984
0.94946
0.94682
0.95088
0.95316
0.95154
0.94846
0.95142
0.949
0.95296
0.95186
0.95128
0.95084
0.95112
0.95238
0.9498
0.9513
0.95246
0.95004
0.95266
0.94764
0.94902
0.95054
0.94974
0.95224
0.9522
0.94864
0.95024
0.95094
0.95222
0.94994
0.94974
0.95232
0.94954
0.95124
0.95158
0.9508
0.95008
0.95026
0.94996
0.9484
0.95048
0.95038
0.95252
0.95172
0.94976
0.95124
0.94856
0.95018
0.95094
0.95028
0.95176
0.95118
0.95098
0.95048
0.94998
0.94918
0.95056
0.95308
0.95256
0.95062
0.94888
0.9517
0.9517
0.94956
0.95
0.95364
0.95172
0.94972
0.95152
0.95386
0.95076
0.95134
0.95162
0.95148
0.95188
0.95204
0.95118
0.95016
0.94924
0.94898
0.95348
0.95036
0.9492
0.95132
0.95168
0.94948
0.95148
0.94948
0.95284
0.95268
0.95066
0.95212
0.9499
0.95152
0.94756
0.95086
0.95102
0.94936
0.9523
0.95142
0.95112
0.95058
0.9508
0.95008
0.9505
0.95136
0.95116
0.95168
0.95164
0.95214
0.95102
0.95066
0.9508
0.95006
0.95196
0.94964
0.95264
0.95166
0.95178
0.95172
0.95028
0.95192
0.95076
0.95106
0.94994
0.95026
0.95132
0.94858
0.95004
0.94974
0.95034
0.95026
0.95104
0.95068
0.95086
0.9516
0.94858
0.94986
0.95192
0.95056
0.95024
0.95032
0.95102
0.95046
0.94954
0.95142
0.94998
0.95068
0.95042
0.9493
0.94952
0.95118
0.9511
0.94964
0.95084
0.94876
0.94894
0.95288
0.9507
0.94996
0.94998
0.95018
0.95076
0.94964
0.95266
0.9496
0.9517
0.94816
0.95024
0.94936
0.95072
0.94874
0.95066
0.95176
0.95194
0.95156
0.94978
0.94888
0.9512
0.95134
0.95128
0.95138
0.94812
0.95164
0.95098
0.95212
0.952
0.95206
0.95082
0.95248
0.95028
0.94992
0.94878
0.95194
0.9505
0.95052
0.94976
0.95108
0.9527
0.94856
0.95054
0.94948
0.94972
0.95176
0.95182
0.95156
0.95224
0.95142
0.95192
0.94872
0.94988
0.9493
0.95064
0.95226
0.94908
0.94962
0.9516
0.95078
0.9526
0.95048
0.9501
0.94942
0.95136
0.95224
0.95178
0.95206
0.94842
0.95164
0.95038
0.95128
0.94934
0.94932
0.95306
0.94946
0.95064
0.95028
0.9518
0.95246
0.94996
0.95148
0.95006
0.95072
0.94942
0.95118
0.95032
0.95096
0.95196
0.9498
0.94996
0.95138
0.95072
0.95024
0.94938
0.94828
0.95044
0.94858
0.95118
0.95322
0.94912
0.95158
0.9522
0.95192
0.94872
0.94798
0.95022
0.95138
0.95228
0.9496
0.94858
0.9494
0.9513
0.95002
0.951
0.94888
0.95076
0.94938
0.94884
0.95194
0.949
0.94994
0.9511
0.95224
0.95302
0.95152
0.94958
0.9535
0.9496
0.95186
0.94956
0.95064
0.95084
0.9504
0.9498
0.94892
0.94912
0.95002
0.95072
0.95044
0.9483
0.9499
0.94948
0.94888
0.9498
0.9506
0.95248
0.948
0.94796
0.95056
0.95274
0.95046
0.95356
0.95132
0.94944
0.95312
0.94946
0.95128
0.9504
0.94942
0.9515
0.94944
0.9491
0.95046
0.95044
0.95098
0.94836
0.95148
0.95042
0.95038
0.95034
0.9496
0.94878
0.9488
0.95114
0.95088
0.95178
0.94932
0.94954
0.95154
0.95016
0.95004
0.95162
0.95096
0.94916
0.9508
0.95424
0.95014
0.95158
0.95072
0.94976
0.95042
0.9494
0.9489
0.95
0.95102
0.95278
0.95024
0.94818
0.95108
0.95128
0.95028
0.94948
0.94964
0.95094
0.95074
0.95074
0.95262
0.95022
0.95102
0.95208
0.94838
0.9518
0.95116
0.95098
0.95032
0.95292
0.94846
0.9505
0.94948
0.94986
0.9521
0.94916
0.95208
0.95086
0.94888
0.94948
0.95076
0.9505
0.95108
0.9499
0.95146
0.95036
0.95112
0.9526
0.95352
0.9499
0.94944
0.94822
0.95068
0.94858
0.95088
0.95068
0.95038
0.9522
0.95008
0.95236
0.95154
0.95174
0.9523
0.95078
0.95014
0.95174
0.95132
0.94948
0.9509
0.94932
0.9496
0.95074
0.94998
0.94926
0.95166
0.94914
0.95136
0.95304
0.95058
0.95208
0.95194
0.94932
0.95182
0.94824
0.9508
0.95168
0.94908
0.95022
0.95032
0.9525
0.95242
0.94952
0.95106
0.95044
0.9506
0.95194
0.95082
0.94824
0.9503
0.95058
0.95138
0.95208
0.95162
0.94886
0.95162
0.94946
0.95026
0.95178
0.9513
0.95012
0.9518
0.94908
0.9491
0.95008
0.9519
0.95226
0.95032
0.95148
0.95068
0.95096
0.94944
0.95114
0.95
0.95036
0.95154
0.95132
0.94866
0.95316
0.95008
0.94922
0.95146
0.94932
0.9525
0.94934
0.95138
0.94846
0.95204
0.94954
0.95036
0.94908
0.94964
0.9514
0.95144
0.95018
0.95068
0.9499
0.95136
0.95012
0.95158
0.94962
0.94902
0.9492
0.9521
0.95132
0.94986
0.95274
0.95134
0.95132
0.95096
0.9498
0.95246
0.95262
0.95108
0.95048
0.94862
0.94978
0.94942
0.9512
0.94884
0.9501
0.95186
0.94892
0.95014
0.94998
0.9508
0.94968
0.9515
0.95106
0.95068
0.94872
0.94896
0.94892
0.95156
0.95144
0.94748
0.95124
0.9503
0.9519
0.95042
0.9499
0.95164
0.94818
0.94846
0.94868
0.94902
0.95068
0.95022
0.95084
0.95052
0.95146
0.95158
0.95098
0.94968
0.95008
0.95146
0.9503
0.95222
0.95154
0.94986
0.94994
0.95124
0.95032
0.95118
0.95112
0.95188
0.9506
0.95308
0.94978
0.9515
0.95112
0.94842
0.94878
0.95128
0.94924
0.95018
0.94918
0.95324
0.95062
0.95068
0.95206
0.95024
0.95038
0.95056
0.9484
0.95018
0.95088
0.95252
0.9517
0.9497
0.95038
0.95012
0.94796
0.94898
0.95206
0.95132
0.95174
0.94906
0.95084
0.95164
0.95396
0.94914
0.95006
0.94962
0.9498
0.95142
0.95058
0.95134
0.95222
0.95098
0.9516
0.95278
0.95014
0.94918
0.95024
0.95044
0.94988
0.95096
0.95116
0.95166
0.95006
0.95126
0.94836
0.95004
0.94818
0.94976
0.94986
0.95138
0.94978
0.95108
0.95078
0.94898
0.94984
0.9514
0.95008
0.9525
0.9513
0.95216
0.95136
0.9502
0.95148
0.9513
0.9498
0.94978
0.94958
0.95088
0.95204
0.95014
0.95196
0.951
0.95218
0.95074
0.95016
0.94698
0.95034
0.95214
0.94978
0.94974
0.95252
0.9511
0.95182
0.94992
0.953
0.94962
0.9532
0.9499
0.95216
0.9491
0.95122
0.95344
0.95004
0.95016
0.94964
0.95052
0.94932
0.94934
0.95252
0.94942
0.94952
0.94956
0.95116
0.94838
0.95088
0.95074
0.9504
0.95282
0.95252
0.95226
0.9506
0.95076
0.94894
0.95062
0.94954
0.95164
0.9497
0.9511
0.9493
0.95028
0.9517
0.95146
0.9501
0.95176
0.94872
0.95118
0.95224
0.95242
0.95258
0.9508
0.9511
0.95128
0.95116
0.94798
0.95014
0.95134
0.95098
0.9498
0.94896
0.95178
0.95214
0.94884
0.94984
0.951
0.94874
0.95062
0.94966
0.94708
0.9493
0.9516
0.94984
0.94998
0.94936
0.95066
0.95012
0.95102
0.95178
0.95162
0.9519
0.94916
0.95018
0.95116
0.9526
0.95154
0.95014
0.94836
0.95232
0.94928
0.95194
0.95046
0.94756
0.94914
0.95118
0.95162
0.95276
0.95168
0.9503
0.95174
0.95034
0.95136
0.9511
0.9498
0.95
0.94694
0.95052
0.95028
0.94976
0.95092
0.95006
0.9498
0.95126
0.95064
0.95086
0.95108
0.9509
0.95038
0.95066
0.9503
0.9516
0.95064
0.94992
0.95202
0.95046
0.95074
0.9514
0.95194
0.94952
0.95156
0.9506
0.9492
0.9467
0.95098
0.95096
0.95218
0.95144
0.9516
0.94834
0.95044
0.94996
0.94954
0.94858
0.94946
0.95154
0.94912
0.95094
0.9513
0.94958
0.94872
0.94904
0.95108
0.95074
0.95144
0.95024
0.95318
0.95146
0.95296
0.94946
0.95146
0.95046
0.95016
0.95008
0.9523
0.95022
0.95
0.94938
0.94886
0.94968
0.95146
0.95024
0.949
0.95156
0.94984
0.95044
0.95086
0.95042
0.95466
0.94972
0.95072
0.95194
0.95042
0.9503
0.9497
0.9495
0.95102
0.94962
0.95136
0.94856
0.95042
0.95274
0.9491
0.9521
0.95086
0.95132
0.95074
0.9477
0.9506
0.95202
0.94942
0.94992
0.95142
0.94938
0.95058
0.9511
0.95026
0.94998
0.94928
0.95156
0.95316
0.95026
0.9532
0.9486
0.95368
0.94946
0.95134
0.9504
0.95036
0.95162
0.94952
0.9492
0.95054
0.95162
0.95082
0.95188
0.9496
0.95
0.94882
0.95262
0.94942
0.9514
0.95238
0.94972
0.95104
0.95034
0.95132
0.95194
0.95084
0.9515
0.95108
0.95092
0.9507
0.9501
0.9512
0.9514
0.95228
0.94966
0.95196
0.94958
0.95468
0.95296
0.95164
0.95188
0.95168
0.9513
0.95086
0.9505
0.95388
0.95132
0.94946
0.95108
0.94942
0.94964
0.95326
0.95072
0.94946
0.9515
0.94912
0.9504
0.9513
0.95104
0.95136
0.95054
0.95274
0.95054
0.95148
0.95014
0.95006
0.95378
0.95042
0.95184
0.9473
0.95018
0.95172
0.952
0.95026
0.9505
0.95312
0.94996
0.9476
0.95138
0.95078
0.9499
0.95214
0.94918
0.95356
0.94816
0.9516
0.94998
0.9522
0.9517
0.95112
0.95174
0.94918
0.9522
0.95178
0.95212
0.95168
0.94952
0.95142
0.9518
0.95112
0.95268
0.9525
0.95116
0.95224
0.95214
0.95048
0.95168
0.95136
0.95148
0.94998
0.95
0.95042
0.95344
0.95202
0.94896
0.94992
0.94964
0.9523
0.9523
0.95104
0.95188
0.95046
0.94964
0.95122
0.9498
0.9486
0.9531
0.94774
0.951
0.95014
0.9504
0.95322
0.94906
0.94954
0.95176
0.94996
0.94914
0.9518
0.95116
0.9522
0.94874
0.95136
0.95008
0.94926
0.95028
0.94818
0.95042
0.95108
0.95052
0.95216
0.95
0.95138
0.9501
0.95008
0.95152
0.95092
0.94934
0.9513
0.95058
0.94994
0.9503
0.95044
0.95164
0.95078
0.94876
0.949
0.95402
0.951
0.95132
0.95328
0.94996
0.9528
0.95224
0.9532
0.9511
0.95076
0.95236
0.94954
0.9506
0.95318
0.9513
0.95236
0.95378
0.9519
0.9527
0.9529
0.94966
0.95314
0.95272
0.94968
0.94874
0.9489
0.95086
0.95028
0.95022
0.94872
0.95088
0.95126
0.95094
0.9495
0.95012
0.9515
0.95044
0.94972
0.95064
0.9502
0.9504
0.95122
0.94956
0.95216
0.9509
0.95112
0.9512
0.95014
0.94992
0.95102
0.94866
0.9506
0.9501
0.95268
0.94944
0.95138
0.95096
0.95052
0.94874
0.94992
0.95016
0.95014
0.9509
0.94924
0.94964
0.94966
0.94882
0.95072
0.95464
0.9492
0.95208
0.95258
0.95332
0.95148
0.95178
0.94998
0.95116
0.9505
0.9502
0.95164
0.95016
0.94952
0.95252
0.94982
0.95084
0.94848
0.95144
0.95244
0.94962
0.95278
0.94978
0.9531
0.94916
0.9496
0.95252
0.95192
0.95006
0.95158
0.95162
0.95082
0.94946
0.95336
0.95136
0.9507
0.95002
0.94898
0.9494
0.95212
0.95344
0.95076
0.94948
0.95016
0.95284
0.95006
0.95054
0.94958
0.95032
0.95076
0.95198
0.95086
0.95112
0.95268
0.95036
0.95032
0.95126
0.95218
0.94902
0.95242
0.9495
0.9513
0.95234
0.95026
0.95304
0.95092
0.94974
0.95282
0.9514
0.94816
0.95112
0.95224
0.95304
0.9505
0.9509
0.95104
0.9516
0.95022
0.95044
0.95074
0.95156
0.94862
0.95068
0.9504
0.95056
0.94946
0.95182
0.95118
0.95304
0.95236
0.9514
0.9507
0.94988
0.94958
0.94902
0.95108
0.95092
0.94962
0.95162
0.9515
0.95106
0.95108
0.95076
0.95088
0.95056
0.94996
0.95126
0.95088
0.94998
0.95082
0.95204
0.94944
0.9482
0.95138
0.94904
0.951
0.95188
0.95068
0.94966
0.95028
0.94972
0.94936
0.95114
0.95034
0.9495
0.95214
0.95234
0.94948
0.95116
0.94924
0.9506
0.95052
0.95016
0.95058
0.95094
0.95014
0.95178
0.94948
0.95208
0.9509
0.95216
0.95
0.95062
0.94846
0.95052
0.94836
0.95024
0.95176
0.95126
0.94958
0.95012
0.95108
0.94938
0.95174
0.95084
0.9497
0.95026
0.95022
0.94876
0.95206
0.94998
0.94902
0.95222
0.95348
0.95084
0.9505
0.94974
0.95022
0.94966
0.9511
0.95176
0.95136
0.95164
0.95198
0.95044
0.95148
0.9495
0.95076
0.9513
0.95434
0.95192
0.9496
0.9499
0.95012
0.9488
0.9513
0.95144
0.9515
0.95036
0.95028
0.9513
0.95232
0.95146
0.95174
0.94964
0.94946
0.94818
0.9509
0.9533
0.95064
0.95016
0.94882
0.95072
0.95074
0.95034
0.95244
0.94902
0.94952
0.95038
0.95084
0.95138
0.94872
0.95226
0.95062
0.95032
0.95112
0.95062
0.95048
0.94984
0.94904
0.95008
0.94924
0.95088
0.95114
0.95228
0.95112
0.95206
0.95046
0.95062
0.9509
0.95068
0.9502
0.95206
0.95224
0.95098
0.9517
0.95074
0.9527
0.95066
0.95268
0.95214
0.95112
0.9519
0.949
0.95146
0.95012
0.94952
0.95276
0.95012
0.94852
0.95072
0.94976
0.95018
0.95038
0.95098
0.9507
0.95216
0.95218
0.94712
0.94908
0.9516
0.95066
0.94796
0.94984
0.95254
0.95152
0.95122
0.9488
0.9496
0.9487
0.95054
0.95
0.95134
0.9478
0.9495
0.9503
0.94854
0.95224
0.95352
0.95104
0.95142
0.94892
0.95144
0.95086
0.95024
0.95048
0.9494
0.94958
0.95002
0.95112
0.95008
0.95184
0.95016
0.95024
0.95494
0.95208
0.94716
0.94832
0.94992
0.94908
0.95064
0.94998
0.94976
0.95012
0.94988
0.95278
0.95186
0.94918
0.95148
0.95132
0.94818
0.95232
0.95156
0.94912
0.95208
0.95306
0.95144
0.95418
0.95174
0.95008
0.94952
0.95056
0.95026
0.94872
0.94966
0.95114
0.95138
0.95072
0.95036
0.95048
0.94986
0.95038
0.9509
0.951
0.95014
0.95248
0.95078
0.95204
0.95158
0.952
0.95168
0.95116
0.95242
0.95058
0.95392
0.95168
0.94928
0.95226
0.95068
0.95124
0.94932
0.9513
0.95128
0.94996
0.95196
0.95
0.95144
0.94802
0.95174
0.95138
0.94974
0.95202
0.95174
0.95034
0.9519
0.95116
0.95164
0.9502
0.95074
0.9495
0.94984
0.95178
0.95082
0.94756
0.94882
0.94766
0.94984
0.95148
0.95118
0.95214
0.95
0.95014
0.95044
0.95082
0.95104
0.95024
0.95102
0.95178
0.94888
0.95256
0.95122
0.95312
0.95192
0.95022
0.953
0.95026
0.9506
0.95208
0.95048
0.94918
0.95142
0.9494
0.95058
0.94934
0.95122
0.95182
0.94996
0.95052
0.9533
0.95452
0.95012
0.9496
0.95032
0.94954
0.95164
0.9485
0.95154
0.95306
0.95102
0.95228
0.95142
0.9514
0.9519
0.95286
0.9516
0.95118
0.95216
0.95168
0.95146
0.9506
0.94868
0.95054
0.94956
0.94912
0.9517
0.95232
0.95028
0.94976
0.95162
0.95176
0.95034
0.95218
0.94974
0.9511
0.95128
0.95166
0.95166
0.94838
0.95192
0.95148
0.948
0.95028
0.9494
0.95034
0.95302
0.94928
0.95222
0.94924
0.9492
0.95062
0.95044
0.95142
0.95036
0.95378
0.95096
0.95008
0.9511
0.94996
0.95176
0.95202
0.95452
0.94978
0.95112
0.95208
0.95172
0.95016
0.9532
0.95154
0.94928
0.95332
0.95022
0.95182
0.9493
0.95034
0.95022
0.94924
0.94882
0.94868
0.953
0.95092
0.94948
0.95022
0.95198
0.94898
0.95222
0.95214
0.95076
0.9508
0.949
0.95196
0.95044
0.9496
0.95098
0.95016
0.95058
0.95302
0.95012
0.95178
0.95054
0.9513
0.94942
0.95236
0.94854
0.94778
0.94872
0.94962
0.95132
0.95004
0.95288
0.94864
0.95112
0.94848
0.95034
0.95316
0.95084
0.95104
0.9522
0.95176
0.95252
0.94772
0.94992
0.94994
0.95182
0.94952
0.95048
0.95144
0.95056
0.95182
0.95132
0.94764
0.94988
0.949
0.951
0.95158
0.94958
0.9496
0.94972
0.95082
0.95112
0.95022
0.95068
0.95066
0.95174
0.95104
0.94744
0.94984
0.95138
0.95098
0.94998
0.95194
0.95168
0.95018
0.95166
0.95168
0.94928
0.95042
0.94946
0.95002
0.9507
0.95082
0.94992
0.952
0.94922
0.95226
0.95128
0.94934
0.9504
0.9505
0.95004
0.9479
0.9498
0.94968
0.95098
0.94902
0.9492
0.95092
0.95076
0.9512
0.95212
0.95128
0.95176
0.95092
0.95312
0.95048
0.95024
0.9514
0.95186
0.94986
0.95148
0.95094
0.94876
0.95194
0.95206
0.94968
0.95082
0.9488
0.95196
0.95062
0.9502
0.95042
0.95076
0.95142
0.95338
0.9513
0.94926
0.94934
0.95052
0.95012
0.95154
0.95038
0.94942
0.94992
0.95118
0.95016
0.95446
0.95104
0.95034
0.95076
0.95172
0.95352
0.95178
0.95018
0.9532
0.94918
0.95144
0.95044
0.9498
0.95062
0.95274
0.95266
0.95126
0.95118
0.95034
0.94942
0.95018
0.94992
0.95114
0.9512
0.9516
0.94848
0.95368
0.95018
0.95086
0.9533
0.95116
0.95094
0.95242
0.95122
0.95118
0.95108
0.95032
0.95114
0.95414
0.9516
0.95174
0.95148
0.95122
0.94914
0.95082
0.95004
0.95098
0.95128
0.95178
0.95006
0.95192
0.94774
0.9514
0.95234
0.95068
0.95092
0.94926
0.95268
0.95038
0.94958
0.9524
0.95156
0.94982
0.95026
0.95076
0.95058
0.9499
0.95322
0.9519
0.95196
0.95176
0.95086
0.95098
0.95318
0.95134
0.95128
0.95002
0.94988
0.95268
0.95084
0.9493
0.95046
0.94986
0.95032
0.951
0.95162
0.95226
0.95228
0.9503
0.95024
0.95076
0.95026
0.95032
0.95136
0.9529
0.95174
0.94856
0.95152
0.94974
0.95026
0.95084
0.95272
0.94832
0.94962
0.95156
0.9514
0.94992
0.95022
0.94964
0.94938
0.94954
0.94996
0.95048
0.94862
0.95018
0.95084
0.95122
0.95178
0.94988
0.95068
0.95086
0.94998
0.95088
0.95082
0.95046
0.94988
0.95012
0.95154
0.95166
0.95218
0.95144
0.95026
0.95048
0.9512
0.95064
0.9502
0.95046
0.95118
0.95042
0.9509
0.9508
0.95214
0.9506
0.9495
0.95292
0.95168
0.94948
0.9494
0.94942
0.9501
0.94924
0.94996
0.94944
0.95074
0.95108
0.95008
0.95012
0.95066
0.9503
0.95204
0.95008
0.95148
0.9497
0.9504
0.95162
0.95202
0.9505
0.95092
0.95128
0.95298
0.95216
0.95234
0.9491
0.95104
0.95048
0.95134
0.95176
0.9534
0.95154
0.95026
0.95098
0.94914
0.94974
0.94846
0.94912
0.95012
0.9533
0.95228
0.95056
0.94844
0.95052
0.95124
0.95016
0.94978
0.95176
0.95138
0.95116
0.94838
0.95218
0.95188
0.95104
0.95156
0.94986
0.95012
0.95096
0.95022
0.95248
0.95188
0.94986
0.95338
0.95198
0.95088
0.95186
0.94904
0.94936
0.95062
0.95228
0.95006
0.95062
0.95158
0.94944
0.95106
0.95266
0.95238
0.9518
0.95054
0.9525
0.95272
0.95052
0.95134
0.95318
0.95074
0.9501
0.95072
0.95012
0.94932
0.94972
0.95142
0.95122
0.95124
0.94994
0.95124
0.94998
0.9503
0.94962
0.95002
0.94928
0.95176
0.9501
0.95122
0.95024
0.951
0.9504
0.9507
0.95036
0.95338
0.94706
0.94966
0.95102
0.9501
0.95168
0.95088
0.9499
0.95042
0.95312
0.94958
0.95078
0.95248
0.94992
0.95028
0.95084
0.9517
0.95022
0.95106
0.95194
0.95014
0.9506
0.95044
0.95094
0.95066
0.94706
0.9484
0.95024
0.94956
0.94862
0.9509
0.9507
0.94974
0.95106
0.95216
0.95122
0.94994
0.948
0.95218
0.94924
0.95026
0.95034
0.9496
0.9517
0.9491
0.9523
0.95162
0.9521
0.95086
0.9492
0.9497
0.95158
0.94918
0.95184
0.9509
0.94984
0.95098
0.95132
0.95146
0.95074
0.95092
0.9537
0.95106
0.94876
0.95158
0.95024
0.94934
0.95468
0.95076
0.9528
0.95156
0.9521
0.94924
0.95124
0.95006
0.95178
0.9484
0.95244
0.952
0.95116
0.9492
0.94956
0.95294
0.9504
0.95246
0.95116
0.9506
0.94868
0.95048
0.95092
0.9509
0.94984
0.94928
0.9508
0.95224
0.95232
0.94874
0.95072
0.94924
0.9509
0.94994
0.94986
0.9498
0.94978
0.95002
0.95062
0.95128
0.94958
0.95102
0.94926
0.95058
0.94904
0.95114
0.94776
0.95148
0.95022
0.95106
0.95198
0.95116
0.94964
0.9535
0.94916
0.95206
0.95118
0.95142
0.95112
0.95022
0.95112
0.94972
0.95048
0.95074
0.94844
0.95064
0.94876
0.95214
0.9481
0.95012
0.94954
0.95134
0.94902
0.95198
0.9511
0.94994
0.95152
0.95184
0.95202
0.95134
0.9516
0.95006
0.9512
0.94968
0.95016
0.95034
0.94984
0.9489
0.9516
0.94962
0.9488
0.95092
0.95196
0.95228
0.95208
0.94944
0.95294
0.95066
0.95024
0.95116
0.95002
0.94944
0.95066
0.9518
0.95268
0.95098
0.95052
0.95096
0.95232
0.9519
0.94858
0.95106
0.95158
0.95248
0.94968
0.94784
0.94872
0.9502
0.94966
0.9514
0.95132
0.9475
0.95132
0.95062
0.95294
0.9487
0.9501
0.95068
0.94908
0.95244
0.95148
0.95102
0.94956
0.94914
0.9513
0.94982
0.95298
0.95236
0.94856
0.95148
0.94786
0.95084
0.9495
0.94966
0.95146
0.95146
0.95014
0.94982
0.95062
0.9496
0.9513
0.9511
0.95168
0.9512
0.95172
0.9509
0.94964
0.94878
0.95076
0.9518
0.95062
0.9491
0.95034
0.95026
0.95166
0.95058
0.94988
0.95056
0.95112
0.95006
0.95036
0.95078
0.95098
0.94844
0.94798
0.9523
0.95094
0.9507
0.95072
0.95078
0.94946
0.94964
0.95168
0.95152
0.95204
0.95106
0.94998
0.95104
0.95228
0.95354
0.95108
0.94934
0.95068
0.9505
0.95032
0.95222
0.95214
0.95102
0.95038
0.9509
0.95308
0.94986
0.94978
0.95308
0.95016
0.9496
0.95298
0.95012
0.95078
0.95098
0.95176
0.9485
0.9507
0.94902
0.9479
0.95104
0.95156
0.95038
0.95116
0.95172
0.95066
0.95116
0.94768
0.95124
0.95148
0.94952
0.95094
0.9503
0.95092
0.94948
0.95
0.95198
0.9477
0.95064
0.94944
0.95206
0.95216
0.9513
0.94992
0.95034
0.95026
0.95108
0.95418
0.94992
0.9506
0.9509
0.95142
0.94972
0.94714
0.94912
0.95282
0.95266
0.95134
0.94856
0.95058
0.95084
0.95128
0.9521
0.95062
0.9494
0.95034
0.9521
0.94936
0.95336
0.9513
0.95158
0.94978
0.95036
0.9499
0.95178
0.94852
0.95266
0.9521
0.95136
0.95066
0.95018
0.94996
0.95118
0.95078
0.94852
0.94934
0.94968
0.95204
0.95122
0.94914
0.9508
0.95024
0.95186
0.95104
0.95114
0.95084
0.95118
0.95046
0.95024
0.9492
0.9533
0.95086
0.94988
0.95222
0.95096
0.95106
0.95166
0.95144
0.95112
0.94952
0.94908
0.9474
0.94802
0.95062
0.95184
0.95172
0.94982
0.95136
0.95002
0.95218
0.9505
0.94924
0.94924
0.94958
0.95174
0.95088
0.95106
0.94862
0.95152
0.95092
0.95194
0.95014
0.95202
0.95062
0.95072
0.94968
0.95066
0.95078
0.94992
0.94976
0.94954
0.95034
0.95246
0.95066
0.94946
0.9505
0.95144
0.94978
0.94968
0.95094
0.95224
0.95032
0.95228
0.95184
0.95094
0.94948
0.9509
0.94998
0.94892
0.95084
0.94984
0.95272
0.94864
0.95118
0.95152
0.95116
0.95184
0.9518
0.95182
0.94946
0.95248
0.95108
0.95062
0.95108
0.95124
0.95048
0.95032
0.94904
0.9531
0.95004
0.95004
0.95016
0.94984
0.9514
0.95036
0.95196
0.95206
0.95256
0.9503
0.951
0.95206
0.94834
0.95132
0.95174
0.95184
0.95044
0.9513
0.95006
0.95136
0.95264
0.94924
0.9494
0.95156
0.95158
0.95094
0.9488
0.94926
0.95208
0.94962
0.94946
0.95058
0.95002
0.94978
0.94972
0.95078
0.9484
0.95114
0.95008
0.9505
0.94942
0.95026
0.95104
0.95018
0.94942
0.9488
0.95046
0.95022
0.95132
0.95216
0.94988
0.95196
0.95068
0.94638
0.94992
0.95
0.94842
0.94778
0.94798
0.95028
0.95098
0.95012
0.95218
0.94944
0.94926
0.95208
0.95098
0.95062
0.95042
0.95016
0.94902
0.95082
0.94992
0.94944
0.95082
0.95202
0.95404
0.95114
0.95306
0.95026
0.95054
0.95208
0.95244
0.9513
0.94976
0.95252
0.94966
0.95128
0.95152
0.9501
0.94994
0.94994
0.95002
0.94888
0.95138
0.94992
0.94856
0.94962
0.94902
0.95112
0.94942
0.95178
0.9529
0.9503
0.9517
0.9512
0.9494
0.95294
0.95134
0.95264
0.95024
0.9496
0.9509
0.95016
0.95246
0.95126
0.94852
0.9494
0.95034
0.94856
0.94958
0.95058
0.95088
0.95022
0.9517
0.9509
0.94956
0.94774
0.9504
0.95094
0.95056
0.95142
0.95306
0.95026
0.94926
0.9511
0.95178
0.95066
0.9497
0.94972
0.9524
0.94958
0.95168
0.95116
0.94764
0.95038
0.94824
0.94994
0.95222
0.94938
0.95156
0.9503
0.94906
0.95104
0.95176
0.94906
0.94974
0.9494
0.95074
0.95104
0.95038
0.95238
0.95026
0.95022
0.95286
0.949
0.95176
0.95194
0.94946
0.95068
0.94866
0.94794
0.95112
0.9517
0.94988
0.94964
0.95126
0.95104
0.95154
0.95028
0.94946
0.95048
0.951
0.95026
0.95028
0.94958
0.95078
0.95114
0.9507
0.95012
0.94952
0.95114
0.94934
0.95116
0.951
0.94988
0.94848
0.94946
0.94986
0.95144
0.95212
0.95034
0.95362
0.9526
0.95074
0.94946
0.9525
0.94858
0.95072
0.94956
0.95104
0.95086
0.95184
0.9483
0.95258
0.9518
0.95276
0.95
0.94894
0.95234
0.95286
0.94896
0.95112
0.95096
0.9492
0.94998
0.95152
0.95252
0.95196
0.95238
0.9517
0.95206
0.95058
0.9515
0.95042
0.95006
0.94944
0.9533
0.95022
0.95156
0.94826
0.95188
0.94944
0.9524
0.95076
0.9505
0.95062
0.95016
0.95072
0.95124
0.95036
0.9499
0.95184
0.94888
0.95014
0.95032
0.95114
0.9506
0.9491
0.95
0.94868
0.9525
0.95056
0.9493
0.95128
0.95388
0.94882
0.95016
0.95128
0.95182
0.9513
0.95058
0.95072
0.9502
0.95052
0.9497
0.9499
0.95036
0.95042
0.95214
0.95082
0.95174
0.95046
0.9485
0.94998
0.95054
0.951
0.95048
0.94788
0.95206
0.94948
0.95164
0.95004
0.95156
0.94916
0.95016
0.95054
0.95468
0.9476
0.95198
0.95152
0.94726
0.95094
0.94964
0.94896
0.94984
0.95018
0.95118
0.95086
0.94982
0.94974
0.9511
0.94874
0.9497
0.95092
0.9522
0.95184
0.95038
0.95076
0.95202
0.95228
0.95022
0.95162
0.95156
0.95066
0.95136
0.9498
0.95
0.95176
0.95066
0.95294
0.95062
0.95098
0.9512
0.95038
0.9493
0.95104
0.95106
0.95074
0.95094
0.95018
0.95072
0.94994
0.94918
0.94786
0.95192
0.95126
0.95164
0.95144
0.9498
0.95242
0.9517
0.95118
0.95136
0.95022
0.95132
0.94958
0.94816
0.94956
0.95288
0.94954
0.95022
0.95172
0.95058
0.951
0.95182
0.95058
0.94988
0.95182
0.94846
0.94784
0.95068
0.95096
0.94902
0.95008
0.9514
0.94806
0.95098
0.9511
0.9494
0.95014
0.9501
0.94928
0.95204
0.95312
0.94998
0.94762
0.95238
0.95088
0.95058
0.94938
0.94912
0.95036
0.95064
0.95292
0.95004
0.94956
0.94808
0.95056
0.94972
0.95172
0.95082
0.95278
0.95026
0.9518
0.95014
0.95002
0.95014
0.95088
0.9527
0.95074
0.95128
0.95196
0.95042
0.95142
0.95108
0.94976
0.95078
0.94938
0.95068
0.94866
0.95354
0.95102
0.95184
0.9505
0.95258
0.952
0.94968
0.94952
0.9535
0.95174
0.95192
0.95068
0.9512
0.9528
0.9535
0.95186
0.95288
0.94974
0.95096
0.95044
0.9491
0.9489
0.94934
0.95042
0.94968
0.95174
0.95058
0.95178
0.95222
0.95012
0.9499
0.94952
0.9498
0.948
0.95
0.9502
0.95004
0.95176
0.95132
0.95084
0.9494
0.95202
0.95064
0.94912
0.9497
0.94902
0.94866
0.95082
0.94994
0.95196
0.94886
0.9512
0.95306
0.95238
0.95088
0.94988
0.95146
0.94714
0.94778
0.95288
0.95008
0.94956
0.95168
0.95132
0.95322
0.9513
0.94956
0.95018
0.95006
0.95118
0.95202
0.94974
0.95182
0.95062
0.94978
0.94878
0.9512
0.949
0.95108
0.9544
0.95116
0.95162
0.95152
0.94868
0.94982
0.94978
0.95014
0.9502
0.95034
0.9507
0.95028
0.9513
0.95212
0.95092
0.9517
0.94798
0.94932
0.9498
0.94886
0.95158
0.94936
0.95046
0.94948
0.95064
0.9507
0.94988
0.94962
0.94834
0.95128
0.94942
0.95176
0.95074
0.94834
0.94966
0.94996
0.95086
0.95138
0.95134
0.95106
0.94934
0.9528
0.9516
0.94982
0.95036
0.9502
0.95116
0.95044
0.95028
0.9509
0.95152
0.95146
0.95046
0.95216
0.94954
0.9508
0.95102
0.95124
0.9497
0.95282
0.95006
0.95034
0.9507
0.95012
0.94992
0.95348
0.94912
0.9508
0.94886
0.95034
0.95046
0.95214
0.95082
0.9523
0.94928
0.94952
0.95124
0.95072
0.94776
0.94994
0.95112
0.95028
0.95074
0.94982
0.95236
0.94952
0.95164
0.95236
0.95072
0.95182
0.95246
0.94936
0.94974
0.94938
0.9498
0.95112
0.95154
0.95076
0.94952
0.9515
0.95088
0.949
0.9506
0.94946
0.95034
0.94874
0.95174
0.94862
0.9525
0.95058
0.94862
0.94914
0.94998
0.951
0.95088
0.95178
0.95218
0.95076
0.94926
0.95274
0.9492
0.95156
0.94986
0.95232
0.95028
0.95136
0.95104
0.95202
0.95154
0.9513
0.9509
0.95028
0.95104
0.94884
0.9508
0.94904
0.95014
0.95322
0.95028
0.94884
0.95064
0.95248
0.95012
0.95126
0.94928
0.95112
0.95054
0.95028
0.95026
0.95252
0.94992
0.95112
0.94986
0.9513
0.95024
0.95046
0.94976
0.95286
0.9498
0.95132
0.95006
0.95046
0.9501
0.95006
0.94918
0.94894
0.95014
0.9496
0.95158
0.95068
0.95254
0.94964
0.94898
0.95194
0.95124
0.95112
0.95144
0.95114
0.95126
0.95218
0.95194
0.9499
0.95298
0.9492
0.95028
0.94992
0.95092
0.94962
0.9503
0.95032
0.95224
0.95076
0.95052
0.95136
0.95038
0.94914
0.94914
0.95152
0.9504
0.95084
0.95004
0.95076
0.9509
0.94944
0.9509
0.95152
0.94986
0.95054
0.94838
0.95278
0.94876
0.95188
0.95132
0.95078
0.95064
0.95036
0.9516
0.95148
0.94908
0.94994
0.94892
0.95074
0.95152
0.94884
0.95228
0.95238
0.95218
0.95034
0.95122
0.95256
0.9512
0.95166
0.9516
0.9511
0.95112
0.95092
0.9506
0.94984
0.95008
0.9521
0.9502
0.95096
0.95186
0.95004
0.95126
0.95044
0.94982
0.9482
0.95028
0.9481
0.9509
0.95064
0.9509
0.95128
0.95094
0.95164
0.94936
0.95066
0.9498
0.9504
0.9515
0.94822
0.94994
0.94998
0.94966
0.94936
0.94988
0.95014
0.95048
0.94898
0.95006
0.95114
0.94926
0.95166
0.94994
0.95016
0.94946
0.94958
0.95158
0.9497
0.9515
0.94938
0.95038
0.9535
0.95154
0.9484
0.95344
0.95022
0.95038
0.95136
0.95194
0.95264
0.94996
0.9504
0.95172
0.94896
0.95046
0.95142
0.95106
0.95186
0.9508
0.95188
0.95244
0.95038
0.95282
0.95122
0.9485
0.94954
0.95144
0.94974
0.9512
0.9496
0.95324
0.94942
0.95144
0.95028
0.94958
0.94938
0.95244
0.95228
0.94802
0.95096
0.9512
0.95242
0.94918
0.9528
0.94966
0.95042
0.94936
0.95178
0.94908
0.95
0.9517
0.9534
0.94978
0.95068
0.95114
0.94762
0.94966
0.9518
0.95222
0.9506
0.9516
0.94964
0.95268
0.95194
0.95164
0.94958
0.95194
0.95262
0.94856
0.95118
0.9501
0.94994
0.9524
0.95346
0.94966
0.94932
0.94914
0.95064
0.95008
0.9499
0.95034
0.94976
0.951
0.952
0.95022
0.9504
0.94824
0.94888
0.95048
0.95246
0.94992
0.9491
0.95068
0.9507
0.95002
0.95166
0.95042
0.95098
0.95076
0.95064
0.95138
0.95128
0.95064
0.95182
0.95038
0.95064
0.95048
0.9485
0.95428
0.95298
0.94996
0.94758
0.95172
0.94952
0.95044
0.95364
0.95146
0.9499
0.9516
0.94768
0.95046
0.95006
0.95106
0.95028
0.95062
0.95052
0.95282
0.9495
0.95104
0.9507
0.94982
0.94898
0.9511
0.94912
0.95042
0.95106
0.9487
0.94834
0.94896
0.95108
0.94938
0.95124
0.953
0.94976
0.94786
0.95092
0.94776
0.9511
0.95164
0.95142
0.95158
0.95208
0.95164
0.9539
0.94986
0.94914
0.94976
0.95352
0.94876
0.9492
0.95006
0.95022
0.9508
0.9507
0.95088
0.9512
0.95194
0.94822
0.95
0.949
0.95058
0.94842
0.9493
0.9507
0.95054
0.9499
0.9514
0.95164
0.9521
0.95108
0.95098
0.9514
0.95232
0.9494
0.95224
0.95064
0.95174
0.94946
0.95146
0.95156
0.95242
0.9502
0.95018
0.9512
0.9503
0.9507
0.95166
0.95106
0.94948
0.94996
0.95182
0.95266
0.95104
0.94986
0.9518
0.95106
0.94934
0.95248
0.94856
0.95018
0.95078
0.95066
0.9521
0.95178
0.95204
0.95294
0.94986
0.94976
0.95046
0.9502
0.95004
0.95114
0.95248
0.94842
0.951
0.9506
0.95154
0.95226
0.94988
0.95156
0.95042
0.95024
0.94946
0.94844
0.95072
0.9503
0.94964
0.94766
0.95152
0.94862
0.95116
0.95098
0.95234
0.9511
0.95102
0.95076
0.94962
0.95008
0.95014
0.95
0.95154
0.95286
0.95064
0.94954
0.95084
0.95006
0.95028
0.95004
0.95036
0.95174
0.95128
0.95206
0.94986
0.95092
0.9506
0.94908
0.95136
0.94998
0.94998
0.94994
0.95022
0.95082
0.95252
0.95098
0.95156
0.94844
0.95004
0.94902
0.95046
0.94992
0.95068
0.9511
0.95272
0.9505
0.95328
0.95268
0.94878
0.95174
0.95136
0.94966
0.95034
0.95088
0.95236
0.94868
0.9493
0.95118
0.94948
0.94988
0.95174
0.95128
0.94908
