0.09668
0.0927
0.08752
0.09418
0.0892
0.08586
0.09476
0.10584
0.09912
0.09708
0.08538
0.08378
0.0969
0.07744
0.0891
0.0939
0.10352
0.10658
0.09722
0.09342
0.09112
0.08454
0.08772
0.07974
0.07756
0.09172
0.08362
0.07926
0.09364
0.08502
0.08586
0.09982
0.0846
0.07912
0.0958
0.0857
0.08558
0.08542
0.10416
0.10834
0.12602
0.12554
0.11242
0.10876
0.10594
0.0843
0.08514
0.07318
0.07154
0.078
0.0887
0.0681
0.0671
0.0762
0.0792
0.05432
0.05528
0.065
0.0765
0.09552
0.09016
0.06764
0.06388
0.08732
0.08398
0.10164
0.101
0.09146
0.10224
0.09644
0.0834
0.07032
0.06644
0.06426
0.0647
0.06238
0.07432
0.06914
0.06332
0.06496
0.07006
0.07504
0.05972
0.0682
0.0668
0.09224
0.10092
0.08702
0.0894
0.09336
0.09228
0.08592
0.06642
0.07444
0.08616
0.08688
0.08576
0.08332
0.0835
0.09818
0.09962
0.10756
0.10666
0.10208
0.08768
0.08378
0.08452
0.09206
0.07572
0.08644
0.08942
0.08946
0.0844
0.07774
0.08848
0.08806
0.08566
0.08728
0.09546
0.1093
0.10692
0.11704
0.1139
0.10624
0.10104
0.10282
0.0954
0.09858
0.0938
0.09064
0.0916
0.10246
0.09214
0.1097
0.10038
0.09626
0.09408
0.08644
0.09874
0.10732
0.10498
0.10522
0.10012
0.09442
0.08892
0.09008
0.07272
0.09154
0.0858
0.0638
0.06472
0.07158
0.06614
0.0609
0.06762
0.07608
0.07768
0.08434
0.08884
0.09302
0.09256
0.07928
0.09592
0.09942
0.1043
0.08994
0.10402
0.08332
0.09252
0.0952
0.09034
0.08798
0.08794
0.09516
0.08884
0.09656
0.10818
0.08294
0.0943
0.09118
0.07906
0.0778
0.07202
0.06548
0.06688
0.06124
0.07006
0.06876
0.08094
0.09344
0.0914
0.1057
0.1111
0.10982
0.113
0.11406
0.09796
0.09986
0.11118
0.09764
0.09984
0.10196
0.11046
0.10246
0.09092
0.0923
0.0883
0.099
0.10978
0.08922
0.08438
0.07848
0.0746
0.08686
0.07052
0.07224
0.07742
0.08414
0.09674
0.09986
0.09174
0.0795
0.07384
0.07252
0.07938
0.09274
0.08746
0.10398
0.09548
0.09488
0.09396
0.09748
0.0933
0.08726
0.09996
0.1119
0.09832
0.0815
0.09372
0.09614
0.07758
0.09012
0.10266
0.10866
0.10474
0.11578
0.11716
0.11972
0.11934
0.1091
0.10524
0.11728
0.12782
0.11008
0.09914
0.10052
0.11322
0.10834
0.11872
0.1266
0.13562
0.13416
0.12998
0.12052
0.11934
0.1028
0.10918
0.11658
0.11322
0.10504
0.10958
0.0878
0.07194
0.07492
0.07086
0.06318
0.06666
0.0761
0.07648
0.0815
0.08576
0.08376
0.08516
0.08814
0.07768
0.06956
0.06722
0.0499
0.07206
0.0822
0.08248
0.08534
0.081
0.09246
0.09386
0.10852
0.12226
0.1325
0.13842
0.12624
0.1175
0.12302
0.1185
0.10826
0.1048
0.11328
0.09286
0.09726
0.10252
0.1144
0.11428
0.1117
0.10376
0.12688
0.11642
0.0931
0.0884
0.08588
0.09478
0.10696
0.0902
0.09226
0.09152
0.09974
0.10618
0.10358
0.10214
0.10668
0.1168
0.12036
0.11604
0.11578
0.12376
0.11748
0.10608
0.12216
0.09778
0.08132
0.10788
0.11136
0.1004
0.08554
0.08204
0.06898
0.05326
0.05924
0.06376
0.05998
0.05748
0.0613
0.08724
0.09288
0.08538
0.08078
0.07452
0.06968
0.06834
0.07498
0.08172
0.07828
0.0841
0.0968
0.08566
0.09486
0.09184
0.07708
0.07258
0.06872
0.08416
0.06662
0.06576
0.07502
0.07758
0.07688
0.06252
0.07864
0.08204
0.08172
0.08498
0.08126
0.09006
0.08848
0.0893
0.09438
0.07884
0.09606
0.09206
0.09004
0.07538
0.08014
0.08816
0.1004
0.105
0.0819
0.07788
0.0723
0.09306
0.10032
0.09488
0.10236
0.10296
0.098
0.07602
0.08266
0.10446
0.08944
0.09134
0.09424
0.0884
0.0705
0.0751
0.0645
0.07706
0.08022
0.07324
0.08822
0.07932
0.07842
0.06532
0.06642
0.07966
0.06708
0.0736
0.0765
0.07624
0.07852
0.08936
0.10354
0.10196
0.0874
0.08702
0.1056
0.111
0.11452
0.12326
0.13358
0.12454
0.1181
0.10628
0.10072
0.09494
0.0991
0.09502
0.08916
0.09298
0.08508
0.09516
0.08764
0.08058
0.06772
0.05876
0.0456
0.0538
0.05072
0.05344
0.0749
0.09056
0.1049
0.08776
0.08472
0.10292
0.09462
0.09104
0.09882
0.08244
0.07792
0.08856
0.09538
0.09486
0.09948
0.09018
0.09034
0.08762
0.0909
0.08948
0.08972
0.09524
0.08008
0.08948
0.07578
0.0931
0.083
0.08852
0.09408
0.09272
0.09494
0.08306
0.06798
0.0678
0.07894
0.08242
0.07528
0.0739
0.07152
0.06314
0.06074
0.058
0.0833
0.08178
0.07328
0.0784
0.06916
0.0676
0.08476
0.0867
0.08674
0.09202
0.08686
0.08252
0.08862
0.10884
0.1019
0.10618
0.12248
0.10538
0.0992
0.10154
0.09156
0.07722
0.08576
0.08846
0.07476
0.06818
0.06494
0.08548
0.0929
0.07952
0.07974
0.09698
0.08618
0.0828
0.08252
0.09038
0.09016
0.09334
0.09252
0.10116
0.09812
0.08982
0.09414
0.09062
0.08186
0.08882
0.09176
0.07786
0.07026
0.06222
0.05966
0.05058
0.05426
0.0409
0.03522
0.04064
0.05616
0.05138
0.04366
0.04466
0.05898
0.0688
0.06624
0.08014
0.0672
0.0627
0.06464
0.04356
0.05868
0.0721
0.08218
0.08284
0.07772
0.08618
0.07706
0.08806
0.09142
0.09376
0.10334
0.10092
0.09676
0.11216
0.1032
0.09764
0.09768
0.08514
0.08476
0.08508
0.0852
0.08814
0.08796
0.08112
0.0951
0.08458
0.06984
0.06316
0.06118
0.06322
0.06718
0.0812
0.0896
0.06692
0.07224
0.06762
0.07044
0.06506
0.0782
0.09002
0.11034
0.0963
0.10164
0.10902
0.09438
0.08678
0.10116
0.10298
0.09778
0.09336
0.09658
0.10404
0.09628
0.10084
0.08314
0.1009
0.11302
0.11048
0.0968
0.09564
0.07718
0.07508
0.0798
0.09164
0.11326
0.09426
0.09636
0.09972
0.0867
0.09454
0.09506
0.09626
0.08776
0.0648
0.08786
0.0797
0.08802
0.07686
0.06898
0.06098
0.06784
0.06998
0.0712
0.08382
0.08894
0.09896
0.1102
0.10698
0.106
0.10728
0.08204
0.08626
0.09318
0.09866
0.0929
0.11276
0.09666
0.09346
0.10352
0.10498
0.10966
0.12164
0.11408
0.1043
0.1012
0.10964
0.1072
0.09442
0.10832
0.09554
0.09214
0.09068
0.09152
0.082
0.08118
0.07742
0.06926
0.06176
0.07354
0.07382
0.07098
0.0607
0.06648
0.06874
0.06408
0.05752
0.0636
0.05284
0.07396
0.06752
0.06318
0.05062
0.05952
0.06484
0.0848
0.08902
0.08522
0.0864
0.0798
0.06388
0.06394
0.07022
0.06812
0.07522
0.07328
0.0608
0.06308
0.078
0.06502
0.04848
0.06348
0.0808
0.09632
0.10528
0.09678
0.08224
0.09672
0.1017
0.08438
0.07326
0.07406
0.07616
0.0695
0.0698
0.07856
0.08816
0.07708
0.08304
0.0862
0.0835
0.08536
0.0946
0.10924
0.08306
0.09548
0.1099
0.11458
0.1167
0.09936
0.08982
0.07518
0.08304
0.08164
0.09554
0.09192
0.09604
0.11046
0.10586
0.09252
0.08684
0.08714
0.09886
0.10516
0.10158
0.11584
0.10502
0.09226
0.08744
0.08922
0.10366
0.1046
0.10302
0.10252
0.08812
0.08658
0.0793
0.07658
0.05522
0.07
0.0651
0.08384
0.07684
0.0685
0.07872
0.0787
0.0637
0.0571
0.06016
0.08232
0.07194
0.09012
0.0899
0.1059
0.10378
0.0956
0.09158
0.08998
0.0804
0.08414
0.08438
0.07552
0.08706
0.07622
0.07748
0.06814
0.0836
0.09798
0.09654
0.0931
0.0896
0.06606
0.07626
0.0678
0.07792
0.07884
0.08506
0.08432
0.08762
0.08756
0.08002
0.07468
0.06378
0.08136
0.07952
0.06914
0.06622
0.06158
0.05728
0.0588
0.05294
0.07186
0.0742
0.09278
0.09924
0.08932
0.10536
0.10952
0.10458
0.1113
0.11886
0.1068
0.09046
0.08114
0.07594
0.07318
0.07928
0.0787
0.08058
0.08352
0.0931
0.09518
0.08692
0.07006
0.058
0.06378
0.07094
0.08562
0.07404
0.0669
0.07098
0.07578
0.0727
0.08252
0.06926
0.07026
0.07326
0.06926
0.06772
0.06148
0.07276
0.07262
0.07126
0.07854
0.09246
0.10494
0.10822
0.09842
0.09694
0.08816
0.08376
0.08324
0.09016
0.09104
0.09772
0.08436
0.09852
0.08936
0.106
0.1065
0.10198
0.10202
0.09016
0.10314
0.09412
0.07858
0.07746
0.06614
0.05314
0.05946
0.05286
0.06194
0.05868
0.07748
0.07962
0.08462
0.07424
0.06266
0.06086
0.07448
0.08734
0.08276
0.07894
0.08576
0.09506
0.08842
0.09582
0.08454
0.08434
0.08856
0.08946
0.08766
0.0939
0.10384
0.10186
0.10118
0.09078
0.0942
0.0926
0.10254
0.0922
0.08392
0.09356
0.09884
0.08156
0.0961
0.10274
0.10422
0.11448
0.10562
0.11276
0.09984
0.1007
0.10926
0.09976
0.09734
0.09458
0.0915
0.09126
0.09554
0.09556
0.09506
0.11172
0.09526
0.06808
0.0606
0.0686
0.0798
0.07616
0.0935
0.08832
0.08922
0.10956
0.11642
0.10782
0.0921
0.08704
0.07688
0.08036
0.08632
0.08476
0.10166
0.09138
0.08848
0.08544
0.08666
0.07696
0.09554
0.08782
0.0915
0.07866
0.09322
0.09714
0.09404
0.09046
0.086
0.10388
0.1014
0.1038
0.10136
0.09338
0.08106
0.06544
0.07104
0.0731
0.07322
0.0728
0.07384
0.08114
0.08128
0.07234
0.06702
0.06528
0.07212
0.0644
0.0675
0.0688
0.08446
0.1006
0.09052
0.0835
0.0836
0.084
0.09064
0.08198
0.09422
0.09
0.08488
0.08528
0.1071
0.10784
0.0845
0.08418
0.0767
0.07598
0.0803
0.09608
0.1058
0.0864
0.09408
0.09032
0.08366
0.09722
0.1049
0.09016
0.09584
0.09118
0.07462
0.09282
0.08364
0.08148
0.07698
0.07674
0.0882
0.0788
0.07958
0.07902
0.08498
0.0816
0.08034
0.0814
0.0791
0.07578
0.07998
0.09626
0.08428
0.08996
0.0799
0.08008
0.09218
0.10438
0.09918
0.09588
0.09046
0.08942
0.1067
0.10524
0.09868
0.09836
0.11378
0.10424
0.08192
0.07492
0.07104
0.07456
0.08798
0.08918
0.08036
0.08662
0.09612
0.10016
0.09896
0.09762
0.08666
0.099
0.1022
0.09648
0.09276
0.09736
0.09086
0.1053
0.09988
0.08814
0.0945
0.09094
0.09704
0.09862
0.10588
0.11288
0.10592
0.10958
0.122
0.09298
0.09242
0.09142
0.1068
0.10206
0.0937
0.10748
0.11264
0.11278
0.0984
0.11398
0.10526
0.09224
0.0729
0.07432
0.0841
0.09302
0.09712
0.09388
0.1027
0.09974
0.0981
0.112
0.09656
0.10166
0.1094
0.10132
0.09116
0.09932
0.10378
0.10218
0.09102
0.09616
0.07894
0.07694
0.09024
0.07516
0.0741
0.07018
0.08104
0.08624
0.07598
0.07956
0.08684
0.08414
0.08494
0.09246
0.0922
0.08064
0.0863
0.08022
0.09234
0.09726
0.1072
0.11008
0.1152
0.11232
0.08852
0.06742
0.06554
0.08148
0.09342
0.08472
0.08634
0.08654
0.08592
0.0945
0.0854
0.07864
0.07914
0.08068
0.089
0.08536
0.0732
0.07698
0.0814
0.07624
0.08108
0.0794
0.08486
0.08164
0.08824
0.09242
0.11028
0.11364
0.09932
0.08022
0.07676
0.08234
0.08698
0.0791
0.07192
0.08576
0.0791
0.07482
0.07088
0.0618
0.07562
0.08718
0.08768
0.09788
0.09248
0.08544
0.0845
0.08674
0.10132
0.10562
0.09034
0.09728
0.0768
0.07996
0.09528
0.08834
0.07966
0.08328
0.08448
0.09032
0.08552
0.09236
0.09836
0.09486
0.0977
0.09844
0.09696
0.08938
0.08584
0.08904
0.08282
0.08724
0.07346
0.08084
0.08892
0.09582
0.08642
0.0972
0.09334
0.09344
0.0904
0.07708
0.07614
0.08444
0.09594
0.09214
0.10136
0.10104
0.11178
0.10234
0.08982
0.08314
0.10096
0.10152
0.10676
0.10032
0.10492
0.10502
0.1017
0.11628
0.11012
0.10014
0.10284
0.10256
0.09152
0.09492
0.10092
0.0977
0.10324
0.10618
0.10146
0.08774
0.10344
0.10938
0.10704
0.11056
0.11448
0.09748
0.10428
0.09712
0.08638
0.09986
0.10654
0.1129
0.10174
0.08882
0.09966
0.09196
0.09204
0.08268
0.06926
0.07072
0.06236
0.06638
0.08936
0.10798
0.09448
0.10036
0.0928
0.086
0.0875
0.08516
0.09006
0.0972
0.09292
0.10226
0.09634
0.09372
0.11016
0.10674
0.0993
0.08
0.07402
0.05038
0.06772
0.07898
0.07808
0.08336
0.09056
0.08644
0.08528
0.08218
0.08522
0.09384
0.07658
0.07786
0.07836
0.10084
0.099
0.1045
0.11442
0.1177
0.11538
0.09594
0.1005
0.09342
0.08204
0.0752
0.08646
0.08674
0.0954
0.10454
0.1116
0.09388
0.0918
0.08936
0.06712
0.06294
0.07664
0.08548
0.08074
0.07492
0.0811
0.08188
0.10902
0.10124
0.08308
0.08054
0.09912
0.0974
0.10386
0.12604
0.11504
0.1123
0.09934
0.10048
0.08704
0.0682
0.0614
0.06948
0.06062
0.06154
0.0626
0.07808
0.07764
0.0917
0.0855
0.1064
0.09824
0.07302
0.08958
0.09482
0.10336
0.1136
0.12954
0.11766
0.11566
0.10286
0.10418
0.10106
0.09918
0.0839
0.07786
0.08766
0.08948
0.08722
0.07426
0.08278
0.0977
0.10228
0.09766
0.10524
0.10828
0.0983
0.09092
0.07628
0.0881
0.0921
0.08794
0.08856
0.0909
0.09038
0.07196
0.07968
0.07018
0.08102
0.07734
0.0819
0.08374
0.07536
0.0757
0.07262
0.07504
0.0822
0.08884
0.0911
0.10012
0.09458
0.08672
0.0812
0.09044
0.09218
0.07718
0.07382
0.0743
0.08524
0.07854
0.0856
0.08062
0.0871
0.09714
0.09918
0.11044
0.10908
0.10422
0.10292
0.0915
0.11674
0.12712
0.12532
0.12818
0.12918
0.12878
0.10954
0.09546
0.09636
0.08466
0.07892
0.08072
0.07248
0.07424
0.06488
0.07104
0.0725
0.07422
0.07166
0.0514
0.05638
0.04708
0.06534
0.06486
0.07966
0.07928
0.06524
0.07704
0.07564
0.07882
0.09066
0.09538
0.08406
0.07458
0.07934
0.06476
0.07192
0.0689
0.06008
0.05896
0.07524
0.0734
0.0793
0.08044
0.07924
0.07922
0.08866
0.09004
0.08818
0.07684
0.06988
0.08028
0.10078
0.1126
0.11658
0.11034
0.09742
0.09746
0.11412
0.10862
0.10358
0.09682
0.09858
0.0957
0.10356
0.09152
0.08826
0.10832
0.10252
0.09678
0.09652
0.07994
0.06362
0.06112
0.06794
0.06916
0.08692
0.08708
0.07094
0.05552
0.05892
0.0642
0.06352
0.06986
0.07688
0.07762
0.078
0.07254
0.0916
0.07594
0.06158
0.06986
0.05776
0.08226
0.0748
0.07994
0.07516
0.07768
0.07902
0.07942
0.0959
0.09472
0.1041
0.10436
0.10484
0.10502
0.10948
0.1174
0.1017
0.11078
0.1117
0.11504
0.10978
0.09602
0.092
0.0859
0.08732
0.08542
0.0864
0.10704
0.09676
0.10434
0.0969
0.0865
0.08784
0.09846
0.09282
0.07938
0.08714
0.08492
0.07652
0.08606
0.09064
0.09554
0.07994
0.07878
0.08064
0.08358
0.09702
0.07932
0.07942
0.08056
0.07028
0.07452
0.08302
0.09734
0.10216
0.1038
0.09652
0.09038
0.06896
0.07472
0.088
0.08498
0.0851
0.0966
0.1075
0.10534
0.10314
0.1047
0.09982
0.08554
0.0801
0.07708
0.09532
0.11244
0.113
0.09536
0.08998
0.08428
0.0902
0.09268
0.09594
0.09648
0.0845
0.07294
0.06316
0.07038
0.06796
0.07194
0.06742
0.07478
0.07724
0.0638
0.0587
0.05604
0.05524
0.06332
0.05972
0.04772
0.04596
0.05912
0.06526
0.0893
0.08404
0.07888
0.07648
0.0839
0.0752
0.07194
0.07148
0.06956
0.07594
0.07594
0.07868
0.06924
0.06476
0.06012
0.05654
0.05694
0.05254
0.06972
0.06202
0.0677
0.07694
0.08486
0.0847
0.08874
0.1027
0.10608
0.10598
0.0966
0.10248
0.11466
0.09608
0.09806
0.08082
0.08686
0.06848
0.07484
0.07902
0.0658
0.06524
0.0794
0.07662
0.07986
0.09178
0.08772
0.06554
0.0691
0.06888
0.07704
0.08986
0.0743
0.079
0.05718
0.06144
0.08258
0.0746
0.0644
0.06624
0.06928
0.0789
0.08984
0.09142
0.06868
0.0738
0.06838
0.07824
0.07112
0.06768
0.06576
0.0817
0.09192
0.09176
0.0877
0.09056
0.09314
0.10288
0.1255
0.12086
0.1124
0.12438
0.1173
0.10502
0.11274
0.12272
0.1156
0.10818
0.10866
0.12064
0.1208
0.11612
0.11248
0.11684
0.10864
0.09406
0.09154
0.08146
0.07436
0.08666
0.08492
0.0931
0.08684
0.09564
0.0956
0.09882
0.0907
0.08754
0.0953
0.08076
0.08376
0.07536
0.08698
0.0787
0.07962
0.08478
0.10372
0.10104
0.10742
0.09592
0.08556
0.10072
0.10132
0.09808
0.07916
0.091
0.0927
0.11164
0.12992
0.1176
0.13402
0.13308
0.12796
0.10572
0.1135
0.12218
0.12974
0.12462
0.1279
0.1242
0.10846
0.11726
0.11154
0.10766
0.1183
0.1136
0.10304
0.10072
0.09664
0.09528
0.08574
0.08546
0.08132
0.08726
0.0943
0.08142
0.0836
0.0845
0.095
0.08926
0.07066
0.07968
0.08166
0.07394
0.06412
0.08168
0.08968
0.09804
0.09038
0.08182
0.07352
0.0666
0.06166
0.04568
0.04182
0.04346
0.0438
0.06302
0.05338
0.06742
0.06188
0.07522
0.08662
0.09622
0.0926
0.10162
0.10544
0.11376
0.10544
0.11444
0.11518
0.09378
0.09632
0.094
0.09176
0.06854
0.0694
0.06804
0.06522
0.04934
0.03732
0.04972
0.04346
0.05128
0.05916
0.0615
0.07508
0.0714
0.07138
0.07458
0.08816
0.09386
0.07634
0.07174
0.08042
0.09298
0.10114
0.10232
0.0974
0.09702
0.0971
0.0845
0.0675
0.07046
0.06724
0.08868
0.08702
0.07774
0.07356
0.06738
0.07764
0.05784
0.06258
0.06508
0.06154
0.06734
0.07458
0.0784
0.07566
0.0769
0.09228
0.09156
0.08614
0.0879
0.09776
0.11314
0.1072
0.10932
0.09666
0.09642
0.08834
0.10542
0.10898
0.1008
0.114
0.10152
0.09924
0.08224
0.07462
0.08154
0.0879
0.10226
0.1044
0.09116
0.09082
0.09352
0.087
0.08688
0.08604
0.0832
0.08626
0.06758
0.0773
0.07902
0.06394
0.06504
0.06594
0.08106
0.06856
0.07278
0.0907
0.08458
0.07472
0.06474
0.07382
0.07566
0.07862
0.0921
0.09456
0.08508
0.08946
0.09914
0.10636
0.10654
0.09186
0.088
0.08384
0.09146
0.06546
0.06624
0.06492
0.08094
0.08578
0.0889
0.0729
0.08258
0.082
0.09002
0.06592
0.0659
0.0715
0.08784
0.08882
0.08774
0.08514
0.0742
0.06744
0.07894
0.09392
0.09112
0.10044
0.10088
0.1074
0.09882
0.09264
0.10452
0.10638
0.09038
0.09044
0.09636
0.09844
0.10116
0.09692
0.10356
0.0875
0.07488
0.07352
0.09834
0.10148
0.11338
0.12514
0.09948
0.10114
0.0963
0.09354
0.07752
0.09268
0.08506
0.08594
0.0731
0.07878
0.09058
0.09078
0.09518
0.0827
0.07694
0.06552
0.07688
0.0761
0.07554
0.08996
0.07996
0.07926
0.08806
0.07888
0.07934
0.07128
0.07946
0.0555
0.04612
0.05182
0.06668
0.07584
0.06798
0.06672
0.0906
0.07758
0.07526
0.08862
0.08436
0.07674
0.07962
0.0728
0.0781
0.0915
0.10022
0.09118
0.07574
0.07384
0.06232
0.05966
0.0622
0.07084
0.06406
0.07528
0.07836
0.08736
0.09668
0.08504
0.0927
0.10994
0.09896
0.09422
0.08368
0.0896
0.08762
0.09496
0.07762
0.0715
0.06772
0.07278
0.0665
0.07712
0.06462
0.08204
0.08976
0.0987
0.09118
0.09444
0.08904
0.07504
0.07394
0.08094
0.10012
0.10514
0.1075
0.11992
0.10534
0.0974
0.09294
0.09406
0.09226
0.0978
0.10502
0.10194
0.09864
0.10098
0.08452
0.08712
0.077
0.06818
0.08008
0.08068
0.08388
0.07626
0.07254
0.0807
0.08376
0.09074
0.09578
0.09726
0.10286
0.07412
0.07722
0.07304
0.07884
0.0776
0.07846
0.06362
0.07336
0.0678
0.0736
0.0789
0.08236
0.08782
0.09114
0.09086
0.08324
0.08622
0.07324
0.07106
0.06842
0.07034
0.09022
0.07308
0.08454
0.06924
0.0857
0.09722
0.09818
0.10854
0.1042
0.11638
0.11336
0.0962
0.08746
0.09258
0.10114
0.08286
0.07748
0.06812
0.09206
0.09412
0.09262
0.08734
0.09604
0.09976
0.1064
0.10454
0.09952
0.0969
0.09516
0.08074
0.08286
0.08008
0.0566
0.06712
0.07226
0.07938
0.08914
0.07702
0.06642
0.07376
0.06626
0.08924
0.08134
0.08092
0.09426
0.07716
0.07912
0.07262
0.08336
0.0895
0.09652
0.09994
0.09874
0.09364
0.10404
0.09822
0.08938
0.08434
0.07146
0.0873
0.08494
0.08586
0.08634
0.0944
0.09018
0.0753
0.09246
0.09154
0.08296
0.06782
0.06626
0.06288
0.05656
0.0601
0.05838
0.05348
0.05636
0.06574
0.06634
0.0558
0.06704
0.06584
0.07648
0.089
0.07142
0.0825
0.10474
0.09598
0.08806
0.08164
0.09086
0.09314
0.09338
0.08836
0.07682
0.08452
0.09186
0.09102
0.08262
0.08012
0.07004
0.07704
0.08074
0.0818
0.08924
0.09002
0.08406
0.08726
0.07026
0.07534
0.05756
0.05748
0.07692
0.08566
0.0953
0.08732
0.08626
0.09312
0.09944
0.09806
0.09088
0.07848
0.09442
0.09278
0.08448
0.08898
0.11274
0.09302
0.10038
0.09548
0.0969
0.08864
0.08702
0.09266
0.09794
0.09256
0.08452
0.069
0.06096
0.06544
0.06824
0.07006
0.06782
0.0739
0.07812
0.0836
0.08002
0.07998
0.07452
0.0849
0.08118
0.0791
0.08108
0.0821
0.10116
0.09006
0.09006
0.10554
0.10716
0.09834
0.09306
0.08764
0.09422
0.0896
0.09442
0.0952
0.09288
0.09908
0.09384
0.0919
0.08844
0.09128
0.09126
0.0981
0.09458
0.1046
0.10668
0.10556
0.07348
0.0621
0.07636
0.07856
0.09652
0.09314
0.08824
0.0868
0.08364
0.07704
0.08142
0.07138
0.06972
0.08242
0.10134
0.10144
0.10376
0.08466
0.09104
0.09726
0.10444
0.09412
0.09154
0.10212
0.12008
0.1062
0.10282
0.10618
0.1033
0.11378
0.10924
0.10238
0.11162
0.10774
0.10866
0.0909
0.08928
0.09752
0.09728
0.08266
0.07608
0.08098
0.08422
0.08918
0.09272
0.09464
0.09504
0.0796
0.10018
0.10614
0.10154
0.12006
0.1073
0.10164
0.1047
0.10358
0.11456
0.09326
0.09908
0.10126
0.10134
0.09178
0.08304
0.08176
0.09334
0.07786
0.07428
0.0702
0.0693
0.06298
0.08072
0.0785
0.0764
0.08132
0.08798
0.091
0.08236
0.08716
0.09252
0.10096
0.08604
0.08482
0.09986
0.09558
0.10332
0.10804
0.09332
0.07924
0.07286
0.0711
0.07624
0.08562
0.08168
0.08842
0.0864
0.0882
0.10062
0.09582
0.10246
0.10246
0.1002
0.10056
0.08776
0.09006
0.09988
0.09206
0.0909
0.10232
0.09158
0.10706
0.10054
0.0951
0.07694
0.06748
0.05862
0.06382
0.0719
0.07632
0.08994
0.09894
0.0929
0.10996
0.10772
0.10728
0.10466
0.08374
0.07622
0.08182
0.08208
0.05888
0.0438
0.0587
0.06586
0.05968
0.07914
0.08924
0.08564
0.06842
0.07536
0.08752
0.07826
0.0872
0.09958
0.09718
0.08568
0.09734
0.10452
0.1135
0.1156
0.12762
0.1197
0.09976
0.1012
0.08822
0.07212
0.08174
0.08852
0.09344
0.09134
0.09348
0.09466
0.09334
0.09936
0.1077
0.10192
0.10852
0.10346
0.11254
0.09636
0.09224
0.10086
0.09924
0.11122
0.1102
0.09582
0.09002
0.0885
0.10194
0.0913
0.07384
0.06374
0.07104
0.07562
0.08118
0.09086
0.082
0.09026
0.09742
0.1064
0.10384
0.0819
0.09752
0.11034
0.11078
0.11874
0.12312
0.10786
0.10856
0.1086
0.12334
0.10588
0.0964
0.08096
0.07938
0.07748
0.07406
0.08302
0.07138
0.0686
0.06744
0.07244
0.07698
0.09066
0.09978
0.10378
0.10302
0.09356
0.0995
0.09962
0.09384
0.09908
0.0966
0.11668
0.12062
0.1074
0.10658
0.10572
0.1032
0.11432
0.11226
0.10938
0.09428
0.0796
0.08804
0.0994
0.08802
0.09508
0.09202
0.08008
0.10242
0.10634
0.1172
0.12694
0.13404
0.12278
0.09728
0.08472
0.06348
0.06288
0.06356
0.09198
0.09776
0.10126
0.111
0.1062
0.09452
0.09642
0.09452
0.09684
0.08634
0.09392
0.10214
0.09416
0.08226
0.08044
0.086
0.08908
0.0781
0.07784
0.06928
0.06524
0.07078
0.07124
0.07846
0.07742
0.0643
0.06136
0.07296
0.0743
0.07836
0.0635
0.06042
0.08008
0.08316
0.0891
0.0726
0.07028
0.05576
0.06158
0.0639
0.07094
0.059
0.05774
0.0606
0.06598
0.07346
0.07042
0.06706
0.07008
0.07548
0.06992
0.0734
0.0589
0.0626
0.06814
0.06342
0.0601
0.06736
0.08016
0.07924
0.08192
0.0905
0.08758
0.08426
0.08548
0.08826
0.07928
0.0662
0.04254
0.05216
0.08478
0.08314
0.06844
0.06294
0.08176
0.07104
0.0791
0.06472
0.05918
0.05214
0.07084
0.07978
0.0964
0.10008
0.10234
0.0973
0.09212
0.09656
0.1016
0.09674
0.09154
0.09496
0.07812
0.07426
0.07284
0.06838
0.0803
0.09082
0.08208
0.08168
0.07894
0.10126
0.09852
0.09894
0.0893
0.09604
0.09736
0.09528
0.09174
0.10196
0.09392
0.10452
0.10514
0.106
0.08704
0.0742
0.08656
0.09378
0.08268
0.09214
0.08862
0.09638
0.09518
0.09086
0.07886
0.08464
0.08238
0.0936
0.09558
0.08824
0.10304
0.10154
0.09356
0.081
0.07844
0.0661
0.06786
0.0714
0.06742
0.05346
0.06266
0.06748
0.0802
0.0806
0.07176
0.07946
0.08958
0.09872
0.10188
0.0956
0.10374
0.10242
0.09242
0.09188
0.09398
0.0952
0.1111
0.10534
0.09966
0.10916
0.10528
0.09532
0.09694
0.1063
0.09328
0.09466
0.09558
0.0949
0.09998
0.10062
0.0982
0.0876
0.10268
0.11206
0.104
0.11194
0.10382
0.11042
0.10518
0.1103
0.11304
0.11458
0.10906
0.10526
0.10608
0.09406
0.0974
0.11228
0.10624
0.09526
0.07666
0.08242
0.06434
0.0377
0.0416
0.02788
0.04916
0.03586
0.03302
0.03974
0.05968
0.06682
0.0614
0.06098
0.07146
0.06538
0.06932
0.07112
0.07774
0.08642
0.0954
0.10812
0.11086
0.10876
0.1009
0.09382
0.08384
0.07468
0.06824
0.06092
0.07254
0.07408
0.0805
0.08672
0.09102
0.07668
0.07498
0.08492
0.07072
0.05644
0.05178
0.05716
0.05786
0.08558
0.08912
0.08246
0.09996
0.09142
0.08988
0.09096
0.09372
0.07838
0.08798
0.08612
0.09024
0.08606
0.07898
0.07616
0.0848
0.08314
0.08916
0.09322
0.0968
0.10084
0.09254
0.09014
0.07816
0.07894
0.08704
0.0888
0.08684
0.08432
0.0908
0.10356
0.09586
0.08644
0.08668
0.0807
0.08514
0.08934
0.09342
0.08654
0.08604
0.08538
0.08616
0.08774
0.08644
0.08816
0.09766
0.09918
0.10474
0.1184
0.10896
0.10906
0.10818
0.10118
0.11096
0.11732
0.12126
0.1097
0.11456
0.1134
0.11272
0.10224
0.09952
0.10282
0.1051
0.08964
0.08746
0.09406
0.09522
0.0904
0.09868
0.09422
0.08908
0.0901
0.09274
0.1046
0.12038
0.09964
0.11154
0.09634
0.09564
0.09882
0.09454
0.08154
0.07748
0.08878
0.11626
0.11432
0.12714
0.11826
0.1264
0.11554
0.11878
0.10114
0.09378
0.08168
0.08738
0.09318
0.06902
0.07434
0.06482
0.07388
0.06518
0.06354
0.06866
0.07832
0.08356
0.08272
0.07138
0.07968
0.0623
0.07188
0.08032
0.07916
0.08658
0.10252
0.09216
0.10834
0.1114
0.09794
0.10408
0.10278
0.09596
0.07892
0.07546
0.09308
0.08376
0.08914
0.08422
0.09082
0.10332
0.08748
0.07676
0.08032
0.06864
0.08378
0.09028
0.09394
0.11136
0.10778
0.0984
0.10414
0.0893
0.08892
0.08316
0.08022
0.06874
0.06688
0.07902
0.07234
0.06686
0.07196
0.06876
0.08702
0.08648
0.0896
0.08738
0.0894
0.08718
0.0836
0.09946
0.10292
0.1019
0.10346
0.08406
0.09504
0.12276
0.1047
0.11392
0.11396
0.09716
0.09046
0.11292
0.10194
0.09622
0.11288
0.10406
0.11814
0.10792
0.10488
0.11902
0.10106
0.09762
0.10596
0.10078
0.08896
0.09824
0.10384
0.10542
0.12008
0.11188
0.09848
0.0925
0.10204
0.1056
0.09634
0.07732
0.08672
0.08152
0.0798
0.0627
0.06174
0.06336
0.06748
0.07518
0.08696
0.09142
0.08712
0.10436
0.09704
0.09352
0.08156
0.07854
0.08404
0.08128
0.09464
0.09686
0.0947
0.08874
0.09512
0.09974
0.10296
0.1197
0.11314
0.09524
0.09936
0.1044
0.1038
0.09948
0.10248
0.10348
0.0902
0.09948
0.10524
0.09594
0.07826
0.09652
0.07668
0.08566
0.08196
0.07306
0.0917
0.09474
0.0857
0.07622
0.07842
0.0934
0.0935
0.08506
0.07998
0.08924
0.11138
0.10944
0.10158
0.09574
0.09628
0.09472
0.10032
0.0992
0.1029
0.09122
0.09904
0.08488
0.09448
0.09052
0.08344
0.11156
0.10014
0.10412
0.08282
0.1032
0.11112
0.11122
0.11086
0.11698
0.11446
0.11838
0.10048
0.10096
0.09272
0.08102
0.0893
0.08366
0.08394
0.07578
0.07604
0.08354
0.07958
0.0667
0.07478
0.0816
0.08048
0.0738
0.08572
0.07928
0.0807
0.08874
0.08886
0.09122
0.0795
0.09102
0.10238
0.09172
0.09126
0.08086
0.056
0.04556
0.05992
0.06926
0.06396
0.0555
0.0682
0.0822
0.09462
0.09246
0.09268
0.10338
0.11458
0.12076
0.11574
0.11956
0.12176
0.11018
0.11522
0.10198
0.07872
0.07172
0.06448
0.07572
0.07454
0.08046
0.06728
0.07036
0.06982
0.07328
0.05808
0.0626
0.0687
0.08406
0.10544
0.10854
0.12258
0.09666
0.07888
0.07966
0.06826
0.07466
0.09368
0.0983
0.1079
0.11338
0.11066
0.09438
0.08656
0.08838
0.08894
0.0874
0.0899
0.09682
0.08238
0.07956
0.08972
0.09268
0.07374
0.08006
0.07854
0.09474
0.11206
0.10528
0.09114
0.09906
0.0751
0.07272
0.07198
0.065
0.0699
0.07484
0.09022
0.09152
0.08584
0.08114
0.0678
0.07264
0.08254
0.07678
0.08508
0.07512
0.06792
0.07002
0.07224
0.07986
0.07526
0.0791
0.07322
0.0706
0.06652
0.07534
0.06774
0.06416
0.0602
0.07308
0.07308
0.08844
0.09534
0.08872
0.08858
0.08778
0.08296
0.07268
0.07586
0.07416
0.084
0.0807
0.07114
0.069
0.082
0.08666
0.10508
0.08856
0.0807
0.07626
0.06246
0.0747
0.07918
0.0791
0.09152
0.10274
0.09386
0.09872
0.09882
0.09118
0.09484
0.09958
0.10002
0.09436
0.0983
0.08376
0.07902
0.07356
0.0755
0.0885
0.07944
0.09466
0.08636
0.08642
0.08602
0.0911
0.086
0.09434
0.08076
0.06954
0.07832
0.07778
0.07636
0.07156
0.06852
0.07652
0.095
0.0954
0.0757
0.08458
0.10002
0.10332
0.09324
0.08116
0.08028
0.07624
0.07482
0.091
0.0969
0.10476
0.091
0.0923
0.09844
0.08152
0.08338
0.10262
0.09518
0.07932
0.08172
0.0886
0.0831
0.08672
0.07788
0.07452
0.07716
0.08612
0.08282
0.08316
0.09438
0.0943
0.06488
0.06702
0.05826
0.06896
0.08914
0.0711
0.06002
0.06728
0.06738
0.06922
0.05146
0.05704
0.05468
0.04018
0.04012
0.0423
0.0259
0.05558
0.05106
0.04866
0.0397
0.03794
0.04784
0.05622
0.05212
0.05914
0.06632
0.07116
0.07708
0.07516
0.08312
0.0817
0.07874
0.08688
0.07308
0.07916
0.07398
0.06264
0.07644
0.09344
0.09222
0.0771
0.07776
0.08194
0.06812
0.06818
0.07298
0.07372
0.07366
0.0788
0.091
0.1099
0.10788
0.10404
0.09864
0.0967
0.09708
0.08374
0.06976
0.07694
0.0739
0.0641
0.0716
0.07854
0.10348
0.1064
0.10582
0.10572
0.09648
0.08592
0.08224
0.08914
0.09072
0.09758
0.09518
0.07806
0.08168
0.08296
0.0744
0.09002
0.07694
0.09972
0.10034
0.09392
0.10498
0.09702
0.1077
0.11186
0.11634
0.1202
0.1095
0.1179
0.12566
0.12642
0.10086
0.1041
0.1084
0.10034
0.10074
0.09544
0.09566
0.09294
0.0901
0.09532
0.08506
0.0858
0.0858
0.08394
0.0976
0.09662
0.08406
0.0922
0.0838
0.09092
0.08152
0.0732
0.0784
0.08386
0.0936
0.07978
0.08754
0.10404
0.09096
0.09194
0.0837
0.1034
0.0945
0.10338
0.0959
0.095
0.09364
0.0956
0.09028
0.08652
0.09976
0.10284
0.10838
0.1011
0.09606
0.08788
0.0757
0.07548
0.0731
0.06564
0.05678
0.05536
0.06344
0.08384
0.09538
0.10782
0.11424
0.12356
0.12032
0.11518
0.10546
0.10434
0.10366
0.0925
0.0986
0.083
0.08496
0.07084
0.07484
0.0801
0.09002
0.09658
0.07866
0.05834
0.06876
0.07604
0.08386
0.0864
0.08688
0.09402
0.08092
0.07668
0.07048
0.07612
0.0664
0.08642
0.0882
0.07252
0.07826
0.06864
0.08376
0.0994
0.08768
0.08922
0.08904
0.09238
0.07796
0.0751
0.0722
0.07622
0.08044
0.0903
0.08716
0.0904
0.09522
0.0885
0.07948
0.08412
0.07324
0.07422
0.08164
0.08512
0.07908
0.07096
0.07302
0.06686
0.04548
0.0686
0.0879
0.09762
0.09794
0.116
0.08962
0.0724
0.07236
0.0634
0.0731
0.08712
0.08592
0.08646
0.07926
0.06918
0.0893
0.07084
0.08918
0.0803
0.07606
0.07774
0.08612
0.0845
0.0975
0.09226
0.1028
0.09996
0.10158
0.10818
0.10504
0.11864
0.09962
0.10058
0.09682
0.10312
0.09342
0.09486
0.0823
0.07242
0.086
0.06972
0.08634
0.08918
0.09638
0.08378
0.08954
0.08386
0.07476
0.0879
0.092
0.08464
0.08902
0.09206
0.0772
0.08722
0.07952
0.0851
0.07816
0.07258
0.07326
0.07712
0.0855
0.0817
0.0881
0.069
0.07234
0.07152
0.07734
0.08596
0.08372
0.08476
0.08222
0.08602
0.09144
0.0808
0.0784
0.07122
0.0863
0.07422
0.07288
0.0796
0.08166
0.08802
0.08404
0.08134
0.08572
0.0912
0.08706
0.08466
0.072
0.07796
0.07318
0.07206
0.08456
0.08424
0.09254
0.08214
0.09132
0.09596
0.08126
0.0648
0.0657
0.07308
0.0882
0.11102
0.08884
0.08102
0.08778
0.0949
0.1035
0.09206
0.09154
0.0781
0.05488
0.04776
0.04986
0.0614
0.06664
0.0707
0.07508
0.07952
0.08702
0.1003
0.1008
0.10576
0.10728
0.10534
0.11186
0.0902
0.09494
0.09806
0.09652
0.09816
0.0955
0.09374
0.0851
0.08216
0.08578
0.0755
0.07774
0.07866
0.0838
0.08494
0.08008
0.08242
0.06296
0.07182
0.07518
0.07586
0.0779
0.07256
0.07054
0.06256
0.05714
0.04308
0.05172
0.04598
0.05608
0.06796
0.0731
0.0791
0.07236
0.07038
0.07496
0.07094
0.07594
0.07704
0.07946
0.06538
0.06124
0.05942
0.06778
0.07156
0.0905
0.0923
0.09078
0.0739
0.06984
0.06618
0.06818
0.0762
0.06306
0.07902
0.07414
0.07104
0.09348
0.08116
0.08152
0.08666
0.0783
0.0836
0.07696
0.07444
0.0811
0.10086
0.09716
0.0913
0.07556
0.08954
0.085
0.09276
0.09454
0.09378
0.1061
0.12432
0.11656
0.10504
0.11262
0.118
0.1128
0.10516
0.09792
0.08388
0.08436
0.08916
0.07992
0.06698
0.07428
0.09432
0.08992
0.09608
0.09296
0.08126
0.0887
0.09106
0.10612
0.10034
0.09938
0.09106
0.08536
0.08338
0.0836
0.07886
0.0824
0.0887
0.08656
0.07806
0.07476
0.06964
0.06746
0.07308
0.0783
0.07126
0.07384
0.06854
0.0733
0.0633
0.0736
0.08412
0.07736
0.06602
0.05834
0.0563
0.05954
0.0634
0.07812
0.09096
0.09358
0.10234
0.09788
0.10988
0.10938
0.1164
0.12586
0.1273
0.1259
0.11988
0.1332
0.13026
0.1304
0.13436
0.12544
0.10624
0.10498
0.11162
0.1026
0.0923
0.1067
0.10366
0.10098
0.09488
0.09334
0.07902
0.08948
0.08534
0.08308
0.0878
0.09374
0.07974
0.09446
0.07956
0.08674
0.0741
0.06856
0.07866
0.08458
0.08378
0.08148
0.08294
0.07252
0.07644
0.08076
0.07228
0.07018
0.0788
0.0862
0.07622
0.06228
0.06464
0.06888
0.0788
0.09478
0.08956
0.10212
0.09554
0.09442
0.1026
0.11728
0.1183
0.1257
0.11288
0.10828
0.10196
0.0946
0.0986
0.08764
0.10232
0.09242
0.10934
0.09972
0.09636
0.10646
0.09348
0.10478
0.09356
0.09188
0.08946
0.07114
0.07466
0.0765
0.08056
0.0895
0.08924
0.08494
0.11126
0.1057
0.1047
0.0959
0.0991
0.0987
0.09572
0.09022
0.07222
0.07596
0.08144
0.08532
0.0896
0.09126
0.0992
0.07862
0.07236
0.10048
0.0951
0.10658
0.0941
0.08634
0.10046
0.11386
0.08572
0.07496
0.0788
0.08612
0.09138
0.10188
0.10428
0.11408
0.1095
0.10538
0.10586
0.10914
0.10956
0.10596
0.1074
0.1167
0.1112
0.12334
0.11898
0.11138
0.10348
0.09694
0.0899
0.08746
0.09876
0.0892
0.0812
0.0689
0.06278
0.06506
0.08312
0.08522
0.0971
0.09442
0.09392
0.10148
0.1025
0.10808
0.11252
0.10578
0.1134
0.12042
0.11858
0.10816
0.10962
0.09238
0.07356
0.06704
0.0726
0.08254
0.07864
0.08468
0.08068
0.08992
0.07398
0.07318
0.07106
0.06542
0.05892
0.06636
0.08018
0.08394
0.06724
0.07778
0.07874
0.0776
0.06976
0.08398
0.08386
0.08696
0.08646
0.07442
0.07156
0.0628
0.0651
0.07414
0.08154
0.07412
0.0638
0.07404
0.07712
0.08672
0.08686
0.08342
0.07404
0.09338
0.09832
0.09556
0.10026
0.1078
0.1092
0.11712
0.12274
0.11418
0.10072
0.07496
0.07712
0.08564
0.07914
0.08364
0.10804
0.10022
0.09622
0.10446
0.1049
0.10148
0.09664
0.09318
0.10034
0.09702
0.1046
0.10656
0.0932
0.09932
0.0837
0.08414
0.07732
0.07656
0.077
0.09638
0.09848
0.0873
0.0946
0.08826
0.08176
0.08228
0.08918
0.07416
0.07608
0.0843
0.0779
0.08434
0.09536
0.10208
0.11006
0.10918
0.10412
0.09578
0.0918
0.09264
0.08516
0.08926
0.0995
0.09838
0.09166
0.0742
0.0624
0.0751
0.08946
0.07692
0.08646
0.07772
0.0858
0.09706
0.09534
0.09144
0.08682
0.08998
0.10472
0.09678
0.09946
0.09356
0.07404
0.07432
0.0732
0.0869
