0.00206
-0.01624
-0.00998
-0.01062
-0.01154
-0.02106
-0.0227
-0.02566
-0.022
-0.01542
-0.01904
-0.01022
-0.01352
-0.02312
-0.0282
-0.01996
-0.01214
-0.0158
-0.02008
-0.0132
-0.01004
-0.00676
-0.00578
0.00098
-0.00734
-0.00402
0.00108
-0.01168
-0.01404
-0.044
-0.03194
-0.0159
-0.01422
-0.00486
-0.02228
-0.0394
-0.03082
-0.01514
-0.01764
-0.02104
-0.01814
-0.02092
-0.0218
-0.03688
-0.02558
-0.03646
-0.03704
-0.03508
-0.03338
-0.047
-0.03162
-0.03152
-0.02692
-0.0342
-0.02702
-0.03092
-0.03464
-0.02956
-0.04196
-0.03972
-0.03626
-0.03954
-0.03714
-0.0369
-0.02686
-0.0204
-0.0128
-0.00894
-0.0221
-0.02456
-0.03582
-0.00456
0.00436
-0.00392
-0.0004
-0.00852
-0.01696
-0.004
-0.00142
-0.01362
-0.01266
-0.00992
-0.01964
-0.01342
-0.01354
-0.03204
-0.0256
-0.02074
-0.00974
-0.01374
-0.00476
-0.0128
-0.02874
-0.02464
-0.00376
-0.00362
-0.01202
-0.00992
-0.02286
-0.0207
-0.04032
-0.02748
-0.02714
-0.02464
-0.02846
-0.03368
-0.03172
-0.02894
-0.03744
-0.03056
-0.01704
-0.02144
-0.0242
-0.02252
-0.03462
-0.0346
-0.01876
-0.02364
-0.03022
-0.02804
-0.02198
-0.03482
-0.0373
-0.0364
-0.0125
-0.00874
-0.01014
-0.0174
-0.00712
0.00222
-0.02072
-0.01624
-0.0151
-0.02498
-0.02716
-0.02234
-0.01894
-0.03234
-0.01418
-0.01518
0.00144
-0.00286
-0.01382
-0.03268
-0.0374
-0.03866
-0.0348
-0.02762
-0.0285
-0.03512
-0.02424
-0.03782
-0.02874
-0.01908
-0.01618
-0.03106
-0.03366
-0.0461
-0.04312
-0.03886
-0.03588
-0.02284
-0.02654
-0.0259
-0.02064
-0.02652
-0.02138
-0.03028
-0.01784
-0.04064
-0.04192
-0.02084
-0.0046
0.01068
0.01168
0.00696
-0.02102
-0.01446
-0.02638
-0.02196
-0.0103
-0.00906
-0.02782
-0.03126
-0.02646
-0.03092
-0.02372
-0.00418
0.00046
-0.0136
-0.01878
-0.02136
-0.02658
-0.03738
-0.02018
-0.01224
-0.01614
-0.02232
-0.02548
-0.02444
-0.0369
-0.03464
-0.04422
-0.05716
-0.03924
-0.02186
-0.03802
-0.03082
-0.02476
-0.0325
-0.01948
-0.02748
-0.02224
-0.02242
-0.01052
-0.0137
-0.02012
-0.0068
-0.00478
-0.00788
-0.02272
-0.02502
-0.0233
-0.01724
-0.0211
-0.01904
-0.0182
-0.00846
-0.00544
-0.00592
-0.00264
-0.00098
0.00054
-0.02222
-0.01228
-0.01218
-0.01518
-0.02898
-0.02512
-0.01872
-0.02722
-0.02538
-0.03352
-0.02414
-0.01146
-0.01744
-0.02108
-0.02328
-0.01534
-0.02614
-0.02122
-0.0206
-0.02198
-0.0327
-0.01734
-0.01912
-0.01214
-0.0038
-0.0173
-0.00162
0.00616
-0.00708
0.00816
-0.00524
0.00426
0.00524
-0.00506
-0.00336
-0.02716
-0.02066
-0.0285
-0.02918
-0.02208
-0.0228
-0.01972
-0.03118
-0.03026
-0.0266
-0.03158
-0.01416
-0.0092
0.0024
-0.02106
-0.03396
-0.0415
-0.02394
-0.0337
-0.03356
-0.03906
-0.02668
-0.0234
-0.01096
-0.00666
-0.01188
-0.02784
-0.01984
-0.02688
-0.0339
-0.04664
-0.05654
-0.04466
-0.03062
-0.02582
-0.01474
-0.0208
-0.02954
-0.02922
-0.03308
-0.04452
-0.05134
-0.04728
-0.04392
-0.04792
-0.0332
0.0027
-0.02806
-0.03686
-0.02596
-0.02492
-0.02166
-0.01098
-0.01124
-0.02622
-0.0375
-0.0267
-0.02614
-0.03336
-0.03698
-0.03318
-0.03808
-0.03996
-0.01972
-0.02352
-0.0219
-0.0218
-0.02544
-0.01988
-0.01486
-0.0095
-0.00686
0.00318
0.00236
-0.00394
-0.02818
-0.01294
-0.01828
-0.0005
-0.01702
-0.0019
-0.01704
-0.01726
-0.03236
-0.02806
-0.03042
-0.04898
-0.03656
-0.03492
-0.0363
-0.0307
-0.04116
-0.03156
-0.03106
-0.04816
-0.0367
-0.02304
-0.03942
-0.04784
-0.05098
-0.04648
-0.04572
-0.03758
-0.02216
-0.02732
-0.00876
-0.02694
-0.03704
-0.0339
-0.04108
-0.03966
-0.03168
-0.05146
-0.04496
-0.02424
-0.02052
-0.03642
-0.03598
-0.02728
-0.0278
-0.0304
-0.0207
-0.00802
0.00692
-0.00472
-0.00726
-0.02528
-0.03322
-0.03174
-0.01664
-0.017
-0.01406
-0.02298
-0.05174
-0.0427
-0.03486
-0.03668
-0.02924
-0.02458
-0.0298
-0.02524
-0.01736
-0.02216
-0.01996
-0.01128
-0.01484
-0.01038
-0.01582
-0.01696
-0.0291
-0.02982
-0.04096
-0.0418
-0.03324
-0.02188
-0.0122
-0.01694
-0.02676
-0.016
-0.02478
-0.01728
-0.02804
-0.03142
-0.0369
-0.02486
-0.02466
-0.01004
-0.00802
-0.01046
-0.01152
-0.00638
-0.01276
-0.00186
-0.01388
-0.01712
-0.01528
-0.01016
-0.01204
-0.0152
-0.01244
-0.0103
-0.02942
-0.01572
-0.02848
-0.04058
-0.03468
-0.0422
-0.04292
-0.03376
-0.03192
-0.03672
-0.03794
-0.03102
-0.02178
-0.01464
-0.01904
-0.00778
-0.02748
-0.02046
-0.02498
-0.01726
-0.01164
-0.01604
-0.01424
-0.01668
-0.02342
-0.0244
-0.0229
-0.02564
-0.00636
-0.01076
-0.02408
-0.01832
-0.02076
-0.02056
0.00308
-0.00982
-0.01638
-0.02804
-0.02096
-0.0345
-0.03226
-0.03112
-0.0146
-0.01892
-0.01576
-0.02614
-0.02154
-0.01288
-0.00222
-0.012
-0.00404
-0.0036
-0.01706
-0.02204
-0.03198
-0.02156
-0.04746
-0.03114
-0.01236
-0.01432
-0.02768
-0.01478
-0.00384
0.00912
0.0025
-0.0051
-0.0123
-0.01012
-0.00216
0.00406
-0.00946
-0.01772
-0.02182
-0.03676
-0.04944
-0.03852
-0.03286
-0.03054
-0.01476
-0.02336
-0.02584
-0.01084
-0.02378
-0.02876
-0.04174
-0.05084
-0.03786
-0.02158
-0.03392
-0.02616
-0.02944
-0.0286
-0.02526
-0.01898
-0.02668
-0.02728
-0.04576
-0.02288
-0.0202
-0.02096
-0.01866
-0.0147
-0.02398
-0.02454
-0.01936
-0.01928
-0.0157
-0.01496
-0.0362
-0.0465
-0.03816
-0.04504
-0.02704
-0.02636
-0.02566
-0.02664
-0.0215
-0.023
-0.01636
-0.02336
-0.02024
-0.0309
-0.02924
-0.03656
-0.05108
-0.03528
-0.05206
-0.04242
-0.03546
-0.03112
-0.04038
-0.0369
-0.02186
-0.02502
-0.04952
-0.04808
-0.02618
-0.01508
-0.0113
-0.00842
-0.01972
-0.02882
-0.03946
-0.03174
-0.01364
-0.0112
-0.01366
-0.0225
-0.02958
-0.02554
-0.02372
-0.02106
-0.03052
-0.03402
-0.01886
-0.01918
-0.01868
-0.02676
-0.02606
-0.02742
-0.01806
-0.01558
-0.01598
-0.01116
-0.00706
-0.00468
-0.02498
-0.03162
-0.02772
-0.01688
-0.018
-0.01856
-0.02746
-0.02718
-0.0106
-0.00572
-0.01296
-0.02452
-0.0153
-0.02148
-0.03278
-0.04002
-0.03022
-0.0155
-0.00808
-0.01164
-0.00336
-0.01246
-0.02132
-0.02572
-0.02418
-0.02434
-0.01592
-0.02644
-0.03188
-0.02616
-0.02388
-0.0089
-0.0126
-0.00864
-0.01614
-0.01888
-0.03116
-0.02996
-0.01634
-0.017
-0.01488
-0.0148
-0.0248
-0.0192
-0.02106
-0.021
-0.0114
-0.01034
-0.02424
-0.03862
-0.04412
-0.05522
-0.0432
-0.04628
-0.04004
-0.02892
-0.01428
-0.006
-0.01114
-0.00776
-0.01508
-0.03296
-0.01276
-0.01522
-0.01006
-0.01236
-0.01584
-0.02452
-0.03004
-0.03458
-0.02466
-0.02834
-0.01776
-0.03942
-0.03128
-0.01602
-0.02434
-0.0183
-0.02282
-0.03504
-0.0308
-0.0247
-0.0385
-0.03614
-0.02816
-0.03294
-0.01236
-0.03966
-0.02454
-0.02578
-0.03218
-0.02616
-0.0264
-0.00558
-0.01622
-0.02162
-0.0389
-0.03898
-0.02404
-0.03842
-0.03426
-0.0155
-0.0275
-0.02602
-0.04114
-0.04332
-0.03582
-0.02938
-0.0269
-0.02292
-0.03128
-0.02304
-0.02992
-0.03542
-0.02922
-0.02098
-0.02084
-0.0229
-0.01326
-0.0248
-0.0189
-0.02918
-0.02332
-0.04356
-0.04276
-0.02428
-0.02734
-0.031
-0.03284
-0.02678
-0.02186
-0.005
-0.01944
-0.01936
-0.01688
-0.026
-0.01972
-0.02226
-0.02732
-0.0181
-0.0245
-0.02806
-0.01728
-0.01192
-0.00854
-0.0042
-0.00538
-0.01358
-0.0251
-0.01144
-0.01442
-0.02272
-0.02864
-0.02588
-0.01792
-0.00998
-0.00576
-0.00782
-0.0165
-0.03042
-0.02624
-0.02438
-0.02082
-0.0244
-0.01116
-0.01292
-0.02134
-0.03458
-0.02802
-0.02168
-0.00936
-0.01108
-0.01666
-0.0286
-0.03712
-0.04056
-0.03858
-0.03946
-0.02736
-0.04062
-0.02146
-0.00106
-0.01724
-0.01378
-0.02628
-0.02928
-0.00422
-0.01658
-0.0265
-0.02766
-0.01726
-0.02038
-0.03902
-0.01424
-0.00986
-0.00956
-0.01894
-0.0259
-0.01748
-0.02362
-0.04134
-0.04682
-0.04426
-0.0265
-0.04166
-0.03624
-0.04074
-0.0267
-0.03478
-0.0404
-0.03592
-0.02982
-0.03848
-0.02938
-0.02762
-0.02456
-0.02028
-0.01094
-0.01948
-0.02594
-0.03322
-0.03636
-0.02698
-0.03054
-0.02996
-0.03346
-0.02938
-0.0348
-0.03794
-0.02996
-0.03004
-0.0338
-0.02032
-0.01638
-0.02442
-0.0329
-0.01738
-0.0158
-0.01656
-0.02728
-0.03168
-0.02988
-0.01502
-0.02296
-0.01716
-0.02296
-0.01346
-0.02132
-0.02856
-0.04086
-0.0176
-0.03252
-0.04748
-0.02756
-0.02984
-0.0284
-0.03046
-0.02754
-0.01472
-0.01788
-0.01958
-0.02834
-0.03426
-0.01888
-0.02456
-0.0375
-0.03976
-0.01876
-0.04716
-0.034
-0.05568
-0.05224
-0.037
-0.02248
-0.02414
-0.01834
-0.01858
-0.0017
-0.00616
-0.00168
-0.0152
-0.00908
-0.0287
-0.0258
-0.0197
-0.03024
-0.02482
-0.03276
-0.02216
-0.032
-0.03662
-0.0177
-0.01678
-0.02012
-0.03062
-0.0328
-0.02738
-0.02596
-0.01718
-0.02436
-0.02168
-0.0212
-0.00144
0.00326
0.01818
-0.00448
-0.02324
-0.0435
-0.03298
-0.02024
-0.0114
-0.00606
-0.01616
-0.00574
-0.01514
-0.02558
-0.01512
-0.0202
-0.00704
-0.0314
-0.03118
-0.04588
-0.042
-0.03258
-0.01862
-0.0273
-0.02522
-0.01164
-0.02852
-0.01998
-0.0187
-0.0164
-0.02124
-0.01606
-0.02698
-0.02934
-0.01372
-0.0181
-0.02526
-0.0192
-0.02302
-0.02814
-0.0233
-0.0255
-0.02776
-0.02426
-0.05072
-0.0375
-0.0364
-0.02514
-0.03246
-0.0286
-0.02674
-0.02142
-0.02152
-0.02374
-0.02986
-0.0369
-0.02536
-0.02218
-0.00304
-0.01674
-0.03076
-0.02344
-0.02626
-0.03432
-0.02224
-0.03122
-0.03746
-0.02758
-0.03852
-0.02734
-0.02098
-0.02954
-0.04048
-0.01738
-0.01798
-0.02464
-0.0244
-0.03064
-0.03458
-0.03426
-0.03484
-0.02624
-0.0266
-0.0231
-0.0149
-0.01316
-0.00874
-0.0118
-0.0276
-0.03034
-0.01784
-0.01456
-0.02756
-0.02442
-0.02834
-0.02768
-0.02486
-0.02826
-0.0177
-0.01896
-0.04038
-0.02942
-0.02016
-0.03618
-0.02584
-0.02696
-0.01502
-0.00798
-0.00742
-0.01254
-0.00972
0.0078
0.00994
-0.00258
-0.00368
-0.00458
-0.01464
-0.01354
-0.01536
-0.0093
-0.02302
-0.02064
-0.0111
0.00038
-0.01574
-0.01512
-0.01438
-0.01742
-0.00788
-0.00134
-0.01228
-0.0268
-0.03318
-0.0325
-0.04474
-0.02528
-0.01396
0.00734
0.00072
-0.01136
-0.02648
-0.04156
-0.039
-0.0346
-0.03086
-0.03086
-0.03372
-0.02024
-0.0289
-0.03076
-0.01496
-0.02576
-0.01726
-0.02102
-0.02062
-0.0378
-0.02846
-0.05008
-0.03554
-0.0284
-0.0297
-0.01708
-0.01828
-0.01294
-0.00812
0.00152
-0.00948
-0.02082
-0.0288
-0.0296
-0.01402
-0.01358
-0.02066
-0.0236
-0.02062
-0.0128
-0.02404
-0.0294
-0.01752
-0.01742
-0.0137
-0.02502
-0.02428
-0.01464
-0.02714
-0.01844
-0.02488
-0.0242
-0.0329
-0.03334
-0.01626
-0.01664
-0.01214
-0.01058
-0.02576
-0.0232
-0.01722
-0.0191
-0.0169
-0.01836
-0.03168
-0.0154
-0.035
-0.03634
-0.03876
-0.03714
-0.03352
-0.01978
-0.0091
0.00596
-0.01336
-0.01598
-0.02162
-0.02932
-0.01854
-0.03488
-0.02738
-0.04106
-0.01756
-0.01102
-0.01728
-0.01766
-0.01636
-0.016
-0.0054
-0.00882
-0.02374
-0.04624
-0.04474
-0.0442
-0.02722
-0.02342
-0.01928
-0.0114
-0.01176
-0.01642
-0.03178
-0.02348
-0.01278
-0.01116
-0.00816
-0.02214
-0.03112
-0.02428
-0.01912
-0.0076
-0.01388
-0.02206
-0.03306
-0.0222
-0.02544
-0.01928
-0.02266
-0.0227
-0.01838
-0.00518
0.00048
0.00032
0.00058
-0.02116
-0.0319
-0.03222
-0.02696
-0.02122
-0.0455
-0.03314
-0.03142
-0.02938
-0.03256
-0.0256
-0.02864
-0.0193
-0.0338
-0.0364
-0.03378
-0.04156
-0.03576
-0.02318
-0.03302
-0.03002
-0.016
-0.02638
-0.02362
-0.02448
-0.00776
-0.00318
0.0005
-0.01076
-0.00058
-0.00492
-0.00962
-0.01622
-0.0206
-0.01986
-0.00764
0.00758
-0.00748
-0.0086
-0.01012
-0.0425
-0.03276
-0.04762
-0.0446
-0.02336
-0.02
-0.03796
-0.04452
-0.04072
-0.05698
-0.04954
-0.0367
-0.03702
-0.02166
-0.02636
-0.0267
-0.01686
-0.014
-0.02768
-0.03176
-0.0283
-0.0394
-0.03866
-0.03028
-0.01788
-0.00622
-0.02246
-0.01506
-0.0297
-0.0454
-0.05574
-0.0498
-0.05
-0.0368
-0.0254
-0.02772
-0.02966
-0.04326
-0.04754
-0.04994
-0.0424
-0.02556
-0.02564
-0.04776
-0.03136
-0.02532
-0.02052
-0.03022
-0.04174
-0.0237
-0.01252
-0.02234
-0.02948
-0.02684
-0.02912
-0.02746
-0.04332
-0.03628
-0.01674
-0.00584
-0.01182
-0.02222
-0.01952
-0.02654
-0.03174
-0.03052
-0.04616
-0.03384
-0.0205
-0.03146
-0.03866
-0.04302
-0.0353
-0.02888
-0.03288
-0.04392
-0.03156
-0.03272
-0.02146
-0.02198
-0.02754
-0.01904
-0.0156
-0.02502
-0.0321
-0.03078
-0.0253
-0.01528
-0.0299
-0.02606
-0.01678
-0.01322
-0.02164
-0.02696
-0.0176
-0.00198
0.00648
-0.00928
-0.01984
-0.02346
-0.0106
-0.00626
-0.01944
-0.0071
-0.02088
-0.01692
-0.00976
-0.01534
-0.01518
-0.01492
-0.01162
-0.01904
-0.01838
-0.0108
-0.02086
-0.01184
-0.00302
-0.01158
-0.01856
-0.0186
-0.0207
-0.0248
-0.01296
-0.0266
-0.01478
-0.03278
-0.02288
-0.03018
-0.03156
-0.0335
-0.0306
-0.00708
4e-05
0.00334
-0.02148
-0.02804
-0.04228
-0.01762
-0.01646
-0.02036
-0.0244
-0.02712
-0.01112
-0.02482
-0.01578
-0.02722
-0.03932
-0.04606
-0.0333
-0.04928
-0.04668
-0.03502
-0.03662
-0.0269
-0.03182
-0.03342
-0.0229
-0.01076
-0.00538
-0.00232
0.0074
-0.00788
-0.00712
0.00378
-0.00034
-0.01582
-0.02598
-0.02994
-0.04378
-0.024
-0.03014
-0.0166
-0.01566
-0.0059
-0.00722
-0.02314
-0.02966
-0.03484
-0.05432
-0.02416
-0.0135
-0.01702
0.01012
-2e-05
-0.01266
-0.018
-0.02272
-0.02514
-0.01004
-0.01488
-0.00364
-0.01294
-0.00682
-0.02136
-0.01522
-0.00108
-0.01458
-0.00456
-0.0157
-0.02644
-0.02704
-0.0377
-0.02808
-0.0237
-0.01746
-0.02338
-0.04082
-0.04854
-0.02944
-0.01862
-0.02392
-0.011
-0.02202
-0.02148
-0.00564
-0.00814
-0.00638
-0.02786
-0.03386
-0.03154
-0.03978
-0.03648
-0.03058
-0.02432
-0.0235
-0.0371
-0.03424
-0.0389
-0.02784
-0.04192
-0.03072
-0.02958
-0.02408
-0.0166
-0.01366
-0.03142
-0.03026
-0.0351
-0.04458
-0.03186
-0.03366
-0.02798
-0.0109
-0.01246
-0.0218
-0.02736
-0.0225
-0.02858
-0.02616
-0.03666
-0.04466
-0.0289
-0.0286
-0.0306
-0.04168
-0.04614
-0.0572
-0.03834
-0.03018
-0.0215
-0.01202
-0.02146
-0.0223
-0.01794
-0.0128
-0.01514
-0.02344
-0.033
-0.01784
-0.01926
-0.0118
-0.01408
-0.00464
-0.00202
-0.01368
-0.02104
-0.01954
-0.0236
-0.01544
-0.02616
-0.02952
-0.032
-0.02062
-0.02184
-0.0223
-0.0171
-0.02832
-0.0172
-0.0166
-0.01516
-0.01132
-0.00884
-0.00486
-0.00912
-0.00184
-0.01622
-0.01376
-0.01334
-0.01694
-0.02144
-0.02464
-0.03062
-0.02578
-0.01844
-0.00702
-0.02422
-0.02656
-0.03026
-0.0075
-0.00442
-0.0185
-0.02868
-0.03674
-0.05856
-0.0515
-0.04596
-0.02626
-0.04296
-0.03258
-0.03492
-0.03736
-0.04226
-0.02078
-0.02768
-0.0116
-0.0082
-0.0088
-0.01372
-0.00938
-0.02438
-0.00472
-0.02268
-0.02338
-0.019
-0.02576
-0.02166
-0.01598
-0.02104
-0.01898
-0.00292
-0.01278
-0.02302
-0.01754
-0.0187
-0.02312
-0.02408
-0.02742
-0.04214
-0.05388
-0.02452
-0.03368
-0.01894
-0.00982
-0.0272
-0.02908
-0.03064
-0.02766
-0.02814
-0.00984
-0.0231
-0.02564
-0.02774
-0.04384
-0.03558
-0.02958
-0.01672
-0.01594
-0.01268
-0.02976
-0.038
-0.03158
-0.02318
-0.01868
-0.01372
-0.00562
-0.02138
-0.02292
-0.01332
-0.01198
0.00452
-0.00202
-0.01976
-0.01394
-0.00122
-0.01916
-0.02794
-0.03404
-0.02208
-0.02786
-0.03464
-0.03042
-0.02664
-0.02694
-0.01752
-0.0175
-0.01986
-0.03524
-0.03026
-0.0336
-0.0292
-0.02786
-0.03308
-0.03406
-0.032
-0.0368
-0.03684
-0.0325
-0.04876
-0.03318
-0.02938
-0.03336
-0.02814
-0.02046
-0.02246
-0.01584
-0.02722
-0.02186
-0.02494
-0.03656
-0.02872
-0.02492
-0.02382
-0.02818
-0.02698
-0.01064
-0.01098
-0.01544
-0.00354
-0.0266
-0.01702
-0.02642
-0.01214
-0.03236
-0.03672
-0.03364
-0.03636
-0.03322
-0.01696
-0.03282
-0.04702
-0.03388
-0.04134
-0.05504
-0.05184
-0.0504
-0.05592
-0.07464
-0.06594
-0.05154
-0.0426
-0.02776
-0.02206
-0.02668
-0.02396
-0.01804
-0.01446
-0.01714
-0.01014
-0.01482
-0.01054
-0.0225
-0.03068
-0.04078
-0.04
-0.04714
-0.0293
-0.03992
-0.03634
-0.03786
-0.05036
-0.03624
-0.03966
-0.03524
-0.03412
-0.0293
-0.0222
-0.03984
-0.01504
-0.01022
-0.01052
-0.00936
-0.01542
-0.02838
-0.02636
-0.03862
-0.03266
-0.03078
-0.01388
-0.02796
-0.02282
-0.02812
-0.01906
-0.0125
-0.01682
-0.0176
-0.00134
-0.01426
-0.02274
-0.02758
-0.04002
-0.02156
-0.02264
-0.0216
-0.03452
-0.03238
-0.02762
-0.02844
-0.03324
-0.02224
-0.03716
-0.03322
-0.0175
-0.0173
-0.02574
-0.0294
-0.01646
-0.01462
-0.00848
-0.00468
-0.00146
-0.01256
-0.0174
-0.03032
-0.03116
-0.0265
-0.01562
-0.0008
0.00798
0.00076
0.00664
-0.00588
-0.01116
-0.00514
-0.00848
-0.01108
-0.02082
-0.03316
-0.0211
-0.0282
-0.02002
-0.00784
-0.01612
-0.01066
-0.0105
-0.00656
-0.01344
-0.02046
-0.0299
-0.02858
-0.01394
-0.0247
-0.03204
-0.0346
-0.03102
-0.02852
-0.0264
-0.00864
-0.01244
-0.01708
-0.01568
0.00058
-0.01406
-0.02174
-0.02814
-0.01772
-0.0299
-0.02208
-0.03114
-0.03316
-0.03322
-0.03088
-0.03756
-0.04308
-0.03972
-0.0292
-0.0183
-0.03302
-0.03752
-0.03284
-0.0242
-0.0192
-0.00788
0.00102
0.00068
0.00168
-0.00536
-0.00612
-0.01634
-0.01696
-0.01122
-0.0135
-0.0261
-0.02404
-0.01458
-0.02472
-0.02342
-0.0199
-0.02032
-0.01392
-0.01708
-0.02112
-0.03636
-0.02644
-0.03068
-0.02292
-0.01478
-0.01464
-0.04432
-0.03164
-0.04906
-0.03328
-0.02772
-0.02972
-0.02092
-0.01394
-0.02862
-0.03138
-0.04376
-0.03988
-0.03882
-0.03006
-0.03008
-0.0432
-0.02774
-0.0328
-0.0297
-0.02308
-0.02258
-0.01512
-0.02016
-0.0133
-0.00228
-0.005
-0.0218
-0.00388
0.00204
-0.00066
-0.01002
-0.00828
-0.00016
-0.01646
-0.0192
-0.0155
-0.02562
-0.03196
-0.03468
-0.01792
-0.01556
-0.0142
-0.00356
-0.01612
-0.0144
-0.01246
-0.00838
-0.01776
-0.01888
-0.03816
-0.03298
-0.01696
-0.01658
-0.01834
-0.02478
-0.01844
-0.0303
-0.0362
-0.03082
-0.01974
-0.0094
-0.01636
-0.01114
-0.0145
-0.01874
-0.02092
-0.01776
-0.0123
-0.0117
-0.0059
-0.00716
-0.00962
8e-05
-0.00962
-0.01374
-0.02542
-0.02618
-0.03488
-0.02212
-0.00916
-0.00626
0.00634
-0.00294
-0.01642
-0.0118
-0.0122
-0.02218
-0.02306
-0.02518
-0.03614
-0.03514
-0.02846
-0.0327
-0.03106
-0.01462
-0.02406
-0.02274
-0.02636
-0.02112
-0.0416
-0.02798
-0.0319
-0.02482
-0.01918
-0.02416
-0.02192
-0.02456
-0.02754
-0.01858
-0.0154
-0.01476
-0.01884
-0.01092
-0.01436
-0.0092
-0.01112
-0.01226
0.00762
-0.00114
-0.0069
-0.01172
-0.01534
-0.02842
-0.01994
-0.01556
-0.01952
-0.0126
-0.02032
-0.03126
-0.02886
-0.04568
-0.0373
-0.03008
-0.02536
-0.0269
-0.03584
-0.03186
-0.03462
-0.01644
-0.00782
-0.00948
-0.00122
-0.02302
-0.02966
-0.03124
-0.03446
-0.03466
-0.03758
-0.04326
-0.03328
-0.01806
-0.0224
-0.02406
-0.04202
-0.02378
-0.03116
-0.01724
-0.0324
-0.03282
-0.02714
-0.04168
-0.03224
-0.03444
-0.03078
-0.02952
-0.03228
-0.01594
-0.03064
-0.02824
-0.03286
-0.04486
-0.04674
-0.04218
-0.04244
-0.0496
-0.04248
-0.04054
-0.03848
-0.03552
-0.03906
-0.04818
-0.03296
-0.03646
-0.0254
-0.01594
-0.01594
-0.00352
-0.02092
-0.00816
-0.0189
-0.02888
-0.04114
-0.03834
-0.03186
-0.0179
-0.00944
-0.0285
-0.03926
-0.03092
-0.03696
-0.03512
-0.03672
-0.03542
-0.02592
-0.02828
-0.04018
-0.03104
-0.019
-0.01622
-0.01808
-0.02942
-0.02078
-0.01066
-0.01156
-0.02042
-0.02546
-0.026
-0.00666
-0.01878
-0.00934
-0.01788
-0.0204
-0.01212
-0.0094
0.0016
-0.0023
0.00814
-0.00816
-0.0271
-0.05084
-0.04594
-0.04676
-0.03476
-0.04112
-0.05226
-0.04382
-0.05132
-0.05186
-0.0615
-0.05402
-0.03826
-0.04622
-0.04544
-0.0365
-0.04652
-0.03862
-0.02646
-0.03304
-0.01172
-0.02868
-0.02046
-0.0164
-0.01814
-0.0118
-0.02732
-0.0365
-0.0298
-0.03146
-0.02138
-0.03158
-0.03228
-0.04074
-0.04736
-0.03306
0.00092
0.00824
0.00038
-0.00174
-0.00772
0.00098
0.00092
-0.01002
-0.0036
-0.0167
-0.01542
-0.00516
0.00084
-0.0204
-0.02686
-0.02184
-0.02562
-0.03174
-0.03022
-0.0245
-0.00468
-0.01156
-0.01802
-0.01642
0.00174
0.00938
0.0095
-0.00572
-0.01738
-0.0159
-0.00764
-0.01064
-0.0128
-0.01706
-0.02396
-0.0255
-0.01448
-0.02646
-0.01284
-0.00774
-0.02036
-0.02824
-0.03816
-0.02398
-0.03236
-0.01906
-0.02692
-0.02382
-0.02974
-0.03812
-0.0284
-0.0289
-0.03476
-0.02768
-0.02398
-0.03288
-0.02856
-0.02638
-0.02224
-0.02174
-0.03152
-0.02998
-0.02452
-0.0295
-0.02768
-0.02588
-0.03618
-0.0219
-0.03308
-0.02496
-0.02522
-0.01138
-0.02212
-0.0335
-0.03536
-0.03052
-0.01702
-0.01614
-0.00492
-0.01962
-0.01744
-0.02328
-0.03122
-0.02132
-0.0196
-0.02136
-0.01366
-0.0182
0.00172
-0.00116
-0.03006
-0.0237
-0.02086
-0.02754
-0.0119
-0.02058
-0.01974
-0.02362
-0.01334
-0.01942
-0.02882
-0.02846
-0.01478
-0.01242
-0.01432
-0.02486
-0.01806
-0.02036
-0.01828
-0.00804
-0.02074
-0.0201
-0.03406
-0.02562
-0.03434
-0.05176
-0.04136
-0.0302
-0.0314
-0.02782
-0.03236
-0.0248
-0.03318
-0.01946
-0.01482
-0.01292
-0.02372
-0.02656
-0.02276
-0.02234
-0.0244
-0.02774
-0.03246
-0.03868
-0.03212
-0.03742
-0.04884
-0.04348
-0.03102
-0.02196
-0.02758
-0.03716
-0.03066
-0.02174
-0.02394
-0.01124
-0.02256
-0.03056
-0.0424
-0.03484
-0.03466
-0.0228
-0.03106
-0.03746
-0.0224
-0.02198
-0.03462
-0.02998
-0.02342
-0.01382
-0.01764
-0.03044
-0.03716
-0.02902
-0.00392
-0.00218
-0.0222
-0.01968
-0.00982
-0.02526
-0.01506
-0.01568
-0.03366
-0.0301
-0.02868
-0.02088
-0.01332
-0.01416
-0.0013
0.00344
-0.00104
0.00872
-0.01024
-0.0231
-0.01726
-0.02232
-0.02412
-0.0144
-0.02284
-0.02256
-0.01776
-0.0153
-0.02524
-0.02428
-0.02786
-0.03794
-0.03402
-0.01618
-0.0191
-0.02262
-0.03214
-0.03204
-0.02488
-0.02056
-0.02648
-0.02132
-0.029
-0.02476
-0.0323
-0.0241
-0.01636
-0.003
-0.00894
-0.01604
-0.02186
-0.02262
-0.0147
-0.0214
-0.0213
-0.01368
-0.00946
-0.0156
-0.01472
-0.00782
-0.03368
-0.03034
-0.02724
-0.03408
-0.03992
-0.02634
-0.04546
-0.02402
-0.03038
-0.02882
-0.02776
-0.00978
-0.01526
-0.02256
-0.02814
-0.02514
-0.02786
-0.0285
-0.00686
-0.0124
-0.02666
-0.02122
-0.025
-0.02144
-0.0193
-0.015
-0.02632
-0.02582
-0.02234
-0.02356
-0.02402
-0.03116
-0.0341
-0.0285
-0.02692
-0.02636
-0.0288
0.0059
-0.00964
-0.02326
-0.02162
-0.03108
-0.02456
-0.02058
-0.03036
-0.03044
-0.03326
-0.02338
-0.01938
-0.02432
-0.02796
-0.01744
-0.02446
-0.01166
-0.034
-0.04442
-0.03588
-0.04182
-0.02406
-0.02524
-0.0162
-0.01518
-0.0092
-0.01594
-0.00664
0.00354
8e-05
-0.0086
-0.00396
-0.00776
-0.01536
-0.01624
-0.0287
-0.02496
-0.02376
-0.03474
-0.03386
-0.02168
-0.0261
-0.02204
-0.02692
-0.0196
-0.01864
-0.03176
-0.03608
-0.03444
-0.04152
-0.0442
-0.04716
-0.04516
-0.04568
-0.04212
-0.03244
-0.03658
-0.0238
-0.01698
0.00352
-0.00638
0.00418
0.00388
-0.00426
0.00366
-0.00892
-0.02684
-0.03858
-0.04026
-0.04644
-0.0352
-0.04814
-0.03888
-0.04808
-0.04026
-0.04436
-0.03592
-0.02546
-0.0175
-0.01506
-0.0111
-0.00928
-0.0309
-0.03398
-0.03418
-0.0246
-0.02184
-0.03086
-0.03868
-0.04134
-0.02634
-0.01276
-0.00294
-0.00238
-0.01902
-0.01862
-0.00728
0.00152
-0.00938
-0.01228
-0.02368
-0.03344
-0.05346
-0.06076
-0.04264
-0.03412
-0.03592
-0.01906
-0.03446
-0.0305
-0.0278
-0.02848
-0.0214
-0.02146
-0.02396
-0.01288
-0.0292
-0.03186
-0.0282
-0.02256
-0.037
-0.0381
-0.04162
-0.04664
-0.04704
-0.03674
-0.04798
-0.03844
-0.0325
-0.04098
-0.03326
-0.01442
-0.01462
-0.02214
-0.0266
-0.03632
-0.02986
-0.02308
-0.02688
-0.02504
-0.02774
-0.03284
-0.02556
-0.02184
-0.03598
-0.01964
-0.0326
-0.0153
-0.02646
-0.03016
-0.03616
-0.01326
-0.00314
-0.02576
-0.01556
-0.01184
-0.01032
-0.0103
-0.01374
-0.01152
-0.01442
-0.01946
-0.02674
-0.0112
-0.00738
-0.01916
-0.00694
-0.00486
-0.01324
-0.02358
-0.01446
-0.01138
-0.01618
-0.0327
-0.02334
-0.04182
-0.0273
-0.02102
-0.02332
-0.03528
-0.0321
-0.02828
-0.0274
-0.02242
-0.03216
-0.02726
-0.02474
-0.01244
-0.02318
-0.01862
-0.0364
-0.03742
-0.02786
-0.0112
-0.02128
-0.03284
-0.02302
-0.00952
-0.00362
-0.01736
-0.02886
-0.03712
-0.04534
-0.04852
-0.0387
-0.01896
-0.03492
-0.0288
-0.02566
-0.02632
-0.03104
-0.02092
-0.01318
-0.00102
-0.01382
-0.021
-0.02646
-0.02738
-0.02198
-0.03478
-0.02716
-0.032
-0.01234
-0.00888
-0.01926
-0.01866
-0.02124
-0.02022
-0.00472
-0.00468
-0.01544
-0.0151
-0.00904
-0.01434
-0.0259
-0.02658
-0.02828
-0.01074
-0.03526
-0.03848
-0.02716
-0.0304
-0.03786
-0.02936
-0.01804
-0.00312
-0.02266
-0.0216
-0.01748
-0.0215
-0.0165
-0.01326
-0.03666
-0.02692
-0.01344
-0.03226
-0.03616
-0.03712
-0.01918
-0.02194
-0.01548
-0.02364
-0.01948
-0.02672
-0.038
-0.02704
-0.0378
-0.03702
-0.03448
-0.03664
-0.04006
-0.0363
-0.04674
-0.04988
-0.0406
-0.0162
-0.03356
-0.0397
-0.02056
-0.02952
-0.03368
-0.03468
-0.04684
-0.03296
-0.02406
-0.03114
-0.04078
-0.03336
-0.03286
-0.0217
-0.0186
-0.02202
-0.02468
-0.02606
-0.0305
-0.04406
-0.03776
-0.05302
-0.03622
-0.03118
-0.02558
-0.00988
-0.01698
-0.01618
-0.02222
-0.01908
-0.02086
-0.0282
-0.02586
-0.00898
-0.01488
-0.00822
-0.0216
-0.03124
-0.0318
-0.02206
-0.05036
-0.02108
-0.00724
-0.02016
-0.02142
-0.0248
-0.03806
-0.02878
-0.02504
-0.01316
-0.02616
-0.0262
-0.01896
-0.00688
0.00418
0.00884
0.01068
-0.00842
-0.01484
-0.0146
-0.02388
-0.00884
0.00626
-0.01846
-0.0172
-0.03602
-0.04046
-0.04368
-0.03582
-0.01084
-0.0164
-0.02664
-0.04036
-0.03086
-0.03022
-0.04962
-0.03992
-0.03046
-0.01724
-0.02702
-0.02724
-0.02738
-0.0164
-0.025
-0.04928
-0.04582
-0.04228
-0.0266
-0.03138
-0.02804
-0.03204
-0.02704
-0.0304
-0.03086
-0.0302
-0.03048
-0.03738
-0.02864
-0.0279
-0.04186
-0.04224
-0.02616
-0.03442
-0.0366
-0.05048
-0.03218
-0.02662
-0.02078
-0.03142
-0.03092
-0.03546
-0.03538
-0.03062
-0.02732
-0.03028
-0.02304
-0.0284
-0.02952
-0.00932
0.00528
0.00166
-0.01052
-0.01242
-0.01702
-0.02172
-0.0113
-0.02588
-0.02262
-0.02016
-0.02712
-0.02692
-0.02412
-0.01342
-0.0161
-0.00818
-0.01744
-0.02156
-0.02462
-0.03424
-0.0303
-0.01938
-0.01314
-0.00586
-0.02402
-0.01616
-0.01596
-0.00974
-0.03134
-0.01794
-0.01198
-0.01464
-0.03208
-0.02692
-0.03206
-0.03814
-0.0119
-0.02978
-0.00944
-0.00784
-0.0095
-0.01778
-0.01618
-0.02426
-0.03118
-0.0346
-0.01536
-0.0099
0.0041
-0.0069
-0.01834
-0.0047
-0.00962
-0.01524
-0.02302
-0.02582
-0.02356
-0.02208
-0.02406
-0.031
-0.02454
-0.0305
-0.02748
-0.02848
-0.03798
-0.0351
-0.01314
-0.01908
-0.0193
-0.0174
-0.01002
-0.0129
-0.01018
-0.0224
-0.01622
-0.02616
-0.02354
-0.0167
-0.01454
-0.03044
-0.02842
-0.02122
-0.01868
-0.0244
-0.02572
-0.03032
-0.01902
-0.00876
-0.00376
-0.01276
-0.03768
-0.02948
-0.04624
-0.05244
-0.04416
-0.0295
-0.02052
-0.01856
-0.0173
-0.02242
-0.0311
-0.03392
-0.04852
-0.0546
-0.04
-0.03792
-0.04136
-0.0361
-0.03662
-0.0324
-0.02356
-0.0296
-0.01486
-0.0244
-0.03076
-0.0234
-0.00962
-0.00624
-0.00544
-0.00184
-0.00644
-0.00188
-0.01262
-0.02284
-0.03848
-0.03966
-0.0483
-0.0454
-0.0483
-0.05008
-0.04878
-0.04958
-0.054
-0.03964
-0.03074
-0.00592
-0.0214
-0.01332
-0.01416
-0.00768
-0.01404
-0.01876
-0.02026
-0.03646
-0.04188
-0.05254
-0.04406
-0.02964
-0.03146
-0.02434
-0.00466
-0.02642
-0.0229
-0.03818
-0.02746
-0.01412
-8e-05
-0.0009
-0.01146
-0.01286
-0.0211
-0.0333
-0.02554
-0.03398
-0.0218
-0.02648
-0.01052
-0.01
-0.00776
-0.02422
-0.01508
-0.00254
0.00028
-0.00722
-0.01008
-0.0259
-0.02654
-0.02426
-0.03678
-0.03242
-0.01574
-0.02232
-0.03208
-0.0376
-0.02792
-0.01888
-0.02642
-0.02784
-0.01992
-0.02538
-0.01594
-0.03324
-0.0303
-0.02768
-0.03646
-0.02542
-0.03768
-0.04262
-0.02646
-0.01144
-0.02514
-0.02432
-0.02778
-0.01764
-0.02378
-0.0228
-0.03304
-0.03284
-0.03838
-0.02894
-0.0325
-0.026
-0.02306
-0.03068
-0.02176
-0.02728
-0.02348
-0.03116
-0.02976
-0.01964
-0.02326
-0.0297
-0.02316
-0.01542
-0.03024
-0.00942
-0.01642
-0.01898
-0.0228
-0.01638
-0.01822
-0.01628
-0.01418
-0.00922
-0.03204
-0.02212
-0.02126
-0.01638
-0.019
-0.02876
-0.03042
-0.01552
-0.02402
-0.03062
-0.02656
-0.04342
-0.03352
-0.03252
-0.04266
-0.03812
-0.03294
-0.03906
-0.03304
-0.04502
-0.03092
-0.0205
-0.02208
-0.02316
-0.0117
-0.01592
-0.01658
-0.01514
-0.00536
0.0069
-0.00678
-0.02932
-0.02908
-0.03554
-0.04098
-0.03236
-0.0432
-0.02736
-0.03108
-0.0116
-0.01
0.00176
-0.01034
-0.01182
-0.01382
-0.02052
-0.00626
0.00108
-0.02628
-0.02358
-0.0204
-0.02092
-0.03282
-0.0513
-0.0564
-0.0451
-0.0341
-0.0303
-0.01932
-0.03544
-0.03848
-0.03168
-0.03608
-0.03872
-0.03202
-0.01916
-0.00852
-0.03212
-0.02948
-0.00886
-0.02232
-0.01572
-0.01552
-0.00476
0.0036
-0.02402
-0.01762
-0.01984
-0.02844
-0.03184
-0.03042
-0.032
-0.02304
-0.03758
-0.02458
-0.05254
-0.039
-0.02246
-0.01352
-0.0196
-0.0244
-0.02588
-0.02502
-0.0369
-0.03102
-0.0247
-0.0358
-0.02648
-0.01862
-0.02828
-0.01282
-0.0156
-0.02064
-0.02016
-0.02024
-0.016
-0.02782
-0.04016
-0.03902
-0.0401
-0.03388
-0.02538
-0.02496
-0.03094
-0.01724
-0.02038
-0.02608
-0.02524
-0.03088
-0.03486
-0.02686
-0.03032
-0.01946
-0.0146
-0.00876
-0.00746
-0.02256
-0.03184
-0.01222
-0.01044
-0.02084
-0.02542
-0.02662
-0.01616
-0.02118
-0.02588
-0.02308
-0.02648
-0.03768
-0.03374
-0.0331
-0.02468
-0.0194
-0.00918
-0.02042
-0.04108
-0.03858
-0.03614
-0.03474
-0.0276
-0.03734
-0.02432
-0.03344
-0.035
-0.0374
-0.03842
-0.03482
-0.02498
-0.04044
-0.06576
-0.04966
-0.04434
-0.03466
-0.02178
-0.03642
-0.02844
-0.05896
-0.03624
-0.0347
-0.03316
-0.0201
-0.0215
-0.03304
-0.01216
-0.01266
-0.00796
-0.02118
-0.01446
-0.01812
-0.02542
-0.03394
-0.03494
-0.03416
-0.02948
-0.02136
-0.00738
-0.00944
-0.0181
-0.02234
-0.01704
-0.0208
-0.01556
-0.01854
-0.03322
-0.03378
-0.03802
-0.02224
-0.03806
-0.0353
-0.03916
-0.03766
-0.04786
-0.0304
-0.02616
-0.03526
-0.03168
-0.02784
-0.02698
-0.02154
-0.028
-0.01964
-0.01274
-0.02276
-0.02062
-0.02522
-0.02404
-0.01856
-0.00718
-0.01316
-0.01366
-0.01832
-0.02538
-0.0316
-0.02714
-0.0075
-0.00886
-0.0197
-0.00566
-0.01278
-0.01406
-0.0174
-0.0031
0.00382
0.00082
-0.00326
-0.00908
-0.01228
-0.02778
-0.0112
-0.02222
-0.0051
0.00124
-0.00448
-0.01294
-0.02522
-0.02444
-0.02068
-0.00168
-0.00534
0.00788
0.00196
-0.02446
-0.01956
-0.0325
-0.02338
-0.02514
-0.02906
-0.00822
-0.0127
-0.0192
-0.01464
-0.01994
-0.01408
-0.00864
-0.00572
-0.02054
-0.01838
-0.01812
-0.0222
-0.01738
-0.03128
-0.02218
-0.02228
-0.01308
-0.02004
-0.0287
-0.03038
-0.02768
-0.0289
-0.02552
-0.03232
-0.04578
-0.0499
-0.03126
-0.01104
-0.00876
-0.01496
-0.029
-0.04224
-0.0417
-0.05404
-0.0396
-0.0346
-0.028
-0.02504
-0.02606
-0.02796
-0.0208
-0.02194
-0.03494
-0.02556
-0.02678
-0.03316
-0.02314
-0.02994
-0.02662
-0.02096
-0.0338
-0.03958
-0.04386
-0.04512
-0.04686
-0.04116
-0.0205
-0.02782
-0.0337
-0.02982
-0.0226
-0.02202
-0.02672
-0.03202
-0.03578
-0.03554
-0.02002
-0.01804
-0.02354
-0.02444
-0.02408
-0.02102
-0.01912
-0.02546
-0.01224
-0.02128
-0.01084
-0.01768
-0.04218
-0.03248
-0.0269
-0.0294
-0.0307
-0.02356
-0.02542
-0.0269
-0.03058
-0.03212
-0.03144
-0.03444
-0.02568
-0.01652
-0.02894
-0.00818
-0.00138
-0.0021
-0.01288
-0.01812
-0.02462
-0.02368
-0.0042
-0.00228
-0.02178
-0.01522
0.0019
-0.00898
-0.02944
-0.04078
-0.04802
-0.04282
-0.01912
-0.01454
-0.01646
-0.00616
-0.00406
-0.01544
-0.03338
-0.04852
-0.03188
-0.01936
-0.01516
-0.00218
-0.01904
-0.03274
-0.03814
-0.03214
-0.03
-0.0329
-0.0149
-0.02276
-0.01946
-0.02002
-0.01124
-0.02482
-0.02058
-0.00792
-0.0058
-0.014
-0.03278
-0.02544
-0.00698
-0.0145
-0.0026
-0.00132
-0.00784
0.00254
-0.0112
-0.00574
-0.017
0.00522
-0.01338
-0.0146
-0.02304
-0.01334
-0.00216
-0.00948
-0.0103
0.00024
-0.0112
-0.0181
-0.02638
-0.02084
-0.01716
-0.01054
-0.01662
-0.01962
-0.02952
-0.03846
-0.01638
-0.01974
-0.03112
-0.03168
-0.03884
-0.03628
-0.04644
-0.03452
-0.02492
-0.03436
-0.0206
-0.03074
-0.0366
-0.0378
-0.03454
-0.02166
-0.01304
-0.02186
-0.02366
-0.03456
-0.03348
-0.02458
-0.03088
-0.0209
-0.02292
-0.02966
-0.03958
-0.0413
-0.03818
-0.04154
-0.02816
-0.02724
-0.04044
-0.02968
-0.0119
-0.01094
-0.01592
-0.02518
-0.03418
-0.04582
-0.05588
-0.04724
-0.04456
-0.04136
-0.02642
-0.02584
-0.03158
-0.042
-0.0326
-0.05154
-0.05288
-0.04242
-0.02392
-0.03004
-0.03596
-0.04548
-0.03772
-0.0431
-0.04664
-0.03314
-0.028
-0.03732
-0.03132
-0.03574
-0.02996
-0.03208
-0.03074
-0.03628
-0.03862
-0.0298
-0.03242
-0.0523
-0.04256
-0.022
-0.0423
-0.0457
-0.03042
-0.03614
-0.0438
-0.02024
-0.01512
-0.02894
-0.0121
-0.02736
-0.02868
-0.03568
-0.0384
-0.0204
-0.0218
-0.0359
-0.04924
-0.05052
-0.0383
-0.0108
-0.02374
-0.01294
-0.02484
-0.01686
-0.01988
-0.0155
-0.04164
-0.03726
-0.03862
-0.04058
-0.0442
-0.03696
-0.03516
-0.0187
-0.01942
-0.03684
-0.0204
-0.04648
-0.0315
-0.0339
-0.0251
-0.0194
-0.02264
-0.0269
-0.03832
-0.04144
-0.03494
-0.02988
-0.03512
-0.02548
-0.0401
-0.03076
-0.01808
-0.02994
-0.01966
-0.0274
-0.03378
-0.0328
-0.02714
-0.00374
-0.00638
-0.00926
-0.02418
-0.03018
-0.03192
-0.04016
-0.03006
-0.02532
-0.03106
-0.02034
-0.01552
-0.00234
-0.01114
-0.02238
-0.03162
-0.02628
-0.04192
-0.04806
-0.02786
-0.03354
-0.03072
-0.02644
-0.0423
-0.02618
-0.02628
-0.0215
-0.02196
0.00424
0.0027
-0.00712
-0.00084
-0.00654
-0.02604
-0.01794
-0.01946
-0.02786
-0.03236
-0.01718
-0.01744
-0.0172
-0.0218
-0.01042
-0.01362
-0.01616
-0.00512
-0.00744
-0.02632
-0.02684
-0.0276
-0.02012
-0.02442
-0.02326
-0.02004
-0.03256
-0.03736
-0.04238
-0.04326
-0.03842
-0.0479
-0.04186
-0.02364
-0.0131
-0.00222
-0.01644
-0.02062
-0.02536
-0.02118
-0.02568
-0.03608
-0.02928
-0.02034
-0.02498
-0.0226
-0.01978
-0.0147
-0.0141
-0.03346
-0.04444
-0.04708
-0.03612
-0.02614
-0.02576
-0.02766
-0.01782
-0.0275
-0.02406
-0.03204
-0.02454
-0.02166
-0.01086
-0.00976
-0.0228
-0.02142
-0.01986
-0.02528
-0.02304
-0.02312
-0.02466
-0.0181
-0.01314
-0.03258
-0.03748
-0.04598
-0.05876
-0.05594
-0.04058
-0.03378
-0.02338
-0.0308
-0.01232
-0.00182
-0.01512
-0.02032
-0.02928
-0.03684
-0.01514
-0.0199
-0.0239
-0.03316
-0.03226
-0.03524
-0.02364
-0.01922
-0.01976
-0.02572
-0.02598
-0.01136
-0.01304
-0.02874
-0.03148
-0.0249
-0.02072
-0.01818
-0.02794
-0.02668
-0.02916
-0.01458
-0.02402
-0.0241
-0.02114
-0.023
-0.02908
-0.0352
-0.0303
-0.02946
-0.0402
-0.03458
-0.02792
-0.01706
-0.0276
-0.0083
-0.01356
-0.02122
-0.01896
-0.02412
-0.04334
-0.02118
-0.02534
-0.03996
-0.036
-0.04576
-0.04654
-0.04614
-0.05296
-0.0386
-0.02682
-0.03938
-0.03456
-0.0224
-0.03972
-0.04992
-0.04656
-0.03564
-0.03492
-0.03796
-0.0426
-0.04286
-0.03218
-0.02528
-0.04096
-0.0285
-0.02276
-0.02146
-0.026
-0.03172
-0.0317
-0.03954
-0.03092
-0.03532
-0.03298
-0.03702
-0.0179
-0.01244
-0.00988
-0.01786
-0.03298
-0.02946
-0.01338
-0.02024
-0.03482
-0.03086
-0.013
-0.0247
-0.0291
-0.02834
-0.03456
-0.01168
-0.02826
-0.02482
-0.0299
-0.032
-0.0318
-0.03548
-0.04956
-0.0308
-0.03128
-0.01042
-0.02548
-0.0243
-0.02978
-0.03622
-0.02382
-0.01788
-0.0221
-0.0353
-0.04056
-0.02638
-0.03102
-0.03206
-0.04982
-0.03318
-0.03674
-0.03044
-0.0335
-0.03392
-0.01956
-0.02466
-0.03108
-0.01488
-0.0068
-0.0023
0.00772
0.00722
0.0017
-0.01326
-0.02126
-0.03038
-0.03558
-0.0375
-0.03956
-0.0226
-0.01522
-0.02266
-0.0332
-0.02116
-0.02842
-0.03706
-0.03104
-0.0187
-0.03062
-0.01746
-0.01148
-0.0164
-0.01274
-0.0166
-0.02224
-0.01592
-0.02282
-0.01752
-0.01612
-0.01654
-0.01454
-0.01242
-0.00662
-0.01594
-0.01354
-0.01566
-0.0183
0.00328
-0.01224
-0.01858
-0.01356
-0.00932
-0.00698
-0.01112
-0.00762
-0.01308
-0.00658
-0.00794
-0.01762
-0.02694
-0.035
-0.02922
-0.02852
-0.02122
-0.0124
-0.02328
-0.00794
-0.00528
-0.0208
-0.036
-0.0231
-0.02104
-0.0256
-0.02936
-0.0246
-0.01542
-0.0211
-0.04044
-0.0385
-0.0114
-0.00856
-0.0125
0.00046
-0.00946
-0.01406
-0.022
-0.02926
-0.0352
-0.03386
-0.03668
-0.03884
-0.03124
-0.01534
-0.01068
-0.0337
-0.02478
-0.02366
-0.02364
-0.02494
-0.03762
-0.02704
-0.03242
-0.03212
-0.02166
-0.03404
-0.0322
-0.01848
-0.02084
-0.02362
-0.01946
-0.03576
-0.04136
-0.03228
-0.03852
-0.0389
-0.0402
-0.01914
-0.03754
-0.02838
-0.02832
-0.00966
-0.02132
-0.02188
-0.02678
-0.03038
-0.03966
-0.04532
-0.0358
-0.04004
-0.02672
-0.03282
-0.02262
-0.028
-0.0219
-0.02342
-0.01874
-0.02208
-0.02362
-0.02498
-0.017
-0.01096
-0.01632
-0.00656
-0.02092
-0.02364
-0.02922
-0.03356
-0.02726
-0.01846
-0.01666
-0.02068
-0.03932
-0.04424
-0.03986
-0.05194
-0.0539
-0.03336
-0.02426
-0.02078
-0.02144
-0.0272
-0.02762
-0.0141
-0.01966
-0.02352
-0.01712
-0.02364
-0.01398
-0.00764
-0.0227
-0.03078
-0.02386
-0.04042
-0.04028
-0.03374
-0.0305
-0.0131
-0.01082
-0.02654
-0.03624
-0.01844
-0.0263
-0.04214
-0.03614
-0.04324
-0.0291
-0.02784
-0.0234
-0.01808
-0.02394
-0.02956
-0.04126
-0.0342
-0.03786
-0.0277
-0.02572
-0.02432
-0.01372
-0.02236
-0.03042
-0.01132
-0.02186
-0.0231
-0.01652
-0.029
-0.03604
-0.0322
-0.02354
-0.04564
-0.04556
-0.03702
-0.03268
-0.03902
-0.03936
-0.04282
-0.0224
-0.02364
-0.0262
-0.03402
-0.03708
-0.041
-0.0433
-0.03788
-0.04374
-0.03952
-0.03494
-0.03622
-0.03432
-0.02968
-0.03242
-0.02076
-0.02808
-0.02184
