-0.91448
-0.90974
-0.91498
-0.91246
-0.91196
-0.91342
-0.9157
-0.9131
-0.91092
-0.91208
-0.91172
-0.91554
-0.9131
-0.91124
-0.9083
-0.91408
-0.91178
-0.91032
-0.9118
-0.91246
-0.9103
-0.91276
-0.9157
-0.9132
-0.91156
-0.91176
-0.91372
-0.91216
-0.90824
-0.91006
-0.91286
-0.91058
-0.91
-0.91252
-0.91358
-0.91154
-0.915
-0.91158
-0.91136
-0.91286
-0.91406
-0.91212
-0.90666
-0.91216
-0.91466
-0.91344
-0.9079
-0.9106
-0.90606
-0.91082
-0.91472
-0.91366
-0.91212
-0.9092
-0.912
-0.91188
-0.914
-0.91556
-0.91156
-0.91332
-0.91296
-0.91312
-0.91362
-0.91212
-0.91202
-0.90836
-0.9145
-0.9124
-0.91082
-0.9143
-0.91146
-0.91378
-0.91478
-0.9111
-0.91412
-0.9154
-0.91446
-0.90856
-0.91554
-0.9113
-0.91054
-0.91106
-0.90892
-0.91244
-0.91024
-0.90954
-0.90696
-0.9121
-0.91404
-0.91518
-0.9139
-0.90926
-0.9134
-0.91842
-0.91484
-0.91682
-0.9167
-0.91208
-0.90946
-0.91368
-0.9121
-0.90848
-0.91696
-0.91404
-0.91304
-0.91152
-0.90872
-0.91156
-0.91166
-0.90852
-0.90846
-0.9131
-0.91126
-0.9114
-0.90918
-0.90828
-0.91292
-0.9115
-0.90944
-0.91014
-0.9141
-0.9142
-0.91004
-0.90708
-0.90756
-0.90888
-0.91056
-0.90824
-0.91488
-0.91562
-0.91516
-0.91394
-0.91078
-0.91276
-0.90942
-0.91222
-0.9115
-0.90958
-0.91138
-0.91006
-0.91122
-0.91164
-0.91196
-0.91136
-0.91118
-0.91384
-0.91386
-0.91242
-0.91266
-0.91658
-0.9117
-0.9109
-0.9151
-0.91048
-0.91062
-0.9159
-0.9116
-0.91394
-0.91446
-0.91418
-0.9121
-0.91136
-0.9124
-0.91232
-0.9112
-0.91436
-0.91222
-0.9137
-0.91136
-0.91176
-0.91656
-0.91178
-0.91306
-0.90998
-0.9143
-0.91802
-0.9132
-0.90992
-0.9104
-0.90792
-0.90984
-0.9115
-0.91012
-0.90908
-0.90958
-0.90958
-0.91084
-0.91548
-0.913
-0.9124
-0.91324
-0.91014
-0.90996
-0.91108
-0.91136
-0.91244
-0.91254
-0.91308
-0.91158
-0.9139
-0.91146
-0.91534
-0.9126
-0.90986
-0.9102
-0.91418
-0.91302
-0.91148
-0.91162
-0.91564
-0.91488
-0.91224
-0.91498
-0.91374
-0.91218
-0.91402
-0.91238
-0.91366
-0.9126
-0.91064
-0.91086
-0.91456
-0.91318
-0.91182
-0.9121
-0.91358
-0.91116
-0.91162
-0.91468
-0.91506
-0.91432
-0.9108
-0.90976
-0.91094
-0.91064
-0.91024
-0.91014
-0.91036
-0.91088
-0.9075
-0.9129
-0.91686
-0.91224
-0.91486
-0.91516
-0.91216
-0.9111
-0.91126
-0.91252
-0.90974
-0.91
-0.91164
-0.91068
-0.91408
-0.9126
-0.91334
-0.9088
-0.9151
-0.91066
-0.91174
-0.91092
-0.91482
-0.91398
-0.91034
-0.90988
-0.91222
-0.9117
-0.9098
-0.91398
-0.91248
-0.91382
-0.91514
-0.91086
-0.9102
-0.9136
-0.9131
-0.9142
-0.91712
-0.9097
-0.90792
-0.91104
-0.91302
-0.9137
-0.90936
-0.9126
-0.91364
-0.91076
-0.91176
-0.9114
-0.91242
-0.90982
-0.9111
-0.9156
-0.90872
-0.91204
-0.91298
-0.91454
-0.91444
-0.91102
-0.91596
-0.91328
-0.91146
-0.91242
-0.9123
-0.9106
-0.91116
-0.90854
-0.91546
-0.91042
-0.91378
-0.91768
-0.9122
-0.91258
-0.91326
-0.91532
-0.91274
-0.9126
-0.91384
-0.9121
-0.91032
-0.9068
-0.9119
-0.91252
-0.91404
-0.91102
-0.91138
-0.90966
-0.91282
-0.91284
-0.91386
-0.91166
-0.91438
-0.90832
-0.91434
-0.91246
-0.91152
-0.9155
-0.91512
-0.91464
-0.9112
-0.91262
-0.9118
-0.9127
-0.91254
-0.9123
-0.91706
-0.91112
-0.90586
-0.91016
-0.91632
-0.91148
-0.91238
-0.9084
-0.91066
-0.91504
-0.91362
-0.91288
-0.91462
-0.9109
-0.91058
-0.91608
-0.91364
-0.9142
-0.9128
-0.91258
-0.90656
-0.90836
-0.91218
-0.91208
-0.91002
-0.91412
-0.91126
-0.91272
-0.90832
-0.90834
-0.9109
-0.91006
-0.91026
-0.91652
-0.90764
-0.91186
-0.91252
-0.91312
-0.91158
-0.91172
-0.91
-0.9137
-0.91298
-0.9115
-0.91148
-0.91124
-0.91302
-0.9126
-0.91108
-0.91066
-0.91452
-0.9092
-0.91338
-0.91274
-0.911
-0.9134
-0.9123
-0.91518
-0.91056
-0.91572
-0.91398
-0.9125
-0.9131
-0.9081
-0.91476
-0.91486
-0.91152
-0.90996
-0.9142
-0.91012
-0.91364
-0.91434
-0.9146
-0.91464
-0.91302
-0.91444
-0.9119
-0.91676
-0.91362
-0.91354
-0.91004
-0.9095
-0.90964
-0.911
-0.91306
-0.9162
-0.90952
-0.91026
-0.90552
-0.9093
-0.91468
-0.90964
-0.91366
-0.9135
-0.91848
-0.9192
-0.91172
-0.91206
-0.91304
-0.91032
-0.91026
-0.91256
-0.90974
-0.91292
-0.91486
-0.91378
-0.91122
-0.91278
-0.91378
-0.91314
-0.91424
-0.91348
-0.9122
-0.91036
-0.91118
-0.91094
-0.91084
-0.91126
-0.9144
-0.91108
-0.91436
-0.9141
-0.91432
-0.90694
-0.91272
-0.91166
-0.9185
-0.91478
-0.90976
-0.9122
-0.91494
-0.91566
-0.91226
-0.91042
-0.9092
-0.91214
-0.9146
-0.91272
-0.91294
-0.90942
-0.91228
-0.915
-0.91006
-0.91186
-0.90916
-0.9119
-0.9068
-0.91606
-0.91066
-0.91356
-0.9122
-0.91006
-0.91566
-0.90822
-0.91034
-0.91444
-0.91288
-0.91382
-0.9151
-0.91152
-0.91372
-0.90978
-0.9089
-0.90988
-0.91434
-0.91364
-0.91314
-0.91392
-0.91508
-0.91094
-0.91586
-0.91222
-0.91356
-0.91272
-0.9098
-0.91386
-0.9159
-0.90964
-0.91298
-0.91638
-0.91314
-0.90992
-0.91506
-0.9141
-0.9136
-0.9135
-0.91218
-0.913
-0.91348
-0.91412
-0.9112
-0.9095
-0.91362
-0.9121
-0.9105
-0.90922
-0.90974
-0.91654
-0.91342
-0.91222
-0.91192
-0.91542
-0.91304
-0.91556
-0.91296
-0.912
-0.91414
-0.91128
-0.9133
-0.91288
-0.91358
-0.91274
-0.91064
-0.9075
-0.91074
-0.9092
-0.91154
-0.91018
-0.90924
-0.90776
-0.9146
-0.91164
-0.91354
-0.9139
-0.91634
-0.90796
-0.91034
-0.90822
-0.9099
-0.91312
-0.91504
-0.91104
-0.9129
-0.91044
-0.91246
-0.91284
-0.91134
-0.91412
-0.91398
-0.91528
-0.9109
-0.91374
-0.90872
-0.91006
-0.91224
-0.91032
-0.91092
-0.9125
-0.91042
-0.91248
-0.91264
-0.91144
-0.9126
-0.91148
-0.91018
-0.91116
-0.91134
-0.90888
-0.91208
-0.91366
-0.91616
-0.90976
-0.91128
-0.91418
-0.91746
-0.91308
-0.9118
-0.915
-0.9113
-0.91198
-0.91102
-0.91216
-0.91082
-0.91022
-0.91256
-0.91362
-0.91298
-0.91002
-0.91166
-0.91366
-0.91244
-0.91028
-0.90468
-0.9131
-0.91352
-0.91136
-0.91338
-0.90964
-0.91296
-0.91368
-0.91154
-0.9129
-0.90868
-0.91464
-0.91414
-0.9134
-0.91762
-0.91238
-0.91072
-0.91336
-0.91508
-0.911
-0.91242
-0.9119
-0.91284
-0.908
-0.9137
-0.90968
-0.90984
-0.91374
-0.90964
-0.91294
-0.91314
-0.90946
-0.90988
-0.91028
-0.91622
-0.9117
-0.91228
-0.91228
-0.91274
-0.91022
-0.90954
-0.91266
-0.91336
-0.9118
-0.91484
-0.91274
-0.91418
-0.91568
-0.91336
-0.91388
-0.91058
-0.91378
-0.91206
-0.91284
-0.91086
-0.91406
-0.90958
-0.91168
-0.91618
-0.91354
-0.91366
-0.91078
-0.9098
-0.91116
-0.91318
-0.91116
-0.9155
-0.91246
-0.91086
-0.91234
-0.91504
-0.919
-0.91442
-0.91114
-0.9125
-0.91464
-0.91134
-0.90924
-0.9131
-0.91148
-0.91354
-0.91464
-0.91202
-0.9103
-0.9123
-0.91578
-0.91498
-0.9093
-0.9099
-0.91226
-0.90572
-0.91306
-0.9131
-0.91214
-0.91634
-0.91484
-0.90938
-0.91446
-0.91192
-0.91168
-0.9125
-0.91388
-0.91206
-0.9124
-0.91264
-0.91382
-0.9132
-0.91364
-0.90966
-0.91144
-0.90862
-0.91364
-0.91156
-0.91252
-0.90932
-0.91196
-0.91314
-0.91024
-0.91188
-0.91492
-0.9113
-0.91302
-0.91324
-0.91252
-0.91164
-0.90938
-0.91016
-0.91466
-0.91176
-0.9128
-0.90982
-0.9132
-0.91674
-0.9133
-0.90968
-0.91476
-0.91244
-0.9068
-0.91108
-0.90658
-0.90962
-0.91154
-0.91124
-0.91312
-0.90886
-0.9163
-0.91278
-0.90952
-0.90922
-0.91104
-0.90672
-0.90628
-0.90848
-0.91204
-0.91386
-0.91112
-0.91078
-0.91422
-0.91424
-0.91504
-0.91358
-0.91394
-0.90964
-0.90574
-0.90972
-0.91092
-0.9106
-0.9144
-0.90986
-0.90814
-0.90936
-0.91172
-0.91348
-0.90808
-0.91088
-0.91258
-0.91166
-0.90974
-0.91384
-0.91052
-0.9126
-0.91034
-0.91132
-0.91412
-0.91038
-0.913
-0.91344
-0.91148
-0.91368
-0.90994
-0.91128
-0.91282
-0.91308
-0.91346
-0.91264
-0.90922
-0.90872
-0.91034
-0.91184
-0.91228
-0.91266
-0.91322
-0.91374
-0.91412
-0.91284
-0.91122
-0.91392
-0.91072
-0.91348
-0.91124
-0.90698
-0.90922
-0.91592
-0.91338
-0.91494
-0.91274
-0.91592
-0.91208
-0.91078
-0.91328
-0.91044
-0.9146
-0.91054
-0.90994
-0.91182
-0.9116
-0.91154
-0.91426
-0.9119
-0.90982
-0.9118
-0.91194
-0.91366
-0.91468
-0.90976
-0.91036
-0.91346
-0.916
-0.9117
-0.9144
-0.91364
-0.91628
-0.91206
-0.91068
-0.91096
-0.91122
-0.91242
-0.91044
-0.90758
-0.91018
-0.91084
-0.9126
-0.9129
-0.91378
-0.91402
-0.91114
-0.90838
-0.9133
-0.9145
-0.91606
-0.9153
-0.91326
-0.91434
-0.9104
-0.908
-0.9099
-0.91222
-0.91114
-0.9118
-0.91134
-0.91064
-0.91194
-0.91066
-0.9127
-0.91348
-0.91126
-0.91594
-0.91636
-0.9122
-0.91446
-0.91582
-0.91098
-0.91126
-0.91318
-0.90994
-0.91018
-0.91176
-0.911
-0.91444
-0.91468
-0.91682
-0.9122
-0.91204
-0.91314
-0.9074
-0.91488
-0.90878
-0.90866
-0.91408
-0.91028
-0.90864
-0.9126
-0.91294
-0.91524
-0.91326
-0.91288
-0.90866
-0.9109
-0.90744
-0.90952
-0.90672
-0.91036
-0.9152
-0.91448
-0.91078
-0.9157
-0.91096
-0.91258
-0.91868
-0.91264
-0.91498
-0.91006
-0.91194
-0.90984
-0.91038
-0.91256
-0.90874
-0.91304
-0.91296
-0.91304
-0.91504
-0.91422
-0.91616
-0.90844
-0.91272
-0.91402
-0.91502
-0.91792
-0.912
-0.91612
-0.91038
-0.9093
-0.91288
-0.90816
-0.91524
-0.91668
-0.91364
-0.9123
-0.91554
-0.91364
-0.91456
-0.91188
-0.90988
-0.91568
-0.91316
-0.91032
-0.91294
-0.91046
-0.9094
-0.90794
-0.91166
-0.91222
-0.9166
-0.91574
-0.91622
-0.9132
-0.91268
-0.91678
-0.91476
-0.91408
-0.90998
-0.9139
-0.9126
-0.90686
-0.90854
-0.91312
-0.91166
-0.9106
-0.91392
-0.90982
-0.91276
-0.90908
-0.90868
-0.91006
-0.91142
-0.91394
-0.91246
-0.91136
-0.91324
-0.91636
-0.91414
-0.9173
-0.9141
-0.91062
-0.91244
-0.90916
-0.91008
-0.90922
-0.90922
-0.90892
-0.9168
-0.91298
-0.91272
-0.91566
-0.91312
-0.91212
-0.91096
-0.91438
-0.912
-0.90988
-0.90506
-0.91046
-0.91036
-0.91336
-0.90732
-0.91068
-0.91464
-0.9112
-0.91614
-0.90896
-0.912
-0.91362
-0.91206
-0.9118
-0.91334
-0.91054
-0.9084
-0.91126
-0.91256
-0.90918
-0.91222
-0.91112
-0.9111
-0.9126
-0.91076
-0.91748
-0.91412
-0.90844
-0.91272
-0.9131
-0.91088
-0.91112
-0.91132
-0.91394
-0.9126
-0.91326
-0.91242
-0.91008
-0.91242
-0.90952
-0.91036
-0.90958
-0.90788
-0.91442
-0.90886
-0.91426
-0.91646
-0.91566
-0.91672
-0.90946
-0.91184
-0.91288
-0.9166
-0.91156
-0.91398
-0.91004
-0.9109
-0.91396
-0.91236
-0.91002
-0.91362
-0.91194
-0.9128
-0.91332
-0.91544
-0.91116
-0.9105
-0.91566
-0.91226
-0.91032
-0.91304
-0.91164
-0.90848
-0.91336
-0.9136
-0.9143
-0.91162
-0.91284
-0.91216
-0.9094
-0.9124
-0.91398
-0.91502
-0.9133
-0.90932
-0.90878
-0.91498
-0.91196
-0.91436
-0.91522
-0.91218
-0.91136
-0.9148
-0.914
-0.91094
-0.91186
-0.91488
-0.9125
-0.9156
-0.91308
-0.91058
-0.90944
-0.91468
-0.91428
-0.91036
-0.91224
-0.91014
-0.91172
-0.90994
-0.9116
-0.91426
-0.90928
-0.9168
-0.91434
-0.912
-0.91078
-0.91214
-0.91296
-0.91336
-0.9146
-0.91414
-0.91536
-0.91092
-0.91122
-0.91348
-0.91292
-0.9127
-0.90956
-0.91152
-0.91432
-0.91354
-0.91234
-0.91334
-0.91538
-0.91142
-0.90932
-0.91004
-0.91002
-0.91134
-0.9156
-0.91384
-0.9114
-0.91338
-0.91094
-0.9113
-0.90698
-0.91204
-0.91264
-0.91156
-0.91252
-0.91356
-0.9105
-0.91488
-0.9124
-0.90656
-0.91544
-0.91178
-0.91226
-0.9119
-0.91362
-0.91124
-0.91194
-0.91406
-0.91014
-0.91448
-0.91362
-0.91354
-0.9115
-0.91402
-0.91132
-0.9149
-0.91762
-0.91224
-0.91418
-0.9138
-0.91378
-0.91116
-0.91226
-0.90674
-0.91708
-0.91464
-0.91204
-0.91306
-0.90578
-0.91232
-0.91306
-0.91172
-0.91094
-0.9111
-0.91176
-0.91584
-0.91548
-0.91402
-0.91028
-0.91048
-0.90946
-0.90852
-0.91236
-0.90774
-0.91062
-0.90752
-0.91086
-0.90956
-0.91138
-0.9151
-0.91146
-0.91426
-0.91168
-0.91434
-0.911
-0.91338
-0.91628
-0.91012
-0.90658
-0.91214
-0.91376
-0.91072
-0.91032
-0.91464
-0.90796
-0.91086
-0.9103
-0.91104
-0.91448
-0.91428
-0.9133
-0.91566
-0.91402
-0.90968
-0.91336
-0.90856
-0.90998
-0.91086
-0.91242
-0.90896
-0.91138
-0.91178
-0.91268
-0.91172
-0.91208
-0.91174
-0.91002
-0.9123
-0.90816
-0.90644
-0.91012
-0.91052
-0.91046
-0.9097
-0.91146
-0.91548
-0.91234
-0.91004
-0.90992
-0.91652
-0.91544
-0.91272
-0.91404
-0.91264
-0.91268
-0.91212
-0.91634
-0.90966
-0.90966
-0.91394
-0.91192
-0.91116
-0.91232
-0.91148
-0.91244
-0.91212
-0.91448
-0.90808
-0.90846
-0.91262
-0.90836
-0.91392
-0.91388
-0.9116
-0.9122
-0.9122
-0.91032
-0.91176
-0.90796
-0.9126
-0.91588
-0.91988
-0.9116
-0.90988
-0.91184
-0.91054
-0.91414
-0.91204
-0.91118
-0.91284
-0.91194
-0.91122
-0.9089
-0.90622
-0.90868
-0.91258
-0.9102
-0.91156
-0.91158
-0.91204
-0.9098
-0.90664
-0.91046
-0.90546
-0.91684
-0.91256
-0.91162
-0.91232
-0.91094
-0.9123
-0.91282
-0.91238
-0.90982
-0.91194
-0.90966
-0.91184
-0.90676
-0.9121
-0.91228
-0.91006
-0.91088
-0.91392
-0.90886
-0.91126
-0.91108
-0.91222
-0.91442
-0.91466
-0.91322
-0.91596
-0.91562
-0.91516
-0.90792
-0.9106
-0.91242
-0.91126
-0.91024
-0.91098
-0.91484
-0.91356
-0.91204
-0.91046
-0.91398
-0.91408
-0.91388
-0.9106
-0.91358
-0.9132
-0.91258
-0.91136
-0.91092
-0.91376
-0.91194
-0.91168
-0.91302
-0.91188
-0.91068
-0.91114
-0.91382
-0.9108
-0.91312
-0.9102
-0.91088
-0.9153
-0.91538
-0.9119
-0.91692
-0.91124
-0.91114
-0.91386
-0.91284
-0.9149
-0.91138
-0.9124
-0.90954
-0.91356
-0.91574
-0.91536
-0.91104
-0.9126
-0.91154
-0.91666
-0.91538
-0.91224
-0.91392
-0.91308
-0.9162
-0.91214
-0.91334
-0.91062
-0.91418
-0.91548
-0.9115
-0.91484
-0.91612
-0.9144
-0.9106
-0.9126
-0.91488
-0.90926
-0.9119
-0.91354
-0.9086
-0.90918
-0.9137
-0.91504
-0.90884
-0.91408
-0.91054
-0.9156
-0.91602
-0.91096
-0.91746
-0.91118
-0.91476
-0.91494
-0.91522
-0.91342
-0.90806
-0.9075
-0.91054
-0.91308
-0.91284
-0.91202
-0.91024
-0.912
-0.91742
-0.9113
-0.91296
-0.91516
-0.9128
-0.91384
-0.91054
-0.9106
-0.91444
-0.90986
-0.90912
-0.91712
-0.90952
-0.91272
-0.91142
-0.9117
-0.9116
-0.91236
-0.9092
-0.90788
-0.90686
-0.912
-0.91244
-0.91366
-0.9143
-0.91228
-0.91254
-0.90998
-0.9124
-0.90604
-0.90656
-0.91216
-0.9102
-0.91188
-0.91332
-0.91022
-0.91284
-0.91406
-0.90834
-0.91076
-0.91502
-0.91052
-0.91068
-0.9114
-0.9126
-0.91144
-0.91214
-0.9146
-0.91118
-0.90998
-0.90778
-0.91122
-0.90976
-0.9099
-0.90606
-0.91078
-0.91474
-0.9183
-0.91424
-0.91274
-0.91342
-0.9167
-0.9102
-0.91178
-0.9155
-0.9106
-0.9128
-0.91028
-0.91066
-0.91532
-0.91164
-0.9085
-0.91594
-0.91368
-0.91308
-0.91282
-0.91208
-0.91458
-0.91456
-0.91168
-0.91052
-0.91002
-0.91494
-0.91156
-0.91546
-0.90986
-0.91096
-0.91144
-0.91164
-0.9144
-0.91146
-0.91138
-0.91252
-0.90994
-0.90718
-0.91008
-0.90912
-0.91034
-0.90958
-0.9129
-0.90824
-0.91042
-0.9057
-0.9088
-0.91138
-0.91122
-0.9127
-0.91408
-0.91054
-0.91384
-0.91078
-0.9117
-0.9114
-0.91114
-0.91474
-0.91682
-0.91492
-0.916
-0.91384
-0.9096
-0.90986
-0.91402
-0.91044
-0.91202
-0.91424
-0.91272
-0.91138
-0.91102
-0.9095
-0.9108
-0.91128
-0.90938
-0.91058
-0.9118
-0.91382
-0.91438
-0.91356
-0.90882
-0.91304
-0.90954
-0.91472
-0.91628
-0.9126
-0.90912
-0.91396
-0.91472
-0.91082
-0.91374
-0.91512
-0.91568
-0.91486
-0.91572
-0.91658
-0.91392
-0.9137
-0.91154
-0.91294
-0.91464
-0.91754
-0.91006
-0.90772
-0.91326
-0.91244
-0.9113
-0.91018
-0.91092
-0.91104
-0.91216
-0.91066
-0.91288
-0.9149
-0.91546
-0.91054
-0.91306
-0.9136
-0.9153
-0.91248
-0.90978
-0.90694
-0.90966
-0.91354
-0.91382
-0.91334
-0.90992
-0.9151
-0.9125
-0.9138
-0.91308
-0.91462
-0.91254
-0.91364
-0.91136
-0.9097
-0.90952
-0.9132
-0.90936
-0.9153
-0.91358
-0.9139
-0.91376
-0.91176
-0.9179
-0.91334
-0.9101
-0.90982
-0.91168
-0.90754
-0.91204
-0.9096
-0.91158
-0.91534
-0.9112
-0.90908
-0.91516
-0.91324
-0.91682
-0.91692
-0.91494
-0.91218
-0.91234
-0.91194
-0.9119
-0.91364
-0.91156
-0.91556
-0.90942
-0.9134
-0.91302
-0.9094
-0.90942
-0.91156
-0.91528
-0.9118
-0.91292
-0.9142
-0.91188
-0.90908
-0.90872
-0.91234
-0.91246
-0.91638
-0.9176
-0.9125
-0.91034
-0.91234
-0.9157
-0.91448
-0.91612
-0.90986
-0.90972
-0.91302
-0.9122
-0.91292
-0.91222
-0.91516
-0.91042
-0.91134
-0.91208
-0.90974
-0.9133
-0.90962
-0.9134
-0.91744
-0.91676
-0.90778
-0.9134
-0.91184
-0.9131
-0.9082
-0.91
-0.91112
-0.91436
-0.91336
-0.91228
-0.9115
-0.91458
-0.91138
-0.91204
-0.91502
-0.91364
-0.91584
-0.91308
-0.91314
-0.91176
-0.91082
-0.91188
-0.91042
-0.91146
-0.91056
-0.91338
-0.9124
-0.9121
-0.91114
-0.91576
-0.91062
-0.9093
-0.90936
-0.916
-0.91288
-0.91848
-0.9102
-0.91174
-0.91234
-0.9102
-0.91408
-0.90976
-0.9145
-0.91154
-0.9145
-0.9132
-0.91446
-0.91446
-0.91452
-0.91146
-0.91246
-0.91496
-0.91136
-0.91294
-0.91226
-0.90774
-0.91024
-0.90996
-0.91326
-0.9111
-0.91402
-0.91318
-0.91426
-0.90932
-0.90956
-0.90774
-0.91268
-0.91478
-0.91026
-0.91286
-0.90956
-0.91652
-0.91296
-0.91268
-0.90946
-0.90954
-0.91024
-0.90706
-0.91316
-0.91016
-0.91234
-0.91118
-0.91228
-0.9126
-0.91288
-0.91252
-0.915
-0.9107
-0.91148
-0.9127
-0.90942
-0.91126
-0.9142
-0.91172
-0.91584
-0.91604
-0.9161
-0.91436
-0.90962
-0.91104
-0.91088
-0.90956
-0.90934
-0.9064
-0.90974
-0.9105
-0.91232
-0.91454
-0.9111
-0.91292
-0.91206
-0.91488
-0.91236
-0.91212
-0.91426
-0.91104
-0.91232
-0.91174
-0.9141
-0.913
-0.9123
-0.91654
-0.9137
-0.90926
-0.90988
-0.91056
-0.908
-0.9126
-0.9087
-0.91332
-0.91188
-0.91026
-0.91098
-0.91374
-0.90898
-0.91296
-0.91046
-0.91178
-0.91074
-0.91354
-0.91436
-0.91252
-0.90926
-0.90988
-0.91342
-0.91536
-0.913
-0.9109
-0.912
-0.90686
-0.91248
-0.91174
-0.91202
-0.91264
-0.9126
-0.91304
-0.91056
-0.91632
-0.9132
-0.9109
-0.91144
-0.90784
-0.91696
-0.9127
-0.91176
-0.9132
-0.90882
-0.9118
-0.91506
-0.91434
-0.90984
-0.91026
-0.91122
-0.90832
-0.91322
-0.91112
-0.91194
-0.91134
-0.91208
-0.91214
-0.91684
-0.9152
-0.91368
-0.91348
-0.914
-0.91628
-0.9163
-0.9151
-0.9182
-0.91308
-0.91348
-0.91026
-0.90888
-0.9134
-0.91402
-0.91602
-0.91274
-0.9127
-0.9123
-0.90818
-0.91118
-0.9147
-0.91412
-0.91416
-0.91346
-0.91392
-0.91294
-0.9155
-0.91338
-0.9132
-0.91552
-0.9104
-0.91382
-0.91064
-0.91244
-0.91454
-0.90726
-0.91252
-0.90998
-0.91272
-0.9108
-0.90952
-0.91308
-0.90712
-0.91276
-0.91144
-0.91582
-0.9127
-0.9129
-0.91506
-0.91136
-0.91684
-0.91374
-0.91114
-0.91422
-0.9101
-0.90908
-0.91238
-0.91108
-0.91154
-0.91154
-0.9119
-0.9134
-0.91098
-0.91258
-0.91326
-0.91334
-0.91324
-0.9122
-0.911
-0.91284
-0.91198
-0.9147
-0.9128
-0.91374
-0.91182
-0.91416
-0.91412
-0.90618
-0.91128
-0.91126
-0.91306
-0.91326
-0.91764
-0.9092
-0.91152
-0.91172
-0.91494
-0.91536
-0.91382
-0.91338
-0.91118
-0.90954
-0.90768
-0.909
-0.91234
-0.91066
-0.90748
-0.91206
-0.91314
-0.91348
-0.91418
-0.91022
-0.91484
-0.91392
-0.91206
-0.9138
-0.9153
-0.91454
-0.91428
-0.9165
-0.91524
-0.91378
-0.9131
-0.9172
-0.91012
-0.9103
-0.91462
-0.91386
-0.91274
-0.9099
-0.90856
-0.91348
-0.91028
-0.91102
-0.90914
-0.91066
-0.91256
-0.91548
-0.91202
-0.90974
-0.9122
-0.91426
-0.90942
-0.9125
-0.90996
-0.91226
-0.911
-0.91182
-0.9092
-0.90752
-0.91004
-0.91318
-0.91044
-0.91134
-0.91144
-0.91256
-0.91456
-0.91064
-0.91028
-0.90606
-0.91336
-0.91472
-0.9153
-0.91266
-0.91378
-0.91358
-0.91592
-0.91448
-0.91286
-0.91342
-0.91332
-0.91598
-0.91656
-0.91494
-0.90934
-0.90962
-0.91154
-0.90774
-0.91102
-0.91592
-0.9113
-0.91218
-0.9144
-0.91328
-0.90876
-0.91174
-0.90686
-0.9111
-0.91046
-0.91654
-0.91278
-0.91154
-0.91126
-0.90754
-0.91544
-0.9139
-0.90922
-0.90962
-0.91266
-0.9106
-0.91376
-0.91196
-0.90902
-0.90934
-0.91208
-0.91448
-0.91222
-0.91322
-0.9093
-0.9132
-0.91428
-0.91438
-0.91578
-0.9132
-0.91002
-0.91486
-0.91312
-0.9127
-0.91258
-0.91396
-0.91142
-0.91324
-0.91226
-0.9095
-0.91028
-0.91236
-0.90854
-0.91482
-0.9131
-0.91532
-0.91122
-0.91476
-0.91166
-0.90864
-0.9193
-0.91256
-0.91196
-0.91358
-0.9144
-0.91218
-0.91202
-0.91178
-0.91202
-0.91634
-0.91294
-0.9123
-0.91122
-0.91286
-0.91402
-0.91074
-0.91448
-0.91406
-0.91042
-0.90916
-0.91366
-0.91424
-0.91382
-0.91164
-0.90868
-0.91184
-0.91528
-0.91216
-0.91016
-0.91364
-0.91552
-0.90862
-0.91148
-0.91198
-0.91298
-0.9148
-0.9089
-0.91154
-0.912
-0.91268
-0.91144
-0.91192
-0.91052
-0.90788
-0.91188
-0.90866
-0.9096
-0.91312
-0.91318
-0.91396
-0.91054
-0.91572
-0.91236
-0.91338
-0.9121
-0.91156
-0.91336
-0.90354
-0.91476
-0.913
-0.91128
-0.90728
-0.90966
-0.90924
-0.91872
-0.91116
-0.9167
-0.91244
-0.9105
-0.91248
-0.91242
-0.91612
-0.91198
-0.91502
-0.90952
-0.91164
-0.91218
-0.9133
-0.91264
-0.91088
-0.90706
-0.91538
-0.91412
-0.91634
-0.9158
-0.91198
-0.91136
-0.91046
-0.91284
-0.9125
-0.91268
-0.91034
-0.9092
-0.91008
-0.90926
-0.912
-0.91152
-0.91128
-0.91012
-0.91382
-0.91174
-0.90606
-0.90976
-0.9129
-0.91308
-0.91468
-0.913
-0.91252
-0.91032
-0.91188
-0.91286
-0.90944
-0.91356
-0.91478
-0.91358
-0.91264
-0.90908
-0.91238
-0.9138
-0.91258
-0.91228
-0.91224
-0.91534
-0.91346
-0.91156
-0.91532
-0.91484
-0.91066
-0.91416
-0.91312
-0.90698
-0.91214
-0.91188
-0.9139
-0.90832
-0.912
-0.9076
-0.90838
-0.9123
-0.91136
-0.91218
-0.91124
-0.91322
-0.91158
-0.91204
-0.91338
-0.91
-0.9133
-0.90982
-0.90944
-0.91006
-0.91016
-0.91052
-0.9083
-0.91326
-0.9141
-0.91216
-0.9106
-0.91374
-0.91204
-0.91304
-0.91198
-0.91594
-0.91408
-0.91206
-0.9075
-0.9121
-0.9139
-0.91094
-0.91198
-0.91398
-0.9125
-0.91096
-0.90772
-0.9121
-0.91264
-0.90914
-0.9104
-0.91734
-0.91474
-0.91308
-0.91504
-0.91244
-0.91654
-0.91414
-0.9105
-0.9145
-0.91596
-0.91368
-0.91324
-0.91658
-0.91146
-0.913
-0.9141
-0.91166
-0.9106
-0.91344
-0.90898
-0.91354
-0.91072
-0.91132
-0.91498
-0.91092
-0.91086
-0.91438
-0.91288
-0.90868
-0.9112
-0.91396
-0.9104
-0.91348
-0.91382
-0.91086
-0.91106
-0.91034
-0.91076
-0.91104
-0.91368
-0.91136
-0.91158
-0.91038
-0.91308
-0.90844
-0.90812
-0.9134
-0.9121
-0.91444
-0.90978
-0.9106
-0.91088
-0.91746
-0.91374
-0.90956
-0.91202
-0.91318
-0.9145
-0.90992
-0.91438
-0.91098
-0.91266
-0.91638
-0.9113
-0.91614
-0.91248
-0.91192
-0.91218
-0.90964
-0.91144
-0.91014
-0.91232
-0.91188
-0.91326
-0.91522
-0.91058
-0.90976
-0.91522
-0.91436
-0.91196
-0.9164
-0.91352
-0.91512
-0.91502
-0.91092
-0.91246
-0.90938
-0.91326
-0.91152
-0.90838
-0.91022
-0.91412
-0.91324
-0.91092
-0.90876
-0.90958
-0.91086
-0.90962
-0.91368
-0.90992
-0.91206
-0.91136
-0.91528
-0.91036
-0.91672
-0.91524
-0.91112
-0.91238
-0.91382
-0.91472
-0.91524
-0.91322
-0.91328
-0.91386
-0.90984
-0.91394
-0.90788
-0.91016
-0.90806
-0.91062
-0.91198
-0.91242
-0.90746
-0.90964
-0.91406
-0.91104
-0.9133
-0.91308
-0.91258
-0.91638
-0.90834
-0.9161
-0.91512
-0.91264
-0.91696
-0.91076
-0.9119
-0.91432
-0.91642
-0.91576
-0.91452
-0.91286
-0.91438
-0.91266
-0.91732
-0.91734
-0.9098
-0.91402
-0.91212
-0.91432
-0.91502
-0.9129
-0.9134
-0.91094
-0.9114
-0.91178
-0.91074
-0.91418
-0.91094
-0.9083
-0.91094
-0.91156
-0.9127
-0.91096
-0.90994
-0.91048
-0.91248
-0.91126
-0.91254
-0.91426
-0.90966
-0.90878
-0.90856
-0.90678
-0.9083
-0.90984
-0.90768
-0.9097
-0.9101
-0.91218
-0.91168
-0.90952
-0.91386
-0.90986
-0.9157
-0.91598
-0.91584
-0.9167
-0.9122
-0.91186
-0.9147
-0.9139
-0.9123
-0.91326
-0.91432
-0.9137
-0.91346
-0.90998
-0.91576
-0.91012
-0.91346
-0.91102
-0.91048
-0.91068
-0.91204
-0.9113
-0.9135
-0.9106
-0.90912
-0.91694
-0.90998
-0.90724
-0.9133
-0.9099
-0.91778
-0.91276
-0.91424
-0.90984
-0.91378
-0.91406
-0.91098
-0.91758
-0.91
-0.90976
-0.91414
-0.91168
-0.91294
-0.90808
-0.9078
-0.90998
-0.91276
-0.91364
-0.91158
-0.90824
-0.91356
-0.91384
-0.9111
-0.90574
-0.9103
-0.91134
-0.91236
-0.91514
-0.91558
-0.91362
-0.91328
-0.9133
-0.91112
-0.91228
-0.90972
-0.90964
-0.91416
-0.91152
-0.91128
-0.91228
-0.90968
-0.91384
-0.91136
-0.91336
-0.91162
-0.9157
-0.9151
-0.91208
-0.9161
-0.91378
-0.91196
-0.91246
-0.91268
-0.91516
-0.91548
-0.91226
-0.91402
-0.91466
-0.9109
-0.91588
-0.91292
-0.9159
-0.91304
-0.91172
-0.90846
-0.91026
-0.91238
-0.91566
-0.9151
-0.91246
-0.91196
-0.90862
-0.91304
-0.91566
-0.9158
-0.9215
-0.91124
-0.90936
-0.91336
-0.91038
-0.91036
-0.912
-0.91218
-0.91926
-0.91338
-0.91348
-0.91076
-0.91346
-0.91538
-0.91506
-0.91516
-0.91034
-0.90906
-0.91206
-0.91558
-0.9135
-0.91582
-0.91638
-0.9139
-0.91168
-0.91036
-0.91384
-0.91432
-0.91054
-0.91342
-0.91254
-0.91246
-0.91462
-0.91154
-0.9086
-0.91252
-0.91198
-0.91172
-0.9131
-0.913
-0.91234
-0.91554
-0.91536
-0.91516
-0.91112
-0.9108
-0.91484
-0.91148
-0.91152
-0.913
-0.91374
-0.91156
-0.91162
-0.91364
-0.91364
-0.91462
-0.91646
-0.9105
-0.9128
-0.91218
-0.91084
-0.91012
-0.91394
-0.91388
-0.9123
-0.90968
-0.91314
-0.90856
-0.90764
-0.90886
-0.9141
-0.90988
-0.91564
-0.91296
-0.91596
-0.91294
-0.91608
-0.91344
-0.9141
-0.91252
-0.91284
-0.91342
-0.90988
-0.90988
-0.90902
-0.9079
-0.9104
-0.91486
-0.90934
-0.91108
-0.9121
-0.913
-0.91088
-0.91406
-0.91064
-0.91174
-0.91306
-0.90952
-0.91612
-0.9142
-0.91234
-0.90874
-0.91162
-0.91266
-0.91652
-0.91352
-0.91348
-0.91206
-0.91416
-0.91264
-0.9141
-0.91832
-0.91182
-0.91066
-0.91272
-0.90984
-0.91224
-0.91476
-0.90984
-0.9096
-0.90636
-0.91062
-0.91294
-0.91514
-0.9085
-0.91098
-0.91288
-0.9141
-0.90592
-0.91204
-0.91566
-0.91138
-0.9088
-0.91216
-0.91558
-0.91428
-0.90982
-0.91256
-0.9077
-0.90954
-0.91622
-0.91462
-0.9112
-0.91572
-0.91384
-0.91372
-0.91492
-0.91678
-0.9141
-0.90934
-0.91238
-0.91206
-0.91382
-0.91166
-0.90996
-0.91048
-0.90992
-0.91276
-0.9125
-0.90758
-0.91096
-0.91646
-0.91146
-0.91392
-0.91248
-0.91318
-0.90846
-0.90862
-0.91548
-0.9119
-0.91136
-0.91622
-0.91354
-0.9133
-0.91292
-0.90798
-0.91404
-0.91292
-0.91046
-0.90768
-0.91256
-0.91124
-0.91446
-0.91282
-0.90838
-0.91132
-0.91676
-0.91468
-0.9143
-0.91248
-0.91446
-0.91198
-0.91362
-0.9114
-0.91178
-0.9094
-0.91274
-0.91418
-0.9146
-0.9066
-0.91212
-0.90994
-0.91112
-0.9132
-0.91004
-0.91292
-0.90874
-0.91238
-0.90946
-0.90924
-0.9138
-0.91338
-0.9131
-0.9125
-0.91136
-0.91304
-0.91208
-0.91248
-0.91294
-0.911
-0.91088
-0.912
-0.91178
-0.91118
-0.91184
-0.90922
-0.91168
-0.91232
-0.91374
-0.91016
-0.91386
-0.91492
-0.91386
-0.91194
-0.90946
-0.9137
-0.90834
-0.91146
-0.90894
-0.91126
-0.91296
-0.91442
-0.91102
-0.91282
-0.90952
-0.91508
-0.91294
-0.9113
-0.91104
-0.91174
-0.91476
-0.91272
-0.91388
-0.91414
-0.91048
-0.91228
-0.91102
-0.90918
-0.91474
-0.91286
-0.91326
-0.9135
-0.91424
-0.9172
-0.91406
-0.91232
-0.9111
-0.91172
-0.91218
-0.91092
-0.9093
-0.91066
-0.90804
-0.90926
-0.91456
-0.91372
-0.91406
-0.91076
-0.91404
-0.91058
-0.91488
-0.91334
-0.91312
-0.91392
-0.9172
-0.9171
-0.91194
-0.9124
-0.91266
-0.91564
-0.9164
-0.91286
-0.90818
-0.9133
-0.91494
-0.91326
-0.90966
-0.91274
-0.91118
-0.9118
-0.91438
-0.9155
-0.91168
-0.91432
-0.91248
-0.91394
-0.90746
-0.91412
-0.91306
-0.91264
-0.91068
-0.91454
-0.91122
-0.91078
-0.91612
-0.90986
-0.9091
-0.9088
-0.90886
-0.91274
-0.9121
-0.90968
-0.9115
-0.9149
-0.91732
-0.91226
-0.90966
-0.90902
-0.91422
-0.91106
-0.91736
-0.9115
-0.91248
-0.91498
-0.91136
-0.9112
-0.91216
-0.91
-0.91364
-0.91254
-0.91298
-0.91674
-0.91174
-0.91134
-0.915
-0.9126
-0.91052
-0.91112
-0.91284
-0.9107
-0.91206
-0.91394
-0.91206
-0.91476
-0.9135
-0.91256
-0.91368
-0.91426
-0.91222
-0.91082
-0.914
-0.91382
-0.91156
-0.91206
-0.91382
-0.91284
-0.91278
-0.9153
-0.90972
-0.90908
-0.91428
-0.91286
-0.91102
-0.91732
-0.91658
-0.90874
-0.91524
-0.91088
-0.91042
-0.9084
-0.91302
-0.91256
-0.91314
-0.9147
-0.91442
-0.9166
-0.91688
-0.91492
-0.91118
-0.9144
-0.91388
-0.90742
-0.9125
-0.91074
-0.91274
-0.91132
-0.91462
-0.91078
-0.91166
-0.90962
-0.91212
-0.90978
-0.91594
-0.91084
-0.91286
-0.91432
-0.91288
-0.91564
-0.9166
-0.90832
-0.91308
-0.91004
-0.91284
-0.91076
-0.91006
-0.91506
-0.91616
-0.91402
-0.91322
-0.91194
-0.91418
-0.91072
-0.91492
-0.914
-0.91482
-0.91238
-0.91284
-0.906
-0.91242
-0.90994
-0.91188
-0.91186
-0.91022
-0.91242
-0.90632
-0.91498
-0.90934
-0.91268
-0.91178
-0.91212
-0.91292
-0.91418
-0.9149
-0.90974
-0.90932
-0.90968
-0.91176
-0.91306
-0.9102
-0.91214
-0.91382
-0.91516
-0.91636
-0.9148
-0.91508
-0.91444
-0.9113
-0.91246
-0.91006
-0.91214
-0.91504
-0.9144
-0.91266
-0.91076
-0.91286
-0.90824
-0.9078
-0.91008
-0.91174
-0.90674
-0.91068
-0.91382
-0.913
-0.91198
-0.91378
-0.90902
-0.91124
-0.91344
-0.9128
-0.91518
-0.91216
-0.91136
-0.91106
-0.91246
-0.91396
-0.9156
-0.91086
-0.91064
-0.91434
-0.91224
-0.9111
-0.90734
-0.91166
-0.91068
-0.91318
-0.91114
-0.91002
-0.91004
-0.91102
-0.91098
-0.91264
-0.9141
-0.91738
-0.90798
-0.91038
-0.90884
-0.91262
-0.91252
-0.9121
-0.91422
-0.91274
-0.9133
-0.90804
-0.911
-0.91018
-0.9169
-0.9107
-0.9108
-0.9152
-0.9108
-0.91378
-0.9147
-0.91212
-0.91094
-0.91176
-0.91348
-0.91446
-0.91422
-0.91466
-0.9122
-0.90998
-0.91284
-0.90896
-0.91174
-0.91286
-0.90886
-0.90824
-0.90982
-0.91572
-0.91272
-0.91286
-0.9129
-0.9132
-0.9092
-0.90994
-0.91072
-0.91744
-0.91432
-0.914
-0.91428
-0.91316
-0.91138
-0.91118
-0.91412
-0.91132
-0.91632
-0.91608
-0.9133
-0.91238
-0.91306
-0.90856
-0.91402
-0.914
-0.91332
-0.91482
-0.91148
-0.91334
-0.91072
-0.9122
-0.9096
-0.91316
-0.91286
-0.90702
-0.91034
-0.91232
-0.91586
-0.91196
-0.91182
-0.91288
-0.9159
-0.91062
-0.91056
-0.91426
-0.91018
-0.91334
-0.91308
-0.91596
-0.9039
-0.91298
-0.91436
-0.91116
-0.90826
-0.91378
-0.91002
-0.90822
-0.91044
-0.91498
-0.91544
-0.91492
-0.91414
-0.90874
-0.90886
-0.9112
-0.90946
-0.90968
-0.91156
-0.90988
-0.91346
-0.91034
-0.91374
-0.91232
-0.91392
-0.91212
-0.91434
-0.9121
-0.9101
-0.91004
-0.91042
-0.91486
-0.9095
-0.90968
-0.9124
-0.9134
-0.91014
-0.91654
-0.91696
-0.9114
-0.91206
-0.91324
-0.91316
-0.9119
-0.90846
-0.91298
-0.91112
-0.91088
-0.91324
-0.90894
-0.91418
-0.91358
-0.9156
-0.90962
-0.91212
-0.91088
-0.91514
-0.91276
-0.91466
-0.91594
-0.90854
-0.90804
-0.9119
-0.91264
-0.91262
-0.91298
-0.91076
-0.9124
-0.91174
-0.91236
-0.90924
-0.91592
-0.91474
-0.91408
-0.9093
-0.91808
-0.91088
-0.91306
-0.91168
-0.90836
-0.91048
-0.9112
-0.90966
-0.91352
-0.91586
-0.91786
-0.91362
-0.90918
-0.91062
-0.91278
-0.91098
-0.91326
-0.91152
-0.91032
-0.91292
-0.91356
-0.91472
-0.91476
-0.9138
-0.91244
-0.90964
-0.91096
-0.91434
-0.9134
-0.91046
-0.91398
-0.91148
-0.9118
-0.90878
-0.91182
-0.91306
-0.91628
-0.91388
-0.9122
-0.91268
-0.911
-0.91076
-0.90992
-0.91238
-0.91056
-0.91314
-0.91354
-0.91038
-0.91374
-0.91112
-0.912
-0.90674
-0.91
-0.91062
-0.9162
-0.9096
-0.91356
-0.91436
-0.91278
-0.91548
-0.9114
-0.91202
-0.90962
-0.91158
-0.90916
-0.91156
-0.91394
-0.9128
-0.90968
-0.91756
-0.91504
-0.9111
-0.91424
-0.90864
-0.91234
-0.91394
-0.9149
-0.9138
-0.9115
-0.9099
-0.91476
-0.90826
-0.9146
-0.91126
-0.91178
-0.91436
-0.9068
-0.90992
-0.90986
-0.9146
-0.91036
-0.91332
-0.91384
-0.9125
-0.91254
-0.91446
-0.91504
-0.91182
-0.91164
-0.91358
-0.9147
-0.91366
-0.91034
-0.91496
-0.91064
-0.91134
-0.91498
-0.90954
-0.9133
-0.9128
-0.90752
-0.90884
-0.91132
-0.91222
-0.9109
-0.91568
-0.91354
-0.9119
-0.91212
-0.91296
-0.9118
-0.91232
-0.91434
-0.91026
-0.91088
-0.91814
-0.91328
-0.9121
-0.9159
-0.91566
-0.9134
-0.91422
-0.91054
-0.91088
-0.91196
-0.90974
-0.91416
-0.9132
-0.91204
-0.91292
-0.91756
-0.91056
-0.9179
-0.9112
-0.90906
-0.91018
-0.91454
-0.912
-0.91898
-0.91486
-0.91224
-0.91626
-0.9156
-0.9154
-0.91456
-0.9135
-0.91022
-0.91268
-0.91386
-0.91336
-0.90986
-0.91306
-0.913
-0.9125
-0.91054
-0.9133
-0.91296
-0.90876
-0.9093
-0.90956
-0.91088
-0.91322
-0.91088
-0.9105
-0.91128
-0.91104
-0.91236
-0.91348
-0.91362
-0.90582
-0.90748
-0.911
-0.91326
-0.90798
-0.90642
-0.91432
-0.91196
-0.91078
-0.91008
-0.91256
-0.90962
-0.91242
-0.90944
-0.91044
-0.91692
-0.91008
-0.91294
-0.91294
-0.9116
-0.91508
-0.91246
-0.91094
-0.91354
-0.91406
-0.9118
-0.91718
-0.91144
-0.90662
-0.90884
-0.90914
-0.91346
-0.91076
-0.91158
-0.91292
-0.91578
-0.91252
-0.91006
-0.91342
-0.9128
-0.91378
-0.91304
-0.91408
-0.91674
-0.9122
-0.9127
-0.91196
-0.9102
-0.91296
-0.91456
-0.91178
-0.91394
-0.91314
-0.90932
-0.90942
-0.91126
-0.90908
-0.91188
-0.91392
-0.91284
-0.9109
-0.91568
-0.91226
-0.90916
-0.91414
-0.91092
-0.91258
-0.9112
-0.91206
-0.91394
-0.91478
-0.9118
-0.91436
-0.9127
-0.9126
-0.91264
-0.9146
-0.91324
-0.90924
-0.91482
-0.91038
-0.91832
-0.91304
-0.91086
-0.9084
-0.91184
-0.90868
-0.91506
-0.91064
-0.91138
-0.91142
-0.91092
-0.91088
-0.9087
-0.9115
-0.91616
-0.91186
-0.91308
-0.91102
-0.91208
-0.91424
-0.90978
-0.91232
-0.91466
-0.90804
-0.91364
-0.90948
-0.90894
-0.91158
-0.91004
-0.90784
-0.91238
-0.91182
-0.90796
-0.90904
-0.91674
-0.91356
-0.91374
-0.9147
-0.91378
-0.91618
-0.91022
-0.9132
-0.91416
-0.91206
-0.9125
-0.9146
-0.9109
-0.90544
-0.90862
-0.91344
-0.91278
-0.91234
-0.91292
-0.91618
-0.9132
-0.91458
-0.9137
-0.90878
-0.91414
-0.91168
-0.9126
-0.91126
-0.91318
-0.91298
-0.91034
-0.90984
-0.91316
-0.91444
-0.91054
-0.90986
-0.90974
-0.90904
-0.91082
-0.91294
-0.91154
-0.91118
-0.913
-0.9129
-0.91254
-0.91732
-0.90918
-0.91704
-0.91452
-0.91522
-0.91428
-0.91528
-0.91374
-0.91124
-0.91176
-0.91598
-0.9151
-0.9127
-0.9156
-0.91452
-0.9111
-0.91066
-0.91088
-0.91012
-0.91362
-0.91454
-0.91634
-0.91404
-0.91538
-0.9114
-0.90952
-0.9117
-0.91302
-0.9103
-0.9143
-0.91212
-0.91284
-0.91418
-0.91568
-0.91096
-0.91294
-0.91156
-0.91226
-0.9147
-0.91132
-0.91778
-0.91108
-0.9134
-0.91274
-0.90942
-0.91274
-0.91004
-0.91378
-0.90782
-0.91218
-0.90866
-0.9115
-0.91214
-0.90936
-0.91306
-0.9105
-0.91424
-0.91278
-0.9122
-0.91324
-0.91218
-0.91064
-0.9116
-0.91368
-0.91692
-0.9132
-0.9148
-0.91634
-0.91076
-0.91016
-0.91112
-0.90964
-0.91388
-0.90694
-0.9136
-0.91348
-0.9138
-0.91428
-0.91382
-0.91222
-0.91608
-0.9175
-0.91144
-0.91468
-0.90892
-0.9107
-0.91234
-0.91474
-0.91384
-0.9104
-0.91144
-0.91298
-0.9151
-0.9116
-0.90738
-0.90804
-0.91042
-0.91376
-0.91146
-0.91432
-0.91372
-0.90698
-0.91182
-0.91144
-0.90596
-0.91262
-0.91012
-0.91244
-0.91312
-0.912
-0.91062
-0.9121
-0.91096
-0.91354
-0.91484
-0.91366
-0.91188
-0.91292
-0.91214
-0.90774
-0.9119
-0.91204
-0.90982
-0.91198
-0.91124
-0.90904
-0.91284
-0.91246
-0.9101
-0.91182
-0.91296
-0.91134
-0.90954
-0.91332
-0.91522
-0.91456
-0.91162
-0.91114
-0.91118
-0.91016
-0.91108
-0.91462
-0.9124
-0.91162
-0.91
-0.91132
-0.91506
-0.91202
-0.9136
-0.91138
-0.90938
-0.9135
-0.9107
-0.91344
-0.91638
-0.91464
-0.913
-0.91316
-0.91396
-0.90958
-0.9105
-0.9085
-0.91136
-0.91012
-0.90898
-0.91108
-0.91036
-0.91644
-0.91248
-0.91754
-0.90958
-0.9104
-0.90916
-0.91092
-0.91066
-0.91042
-0.91062
-0.90704
-0.91102
-0.9121
-0.90996
-0.90942
-0.91294
-0.90978
-0.90902
-0.91062
-0.90968
-0.9119
-0.91232
-0.91404
-0.9109
-0.91266
-0.91448
-0.90918
-0.91296
-0.9113
-0.911
-0.90918
-0.91202
-0.91092
-0.91514
-0.91416
-0.91038
-0.91258
-0.91076
-0.91042
-0.91162
-0.91358
-0.91292
-0.9136
-0.91168
-0.90926
-0.91184
-0.9119
-0.91078
-0.9102
-0.90834
-0.91334
-0.91242
-0.91344
-0.9141
-0.91382
-0.91394
-0.9136
-0.91572
-0.91016
-0.9116
-0.91116
-0.9144
-0.91176
-0.90954
-0.91108
-0.91612
-0.91404
-0.91176
-0.91054
-0.908
-0.90818
-0.91392
-0.91248
-0.91254
-0.91284
-0.91062
-0.91168
-0.91464
-0.9129
-0.9129
-0.91134
-0.9159
-0.91446
-0.91532
-0.9138
-0.91424
-0.91686
-0.9105
-0.91212
-0.91534
-0.91094
-0.91058
-0.91278
-0.9098
-0.91112
-0.9155
-0.91534
-0.91112
-0.90828
-0.91352
-0.9146
-0.91188
-0.91148
-0.90832
-0.91256
-0.9118
-0.9137
-0.9149
-0.9158
-0.9107
-0.90972
-0.91222
-0.91094
-0.9107
-0.913
-0.90782
-0.91674
-0.90754
-0.91194
-0.91318
-0.91094
-0.91184
-0.90766
-0.91216
-0.91462
-0.91188
-0.90986
-0.9151
-0.91606
-0.91148
-0.90964
-0.91506
-0.91482
-0.91626
-0.91724
-0.91734
-0.91502
-0.91234
-0.91632
-0.9161
-0.9157
-0.91762
-0.91196
-0.91566
-0.90924
-0.91502
-0.91416
-0.9135
-0.91226
-0.91274
-0.9134
-0.91118
-0.90752
-0.91304
-0.91196
-0.91688
-0.91072
-0.91322
-0.911
-0.91178
-0.91206
-0.9122
-0.91036
-0.911
-0.91142
-0.91156
-0.91416
-0.91292
-0.91492
-0.91116
-0.91276
-0.91128
-0.91662
-0.91208
-0.9124
-0.91736
-0.91656
-0.91244
-0.91016
-0.91474
-0.90918
-0.91164
-0.91108
-0.9074
-0.90806
-0.91124
-0.9067
-0.91168
-0.91284
-0.91246
-0.9108
-0.91062
-0.91384
-0.90994
-0.91438
-0.91102
-0.9094
-0.90976
-0.91154
-0.91334
-0.9147
-0.912
-0.91096
-0.91062
-0.91312
-0.91118
-0.91326
-0.91636
-0.91362
-0.91144
-0.9116
-0.91674
-0.91608
-0.90826
-0.9082
-0.90864
-0.90988
-0.91272
-0.9152
-0.91222
-0.91166
-0.91404
-0.90878
-0.91342
-0.9114
-0.91148
-0.91044
-0.91124
