0.05304
0.0638
0.06058
0.05148
0.06886
0.06794
0.0604
0.05498
0.05774
0.0645
0.07014
0.04978
0.0556
0.05798
0.05202
0.06468
0.0585
0.06566
0.06228
0.05004
0.05582
0.0529
0.05516
0.04452
0.05002
0.05192
0.06238
0.0506
0.05792
0.05136
0.05134
0.05996
0.05082
0.05736
0.05058
0.06436
0.05662
0.05376
0.06002
0.06432
0.063
0.0725
0.05908
0.0598
0.0584
0.06854
0.05772
0.05238
0.05588
0.05612
0.0519
0.05198
0.0617
0.06212
0.061
0.05294
0.05702
0.05456
0.04488
0.05676
0.07414
0.05704
0.04908
0.05678
0.0649
0.0589
0.06482
0.04826
0.07002
0.07112
0.05534
0.06254
0.0479
0.05276
0.04512
0.05232
0.05264
0.04906
0.05996
0.04896
0.05312
0.05528
0.05776
0.05374
0.0607
0.05538
0.05264
0.05756
0.05416
0.05056
0.0605
0.05786
0.05112
0.05768
0.06234
0.06384
0.0716
0.06674
0.0716
0.06448
0.05696
0.05754
0.06424
0.04912
0.05956
0.05684
0.05492
0.06712
0.0575
0.05162
0.06494
0.0643
0.05792
0.06856
0.05626
0.0555
0.05768
0.06036
0.06278
0.06546
0.059
0.04474
0.05604
0.0461
0.0506
0.05124
0.04528
0.06178
0.06006
0.05558
0.06058
0.05632
0.0558
0.05704
0.0598
0.05548
0.06268
0.05924
0.04724
0.0548
0.06132
0.0596
0.06044
0.0705
0.05642
0.0568
0.0624
0.05528
0.06388
0.06662
0.0646
0.05486
0.0596
0.05798
0.0581
0.06346
0.06662
0.06308
0.05692
0.05852
0.06618
0.05828
0.05194
0.0526
0.0564
0.06684
0.0641
0.05556
0.06134
0.06148
0.06436
0.05852
0.05548
0.05014
0.05934
0.05652
0.05908
0.05142
0.05614
0.06356
0.0623
0.0565
0.0543
0.06508
0.0633
0.0709
0.05696
0.0566
0.05766
0.05888
0.05516
0.06638
0.04994
0.0651
0.04702
0.04862
0.06552
0.06054
0.05736
0.05318
0.05332
0.05314
0.0501
0.04412
0.0645
0.0672
0.0656
0.06356
0.0576
0.05778
0.0557
0.06108
0.05924
0.05986
0.06524
0.05638
0.063
0.06156
0.05986
0.0667
0.06716
0.0541
0.05366
0.04726
0.05788
0.0587
0.06386
0.0554
0.05862
0.0651
0.06066
0.06632
0.05028
0.05626
0.0577
0.05778
0.05754
0.05928
0.0615
0.05876
0.05634
0.06848
0.05624
0.05896
0.06282
0.04904
0.05664
0.07046
0.06028
0.05336
0.05878
0.05498
0.06834
0.05058
0.05048
0.05454
0.05734
0.05326
0.05192
0.06446
0.05372
0.06026
0.05928
0.06024
0.06446
0.06188
0.05204
0.05952
0.05908
0.06198
0.05602
0.0657
0.05266
0.05782
0.07476
0.0602
0.06482
0.06074
0.0643
0.05594
0.07212
0.05062
0.04912
0.05058
0.05524
0.05544
0.06156
0.06172
0.05924
0.05872
0.05598
0.06466
0.06932
0.05826
0.06466
0.05716
0.05852
0.04334
0.05684
0.04664
0.05976
0.0587
0.04672
0.06452
0.0602
0.05612
0.06184
0.06246
0.0591
0.0508
0.0581
0.05268
0.03984
0.04798
0.0571
0.06412
0.06106
0.05688
0.0571
0.06272
0.05686
0.05718
0.05804
0.05768
0.0532
0.0407
0.06392
0.0464
0.04496
0.0489
0.04588
0.0557
0.05838
0.0462
0.07182
0.07126
0.06308
0.05706
0.0604
0.04722
0.05204
0.06026
0.061
0.06414
0.05802
0.07436
0.06196
0.0497
0.05878
0.04774
0.06068
0.06994
0.05464
0.06748
0.06236
0.0598
0.058
0.0618
0.0607
0.0604
0.06228
0.05218
0.03976
0.05366
0.06318
0.05002
0.04872
0.05068
0.05434
0.06094
0.06398
0.07128
0.05792
0.06678
0.06582
0.0605
0.0579
0.0642
0.06532
0.06228
0.05904
0.05494
0.07644
0.0677
0.05596
0.05646
0.06984
0.05366
0.0572
0.05232
0.05176
0.05512
0.05744
0.05604
0.05126
0.06654
0.0651
0.06348
0.06168
0.05258
0.0724
0.0499
0.04886
0.07158
0.06388
0.06008
0.06482
0.05638
0.06128
0.06058
0.0578
0.06372
0.051
0.0467
0.05654
0.06214
0.0613
0.0709
0.06424
0.06232
0.04496
0.0553
0.05162
0.05186
0.05276
0.064
0.0532
0.05802
0.04042
0.06158
0.05948
0.06214
0.04372
0.06308
0.06804
0.0653
0.06472
0.06924
0.06142
0.0492
0.0687
0.05608
0.06102
0.06312
0.06826
0.06944
0.07502
0.05892
0.0552
0.05266
0.0539
0.057
0.06944
0.07134
0.067
0.06662
0.06612
0.04966
0.04736
0.05206
0.05488
0.05244
0.07216
0.06072
0.05662
0.05516
0.0552
0.06156
0.04522
0.05012
0.05016
0.05528
0.05262
0.06988
0.06818
0.06948
0.06906
0.06508
0.05846
0.05174
0.05342
0.05386
0.05694
0.06052
0.0598
0.0568
0.05526
0.05462
0.05746
0.06436
0.05596
0.04618
0.06224
0.05464
0.06002
0.0658
0.05658
0.06144
0.06998
0.06142
0.06244
0.0631
0.07084
0.06496
0.05826
0.0595
0.05466
0.06042
0.05716
0.06018
0.0668
0.0613
0.0563
0.04424
0.06444
0.04294
0.04998
0.05086
0.06046
0.06584
0.05146
0.0647
0.06042
0.06504
0.0673
0.05512
0.04996
0.05548
0.05698
0.05016
0.06986
0.05526
0.06602
0.05354
0.0697
0.05318
0.0686
0.07296
0.0675
0.06324
0.05918
0.05194
0.06414
0.04306
0.05258
0.06654
0.05904
0.06488
0.06024
0.05984
0.05036
0.05318
0.05042
0.05952
0.06022
0.0658
0.06368
0.05684
0.05534
0.05428
0.0563
0.05238
0.04918
0.0533
0.04376
0.05438
0.04298
0.0545
0.05014
0.05286
0.06904
0.0751
0.05924
0.06714
0.05772
0.05794
0.05266
0.0622
0.04544
0.05954
0.06114
0.05618
0.06382
0.06194
0.0658
0.05148
0.05562
0.05226
0.05306
0.06152
0.05494
0.07224
0.06528
0.05874
0.0574
0.05648
0.06018
0.05868
0.04304
0.0561
0.04778
0.05718
0.04876
0.05728
0.03534
0.05572
0.05818
0.05724
0.06242
0.06998
0.05992
0.0642
0.05838
0.05944
0.0521
0.05444
0.06588
0.05708
0.05042
0.04828
0.05186
0.05268
0.06022
0.0623
0.05688
0.05016
0.04582
0.0516
0.06308
0.06722
0.05134
0.05254
0.04374
0.05766
0.06068
0.05056
0.05026
0.05324
0.05762
0.0508
0.05152
0.05832
0.06706
0.05432
0.06504
0.05784
0.0558
0.05228
0.04512
0.05352
0.06298
0.06822
0.06792
0.05244
0.04742
0.0507
0.0604
0.05886
0.0601
0.05994
0.06196
0.06268
0.05092
0.05856
0.06582
0.07346
0.06844
0.06202
0.05292
0.05996
0.056
0.06484
0.06322
0.05356
0.05262
0.07074
0.05782
0.05648
0.06492
0.04468
0.05326
0.05832
0.06386
0.05946
0.05252
0.05698
0.06206
0.06686
0.05958
0.05544
0.04732
0.04964
0.06716
0.05912
0.06186
0.05668
0.065
0.05506
0.05606
0.06126
0.06322
0.06458
0.05954
0.05552
0.06976
0.06036
0.05662
0.0501
0.05386
0.06434
0.05718
0.04724
0.05086
0.06162
0.05726
0.06064
0.06172
0.04926
0.05442
0.06284
0.05732
0.06238
0.06272
0.04826
0.05712
0.05528
0.05632
0.05278
0.05506
0.05938
0.05434
0.0651
0.06044
0.05836
0.04566
0.05244
0.057
0.06168
0.06604
0.06926
0.06522
0.06324
0.05494
0.06648
0.05834
0.04714
0.0428
0.05772
0.06278
0.06072
0.05996
0.06898
0.06142
0.06072
0.05858
0.06724
0.05492
0.0602
0.06794
0.06298
0.06244
0.06318
0.0641
0.06288
0.07294
0.073
0.06546
0.05628
0.05662
0.05606
0.05874
0.06792
0.06356
0.05658
0.05144
0.06292
0.06322
0.0613
0.05934
0.05456
0.04836
0.06282
0.05974
0.0645
0.0597
0.05014
0.0639
0.05646
0.04958
0.05236
0.06016
0.04728
0.05818
0.06834
0.05992
0.0588
0.04916
0.0552
0.05908
0.0558
0.03946
0.0518
0.05324
0.06114
0.05226
0.0507
0.04804
0.04814
0.04384
0.06888
0.06736
0.057
0.05928
0.05026
0.05366
0.0423
0.05408
0.0569
0.06292
0.06444
0.04894
0.05362
0.06992
0.0611
0.05638
0.05392
0.06214
0.05928
0.06312
0.06756
0.07152
0.0463
0.05934
0.0486
0.05954
0.05942
0.0601
0.05074
0.0496
0.06674
0.06782
0.0648
0.05954
0.05588
0.0448
0.05304
0.05274
0.04988
0.0627
0.06422
0.0651
0.04686
0.04964
0.05792
0.06458
0.06808
0.06334
0.07596
0.06394
0.05132
0.06348
0.05294
0.06506
0.04978
0.046
0.05968
0.05046
0.06164
0.06076
0.047
0.0522
0.04936
0.05646
0.05768
0.05858
0.06088
0.0616
0.04696
0.05168
0.05288
0.05746
0.05824
0.06302
0.06428
0.05582
0.06534
0.05324
0.06888
0.05888
0.06334
0.05636
0.05818
0.06212
0.04708
0.0594
0.06392
0.0592
0.06196
0.05636
0.05266
0.0485
0.0528
0.0506
0.04762
0.05416
0.05232
0.05548
0.05916
0.05596
0.06728
0.05756
0.0573
0.0722
0.05486
0.06454
0.07378
0.07128
0.05942
0.064
0.0628
0.06446
0.05932
0.05628
0.05412
0.05926
0.06074
0.05018
0.04524
0.05056
0.06412
0.0573
0.06278
0.0612
0.0601
0.045
0.06046
0.05328
0.06444
0.0577
0.05278
0.05178
0.065
0.05414
0.05772
0.0606
0.05994
0.06968
0.06214
0.06798
0.052
0.05906
0.07212
0.07916
0.0519
0.05436
0.06066
0.05634
0.06112
0.07552
0.07162
0.05316
0.04816
0.03292
0.05392
0.04712
0.04846
0.07714
0.066
0.06358
0.05482
0.06192
0.06092
0.06118
0.07278
0.07048
0.0629
0.05322
0.06406
0.07076
0.06098
0.0652
0.06932
0.05726
0.04496
0.05706
0.06226
0.0541
0.0674
0.0471
0.05576
0.05868
0.06658
0.06454
0.05742
0.061
0.06048
0.05822
0.06882
0.06604
0.04606
0.0505
0.05874
0.06646
0.0609
0.06694
0.05802
0.04984
0.04996
0.07198
0.06412
0.06248
0.04634
0.0399
0.06044
0.0634
0.05918
0.05002
0.05256
0.06818
0.05044
0.06174
0.05542
0.05794
0.05682
0.0535
0.04788
0.0521
0.07446
0.05798
0.05578
0.06406
0.0615
0.06284
0.05784
0.06178
0.05774
0.05164
0.05638
0.0504
0.05214
0.0525
0.04078
0.06934
0.05678
0.05768
0.0579
0.06166
0.04424
0.04664
0.05058
0.05192
0.05016
0.05504
0.05518
0.05472
0.06332
0.05554
0.05638
0.0572
0.05648
0.05458
0.06496
0.05328
0.05346
0.04782
0.056
0.0581
0.05432
0.05972
0.05638
0.04964
0.0671
0.05098
0.05684
0.04178
0.06706
0.05532
0.05944
0.05198
0.05904
0.04844
0.05088
0.0615
0.05592
0.05096
0.0654
0.05778
0.05236
0.05478
0.065
0.05472
0.05392
0.0589
0.06024
0.06096
0.07002
0.0613
0.06844
0.0585
0.0464
0.05382
0.05822
0.0611
0.06188
0.05948
0.05222
0.07096
0.05478
0.05182
0.05296
0.0506
0.04922
0.06574
0.05634
0.05424
0.05924
0.06346
0.05272
0.05976
0.06464
0.05452
0.06536
0.05376
0.04588
0.04824
0.06108
0.05282
0.0528
0.05988
0.05946
0.06532
0.06006
0.05798
0.05502
0.06008
0.06758
0.06132
0.0558
0.05836
0.05756
0.06028
0.04856
0.05082
0.05544
0.0547
0.05372
0.06472
0.06404
0.06648
0.05852
0.06402
0.05672
0.0542
0.06532
0.06496
0.05282
0.0474
0.06222
0.05138
0.04898
0.04598
0.05414
0.0587
0.05594
0.05432
0.06148
0.04246
0.05136
0.05
0.05582
0.04752
0.04766
0.05464
0.06096
0.05238
0.06364
0.06436
0.05264
0.05588
0.04218
0.05568
0.05306
0.0529
0.06038
0.0594
0.04174
0.06394
0.05254
0.06608
0.05766
0.06014
0.04696
0.04822
0.0662
0.06508
0.05908
0.06036
0.06276
0.06322
0.0671
0.05622
0.06302
0.06422
0.06446
0.06758
0.06702
0.04894
0.06604
0.06084
0.05976
0.06796
0.0686
0.06824
0.05682
0.06258
0.06432
0.0516
0.0609
0.05966
0.06662
0.06522
0.0599
0.0505
0.05548
0.0617
0.06538
0.05966
0.05896
0.05066
0.0561
0.0589
0.05404
0.04856
0.05684
0.05032
0.06074
0.06318
0.0545
0.06306
0.0583
0.0596
0.05616
0.06166
0.06718
0.0588
0.0599
0.06064
0.06154
0.0517
0.05726
0.06074
0.05062
0.05396
0.05404
0.05926
0.05454
0.05344
0.05832
0.06498
0.05702
0.06834
0.06602
0.06748
0.06072
0.0482
0.0431
0.06572
0.0592
0.05588
0.05272
0.05798
0.05908
0.05708
0.06
0.04886
0.06472
0.04952
0.06062
0.05404
0.04668
0.03976
0.0539
0.05076
0.05384
0.04854
0.04174
0.06154
0.05526
0.06556
0.05614
0.06074
0.06338
0.05818
0.0564
0.0445
0.04772
0.0688
0.06962
0.05394
0.0553
0.05832
0.06906
0.06298
0.05372
0.06754
0.06722
0.0605
0.05804
0.06364
0.06208
0.05594
0.06622
0.0579
0.06536
0.0533
0.05336
0.05926
0.05616
0.0553
0.05624
0.06424
0.06656
0.05612
0.05902
0.05134
0.04892
0.06682
0.05682
0.05048
0.05146
0.05222
0.05652
0.04878
0.0492
0.06878
0.06112
0.0575
0.0557
0.05812
0.05738
0.05728
0.0573
0.05978
0.04868
0.05404
0.06316
0.06128
0.0613
0.05024
0.05622
0.04722
0.04478
0.05408
0.06524
0.0531
0.0438
0.06256
0.0611
0.05292
0.04868
0.06064
0.05932
0.07062
0.07428
0.051
0.0518
0.05786
0.05636
0.04856
0.05322
0.06266
0.06246
0.06084
0.06284
0.0584
0.05834
0.06816
0.05526
0.0676
0.0554
0.05788
0.0596
0.0493
0.06334
0.05648
0.06086
0.06184
0.05106
0.04882
0.05354
0.05876
0.05402
0.05196
0.07158
0.06794
0.0578
0.06118
0.05796
0.05446
0.06184
0.0646
0.0659
0.04306
0.05708
0.05976
0.056
0.06964
0.04638
0.05474
0.04386
0.05952
0.06124
0.0551
0.05796
0.06742
0.05928
0.0687
0.06154
0.06082
0.061
0.06646
0.05026
0.05392
0.04752
0.0662
0.06088
0.05056
0.06298
0.06984
0.0514
0.05376
0.0561
0.06054
0.05406
0.06182
0.05194
0.04874
0.05724
0.04668
0.05562
0.04936
0.06672
0.0559
0.0558
0.05388
0.05998
0.05848
0.04932
0.04288
0.07742
0.05918
0.05624
0.0696
0.05226
0.04582
0.0561
0.0547
0.05394
0.06144
0.07632
0.06234
0.06176
0.05604
0.06808
0.06244
0.06202
0.06114
0.07034
0.06148
0.0568
0.05712
0.06264
0.05412
0.05214
0.04826
0.0401
0.05018
0.06148
0.0631
0.05576
0.04542
0.04918
0.06994
0.0731
0.06988
0.05678
0.06292
0.05276
0.06144
0.05908
0.06206
0.06736
0.05246
0.05368
0.0653
0.0672
0.06546
0.06348
0.05964
0.06278
0.06138
0.06468
0.07482
0.06582
0.06392
0.06768
0.06998
0.05922
0.05168
0.06078
0.0578
0.07132
0.06078
0.06662
0.05976
0.06198
0.054
0.06636
0.06722
0.05762
0.06296
0.06236
0.05868
0.0451
0.06502
0.06132
0.07026
0.05652
0.05512
0.0457
0.06294
0.06014
0.0608
0.05116
0.06296
0.05706
0.0508
0.05396
0.05994
0.0648
0.05324
0.05844
0.07142
0.0678
0.071
0.06234
0.06004
0.04576
0.04856
0.05258
0.0537
0.06584
0.0573
0.05954
0.0588
0.04928
0.05834
0.05038
0.06462
0.0541
0.0572
0.05816
0.05878
0.05538
0.06692
0.05744
0.04952
0.05988
0.05768
0.06502
0.05866
0.05028
0.04788
0.05574
0.0525
0.074
0.06294
0.06194
0.06782
0.05878
0.05914
0.06216
0.05848
0.05774
0.05672
0.05798
0.06078
0.06472
0.0607
0.0564
0.06974
0.04884
0.06186
0.06264
0.06294
0.06632
0.07568
0.05318
0.06444
0.04886
0.06272
0.06192
0.05764
0.06138
0.06552
0.05408
0.05228
0.04588
0.06524
0.06166
0.04274
0.05494
0.06064
0.0634
0.06304
0.0642
0.05924
0.05902
0.05724
0.05474
0.0539
0.06904
0.06752
0.06474
0.0617
0.0664
0.05762
0.05966
0.05034
0.05172
0.04442
0.05914
0.05588
0.06706
0.06206
0.05762
0.06252
0.04834
0.0535
0.0633
0.05976
0.05588
0.0523
0.063
0.05524
0.04134
0.05726
0.05294
0.05856
0.04892
0.05988
0.05974
0.07364
0.0462
0.05216
0.05556
0.06556
0.05538
0.04754
0.05922
0.0612
0.05854
0.06098
0.05308
0.07148
0.07402
0.06324
0.06638
0.06498
0.06228
0.06392
0.0675
0.05022
0.04728
0.0553
0.05868
0.06274
0.06286
0.05992
0.0677
0.06728
0.05492
0.05104
0.05138
0.0563
0.06314
0.0579
0.04882
0.06958
0.055
0.0524
0.05782
0.05216
0.05778
0.0516
0.06712
0.06262
0.05814
0.05516
0.05898
0.06008
0.0573
0.06594
0.05868
0.06586
0.064
0.06574
0.06084
0.06126
0.05856
0.05572
0.05592
0.0493
0.04836
0.04954
0.05312
0.059
0.05974
0.06334
0.05438
0.05768
0.04432
0.062
0.06922
0.05838
0.07202
0.05384
0.05824
0.0484
0.06174
0.05724
0.08094
0.06138
0.05552
0.05708
0.06088
0.05646
0.05816
0.06482
0.05418
0.05626
0.059
0.06402
0.05878
0.04824
0.0657
0.0762
0.06794
0.0699
0.06274
0.06456
0.05446
0.06066
0.05996
0.05726
0.05578
0.0499
0.06068
0.05768
0.06454
0.05968
0.05698
0.06128
0.05238
0.03908
0.05848
0.06758
0.05968
0.05624
0.04968
0.0488
0.05568
0.0678
0.06008
0.06196
0.06102
0.06804
0.07
0.06302
0.05102
0.05894
0.04704
0.05328
0.0593
0.05664
0.05214
0.05228
0.0569
0.05094
0.04352
0.05048
0.0676
0.05712
0.06176
0.05904
0.05598
0.05916
0.05526
0.06988
0.06288
0.06534
0.05556
0.05672
0.05364
0.04882
0.05606
0.06164
0.05572
0.06006
0.05388
0.05882
0.04798
0.04196
0.06232
0.06432
0.04886
0.04862
0.05366
0.06244
0.06494
0.06552
0.0641
0.0682
0.05546
0.05938
0.04672
0.07266
0.04598
0.05492
0.06582
0.06158
0.04972
0.07678
0.05458
0.06334
0.05026
0.05224
0.05032
0.0656
0.06388
0.05814
0.06214
0.0564
0.05812
0.05922
0.05262
0.04438
0.05766
0.0658
0.05424
0.04946
0.05444
0.05806
0.06094
0.06616
0.05572
0.0586
0.06266
0.06106
0.06262
0.06138
0.06072
0.0531
0.06066
0.06018
0.0551
0.0624
0.06174
0.0602
0.06188
0.05892
0.05368
0.04218
0.0506
0.05364
0.061
0.04378
0.04704
0.05402
0.05942
0.06778
0.06116
0.05576
0.04802
0.05816
0.0562
0.06244
0.05132
0.05226
0.0522
0.0642
0.05322
0.06122
0.04942
0.05532
0.0499
0.05738
0.05986
0.05218
0.06402
0.05796
0.0523
0.04214
0.04594
0.05454
0.05238
0.06478
0.05114
0.05938
0.05594
0.05694
0.06156
0.06632
0.0495
0.05834
0.06246
0.0714
0.066
0.0517
0.06596
0.05122
0.07296
0.0602
0.056
0.05852
0.06164
0.06418
0.05046
0.05024
0.05906
0.0469
0.06284
0.07312
0.0632
0.04548
0.0679
0.06386
0.06134
0.04352
0.0638
0.06294
0.05904
0.06196
0.06806
0.05916
0.0476
0.06322
0.05068
0.06574
0.04984
0.05214
0.05976
0.06474
0.04988
0.05562
0.06202
0.06342
0.05546
0.0483
0.05148
0.0583
0.04974
0.05802
0.05842
0.04968
0.06386
0.05644
0.05904
0.0515
0.05376
0.06354
0.04416
0.0633
0.05282
0.04814
0.0636
0.04876
0.05516
0.06096
0.07108
0.06718
0.05136
0.05364
0.07134
0.05746
0.05814
0.0571
0.04904
0.06426
0.06032
0.06532
0.06194
0.0668
0.051
0.05066
0.04448
0.05672
0.06054
0.04722
0.06564
0.0636
0.06142
0.06702
0.05672
0.06052
0.06346
0.05674
0.0635
0.0651
0.0634
0.0586
0.0487
0.06368
0.08374
0.05426
0.05826
0.06916
0.05962
0.06072
0.06484
0.06002
0.05618
0.05316
0.0685
0.05664
0.0524
0.06328
0.0605
0.05886
0.0687
0.0608
0.07208
0.0696
0.06092
0.0613
0.06372
0.06076
0.05828
0.06154
0.06316
0.05384
0.06006
0.0537
0.07188
0.047
0.0703
0.06852
0.06862
0.05366
0.05006
0.05556
0.04898
0.04302
0.06124
0.05454
0.05498
0.06048
0.05066
0.06092
0.06176
0.04946
0.05158
0.0555
0.06034
0.06278
0.06104
0.05616
0.0597
0.0729
0.06052
0.05614
0.05152
0.05764
0.0665
0.06812
0.05348
0.05708
0.05888
0.06036
0.0577
0.06234
0.0561
0.0609
0.06538
0.05612
0.05446
0.04712
0.06098
0.05382
0.05286
0.06394
0.04858
0.05772
0.05274
0.05316
0.0515
0.05124
0.04604
0.07426
0.062
0.05978
0.0651
0.05146
0.05058
0.05016
0.05202
0.05396
0.04948
0.0651
0.06298
0.06158
0.0545
0.05022
0.06374
0.0586
0.04388
0.05424
0.037
0.058
0.05458
0.05012
0.04904
0.05078
0.05816
0.05388
0.06026
0.05808
0.05358
0.06178
0.05682
0.05268
0.06084
0.06438
0.0688
0.07418
0.06522
0.06002
0.04964
0.05276
0.04734
0.05408
0.05622
0.0589
0.07126
0.04926
0.0576
0.06022
0.05638
0.06974
0.05066
0.05654
0.06
0.04248
0.06224
0.06058
0.05836
0.04914
0.06632
0.06056
0.06406
0.0581
0.0615
0.0617
0.06054
0.05576
0.06694
0.06246
0.0671
0.06204
0.0602
0.05992
0.04844
0.05506
0.04912
0.05032
0.05272
0.04988
0.0549
0.05104
0.05366
0.04456
0.06306
0.05586
0.05768
0.0586
0.06686
0.06792
0.06278
0.04832
0.06146
0.05502
0.0601
0.06066
0.05138
0.0568
0.0567
0.06004
0.05668
0.05302
0.05726
0.05396
0.06674
0.05132
0.0522
0.05558
0.05302
0.06016
0.06482
0.05554
0.0508
0.06084
0.0556
0.05682
0.06578
0.05492
0.05658
0.05448
0.05152
0.0509
0.05082
0.0542
0.06438
0.06052
0.05466
0.0611
0.06574
0.07438
0.0688
0.07034
0.06236
0.05048
0.05584
0.05268
0.04804
0.06094
0.05888
0.06076
0.06294
0.06052
0.05698
0.05572
0.05896
0.05968
0.0619
0.05696
0.05806
0.04808
0.04102
0.05346
0.07156
0.07342
0.06508
0.06194
0.06052
0.0601
0.06054
0.06058
0.06998
0.07196
0.0626
0.05472
0.0567
0.04562
0.05824
0.05708
0.06242
0.05954
0.06386
0.04942
0.0436
0.06946
0.0506
0.05696
0.06488
0.06418
0.06474
0.06054
0.05476
0.05654
0.06386
0.05318
0.06128
0.06368
0.05448
0.04652
0.04026
0.05318
0.04596
0.06098
0.05412
0.05376
0.05674
0.06718
0.0746
0.06788
0.06368
0.06726
0.0706
0.0513
0.0564
0.0658
0.06728
0.05946
0.0668
0.05846
0.0515
0.06
0.05204
0.05484
0.04462
0.0464
0.06298
0.06352
0.04856
0.05962
0.0602
0.06874
0.05522
0.05964
0.05012
0.0696
0.05688
0.0548
0.04784
0.05702
0.0502
0.0627
0.05644
0.04294
0.0456
0.05896
0.06688
0.06556
0.06964
0.04978
0.05874
0.05398
0.05486
0.05308
0.06172
0.07004
0.06062
0.05898
0.05228
0.06592
0.06978
0.06118
0.06362
0.06898
0.06712
0.0713
0.05946
0.07376
0.06558
0.0621
0.04056
0.05434
0.056
0.05768
0.04958
0.05426
0.06566
0.07204
0.05944
0.06412
0.05218
0.05184
0.0531
0.05966
0.06138
0.06408
0.0566
0.0505
0.06294
0.0528
0.05508
0.05432
0.05532
0.05374
0.06614
0.05996
0.05584
0.05732
0.06964
0.05464
0.05622
0.05802
0.06444
0.05098
0.06104
0.05244
0.05236
0.06062
0.0599
0.05806
0.06876
0.06088
0.04834
0.05448
0.06124
0.05696
0.0639
0.0419
0.04472
0.05646
0.05782
0.05092
0.05542
0.04898
0.05728
0.05598
0.06856
0.06248
0.06682
0.05398
0.05362
0.0584
0.05968
0.05658
0.04498
0.04984
0.0578
0.0671
0.06788
0.0603
0.05854
0.06136
0.04938
0.05408
0.05196
0.06042
0.05492
0.05358
0.05322
0.058
0.05246
0.04974
0.05542
0.05302
0.04506
0.05474
0.06258
0.05814
0.0644
0.06634
0.05602
0.05468
0.05752
0.04686
0.05626
0.0517
0.06078
0.0529
0.05376
0.04066
0.0514
0.05216
0.06112
0.06064
0.06026
0.05728
0.05372
0.04382
0.06448
0.06226
0.06064
0.05778
0.06884
0.06122
0.05854
0.05728
0.06128
0.0553
0.04788
0.04386
0.05286
0.04174
0.05706
0.05416
0.06288
0.06066
0.0716
0.06446
0.06086
0.0552
0.06356
0.05986
0.0515
0.05348
0.05498
0.04822
0.04692
0.05054
0.05022
0.0507
0.04986
0.05982
0.05662
0.05706
0.05018
0.06596
0.06636
0.06884
0.06258
0.0506
0.0597
0.06356
0.0617
0.05732
0.06478
0.05992
0.05442
0.05562
0.06276
0.06616
0.06886
0.0754
0.0712
0.05054
0.06098
0.05232
0.05398
0.05378
0.05092
0.06008
0.05602
0.05258
0.04046
0.05226
0.06386
0.06026
0.05832
0.06584
0.061
0.07176
0.05872
0.05754
0.05022
0.06596
0.06124
0.0659
0.05646
0.05152
0.06782
0.0487
0.04984
0.05736
0.04892
0.05868
0.06178
0.05586
0.05426
0.06196
0.06076
0.05572
0.05354
0.05062
0.0662
0.06894
0.0555
0.07336
0.0523
0.06142
0.06422
0.05312
0.04804
0.05234
0.05778
0.06142
0.06154
0.05756
0.05008
0.0558
0.06676
0.05602
0.04956
0.06758
0.05114
0.05982
0.0626
0.05348
0.05074
0.05874
0.06632
0.06134
0.06376
0.05946
0.05984
0.05936
0.074
0.06502
0.07154
0.06768
0.04946
0.04816
0.05444
0.05552
0.06448
0.06878
0.06242
0.05302
0.05444
0.05368
0.05774
0.05508
0.05038
0.05868
0.06026
0.06322
0.05366
0.06066
0.05326
0.0543
0.06272
0.06352
0.05402
0.05534
0.06712
0.06876
0.05212
0.05772
0.05926
0.05584
0.05404
0.05522
0.05176
0.05878
0.05522
0.0514
0.04826
0.05468
0.06796
0.05792
0.0582
0.05714
0.0628
0.0541
0.05658
0.05888
0.06716
0.06762
0.0618
0.07218
0.0656
0.05632
0.05604
0.06934
0.05642
0.0529
0.05016
0.06538
0.05806
0.0646
0.06512
0.06164
0.06386
0.05062
0.05554
0.06094
0.06886
0.05388
0.04894
0.05076
0.05448
0.06394
0.05988
0.07068
0.05732
0.05134
0.06722
0.0531
0.05088
0.0517
0.05844
0.06318
0.06996
0.05676
0.04756
0.04504
0.05054
0.04992
0.0566
0.06474
0.05512
0.06394
0.06236
0.05626
0.0584
0.05424
0.05182
0.0623
0.05578
0.0638
0.06876
0.0628
0.05944
0.06282
0.06104
0.0514
0.06074
0.05212
0.05936
0.07112
0.06436
0.0662
0.06758
0.05754
0.04784
0.04904
0.06234
0.05918
0.06512
0.05846
0.05918
0.04988
0.071
0.07242
0.0558
0.07134
0.06582
0.06708
0.05442
0.05932
0.06134
0.06752
0.06406
0.06034
0.05456
0.06118
0.05484
0.05884
0.0656
0.04946
0.05344
0.05974
0.05438
0.04738
0.05826
0.05626
0.04872
0.06046
0.0536
0.05014
0.04828
0.04294
0.05942
0.04382
0.0464
0.05584
0.05424
0.05596
0.05166
0.0654
0.04966
0.04832
0.04808
0.05296
0.07246
0.05718
0.05794
0.04652
0.0508
0.05198
0.05802
0.05342
0.06692
0.05938
0.06052
0.07466
0.05782
0.06358
0.05442
0.05028
0.0578
0.05622
0.0511
0.05264
0.05096
0.0515
0.06488
0.06748
0.07734
0.05016
0.05882
0.06544
0.06428
0.06686
0.07342
0.05742
0.05558
0.06088
0.0645
0.05606
0.0513
0.05024
0.05504
0.07072
0.06038
0.06958
0.04992
0.05622
0.0463
0.0549
0.05754
0.0516
0.05178
0.05336
0.06138
0.06474
0.0632
0.06084
0.05564
0.057
0.0611
0.04574
0.0591
0.0573
0.0568
0.05996
0.06184
0.06856
0.0587
0.0548
0.05084
0.05556
0.06166
0.05678
0.05232
0.05294
0.065
0.05352
0.06584
0.06134
0.05508
0.0515
0.06676
0.05182
0.0596
0.05658
0.05542
0.05558
0.05096
0.03602
0.06312
0.05288
0.06258
0.06494
0.06272
0.06208
0.06716
0.06226
0.0685
0.05594
0.0553
0.06016
0.06148
0.06362
0.0578
0.06372
0.05536
0.05552
0.05122
0.0563
0.0621
0.06182
0.07128
0.05368
0.05938
0.06264
0.06772
0.04786
0.06434
0.05832
0.06888
0.05244
0.046
0.04398
0.05614
0.06034
0.05854
0.06866
0.05224
0.05348
0.04324
0.04946
0.061
0.06116
0.06162
0.0577
0.06624
0.06232
0.04786
0.0591
0.05778
0.05774
0.0596
0.05352
0.06204
0.06768
0.04788
0.0488
0.0519
0.05392
0.06284
0.05286
0.0581
0.05032
0.05806
0.06158
0.05412
0.05456
0.04888
0.05238
0.05834
0.05794
0.04628
0.05796
0.05722
0.06354
0.05792
0.05838
0.05538
0.0569
0.05658
0.05858
0.0572
0.0571
0.06712
0.0653
0.05224
0.0541
0.06234
0.06438
0.05906
0.05312
0.05716
0.05298
0.05662
0.05984
0.0606
0.05066
0.06782
0.07058
0.05262
0.04886
0.0479
0.05276
0.05748
0.04484
0.0633
0.07084
0.0617
0.04684
0.05424
0.06016
0.05076
0.05386
0.05386
0.06534
0.06538
0.05526
0.05506
0.06252
0.05512
0.06624
0.06728
0.06328
0.06604
0.06276
0.0573
0.05662
0.06914
0.06954
0.0649
0.05664
0.05604
0.0609
0.06238
0.0502
0.04642
0.05672
0.07
0.05648
0.05566
0.06102
0.05606
0.06744
0.05496
0.05782
0.06358
0.0601
0.06616
0.06338
0.06154
0.05076
0.05492
0.05214
0.06238
0.0528
0.05804
0.06658
0.05874
0.05966
0.066
0.04926
0.06098
0.06236
0.05608
0.05492
0.06244
0.0676
0.05116
0.0547
0.0523
0.05048
0.05904
0.05786
0.06006
0.0637
0.06276
0.05762
0.06934
0.04448
0.05958
0.05672
0.06958
0.06436
0.04414
0.03582
0.0681
0.05676
0.05668
0.05636
0.0648
0.0703
0.05412
0.05292
0.06634
0.06432
0.0667
0.07022
0.07214
0.05812
0.05424
0.06986
0.06534
0.0622
0.06416
0.0579
0.05608
0.0538
0.05184
0.0552
0.05902
0.05866
0.04414
0.0659
0.05114
0.05552
0.04914
0.06244
0.06046
0.05388
0.04302
0.0469
0.0661
0.06736
0.05572
0.0605
0.06018
0.06216
0.06008
0.05624
0.05568
0.0709
0.06226
0.0605
0.05078
0.05062
0.0489
0.05562
0.06802
0.05128
0.05734
0.0637
0.06702
0.06138
0.05714
0.0497
0.05508
0.0467
0.06294
0.04464
0.05406
0.06796
0.06116
0.05296
0.0569
0.05356
0.05162
0.06762
0.05562
0.04454
0.0446
0.05842
0.06844
0.04966
0.0467
0.06914
0.06092
0.05982
0.05026
0.04216
0.06314
0.05222
0.0609
0.06412
0.0681
0.06568
0.05316
0.06082
0.06634
0.0531
0.06908
0.0692
0.04954
0.05052
0.04762
0.0552
0.05244
0.0539
0.05728
0.05514
0.05988
0.05212
0.04092
0.0478
0.0468
0.05414
0.07186
0.06106
0.0653
0.0643
0.07148
0.05532
0.04986
0.05172
0.05412
0.06748
0.066
0.06524
0.06108
0.06506
0.06364
0.06218
0.06186
0.05208
0.07162
0.05968
0.0679
0.06966
0.06294
0.05482
0.0496
0.04452
0.06208
0.06782
0.05858
0.06416
0.05356
0.05492
0.05072
0.05146
0.06224
0.04578
0.05882
0.05214
0.06434
0.06562
0.06396
0.04312
0.05618
0.04216
0.05172
0.05194
0.04082
0.04902
0.06658
0.05012
0.05266
0.04546
0.04236
0.05464
0.0668
0.05158
0.05414
0.0572
0.06478
0.05882
0.06328
0.0561
0.05392
0.05476
0.05112
0.06286
0.0585
0.04234
0.05626
0.05718
0.06176
0.05858
0.0541
0.0507
0.05384
0.05196
0.05678
0.05166
0.05332
0.05822
0.0582
0.06872
0.03906
0.04746
0.05002
0.0617
0.0591
0.05026
0.06122
0.05844
0.05996
0.06106
0.04266
0.0533
0.06196
0.06406
0.05912
0.04768
0.05454
0.05612
0.05734
0.06174
0.05822
0.06404
0.05534
0.06466
0.06358
0.05958
0.05326
0.05676
0.04458
0.06422
0.05258
0.04788
0.06768
0.06538
0.06142
0.06282
0.04912
0.06158
0.05798
0.06338
0.04708
0.05798
0.04866
0.05112
0.05398
0.06188
0.063
0.07966
0.05402
0.06546
0.0536
0.0721
0.05576
0.05692
0.06088
0.04724
0.05518
0.05906
0.07154
0.06434
0.0685
0.05378
0.0585
0.06324
0.05996
0.06568
0.06696
0.0611
0.06332
0.0624
0.0625
0.06658
0.0552
0.05448
0.05876
0.06826
0.0657
0.05514
0.0647
0.04924
0.05764
0.06006
0.05182
0.05892
0.04986
0.06126
0.06344
0.06084
0.05732
0.05806
0.04484
0.04728
0.05648
0.07252
0.06028
0.06114
0.06322
0.0633
0.06758
0.058
0.07062
0.0623
0.05792
0.06186
0.0552
0.05934
0.06222
0.06422
0.06202
0.05312
0.06524
0.0655
0.05446
0.0659
0.06502
0.0508
0.05292
0.05962
0.0489
0.06514
0.04676
0.0492
0.05456
0.05924
0.0594
0.06252
0.06472
0.06848
0.05804
0.0605
0.05396
0.06242
0.04572
0.05816
0.05928
0.0666
0.05908
0.04858
0.06006
0.05322
0.0682
0.06736
0.04644
0.05806
0.06376
0.06008
0.06666
0.07224
0.07196
0.06594
0.06794
0.06152
0.05872
0.06512
0.0598
0.05794
0.05256
0.04424
0.048
0.05976
0.05522
0.05868
0.06314
0.06562
0.06396
0.05676
0.05848
0.05502
0.06086
0.05662
0.0435
0.05692
0.04196
0.05102
0.0559
0.0652
0.06344
0.05544
0.0608
0.05706
0.06474
0.06266
0.0577
0.06236
0.06406
0.05662
0.0623
0.05476
0.05654
0.06574
0.0538
0.05406
0.06022
0.04488
0.05794
0.05566
0.04836
0.05344
0.06612
0.06524
0.06048
0.06298
0.05296
0.06558
0.06228
0.06546
0.05394
0.0592
0.05184
0.0653
0.0615
0.05622
0.0488
0.05372
0.05442
0.0585
0.06358
0.06078
0.05618
0.06282
0.06312
0.05352
0.07136
0.07348
0.0642
0.06228
0.0578
0.06148
0.05264
0.0573
0.05144
0.0692
0.06988
0.057
0.05668
0.06278
0.0509
0.0567
0.05676
0.04638
0.04522
0.06342
0.0639
0.06566
0.06148
0.05848
0.07088
0.06492
0.05674
0.0434
0.04984
0.0554
0.06008
0.05426
0.0653
0.05616
0.06352
0.05982
0.06484
0.05872
0.0605
0.05102
0.0513
0.05234
0.0529
0.0538
0.05186
0.04886
0.05968
0.043
0.05078
0.05526
0.05926
0.06992
0.05842
0.0539
0.06066
0.07254
0.06486
0.0662
0.05108
0.06924
0.06264
0.05532
0.0639
0.0583
0.059
0.0682
0.06292
0.0695
0.06114
0.0569
0.06346
0.0585
0.0502
0.05428
0.0593
0.05982
0.0611
0.05812
0.04598
0.04412
0.05222
0.06008
0.06742
0.06332
0.06042
0.04762
0.0703
0.06728
0.04922
0.04864
0.06188
0.05148
0.0536
0.053
0.05736
0.06518
0.0626
0.05458
0.05398
0.07116
0.05852
0.05906
0.05276
0.06086
0.06552
0.06112
0.0501
0.05656
0.06774
0.06424
0.06026
0.06812
0.05936
0.06602
0.0472
0.05526
0.06424
0.06628
0.05166
0.05806
0.05332
0.0622
0.04974
0.0531
0.0627
0.06524
0.07222
0.06084
0.07406
0.05416
0.0596
0.0491
0.04994
0.0614
0.0585
0.04848
0.06216
0.05094
0.0505
0.06966
0.07034
0.0683
0.05898
0.0596
0.06424
0.06474
0.05732
0.05308
0.05874
0.06044
0.0588
0.06754
0.06066
0.05612
0.05984
0.068
0.06238
0.05532
0.07132
0.06634
0.04894
0.05382
0.05332
0.05254
0.04828
0.05716
0.06128
0.05026
0.05614
0.06168
0.04674
0.05472
0.07198
0.05768
0.05798
0.06062
0.05288
0.0503
0.0467
0.05554
0.05668
0.0487
0.05614
0.05422
0.0651
0.05634
0.05788
0.05508
0.06428
0.05568
0.05078
0.04982
0.0557
0.04496
0.06492
0.0669
0.06724
0.05898
0.0565
0.04528
0.05292
0.0522
0.06904
0.0723
0.05184
0.05172
0.04542
0.0685
0.06196
0.05946
0.0642
0.06092
0.05286
0.05876
0.04894
0.05076
0.0632
0.0771
0.05316
0.05838
0.06694
0.06164
0.0535
0.05594
0.0587
0.0653
0.05772
0.06104
0.06488
0.06818
0.06508
0.05862
0.0737
0.05636
0.05064
0.0435
0.05528
0.05974
0.05652
0.0562
0.04564
0.0599
0.05862
0.06176
0.05598
0.0566
0.05624
0.06146
0.06504
0.06344
0.0505
0.05238
0.05334
0.05746
0.04884
0.05078
0.05978
0.05566
0.05612
0.04414
0.0517
0.05852
0.05034
0.06206
0.05768
0.07342
0.05852
0.06028
0.05962
0.06336
0.05096
0.05838
0.05606
0.05346
0.06452
0.05272
0.0551
0.05338
0.04802
0.05808
0.05054
0.04846
0.05032
0.05166
0.06218
0.0598
0.06452
0.06124
0.06162
0.05468
0.05452
0.06308
0.06586
0.0539
0.06306
0.05232
0.05362
0.06818
0.0678
0.07308
0.06318
0.0541
0.05966
0.04998
0.05348
0.0548
0.04442
0.06058
0.06422
0.05234
0.05038
0.05014
0.06806
0.06318
0.05912
0.0589
0.05524
0.06134
0.04898
0.06218
0.0504
0.06764
0.06042
0.06152
0.05284
0.05004
0.0545
0.06354
0.05588
0.05558
0.05032
0.06248
0.05266
0.05632
0.06044
0.05702
0.04032
0.0613
0.06442
0.05852
0.05696
0.0641
0.07026
0.06838
0.06264
0.05856
0.04074
0.04922
0.0508
0.0695
0.06054
0.05336
0.05822
0.06102
0.06186
0.05324
0.06496
0.04994
0.04956
0.05434
0.05314
0.05168
0.05284
0.05634
0.06312
0.06006
0.06234
0.05936
0.05484
0.06038
0.05878
0.05566
0.06418
0.06054
0.0619
0.05652
0.05218
0.06096
0.06146
0.0597
0.05422
0.05436
0.0576
0.0614
0.05844
0.05748
0.05484
0.05222
0.05866
0.05894
0.0482
0.0585
0.06084
0.05412
0.0566
0.04674
0.0697
0.05822
0.0598
0.06282
0.06636
0.05678
0.05618
0.05864
0.05744
0.05248
0.07508
0.0656
0.05586
0.06676
0.0661
0.0587
0.059
0.05236
0.069
0.0621
0.05042
0.05312
0.0632
0.0566
0.06746
0.05344
0.05834
0.06294
0.07674
0.06442
0.05516
0.05502
0.06012
0.06682
0.07106
0.06424
0.05728
0.05738
0.0496
0.05266
0.05928
0.05222
0.0577
0.0581
0.0651
0.05548
0.0493
0.06576
0.05094
0.06144
0.05384
0.07084
0.06298
0.05642
0.06098
0.0544
0.05326
0.06534
0.05474
0.05658
0.06008
0.06634
0.06662
0.06316
0.0733
0.06678
0.0473
0.0468
0.06444
0.0611
0.04884
0.05414
0.05622
0.05622
0.05966
0.06948
0.0574
0.0525
0.05402
0.04586
0.04288
0.06168
0.05862
0.0534
0.05796
0.05808
0.06092
0.0482
0.06582
0.05426
0.06664
0.05568
0.05862
0.04818
0.04942
0.04986
0.05408
0.0572
0.05478
0.04642
0.04794
0.05038
0.05914
0.05074
0.04868
0.0627
0.05976
0.05844
0.07198
0.06886
0.05088
0.05076
0.04856
0.07154
0.0673
0.05802
0.05414
0.04944
0.05328
0.07074
0.05918
0.07066
0.0533
0.05974
0.06262
0.06002
0.05256
0.05954
0.0502
0.04702
0.05808
0.06442
0.06126
0.05978
0.06174
0.05816
0.0657
0.0614
0.05874
0.05972
0.05158
0.0513
0.06868
0.08
0.0603
0.05834
0.05628
0.06622
0.06186
0.07114
0.06618
0.053
0.0577
0.05644
0.0564
0.06164
0.06268
0.05896
0.06106
0.0573
0.05716
