0.99436
0.99392
0.99382
0.99498
0.99434
0.99438
0.99412
0.99404
0.9934
0.9941
0.99436
0.99394
0.99434
0.99404
0.99354
0.9946
0.99398
0.99464
0.99412
0.99394
0.99442
0.99424
0.99452
0.99448
0.99398
0.99434
0.99444
0.99386
0.9942
0.99396
0.99412
0.99362
0.9939
0.99438
0.9941
0.99364
0.9947
0.9942
0.99458
0.99406
0.9939
0.99416
0.99464
0.99434
0.99454
0.99434
0.994
0.99418
0.99406
0.99414
0.99462
0.9936
0.99482
0.99438
0.99408
0.99462
0.99368
0.9942
0.99368
0.99418
0.99434
0.99446
0.99378
0.99344
0.99456
0.99494
0.99448
0.99416
0.99444
0.99452
0.99432
0.99496
0.99466
0.99462
0.99422
0.99396
0.995
0.99474
0.99466
0.99444
0.99428
0.9946
0.99414
0.99392
0.99394
0.99444
0.99438
0.99378
0.99438
0.9933
0.99468
0.99438
0.99358
0.994
0.99434
0.9949
0.99394
0.99426
0.99394
0.99414
0.99412
0.99414
0.99442
0.9944
0.99416
0.99398
0.99406
0.99418
0.99418
0.99424
0.99458
0.99422
0.99424
0.9942
0.99442
0.9938
0.99456
0.99384
0.99432
0.99428
0.99452
0.9943
0.99412
0.9944
0.99382
0.99476
0.9942
0.99366
0.9945
0.99484
0.99412
0.99432
0.99388
0.99428
0.99368
0.9941
0.9944
0.99462
0.99508
0.99388
0.99352
0.99376
0.99442
0.994
0.9946
0.99402
0.99384
0.99456
0.99382
0.99368
0.9943
0.99384
0.99464
0.99394
0.99438
0.99368
0.99434
0.99388
0.99404
0.99416
0.9947
0.99444
0.995
0.9941
0.995
0.99448
0.99408
0.99436
0.9944
0.99444
0.99462
0.99452
0.9941
0.99494
0.99402
0.99454
0.99406
0.99398
0.99376
0.994
0.9934
0.99464
0.99384
0.99462
0.99392
0.99378
0.99448
0.9937
0.99452
0.9946
0.99388
0.99474
0.99458
0.99456
0.99374
0.99352
0.99352
0.99444
0.99374
0.9932
0.99436
0.99386
0.99474
0.9949
0.99414
0.99412
0.99412
0.99422
0.9944
0.9941
0.99436
0.99386
0.9942
0.99434
0.99366
0.99404
0.994
0.99424
0.99404
0.9944
0.9939
0.99428
0.99428
0.99412
0.99412
0.9949
0.99428
0.99424
0.99402
0.9938
0.9938
0.9945
0.99452
0.99438
0.99434
0.994
0.99408
0.99442
0.99452
0.99444
0.99472
0.99386
0.99424
0.99476
0.99408
0.99432
0.9941
0.99338
0.99414
0.99464
0.99396
0.99442
0.99352
0.99468
0.99394
0.99442
0.99374
0.9946
0.994
0.99474
0.9946
0.99372
0.9944
0.9944
0.99404
0.99402
0.9943
0.9952
0.99432
0.99398
0.99442
0.99436
0.99496
0.99416
0.99502
0.9941
0.99416
0.99408
0.99424
0.9948
0.99392
0.99422
0.9936
0.99428
0.9937
0.99424
0.99428
0.9934
0.99448
0.99454
0.9944
0.99442
0.99374
0.99404
0.99396
0.99472
0.99472
0.9936
0.99388
0.99396
0.9941
0.9941
0.99436
0.99402
0.99374
0.9947
0.99412
0.99468
0.99362
0.99458
0.9942
0.99346
0.99434
0.99464
0.99402
0.9949
0.9946
0.9942
0.99358
0.99378
0.99386
0.99464
0.99424
0.9938
0.99406
0.99378
0.9944
0.99452
0.99428
0.99426
0.99398
0.99456
0.99418
0.99396
0.99454
0.99524
0.99376
0.99426
0.99456
0.9944
0.99432
0.9946
0.99456
0.99476
0.99474
0.99474
0.9935
0.99412
0.9941
0.9943
0.994
0.99444
0.99462
0.99428
0.9945
0.99448
0.9943
0.99412
0.9939
0.99422
0.99488
0.99392
0.99392
0.99376
0.99322
0.99434
0.99412
0.99462
0.99412
0.9942
0.9945
0.99444
0.99408
0.9941
0.9942
0.99476
0.9938
0.9941
0.99474
0.99424
0.99444
0.99442
0.99486
0.9935
0.9942
0.99422
0.99328
0.99358
0.99402
0.99428
0.99408
0.99438
0.99484
0.9941
0.99422
0.99434
0.99434
0.99408
0.99366
0.99442
0.99436
0.9946
0.99452
0.99352
0.9936
0.99394
0.99396
0.9939
0.99426
0.99464
0.99402
0.9944
0.9944
0.9944
0.99392
0.99462
0.99386
0.99406
0.99424
0.9943
0.99418
0.99486
0.9935
0.99436
0.99462
0.99418
0.99418
0.99388
0.99454
0.99472
0.99342
0.99474
0.99412
0.99344
0.99368
0.99422
0.99466
0.9937
0.99446
0.99408
0.99378
0.99392
0.9943
0.99462
0.99442
0.9934
0.99472
0.99374
0.9945
0.99422
0.9944
0.99432
0.9945
0.99462
0.99492
0.99386
0.9937
0.99424
0.99404
0.995
0.99422
0.9945
0.99426
0.99404
0.99424
0.9942
0.9944
0.99408
0.99448
0.99494
0.9949
0.99348
0.99426
0.99374
0.9944
0.99454
0.99388
0.9941
0.99464
0.99392
0.99414
0.99402
0.99458
0.99454
0.9942
0.99424
0.99406
0.99414
0.9949
0.99402
0.99388
0.9938
0.9946
0.99408
0.99426
0.99494
0.99438
0.99424
0.9943
0.99436
0.99416
0.99446
0.99426
0.99404
0.99458
0.99386
0.99444
0.9942
0.99416
0.99394
0.9944
0.99482
0.99488
0.99462
0.99374
0.99458
0.99418
0.99424
0.99434
0.99404
0.99442
0.99474
0.99424
0.9942
0.99446
0.994
0.99418
0.99364
0.99476
0.994
0.99422
0.9941
0.9939
0.99322
0.99416
0.99404
0.99418
0.99418
0.99448
0.99438
0.99372
0.9939
0.99432
0.99422
0.99402
0.99432
0.99404
0.9944
0.99448
0.99428
0.99488
0.99428
0.99346
0.99436
0.9938
0.99394
0.99452
0.9941
0.9946
0.9936
0.99492
0.99378
0.99392
0.99462
0.99408
0.99396
0.99398
0.9944
0.99404
0.99452
0.99446
0.99402
0.99382
0.99442
0.9941
0.99438
0.99478
0.99412
0.99436
0.99452
0.99452
0.99452
0.99348
0.99474
0.9939
0.99408
0.9951
0.9936
0.99436
0.99408
0.99438
0.99474
0.99386
0.99398
0.9936
0.99484
0.9943
0.99386
0.9945
0.99524
0.99454
0.99466
0.99334
0.9939
0.99418
0.99388
0.99418
0.99418
0.99464
0.99418
0.99378
0.99442
0.99472
0.99398
0.99388
0.99448
0.99424
0.99402
0.9943
0.9946
0.9948
0.9942
0.99414
0.99434
0.9938
0.9946
0.9937
0.99388
0.99418
0.99348
0.99386
0.99416
0.9935
0.99492
0.99482
0.99444
0.99422
0.99382
0.99418
0.99424
0.99438
0.9938
0.99448
0.99422
0.99444
0.99394
0.99312
0.9945
0.9942
0.99462
0.99358
0.99392
0.9934
0.99382
0.9941
0.99412
0.99354
0.9944
0.99478
0.99354
0.99432
0.99398
0.9941
0.99402
0.9943
0.99424
0.9933
0.99376
0.99452
0.99408
0.99456
0.9949
0.99446
0.99448
0.99408
0.9942
0.99406
0.99382
0.9946
0.99342
0.99436
0.99348
0.99446
0.99504
0.99418
0.99412
0.99376
0.9945
0.99456
0.99474
0.99442
0.99374
0.9944
0.99432
0.99366
0.99348
0.99416
0.99414
0.99356
0.99464
0.99388
0.9941
0.99394
0.9942
0.99408
0.99466
0.99424
0.99466
0.99402
0.99388
0.9944
0.99358
0.99358
0.99448
0.99432
0.99428
0.9939
0.9941
0.99492
0.9945
0.99442
0.9943
0.99426
0.99428
0.99376
0.99422
0.99404
0.99462
0.99382
0.99444
0.99486
0.993
0.99386
0.9945
0.99464
0.99472
0.99392
0.99396
0.9947
0.99446
0.99428
0.99428
0.99316
0.9944
0.99414
0.99466
0.99468
0.99486
0.99418
0.99446
0.99402
0.9942
0.99404
0.9937
0.99362
0.99494
0.99432
0.99462
0.99436
0.99402
0.99448
0.99466
0.99398
0.99412
0.9938
0.9943
0.99464
0.99424
0.99426
0.99534
0.99404
0.99396
0.99402
0.99414
0.9936
0.99444
0.99404
0.99424
0.99456
0.99426
0.99448
0.99418
0.99492
0.99482
0.99344
0.99368
0.99422
0.99384
0.99362
0.9944
0.9937
0.9937
0.99422
0.9942
0.9945
0.99434
0.99418
0.99446
0.99484
0.9943
0.99388
0.99378
0.99396
0.99416
0.99432
0.99336
0.99446
0.99486
0.9942
0.99476
0.99452
0.99396
0.99448
0.99338
0.99436
0.99462
0.99356
0.99374
0.99404
0.9949
0.99422
0.99478
0.9941
0.99454
0.99436
0.99412
0.99396
0.9937
0.9941
0.99496
0.99422
0.99444
0.99422
0.99498
0.99414
0.99418
0.99398
0.99464
0.99442
0.99444
0.99426
0.99402
0.99398
0.9944
0.99414
0.99428
0.99466
0.99436
0.99418
0.99458
0.99344
0.99402
0.99456
0.9949
0.99452
0.99386
0.9947
0.994
0.99446
0.99456
0.9941
0.9938
0.99402
0.99426
0.99482
0.99464
0.9946
0.994
0.99442
0.99426
0.9937
0.99384
0.99442
0.9942
0.99476
0.99438
0.99424
0.99364
0.99416
0.99428
0.9945
0.99442
0.99516
0.99426
0.99396
0.99406
0.99466
0.99462
0.99356
0.99418
0.99376
0.99432
0.99506
0.99404
0.99404
0.99456
0.99364
0.99394
0.99302
0.99484
0.99396
0.99424
0.99432
0.99478
0.99448
0.99416
0.99438
0.99456
0.99398
0.99462
0.99504
0.99402
0.99416
0.99418
0.99446
0.99484
0.994
0.9943
0.99386
0.994
0.99446
0.99384
0.99454
0.9936
0.99336
0.99422
0.99324
0.99434
0.99396
0.99352
0.99428
0.99462
0.9944
0.99366
0.99446
0.99458
0.99444
0.99418
0.99484
0.99352
0.99368
0.99382
0.99408
0.99426
0.99446
0.9943
0.99358
0.99488
0.99412
0.9941
0.99348
0.99452
0.99414
0.99434
0.99458
0.9942
0.99346
0.99398
0.99424
0.9941
0.99378
0.99456
0.99396
0.99404
0.99434
0.99394
0.99392
0.99456
0.99384
0.99428
0.99346
0.99468
0.99404
0.99468
0.99436
0.99394
0.99422
0.99428
0.99464
0.99336
0.99466
0.99396
0.99482
0.99508
0.9943
0.99426
0.9951
0.99424
0.99438
0.99408
0.99364
0.99402
0.99318
0.99392
0.99398
0.9937
0.99384
0.99484
0.99438
0.99346
0.99408
0.9936
0.99396
0.9944
0.9937
0.99396
0.9939
0.99378
0.99394
0.9947
0.9945
0.99422
0.99388
0.99414
0.99424
0.9938
0.99412
0.99402
0.99438
0.99438
0.99332
0.99462
0.99356
0.99442
0.99314
0.99376
0.99382
0.99388
0.99414
0.99422
0.99344
0.99402
0.99406
0.99412
0.99482
0.9941
0.9942
0.99414
0.99428
0.99472
0.99366
0.9943
0.99354
0.99446
0.99438
0.99428
0.9938
0.99392
0.99404
0.99506
0.9942
0.99466
0.99458
0.99496
0.99368
0.9942
0.9939
0.9942
0.99422
0.9939
0.99374
0.99392
0.99422
0.99368
0.99478
0.99408
0.99416
0.99424
0.99398
0.99484
0.99402
0.99372
0.9937
0.99404
0.99356
0.99388
0.99422
0.99488
0.99382
0.99436
0.99398
0.9939
0.99404
0.99412
0.99438
0.99352
0.99436
0.99446
0.99386
0.99354
0.9943
0.99462
0.99438
0.99426
0.99454
0.99406
0.99424
0.99406
0.99446
0.99432
0.99528
0.99438
0.99402
0.99376
0.99358
0.99444
0.99422
0.99404
0.99402
0.99454
0.9941
0.99446
0.9936
0.99452
0.99466
0.9946
0.99406
0.99426
0.9947
0.99438
0.99458
0.99416
0.99432
0.99432
0.99444
0.99454
0.99426
0.99396
0.99496
0.99468
0.99426
0.99418
0.99414
0.9939
0.99468
0.99454
0.9942
0.9942
0.9944
0.99352
0.99408
0.99382
0.99428
0.99428
0.99392
0.99366
0.99468
0.99392
0.99376
0.99388
0.9943
0.99368
0.99376
0.99394
0.99402
0.99384
0.99466
0.9942
0.99414
0.99476
0.99412
0.9942
0.99448
0.99466
0.99442
0.99496
0.9941
0.99412
0.99476
0.99438
0.99454
0.99462
0.99396
0.99462
0.99416
0.99402
0.99382
0.99404
0.99408
0.9941
0.99388
0.9944
0.99454
0.99514
0.99458
0.99424
0.994
0.99478
0.99452
0.9942
0.99468
0.99426
0.99488
0.99442
0.99448
0.99436
0.9942
0.99408
0.99352
0.99448
0.9931
0.99384
0.99494
0.99424
0.99426
0.99352
0.99476
0.99444
0.99476
0.9951
0.99442
0.99492
0.9946
0.99446
0.99438
0.99436
0.99338
0.99402
0.99454
0.9944
0.99474
0.99384
0.99386
0.9947
0.99428
0.99392
0.9945
0.99406
0.9938
0.99454
0.99462
0.99476
0.99428
0.99452
0.9934
0.99362
0.9949
0.99316
0.99412
0.99502
0.9932
0.99414
0.99466
0.9943
0.99466
0.99412
0.99426
0.99474
0.99444
0.99448
0.99376
0.9937
0.99422
0.99412
0.99428
0.9944
0.9936
0.99422
0.99438
0.9947
0.99474
0.99354
0.99338
0.994
0.99412
0.9943
0.99492
0.99368
0.99448
0.9933
0.99428
0.99422
0.99438
0.99428
0.99452
0.99386
0.99404
0.99442
0.99368
0.9946
0.99502
0.9944
0.99442
0.9944
0.99476
0.99412
0.99434
0.99382
0.9944
0.99386
0.99398
0.99506
0.99456
0.99382
0.99434
0.99456
0.99462
0.9941
0.9942
0.99492
0.99464
0.99352
0.99402
0.99368
0.9934
0.99442
0.99436
0.99428
0.99454
0.99486
0.99416
0.99384
0.99374
0.9942
0.99408
0.9938
0.99402
0.99466
0.99438
0.9944
0.99452
0.994
0.99434
0.99402
0.99406
0.99332
0.99404
0.99418
0.9938
0.99376
0.9946
0.99358
0.99426
0.99376
0.99388
0.99492
0.99458
0.99394
0.99348
0.99472
0.99458
0.99408
0.99436
0.99392
0.99416
0.99444
0.99508
0.9936
0.9946
0.99472
0.9938
0.99406
0.99464
0.99406
0.99412
0.99454
0.99408
0.99454
0.99386
0.99418
0.99418
0.99424
0.99454
0.99444
0.9946
0.99458
0.99442
0.99438
0.99392
0.99448
0.99388
0.99456
0.99416
0.9937
0.9939
0.99468
0.99352
0.99426
0.99398
0.99416
0.99414
0.99362
0.99384
0.99412
0.99486
0.99444
0.99372
0.99378
0.99404
0.99434
0.9941
0.9943
0.99408
0.99452
0.99414
0.99432
0.99418
0.99428
0.99476
0.99408
0.99392
0.99464
0.99488
0.9945
0.99378
0.99406
0.99436
0.99414
0.99394
0.99396
0.99424
0.9939
0.99426
0.99452
0.9944
0.99482
0.9941
0.9942
0.9945
0.99488
0.9943
0.99458
0.99468
0.99488
0.99444
0.99424
0.99442
0.99366
0.9937
0.99502
0.99388
0.99364
0.99414
0.99334
0.99388
0.9938
0.99428
0.99412
0.9942
0.99436
0.99426
0.99408
0.99468
0.99444
0.9939
0.99404
0.99378
0.9947
0.99442
0.99424
0.99442
0.99398
0.9946
0.99378
0.99464
0.9941
0.99444
0.99504
0.9944
0.99396
0.99422
0.99452
0.99476
0.9935
0.99396
0.99434
0.99432
0.99472
0.9943
0.9949
0.99396
0.9936
0.99504
0.99414
0.99396
0.99402
0.99406
0.99394
0.99444
0.99476
0.99448
0.99424
0.9941
0.99414
0.99418
0.99376
0.9943
0.99326
0.99438
0.99496
0.99354
0.99426
0.99364
0.99458
0.99384
0.99462
0.99422
0.99376
0.99406
0.99472
0.99422
0.9943
0.99432
0.99362
0.99424
0.99504
0.9944
0.99474
0.99418
0.99414
0.99384
0.99458
0.99418
0.99444
0.99454
0.9938
0.99374
0.99342
0.99448
0.99478
0.99482
0.99382
0.99428
0.99418
0.99452
0.994
0.99408
0.99374
0.99456
0.99434
0.99414
0.99396
0.99468
0.99434
0.99448
0.99454
0.99414
0.99386
0.99422
0.99482
0.99378
0.99424
0.99376
0.99464
0.99464
0.99424
0.9945
0.9947
0.99452
0.99422
0.9942
0.99392
0.9948
0.99396
0.99392
0.99418
0.99494
0.99494
0.9949
0.99432
0.99464
0.9947
0.99432
0.99414
0.99372
0.99436
0.99398
0.99448
0.99454
0.99466
0.99416
0.99386
0.99432
0.99434
0.99446
0.9941
0.99416
0.99352
0.99358
0.99428
0.99398
0.99464
0.99444
0.9945
0.99438
0.99448
0.9938
0.99478
0.99428
0.99358
0.99354
0.99468
0.99412
0.99416
0.99478
0.99418
0.99444
0.99472
0.99434
0.99384
0.9943
0.99412
0.99428
0.99462
0.99466
0.99376
0.9946
0.99454
0.99418
0.99498
0.9942
0.99418
0.9943
0.99482
0.99484
0.99408
0.99354
0.99428
0.99428
0.99422
0.99432
0.99406
0.99338
0.99482
0.99356
0.99424
0.99416
0.99348
0.99346
0.99474
0.99392
0.99424
0.9944
0.99484
0.99442
0.99454
0.99404
0.99424
0.99394
0.9941
0.9937
0.99478
0.99416
0.99416
0.99406
0.99356
0.99412
0.9937
0.99422
0.9935
0.99412
0.99466
0.99414
0.9946
0.99406
0.99444
0.9952
0.99426
0.99494
0.99488
0.99446
0.9947
0.99514
0.99388
0.99408
0.99464
0.99436
0.99402
0.99412
0.99424
0.99484
0.99382
0.99482
0.99368
0.99414
0.99392
0.9946
0.99452
0.99454
0.9941
0.99426
0.99386
0.99374
0.99432
0.99502
0.99456
0.99422
0.99398
0.99396
0.99428
0.99396
0.99452
0.99368
0.9937
0.99464
0.9942
0.99436
0.99382
0.99442
0.99448
0.9943
0.99402
0.9945
0.99446
0.99444
0.99326
0.99464
0.99468
0.99408
0.99492
0.99354
0.99428
0.994
0.99338
0.99428
0.99396
0.99438
0.99352
0.99442
0.99424
0.99394
0.9942
0.9941
0.9943
0.99352
0.99398
0.99404
0.99476
0.9944
0.99422
0.99388
0.9945
0.99444
0.99428
0.9944
0.99448
0.99474
0.99462
0.99414
0.99436
0.9944
0.99444
0.99402
0.99362
0.99484
0.99412
0.99424
0.99406
0.9944
0.99504
0.9941
0.99426
0.99378
0.9942
0.9944
0.99404
0.99406
0.99366
0.9942
0.99436
0.99372
0.99402
0.99372
0.99434
0.99382
0.99392
0.99456
0.99384
0.99432
0.99436
0.99406
0.99438
0.99426
0.99464
0.9946
0.99426
0.9948
0.99408
0.99376
0.99394
0.9943
0.99464
0.99472
0.9944
0.99426
0.9946
0.9941
0.99458
0.99406
0.99434
0.99462
0.99416
0.99414
0.99396
0.99452
0.99458
0.9943
0.99414
0.99464
0.99518
0.99486
0.99378
0.99404
0.9943
0.99426
0.99386
0.99472
0.9948
0.99396
0.99396
0.99356
0.99448
0.99438
0.99402
0.99446
0.9943
0.99456
0.99466
0.9937
0.99398
0.99424
0.99314
0.99446
0.99408
0.99472
0.99406
0.99408
0.99472
0.9944
0.99438
0.99348
0.99424
0.99402
0.9944
0.99408
0.99438
0.99438
0.99366
0.99402
0.9938
0.9945
0.99398
0.99392
0.99434
0.99436
0.99468
0.99436
0.99364
0.9947
0.99386
0.99452
0.99362
0.99414
0.99382
0.99378
0.99436
0.9944
0.99328
0.99446
0.99454
0.99442
0.99408
0.99398
0.99354
0.99388
0.9937
0.9946
0.99432
0.99408
0.99398
0.9942
0.99404
0.9944
0.99406
0.99448
0.9941
0.99454
0.9946
0.99478
0.99474
0.99458
0.99412
0.99404
0.9944
0.99422
0.99348
0.99438
0.99426
0.99332
0.99396
0.99366
0.9941
0.99488
0.99336
0.99428
0.9942
0.99414
0.99456
0.99436
0.99388
0.99396
0.99444
0.99422
0.99338
0.99408
0.99436
0.994
0.99388
0.9941
0.99422
0.9937
0.99452
0.99426
0.99418
0.99446
0.995
0.9945
0.99464
0.99406
0.99378
0.99444
0.99376
0.99382
0.99364
0.99408
0.99354
0.99384
0.99412
0.99374
0.99402
0.99472
0.99364
0.99404
0.99414
0.99398
0.9938
0.99392
0.99428
0.99472
0.99472
0.9941
0.99384
0.99388
0.99366
0.99462
0.9939
0.99392
0.99464
0.99468
0.99434
0.9941
0.99446
0.99366
0.99396
0.9939
0.9944
0.99446
0.99362
0.99404
0.99452
0.99434
0.99458
0.99398
0.99372
0.99424
0.99394
0.9941
0.99478
0.9942
0.9946
0.994
0.9937
0.99474
0.99392
0.99416
0.99364
0.99402
0.9938
0.99484
0.99444
0.99404
0.994
0.99426
0.99416
0.99404
0.9943
0.9946
0.99412
0.99406
0.99428
0.99486
0.99408
0.99434
0.99406
0.9946
0.9948
0.9937
0.99432
0.99414
0.99428
0.99448
0.99514
0.99448
0.99448
0.99418
0.99442
0.99454
0.99426
0.99412
0.99412
0.99396
0.99442
0.99464
0.9946
0.99492
0.99466
0.99426
0.99438
0.99404
0.99484
0.99456
0.99484
0.99402
0.9936
0.99324
0.99398
0.9944
0.99414
0.99402
0.99436
0.99418
0.9943
0.99452
0.99432
0.99488
0.99412
0.9949
0.99446
0.99458
0.99442
0.99274
0.99392
0.99366
0.9944
0.9936
0.99374
0.99474
0.99342
0.99428
0.99396
0.99464
0.99418
0.9945
0.99364
0.99452
0.9946
0.99468
0.99442
0.99376
0.99364
0.99472
0.99388
0.99392
0.99394
0.99444
0.99396
0.99494
0.99454
0.99366
0.99378
0.99404
0.99542
0.99418
0.99476
0.99462
0.9942
0.99458
0.99432
0.99442
0.99348
0.99472
0.99372
0.99438
0.9944
0.99456
0.99458
0.99434
0.9937
0.99486
0.9942
0.99374
0.99432
0.99374
0.99394
0.99422
0.9946
0.99452
0.99438
0.99376
0.9939
0.99362
0.99428
0.9951
0.9942
0.9939
0.9942
0.9939
0.9939
0.99426
0.9942
0.99358
0.99438
0.99398
0.9947
0.99446
0.99406
0.99454
0.9939
0.99372
0.99468
0.99398
0.99358
0.99388
0.99404
0.99446
0.99372
0.99424
0.99394
0.99526
0.99474
0.9941
0.99384
0.99478
0.99444
0.99358
0.99392
0.99452
0.99472
0.99378
0.99366
0.995
0.99404
0.99406
0.99458
0.99436
0.9949
0.9941
0.99426
0.9941
0.99488
0.9939
0.99394
0.99392
0.99466
0.99422
0.9941
0.99364
0.99442
0.9942
0.99396
0.99388
0.99382
0.994
0.99362
0.99372
0.994
0.9943
0.9942
0.99458
0.9941
0.99448
0.99416
0.99432
0.99384
0.99488
0.99402
0.99424
0.99412
0.99374
0.99448
0.99408
0.9947
0.99426
0.99456
0.99454
0.99396
0.99444
0.9939
0.9944
0.99416
0.9943
0.9944
0.99414
0.99428
0.99522
0.99532
0.99432
0.99418
0.99456
0.99378
0.99482
0.99472
0.99448
0.9941
0.99408
0.99444
0.9942
0.99404
0.99476
0.99386
0.99388
0.99476
0.995
0.99396
0.99442
0.9941
0.99424
0.99446
0.9945
0.99416
0.99422
0.99426
0.99432
0.99426
0.9942
0.99426
0.99416
0.99472
0.99454
0.99466
0.99396
0.99416
0.99432
0.99328
0.99458
0.9942
0.9943
0.99352
0.9934
0.9938
0.99414
0.99388
0.9949
0.99462
0.99416
0.99416
0.99428
0.99446
0.9947
0.99364
0.9943
0.99516
0.995
0.99416
0.99416
0.99348
0.99432
0.99394
0.99466
0.99488
0.99452
0.99538
0.99412
0.99442
0.9947
0.99416
0.99388
0.99462
0.99388
0.99438
0.9944
0.99454
0.99418
0.99426
0.99304
0.99406
0.99458
0.99458
0.99428
0.99444
0.99396
0.99476
0.9943
0.99432
0.9938
0.99478
0.9945
0.99442
0.99446
0.99402
0.99396
0.99416
0.99452
0.99496
0.99438
0.99454
0.99472
0.9946
0.99392
0.99384
0.99366
0.99442
0.99478
0.99426
0.99376
0.99436
0.99404
0.9941
0.99408
0.99502
0.99406
0.99408
0.9943
0.9938
0.99372
0.99492
0.9943
0.99442
0.99454
0.99454
0.99436
0.99444
0.99338
0.9938
0.99416
0.99392
0.99448
0.99414
0.99444
0.99338
0.99428
0.9944
0.99436
0.99402
0.99412
0.99404
0.99394
0.99466
0.99434
0.99446
0.99372
0.99402
0.99412
0.9941
0.99488
0.99428
0.99404
0.99478
0.9943
0.99456
0.994
0.99372
0.99416
0.99424
0.99434
0.9937
0.99472
0.99404
0.99394
0.99482
0.9946
0.99512
0.9948
0.994
0.99448
0.9946
0.9945
0.99502
0.99358
0.99432
0.9941
0.9945
0.99442
0.99422
0.99426
0.99422
0.99446
0.99382
0.99472
0.99418
0.99458
0.99518
0.9946
0.99434
0.99318
0.99458
0.99452
0.99458
0.99446
0.99436
0.99424
0.99398
0.99508
0.99384
0.9938
0.99352
0.99424
0.99394
0.99428
0.99408
0.99356
0.99376
0.99426
0.99382
0.99414
0.99426
0.99384
0.99386
0.99432
0.99416
0.99488
0.99424
0.99486
0.99376
0.99424
0.99436
0.9936
0.99472
0.99462
0.99422
0.99428
0.9942
0.99462
0.99484
0.99458
0.99448
0.99438
0.99424
0.99386
0.99388
0.99466
0.99404
0.99406
0.99466
0.99404
0.99384
0.99422
0.99442
0.99412
0.99418
0.99434
0.99388
0.99388
0.99482
0.99464
0.99388
0.99444
0.99382
0.99456
0.99384
0.99362
0.9943
0.99446
0.99446
0.9937
0.99386
0.99406
0.99382
0.9947
0.99456
0.99408
0.99474
0.99402
0.99442
0.99428
0.99482
0.99386
0.99402
0.99398
0.99408
0.99354
0.9942
0.9945
0.9941
0.99444
0.99394
0.9944
0.99436
0.99396
0.99366
0.9938
0.99408
0.9943
0.995
0.9943
0.99442
0.99428
0.99464
0.99448
0.99466
0.99422
0.99426
0.99408
0.994
0.99414
0.99452
0.99448
0.99426
0.99484
0.99442
0.99474
0.99434
0.99434
0.994
0.99434
0.99418
0.99384
0.99428
0.99492
0.9944
0.99412
0.99428
0.99442
0.9939
0.99414
0.9947
0.99494
0.99416
0.99372
0.99376
0.99478
0.99436
0.99454
0.99406
0.99438
0.99486
0.99436
0.9944
0.994
0.99416
0.99424
0.9948
0.9943
0.9948
0.9945
0.99464
0.99382
0.9945
0.9942
0.9938
0.99394
0.99424
0.99378
0.99454
0.99508
0.99428
0.9947
0.99328
0.9946
0.99424
0.994
0.99404
0.99402
0.99428
0.9949
0.9935
0.99434
0.9942
0.9947
0.99404
0.99472
0.99436
0.99436
0.99478
0.99408
0.99372
0.99382
0.99432
0.99368
0.99398
0.99396
0.99454
0.99508
0.99446
0.99394
0.99384
0.99428
0.99424
0.99402
0.99354
0.99438
0.99472
0.99406
0.99368
0.9936
0.99406
0.99434
0.99424
0.99428
0.99396
0.99414
0.99402
0.99438
0.99378
0.9944
0.99428
0.99372
0.99426
0.99398
0.99376
0.99364
0.99442
0.99416
0.99328
0.9944
0.99402
0.99374
0.99392
0.99426
0.99368
0.9934
0.99446
0.99398
0.99412
0.9937
0.9941
0.99428
0.99416
0.9948
0.9944
0.99428
0.99422
0.99512
0.99422
0.99414
0.99414
0.99382
0.99434
0.9946
0.99428
0.99422
0.99432
0.99442
0.99412
0.99476
0.99504
0.99424
0.9945
0.99378
0.99394
0.99426
0.99404
0.99396
0.99504
0.99394
0.99396
0.99414
0.99454
0.99428
0.9946
0.99462
0.994
0.99454
0.99474
0.99406
0.99358
0.99316
0.99376
0.99444
0.99438
0.99492
0.99444
0.99422
0.9936
0.9938
0.99462
0.99412
0.99386
0.9936
0.99348
0.99404
0.99442
0.99368
0.99412
0.99434
0.99452
0.99446
0.99428
0.99428
0.99428
0.9943
0.99452
0.99494
0.99404
0.99468
0.99458
0.99394
0.99464
0.99488
0.99344
0.99408
0.99396
0.99382
0.99442
0.99484
0.9942
0.99368
0.99482
0.99404
0.9945
0.99432
0.99464
0.99432
0.99426
0.99364
0.99432
0.99414
0.9943
0.99456
0.99518
0.9946
0.99486
0.99474
0.9943
0.99392
0.99436
0.99412
0.99474
0.99456
0.99398
0.99414
0.99432
0.99428
0.99434
0.9941
0.99472
0.9942
0.99414
0.9945
0.99386
0.99368
0.99362
0.99464
0.99432
0.9942
0.99434
0.9939
0.9938
0.99436
0.99498
0.9946
0.9942
0.99398
0.99528
0.99414
0.99474
0.99396
0.9945
0.99456
0.99428
0.99468
0.99454
0.9941
0.99474
0.99402
0.99512
0.99448
0.99438
0.9945
0.99462
0.99452
0.9938
0.99426
0.99472
0.99462
0.99412
0.99426
0.99474
0.99448
0.99472
0.9943
0.99448
0.9943
0.99392
0.99402
0.99428
0.99462
0.9942
0.99416
0.99428
0.99326
0.99388
0.9943
0.99438
0.99384
0.99368
0.99488
0.99446
0.99408
0.99376
0.99446
0.99406
0.99452
0.99406
0.99436
0.99396
0.99468
0.99384
0.99394
0.9938
0.99382
0.99444
0.99392
0.99422
0.99378
0.99464
0.99424
0.99398
0.99388
0.99404
0.99384
0.99516
0.99386
0.994
0.99424
0.99456
0.9939
0.99458
0.9939
0.99412
0.99452
0.99444
0.99332
0.9937
0.99412
0.99442
0.99444
0.99456
0.99446
0.99416
0.99406
0.99412
0.99396
0.99456
0.99374
0.99368
0.99436
0.99424
0.99548
0.99426
0.99476
0.99386
0.99386
0.99428
0.99334
0.9944
0.99382
0.99408
0.99436
0.99502
0.9947
0.99422
0.99396
0.99402
0.99434
0.9945
0.99452
0.9945
0.9949
0.99444
0.99418
0.99364
0.99432
0.99414
0.9943
0.99442
0.99444
0.99426
0.99444
0.9937
0.99444
0.99448
0.99412
0.99428
0.99416
0.99392
0.99458
0.9948
0.99446
0.99434
0.99416
0.99438
0.99348
0.99464
0.99396
0.9942
0.99392
0.99394
0.9946
0.99452
0.9942
0.99392
0.99338
0.99438
0.99356
0.9942
0.99344
0.99406
0.99444
0.99424
0.99422
0.99388
0.99414
0.99416
0.9944
0.99412
0.99496
0.9935
0.99378
0.99448
0.99436
0.99472
0.99396
0.99428
0.99488
0.99312
0.99322
0.99412
0.99392
0.99386
0.99368
0.99456
0.9944
0.99438
0.99406
0.99486
0.99464
0.99476
0.99464
0.99394
0.99418
0.99394
0.99442
0.99376
0.99426
0.99408
0.99406
0.99498
0.99404
0.99384
0.99456
0.99384
0.99428
0.99438
0.99444
0.99466
0.99454
0.99406
0.99408
0.99352
0.99382
0.99496
0.99332
0.99408
0.99464
0.9938
0.99346
0.99426
0.99458
0.99454
0.994
0.994
0.99402
0.99382
0.99406
0.99484
0.9941
0.99446
0.994
0.99378
0.99438
0.994
0.99432
0.99508
0.9945
0.994
0.99452
0.99414
0.99402
0.99334
0.99426
0.9943
0.99412
0.99472
0.99446
0.99486
0.9938
0.99438
0.99408
0.99374
0.9942
0.99426
0.99416
0.99418
0.99354
0.99442
0.99406
0.99336
0.9939
0.99468
0.99416
0.99402
0.994
0.99364
0.99464
0.99446
0.99468
0.99492
0.99424
0.9939
0.99378
0.99426
0.99344
0.99382
0.99438
0.9952
0.99462
0.99344
0.99482
0.99488
0.99428
0.99406
0.99412
0.99366
0.99424
0.99408
0.99404
0.9943
0.99376
0.99434
0.99376
0.99388
0.99402
0.99458
0.99472
0.99398
0.9942
0.99462
0.99452
0.99396
0.99436
0.99438
0.99454
0.99376
0.9947
0.9939
0.99454
0.99402
0.99474
0.99348
0.99372
0.99484
0.99442
0.99462
0.99384
0.99436
0.99424
0.99412
0.99346
0.99356
0.99494
0.9941
0.9942
0.99442
0.9944
0.99468
0.99452
0.99428
0.99424
0.99416
0.99428
0.99442
0.99488
0.99454
0.99448
0.99434
0.99416
0.9943
0.9944
0.99414
0.9941
0.99424
0.99372
0.99394
0.9941
0.9946
0.99396
0.99364
0.99438
0.9942
0.99484
0.99454
0.99386
0.99436
0.99348
0.99434
0.99416
0.99404
0.995
0.99438
0.99472
0.99452
0.99432
0.99392
0.99422
0.9946
0.99442
0.99472
0.99412
0.99432
0.99434
0.9939
0.9948
0.99418
0.99494
0.9947
0.99444
0.9941
0.99448
0.99412
0.99448
0.9939
0.9944
0.99424
0.99382
0.99454
0.99398
0.99438
0.99428
0.9946
0.99448
0.9943
0.99422
0.9941
0.9944
0.99402
0.99374
0.99424
0.9945
0.99424
0.99466
0.99356
0.99424
0.9943
0.9946
0.99392
0.99362
0.99366
0.99418
0.9934
0.99378
0.9936
0.99444
0.99382
0.9946
0.99414
0.99402
0.99454
0.9948
0.994
0.99442
0.99404
0.9946
0.99342
0.99406
0.9949
0.9937
0.99474
0.99382
0.99436
0.9939
0.99484
0.9938
0.9944
0.99466
0.99476
0.99404
0.9944
0.99444
0.99462
0.99414
0.99512
0.99442
0.99462
0.99372
0.9943
0.99436
0.99434
0.99436
0.9942
0.99482
0.99398
0.99406
0.99414
0.99452
0.99362
0.99484
0.99408
0.99422
0.99392
0.9948
0.99444
0.99532
0.99396
0.99416
0.99428
0.9942
0.99414
0.9947
0.99412
0.99444
0.99414
0.99464
0.994
0.99396
0.99474
0.99428
0.99424
0.99418
0.99418
0.99468
0.99434
0.99392
0.99456
0.99414
0.99464
0.9948
0.9942
0.99358
0.99332
0.99418
0.99416
0.99428
0.99478
0.99456
0.99336
0.99408
0.99492
0.99354
0.99372
0.99436
0.99418
0.9947
0.99406
0.99416
0.99412
0.99448
0.994
0.99492
0.99418
0.99382
0.99438
0.9948
0.99408
0.99356
0.9934
0.99488
0.9943
0.99458
0.9945
0.99364
0.99372
0.9943
0.9943
0.99402
0.99484
0.99414
0.9937
0.99504
0.99404
0.99454
0.99386
0.9942
0.99446
0.99424
0.99416
0.99414
0.99418
0.99468
0.99456
0.99376
0.99498
0.99436
0.99398
0.99478
0.99448
0.99422
0.994
0.99452
0.99402
0.99462
0.99434
0.99468
0.9941
0.99406
0.9942
0.99368
0.9951
0.99468
0.9939
0.9935
0.99412
0.994
0.99448
0.99418
0.9938
0.9942
0.99412
0.99372
0.9935
0.99428
0.9943
0.99454
0.99406
0.99496
0.99516
0.99392
0.99394
0.99372
0.99446
0.99402
0.99404
0.99434
0.99394
0.99476
0.99458
0.99456
0.99462
0.99432
0.9938
0.9945
0.9942
0.99424
0.99394
0.99444
0.99448
0.99422
0.99474
0.99382
0.99394
0.99388
0.99434
0.9937
0.9941
0.99406
0.99412
0.99376
0.99414
0.9941
0.9946
0.99456
0.99388
0.99432
0.99422
0.99464
0.99472
0.99412
0.9942
0.99416
0.99366
0.99452
0.99466
0.99444
0.99468
0.9943
0.99368
0.99338
0.99448
0.99514
0.99426
0.99422
0.99394
0.99426
0.99462
0.99466
0.99426
0.9938
0.99406
0.9948
0.99362
0.99436
0.9944
0.99454
0.99474
0.99414
0.99342
0.99438
0.99406
0.99368
0.99412
0.9945
0.99448
0.99418
0.99478
0.99458
0.99466
0.9943
0.99448
0.99384
0.99344
0.99412
0.99456
0.99458
0.9939
0.99434
0.99464
0.99382
0.99446
0.99422
0.99486
0.99458
0.99564
0.99424
0.99402
0.99382
0.99416
0.99402
0.99416
0.9941
0.99372
0.9942
0.99442
0.99356
0.99456
0.99426
0.99444
0.99396
0.99472
0.99366
0.99372
0.99372
0.99388
0.9939
0.99436
0.99368
0.99364
0.99394
0.99394
0.99394
0.994
0.99408
0.99436
0.99378
0.9948
0.9946
0.9948
0.9943
0.99408
0.99468
0.99338
0.99432
0.99422
0.9943
0.99408
0.995
0.9948
0.99402
0.99468
0.99412
0.99448
0.99388
0.99412
0.99468
0.9939
0.9944
0.99392
0.99384
0.99474
0.99468
0.9943
0.99342
0.99372
0.99362
0.99408
0.99422
0.9944
0.99486
0.99396
0.9943
0.99424
0.9949
0.99384
0.99432
0.99414
0.99434
0.99462
0.99336
0.99446
0.99396
0.99438
0.99488
0.99428
0.99458
0.99424
0.9941
0.99456
0.99424
0.99388
0.99368
0.99434
0.99474
0.99472
0.99372
0.99424
0.99406
0.99484
0.99396
0.99432
0.99444
0.99396
0.99472
0.994
0.99456
0.99466
0.99424
0.9943
0.99468
0.99484
0.99476
0.99376
0.9945
0.99416
0.9946
0.99416
0.99408
0.9939
0.99396
0.99432
0.9934
0.99408
0.99424
0.99478
0.99434
0.99442
0.99426
0.99442
0.9941
0.99394
0.9939
0.99456
0.994
0.99386
0.9943
0.99426
0.99522
0.99474
0.99384
0.99424
0.9942
0.99374
0.99442
0.9936
0.99354
0.99336
0.99454
0.99464
0.99414
0.99408
0.99476
0.99498
0.99446
0.99426
0.99394
0.99476
0.99406
0.99416
0.99426
0.99448
0.99464
0.99464
0.99478
0.99358
0.99484
0.9951
0.99434
0.99422
0.99468
0.99478
0.9936
0.99414
0.99432
0.9948
0.994
0.99382
0.99414
0.99386
0.9938
0.99388
0.9938
0.99496
0.99436
0.99426
0.9942
0.99442
0.99412
0.99446
0.99414
0.99446
0.99428
0.99406
0.99436
0.9943
0.99452
0.99488
0.99404
0.99434
0.9941
0.99382
0.994
0.99438
0.9938
0.99416
0.99434
0.9943
0.99456
0.99468
0.9936
0.99406
0.9938
0.99354
0.9946
0.99406
0.99448
0.99412
0.9945
0.9947
0.9948
0.99436
0.99372
0.99418
0.99442
0.99354
0.9935
0.99432
0.9938
0.99432
0.99444
0.99376
0.99408
0.99424
0.99432
0.994
0.99412
0.99452
0.99432
0.99454
0.99424
0.99446
0.99388
0.99408
0.99364
0.99406
0.99368
0.99432
0.9939
0.99464
0.9945
0.99528
0.99388
0.99412
0.99482
0.99404
0.99482
0.99406
0.99458
0.99402
0.99448
0.99418
0.99348
0.99454
0.99432
0.99368
0.99448
0.99444
0.99446
0.99394
0.99412
0.99438
0.9954
0.99442
0.9947
0.99432
0.99486
0.99422
0.99374
0.99398
0.994
0.99436
0.99472
0.99352
0.9946
0.99426
0.99394
0.99482
0.9943
0.99392
0.99468
0.99472
0.9948
0.99386
0.99414
0.99394
0.99416
0.99422
0.99438
0.99442
0.9945
0.99442
0.99436
0.99432
0.99374
0.99396
0.99468
0.99456
0.99466
0.99374
0.99456
0.99402
0.99342
0.99402
0.99398
0.99404
0.99414
0.99436
0.99424
0.99404
0.9942
0.99428
0.9939
0.9944
0.9942
0.99368
0.99472
0.9942
0.99406
0.99398
0.99416
0.99438
0.99434
0.99392
0.9939
0.99424
0.99408
0.99496
0.99434
0.99384
0.99428
0.99442
0.99496
0.9944
0.99392
0.99362
0.9942
0.99376
0.99448
0.99406
0.99394
0.99432
0.99372
0.99472
0.99402
0.9938
0.99478
0.9948
0.9944
0.9948
0.99488
0.99458
0.99448
0.99442
0.99534
0.9944
0.99436
0.99458
0.99454
0.99478
0.99416
0.99378
0.99364
0.99342
0.9948
0.9944
0.99444
0.99454
0.99442
0.99448
0.99398
0.99426
0.99476
0.99418
0.99384
0.99372
0.99464
0.9947
0.99458
0.99402
0.99418
0.99448
0.99398
0.99428
0.99406
0.99356
0.9942
0.9946
0.99482
0.9937
0.99402
0.99468
0.99396
0.99434
0.994
0.99452
0.99448
0.99392
0.99442
0.99444
0.99376
0.99386
0.99438
0.99432
0.9945
0.99404
0.99514
0.99348
0.99374
0.99414
0.99432
0.9946
0.9945
0.99422
0.99338
0.9946
0.99466
0.99378
0.9946
0.99462
0.9939
0.99506
0.99382
0.99476
0.9943
0.99374
0.99438
0.99412
0.99402
0.99438
0.99406
0.99426
0.99354
0.99368
0.9942
0.99482
0.9942
0.99474
0.99372
0.99434
0.99474
0.99418
0.99426
0.99366
0.99392
0.99428
0.99432
0.99428
0.99414
0.99404
0.99418
0.9945
0.99336
0.99424
0.99384
0.99416
0.9944
0.99474
0.9938
0.99428
0.99424
0.99408
0.9945
0.99406
0.9942
0.9938
0.99452
0.99442
0.99356
0.9938
0.99408
0.99334
0.99476
0.99452
0.99438
0.99476
0.99472
0.99412
0.9949
0.99386
0.99458
0.99388
0.99354
0.99476
0.994
0.99402
0.99386
0.99444
0.99444
0.99392
0.99454
0.9944
0.99402
0.99428
0.99434
0.99472
0.9945
0.99404
0.99384
0.99436
0.99442
0.99404
0.9939
0.99474
0.99414
0.99438
0.99406
0.99326
0.9946
0.99484
0.99434
0.99444
0.99504
0.99458
0.99424
0.9952
0.99436
0.99454
0.99432
0.99384
0.9937
0.9938
0.99396
0.99412
0.9949
0.99416
0.9942
0.99488
0.99402
0.99406
0.99398
0.99422
0.99376
0.99414
0.99544
0.9948
0.99366
0.99434
0.994
0.99396
0.99382
0.994
0.99394
0.99406
0.994
0.99434
0.99514
0.99502
0.99404
0.99494
0.99416
0.9946
0.99438
0.99424
0.99452
0.99404
0.99492
0.99446
0.99428
0.99414
0.99424
0.99464
0.99474
0.99482
0.9941
0.995
0.99422
0.99396
0.9943
0.99392
0.99412
0.9944
0.99418
0.994
0.994
0.99386
0.99426
0.9939
0.99346
0.9937
0.99342
0.99366
0.9943
0.99478
