-0.03746
-0.04116
-0.03346
-0.03072
-0.02742
-0.0292
-0.02588
-0.02912
-0.01754
-0.0216
-0.02484
-0.03182
-0.03034
-0.02572
-0.03196
-0.03518
-0.02644
-0.02492
-0.0154
-0.0219
-0.03774
-0.04054
-0.04448
-0.03828
-0.04784
-0.03782
-0.02648
-0.02592
-0.0389
-0.03268
-0.03694
-0.0356
-0.03892
-0.04256
-0.04054
-0.02812
-0.0225
-0.00776
-0.0067
-0.01312
-0.01458
-0.01322
-0.02288
-0.01114
-0.02854
-0.03816
-0.03592
-0.02948
-0.04572
-0.03502
-0.026
-0.05114
-0.04486
-0.03934
-0.03306
-0.02666
-0.0392
-0.03512
-0.03052
-0.0452
-0.0505
-0.03722
-0.04994
-0.04678
-0.04436
-0.03858
-0.0362
-0.04826
-0.03646
-0.03964
-0.04152
-0.04922
-0.03614
-0.03228
-0.02216
-0.03062
-0.02812
-0.02728
-0.03584
-0.0235
-0.03118
-0.0277
-0.01852
-0.03312
-0.03608
-0.03278
-0.04648
-0.04052
-0.0386
-0.03476
-0.02014
-0.03206
-0.03848
-0.03166
-0.03762
-0.03826
-0.03838
-0.0236
-0.03162
-0.02048
-0.02462
-0.0399
-0.0379
-0.02238
-0.02428
-0.0338
-0.0365
-0.02776
-0.01834
-0.0235
-0.02316
-0.02772
-0.03654
-0.0341
-0.04276
-0.04238
-0.038
-0.03642
-0.0513
-0.0417
-0.0327
-0.03012
-0.0298
-0.02174
-0.01928
-0.02896
-0.02584
-0.03016
-0.0388
-0.03636
-0.03538
-0.0296
-0.02054
-0.01212
-0.03202
-0.03794
-0.04786
-0.03656
-0.0372
-0.03174
-0.01844
-0.0246
-0.03544
-0.02752
-0.02562
-0.03216
-0.03548
-0.03544
-0.03946
-0.05524
-0.05134
-0.04916
-0.05248
-0.04268
-0.02512
-0.03158
-0.03108
-0.03018
-0.0413
-0.02216
-0.0142
-0.0313
-0.02738
-0.02324
-0.03292
-0.03286
-0.0359
-0.02836
-0.02548
-0.03148
-0.01546
-0.03338
-0.03912
-0.02892
-0.03698
-0.04374
-0.03478
-0.02436
-0.01348
-0.03454
-0.03126
-0.03414
-0.01904
-0.04268
-0.04362
-0.0364
-0.0297
-0.05464
-0.04588
-0.03256
-0.03306
-0.04826
-0.03708
-0.03144
-0.03046
-0.03986
-0.03902
-0.02214
-0.0345
-0.0303
-0.03206
-0.04054
-0.02928
-0.00694
-0.02512
-0.04136
-0.0508
-0.04314
-0.0394
-0.03764
-0.0373
-0.03004
-0.02512
-0.02824
-0.0431
-0.03686
-0.03556
-0.0337
-0.03182
-0.0162
-0.02364
-0.0302
-0.02558
-0.0355
-0.02446
-0.0369
-0.0322
-0.05098
-0.0376
-0.0373
-0.03238
-0.0391
-0.05152
-0.02502
-0.01778
-0.01582
-0.00348
-0.01978
-0.01966
-0.02848
-0.03354
-0.04358
-0.0334
-0.03264
-0.03654
-0.02224
-0.0238
-0.03162
-0.04308
-0.04746
-0.04448
-0.0507
-0.04666
-0.03852
-0.02354
-0.0244
-0.02834
-0.02796
-0.0235
-0.03488
-0.01994
-0.03182
-0.01982
-0.04498
-0.04168
-0.02378
-0.02414
-0.0228
-0.02444
-0.02888
-0.02664
-0.01664
-0.0219
-0.0414
-0.05296
-0.04192
-0.04122
-0.06412
-0.04584
-0.03666
-0.02904
-0.03234
-0.04092
-0.03874
-0.03286
-0.0369
-0.02962
-0.03472
-0.03602
-0.04766
-0.04156
-0.04726
-0.0482
-0.04128
-0.02404
-0.01486
-0.02592
-0.01658
-0.02188
-0.03096
-0.01996
-0.0157
-0.02364
-0.03302
-0.03258
-0.04894
-0.05322
-0.04472
-0.02832
-0.03478
-0.02726
-0.01708
-0.0241
-0.0393
-0.04206
-0.04242
-0.0407
-0.02666
-0.0317
-0.02604
-0.02668
-0.0216
-0.02076
-0.01684
-0.01954
-0.03654
-0.02324
-0.05052
-0.03672
-0.02766
-0.02646
-0.03614
-0.0358
-0.04136
-0.04632
-0.0545
-0.03168
-0.03524
-0.02318
-0.0348
-0.0199
-0.01994
-0.0398
-0.0319
-0.02382
-0.02402
-0.0237
-0.01978
-0.02214
-0.01996
-0.03846
-0.0275
-0.02576
-0.03962
-0.04108
-0.0314
-0.0365
-0.03718
-0.03218
-0.03466
-0.038
-0.0372
-0.03422
-0.0314
-0.0373
-0.03786
-0.0365
-0.0438
-0.03434
-0.02522
-0.02558
-0.0359
-0.02076
-0.02704
-0.02672
-0.02868
-0.03484
-0.0266
-0.03182
-0.0353
-0.03386
-0.03974
-0.03452
-0.0361
-0.02762
-0.0437
-0.05134
-0.0388
-0.04306
-0.05042
-0.04776
-0.05488
-0.02836
-0.01346
-0.0155
-0.0397
-0.04492
-0.04106
-0.03198
-0.03296
-0.02356
-0.03238
-0.03872
-0.02654
-0.02782
-0.01632
-0.03052
-0.0265
-0.02688
-0.02118
-0.02476
-0.03262
-0.04234
-0.03798
-0.0227
-0.03256
-0.02138
-0.00348
-0.02098
-0.02998
-0.01392
-0.0348
-0.04154
-0.03618
-0.0246
-0.02454
-0.0293
-0.03162
-0.03424
-0.04052
-0.016
-0.02576
-0.01198
-0.01386
-0.04632
-0.04
-0.0441
-0.02314
-0.04086
-0.03148
-0.04146
-0.04204
-0.04902
-0.04874
-0.04156
-0.02738
-0.0358
-0.02768
-0.02048
-0.03182
-0.04644
-0.0433
-0.0383
-0.03348
-0.04282
-0.038
-0.03634
-0.02674
-0.0268
-0.02908
-0.01892
-0.02898
-0.01896
-0.01954
-0.02914
-0.03416
-0.04096
-0.02748
-0.0285
-0.02564
-0.03428
-0.03774
-0.02896
-0.03988
-0.03698
-0.04114
-0.01938
-0.02666
-0.0304
-0.03678
-0.02706
-0.03848
-0.03594
-0.03602
-0.03048
-0.02554
-0.02028
-0.01276
-0.0464
-0.04058
-0.02568
-0.0343
-0.04234
-0.02634
-0.01902
-0.02232
-0.01706
-0.0098
-0.03388
-0.03032
-0.02376
-0.0228
-0.01492
-0.01466
-0.02154
-0.02882
-0.02072
-0.01672
-0.00968
-0.01242
-0.02516
-0.04894
-0.042
-0.03344
-0.05206
-0.03334
-0.02374
-0.03358
-0.03706
-0.02902
-0.03524
-0.03524
-0.04542
-0.0375
-0.03408
-0.03144
-0.0163
-0.02478
-0.02474
-0.03666
-0.02582
-0.02486
-0.01962
-0.02862
-0.03426
-0.03126
-0.0196
-0.03372
-0.03026
-0.02766
-0.03694
-0.03264
-0.03396
-0.04444
-0.03832
-0.02662
-0.0298
-0.04366
-0.03548
-0.0211
-0.01856
-0.03118
-0.02972
-0.0167
-0.02684
-0.02476
-0.04068
-0.02034
-0.04018
-0.04148
-0.04272
-0.05254
-0.04228
-0.03162
-0.03676
-0.03094
-0.03968
-0.02934
-0.03288
-0.0415
-0.04634
-0.03392
-0.03672
-0.03004
-0.02904
-0.04282
-0.03644
-0.04382
-0.03698
-0.03994
-0.02826
-0.0367
-0.03408
-0.04136
-0.02848
-0.0378
-0.02834
-0.03844
-0.03746
-0.0404
-0.0343
-0.0532
-0.0536
-0.04978
-0.03144
-0.02976
-0.04264
-0.02818
-0.02916
-0.0379
-0.0309
-0.03524
-0.0316
-0.03186
-0.03454
-0.02066
-0.01816
-0.02108
-0.03002
-0.03582
-0.03216
-0.01744
-0.0261
-0.00586
-0.02766
-0.04258
-0.02806
-0.0365
-0.03522
-0.04342
-0.0304
-0.03314
-0.0385
-0.03072
-0.02892
-0.03006
-0.0152
-0.0224
-0.02332
-0.02326
-0.0177
-0.02534
-0.02506
-0.0373
-0.04388
-0.036
-0.03886
-0.0253
-0.01944
-0.02502
-0.0226
-0.03416
-0.04636
-0.04494
-0.04242
-0.02266
-0.02144
-0.02758
-0.02014
-0.02132
-0.01702
-0.02328
-0.02384
-0.03186
-0.03056
-0.03504
-0.03092
-0.03258
-0.03128
-0.0338
-0.0288
-0.02948
-0.02746
-0.02302
-0.03044
-0.0345
-0.02678
-0.03486
-0.03954
-0.0389
-0.03992
-0.04348
-0.03936
-0.03234
-0.02416
-0.01248
-0.02592
-0.01842
-0.03782
-0.01512
-0.01874
-0.02104
-0.0279
-0.0338
-0.02306
-0.03364
-0.02794
-0.03578
-0.03442
-0.00326
-0.02356
-0.02974
-0.02882
-0.0219
-0.01606
-0.01574
-0.01184
-0.02578
-0.02604
-0.02554
-0.02222
-0.03558
-0.03878
-0.041
-0.05188
-0.05038
-0.03236
-0.0347
-0.03534
-0.04686
-0.0356
-0.03594
-0.02746
-0.00584
-0.0109
-0.02386
-0.0248
-0.00522
-0.01278
-0.02504
-0.03174
-0.0281
-0.03506
-0.03498
-0.03388
-0.03994
-0.04276
-0.03744
-0.03224
-0.02922
-0.03942
-0.03848
-0.03618
-0.03688
-0.03836
-0.02524
-0.02228
-0.01902
-0.02602
-0.02788
-0.03428
-0.03536
-0.0245
-0.04556
-0.03874
-0.04104
-0.05006
-0.03582
-0.0262
-0.02212
-0.03102
-0.02748
-0.03748
-0.03544
-0.04364
-0.04242
-0.02844
-0.03436
-0.03566
-0.03314
-0.03356
-0.02024
-0.0332
-0.02924
-0.02556
-0.03928
-0.03212
-0.01858
-0.01386
-0.02392
-0.02618
-0.03632
-0.03792
-0.04394
-0.03178
-0.01988
-0.02108
-0.02942
-0.04726
-0.03788
-0.03122
-0.02652
-0.02952
-0.01968
-0.02534
-0.01944
-0.03186
-0.02666
-0.01778
-0.0306
-0.0279
-0.01936
-0.02986
-0.02706
-0.0289
-0.03032
-0.02512
-0.03732
-0.03602
-0.04138
-0.0276
-0.04258
-0.02826
-0.01882
-0.01676
-0.01622
-0.01276
-0.01394
-0.02066
-0.01972
-0.03262
-0.05086
-0.04728
-0.03368
-0.05466
-0.03306
-0.04564
-0.03948
-0.041
-0.03354
-0.04214
-0.02736
-0.02788
-0.02688
-0.0295
-0.03516
-0.0394
-0.03278
-0.04376
-0.04758
-0.05558
-0.045
-0.05122
-0.04664
-0.04078
-0.03708
-0.04126
-0.04424
-0.03804
-0.03996
-0.041
-0.03634
-0.04672
-0.0551
-0.03486
-0.03556
-0.02808
-0.04418
-0.0421
-0.03052
-0.02602
-0.04004
-0.0269
-0.02536
-0.02634
-0.02332
-0.03416
-0.03232
-0.03158
-0.03658
-0.02994
-0.03754
-0.03278
-0.02542
-0.02604
-0.02488
-0.03302
-0.03628
-0.03722
-0.04452
-0.02526
-0.0212
-0.03654
-0.02344
-0.02284
-0.03004
-0.0337
-0.03412
-0.02642
-0.03256
-0.03632
-0.04808
-0.0477
-0.0455
-0.03178
-0.03086
-0.0361
-0.03374
-0.03974
-0.0333
-0.0398
-0.04096
-0.03878
-0.04318
-0.02652
-0.03452
-0.03144
-0.02998
-0.02756
-0.023
-0.02782
-0.04094
-0.03986
-0.0367
-0.03918
-0.04594
-0.04006
-0.0412
-0.052
-0.04078
-0.0391
-0.0383
-0.04674
-0.03648
-0.03458
-0.02998
-0.04298
-0.05252
-0.03994
-0.03718
-0.03824
-0.03846
-0.0366
-0.02926
-0.04098
-0.04068
-0.0426
-0.0348
-0.0333
-0.03276
-0.03564
-0.0447
-0.02922
-0.027
-0.03056
-0.022
-0.02656
-0.02652
-0.03682
-0.01276
-0.01724
-0.0194
-0.01752
-0.02112
-0.01236
-0.00946
-0.01298
-0.04358
-0.04116
-0.03466
-0.04192
-0.04252
-0.032
-0.04214
-0.0296
-0.0274
-0.0305
-0.02404
-0.00964
-0.02798
-0.02146
-0.02182
-0.01354
-0.00634
-0.00976
-0.02872
-0.03186
-0.04146
-0.04822
-0.02212
-0.03214
-0.0184
-0.02916
-0.03656
-0.02532
-0.03424
-0.0315
-0.02478
-0.02462
-0.02654
-0.0107
-0.0199
-0.02884
-0.01928
-0.01296
-0.03574
-0.03728
-0.03564
-0.03736
-0.02974
-0.02896
-0.0414
-0.03518
-0.02994
-0.02564
-0.02896
-0.04196
-0.03646
-0.04738
-0.04858
-0.06032
-0.03642
-0.01938
-0.02008
-0.0373
-0.02998
-0.02396
-0.03414
-0.0253
-0.02502
-0.03368
-0.04378
-0.0359
-0.02062
-0.01816
-0.02198
-0.02072
-0.03156
-0.03214
-0.03322
-0.03716
-0.03114
-0.03478
-0.02442
-0.03336
-0.0309
-0.0385
-0.04188
-0.03152
-0.03906
-0.02642
-0.0319
-0.02484
-0.02722
-0.02282
-0.01172
-0.02268
-0.03432
-0.0236
-0.01268
-0.02228
-0.03334
-0.03726
-0.04208
-0.01902
-0.03228
-0.03344
-0.03268
-0.03354
-0.03096
-0.03078
-0.03366
-0.031
-0.02318
-0.02198
-0.02894
-0.02264
-0.03402
-0.02682
-0.04004
-0.02552
-0.02138
-0.02974
-0.03442
-0.03298
-0.05558
-0.03586
-0.0317
-0.0368
-0.0192
-0.01302
-0.02596
-0.03348
-0.03454
-0.04032
-0.0265
-0.03784
-0.01454
-0.02618
-0.03876
-0.03814
-0.0366
-0.03556
-0.04578
-0.03204
-0.02288
-0.03172
-0.03038
-0.03882
-0.05424
-0.04554
-0.02688
-0.0199
-0.03228
-0.0304
-0.01944
-0.0262
-0.02952
-0.03026
-0.02966
-0.02512
-0.02212
-0.02434
-0.01542
-0.03614
-0.03682
-0.04804
-0.03614
-0.02596
-0.02514
-0.03784
-0.0245
-0.02252
-0.01226
-0.02966
-0.03206
-0.037
-0.03084
-0.03642
-0.03538
-0.02176
-0.02648
-0.03408
-0.03578
-0.01952
-0.03304
-0.02438
-0.0231
-0.02408
-0.03142
-0.04036
-0.03716
-0.03392
-0.03942
-0.04174
-0.02954
-0.01612
-0.01694
-0.02102
-0.02238
-0.02772
-0.02208
-0.03158
-0.03458
-0.03462
-0.03538
-0.02768
-0.02886
-0.03094
-0.03486
-0.01598
-0.00044
-0.01864
-0.04066
-0.02734
-0.03244
-0.01758
-0.0263
-0.04742
-0.06166
-0.03746
-0.0302
-0.0372
-0.031
-0.0249
-0.03476
-0.01682
-0.02826
-0.02842
-0.02834
-0.0352
-0.03474
-0.0197
-0.01866
-0.03072
-0.04276
-0.0149
-0.02016
-0.02498
-0.04294
-0.05608
-0.04976
-0.01938
-0.02172
-0.01802
-0.03944
-0.02748
-0.03066
-0.03222
-0.02106
-0.0307
-0.04594
-0.04946
-0.0507
-0.03428
-0.04582
-0.01386
-0.03016
-0.01544
-0.03102
-0.03178
-0.02786
-0.02508
-0.02264
-0.03412
-0.03606
-0.0426
-0.033
-0.0333
-0.03816
-0.03518
-0.02666
-0.03448
-0.03036
-0.03626
-0.03418
-0.01792
-0.00868
-0.02902
-0.04094
-0.0371
-0.03412
-0.02824
-0.02352
-0.01672
-0.0161
-0.03376
-0.03436
-0.03532
-0.03204
-0.03394
-0.01672
-0.02322
-0.03148
-0.0421
-0.02168
-0.03258
-0.02994
-0.03094
-0.03872
-0.02046
-0.02254
-0.0314
-0.01194
-0.01888
-0.02392
-0.04254
-0.04144
-0.02774
-0.03368
-0.0354
-0.05028
-0.03468
-0.03328
-0.03386
-0.02812
-0.03904
-0.04068
-0.03114
-0.03936
-0.03494
-0.01974
-0.01774
-0.02822
-0.02246
-0.01686
-0.02676
-0.04082
-0.02648
-0.01706
-0.00858
-0.0149
-0.00954
-0.00624
-0.01956
-0.00498
-0.00506
-0.00618
-0.03746
-0.03654
-0.01182
-0.01164
-0.01368
-0.02144
-0.02842
-0.02354
-0.02746
-0.022
-0.0143
-0.01746
-0.02028
-0.02156
-0.03578
-0.04708
-0.03058
-0.04082
-0.02918
-0.01864
-0.01794
-0.02218
-0.03168
-0.03668
-0.05304
-0.0438
-0.0248
-0.02616
-0.03144
-0.03816
-0.0349
-0.02988
-0.02302
-0.01082
-0.01978
-0.03568
-0.03468
-0.04656
-0.0328
-0.02868
-0.01338
-0.03526
-0.02854
-0.03132
-0.02006
-0.02148
-0.044
-0.03876
-0.01424
-0.03456
-0.02328
-0.03842
-0.02576
-0.01852
-0.01762
-0.02792
-0.03174
-0.04158
-0.03742
-0.02952
-0.02898
-0.03924
-0.04134
-0.0433
-0.0345
-0.02606
-0.02316
-0.04722
-0.04932
-0.0406
-0.03706
-0.04706
-0.04862
-0.03534
-0.01574
-0.01544
-0.02708
-0.0357
-0.04242
-0.04976
-0.01932
-0.03306
-0.0355
-0.03608
-0.0211
-0.02112
-0.01604
-0.02212
-0.01376
-0.02376
-0.02816
-0.03326
-0.0307
-0.03622
-0.03822
-0.0385
-0.0313
-0.0349
-0.0333
-0.02924
-0.02672
-0.03948
-0.03916
-0.02684
-0.04008
-0.03834
-0.02832
-0.03408
-0.02858
-0.02132
-0.02078
-0.01196
-0.01674
-0.0102
-0.01802
-0.02206
-0.03374
-0.03664
-0.03874
-0.03582
-0.03856
-0.03594
-0.02858
-0.0344
-0.03516
-0.03528
-0.03644
-0.03954
-0.0522
-0.04644
-0.04558
-0.02764
-0.03038
-0.01776
-0.02324
-0.03038
-0.03888
-0.03192
-0.03122
-0.02134
-0.03048
-0.04236
-0.03916
-0.0271
-0.0239
-0.02154
-0.03964
-0.03806
-0.0481
-0.03322
-0.01768
-0.01642
-0.02854
-0.03926
-0.04114
-0.0338
-0.05902
-0.02964
-0.03784
-0.04076
-0.03396
-0.02948
-0.03512
-0.04364
-0.03914
-0.02974
-0.0305
-0.0351
-0.03034
-0.03174
-0.03782
-0.04984
-0.03134
-0.01986
-0.03196
-0.02634
-0.027
-0.02902
-0.02736
-0.02994
-0.02424
-0.00958
-0.01848
-0.02058
-0.01718
-0.03664
-0.0218
-0.02852
-0.04264
-0.03898
-0.0502
-0.03682
-0.03582
-0.0431
-0.02916
-0.04142
-0.04738
-0.0346
-0.03112
-0.03812
-0.03174
-0.0353
-0.02608
-0.03014
-0.04432
-0.0446
-0.03656
-0.04342
-0.02778
-0.0413
-0.03026
-0.03622
-0.02626
-0.02312
-0.02336
-0.02804
-0.03994
-0.03636
-0.02914
-0.03892
-0.03276
-0.03468
-0.03228
-0.04848
-0.05168
-0.0427
-0.03744
-0.04382
-0.0254
-0.01946
-0.03036
-0.0131
-0.02156
-0.01146
-0.02726
-0.02166
-0.0184
-0.04646
-0.02894
-0.02758
-0.04334
-0.03754
-0.03064
-0.043
-0.0413
-0.0337
-0.03734
-0.02728
-0.02758
-0.0275
-0.01856
-0.0216
-0.03702
-0.0333
-0.04034
-0.0411
-0.03202
-0.02976
-0.00476
-0.01654
-0.02944
-0.02808
-0.02924
-0.03616
-0.0351
-0.0416
-0.03804
-0.0493
-0.04898
-0.03624
-0.0383
-0.03314
-0.03214
-0.03956
-0.02378
-0.01846
-0.04036
-0.03058
-0.03776
-0.03638
-0.04142
-0.02432
-0.0134
-0.04102
-0.03236
-0.02424
-0.01686
-0.04242
-0.03668
-0.04084
-0.04466
-0.04438
-0.0284
-0.03658
-0.04086
-0.02598
-0.02836
-0.03238
-0.03334
-0.02268
-0.0123
-0.01986
-0.02884
-0.02492
-0.03074
-0.01398
-0.029
-0.03722
-0.03588
-0.0445
-0.02464
-0.02972
-0.05662
-0.04856
-0.046
-0.04206
-0.0374
-0.02862
-0.03048
-0.03346
-0.0285
-0.01486
-0.03578
-0.02928
-0.03916
-0.0332
-0.0288
-0.03226
-0.03774
-0.02244
-0.03358
-0.0347
-0.03446
-0.02922
-0.02304
-0.03588
-0.01812
-0.02076
-0.02332
-0.02726
-0.039
-0.03348
-0.02182
-0.03534
-0.02838
-0.01904
-0.03408
-0.03652
-0.04032
-0.03656
-0.03882
-0.03466
-0.03258
-0.04368
-0.04414
-0.03046
-0.04682
-0.04464
-0.04224
-0.02956
-0.02756
-0.03838
-0.03348
-0.04484
-0.04594
-0.0424
-0.04336
-0.02736
-0.02598
-0.02882
-0.03396
-0.02818
-0.02192
-0.03042
-0.03444
-0.03054
-0.03514
-0.04076
-0.03384
-0.03524
-0.04364
-0.03872
-0.04206
-0.04468
-0.04434
-0.03364
-0.04132
-0.03538
-0.03162
-0.03232
-0.01726
-0.01694
-0.0208
-0.02752
-0.02898
-0.02506
-0.0285
-0.03796
-0.03976
-0.03078
-0.02222
-0.0332
-0.03744
-0.03516
-0.02966
-0.02148
-0.02586
-0.01806
-0.03448
-0.0288
-0.02644
-0.0277
-0.02156
-0.01512
-0.01908
-0.02006
-0.02952
-0.0294
-0.0308
-0.03188
-0.03812
-0.03678
-0.04156
-0.03228
-0.02804
-0.03084
-0.04186
-0.05124
-0.05076
-0.0359
-0.022
-0.02476
-0.04234
-0.03634
-0.02346
-0.02914
-0.02764
-0.03468
-0.03266
-0.02362
-0.03138
-0.03346
-0.02946
-0.0376
-0.02192
-0.01698
-0.0313
-0.02738
-0.02892
-0.03916
-0.02704
-0.03808
-0.03894
-0.04412
-0.04592
-0.05286
-0.03908
-0.04038
-0.0247
-0.04206
-0.03618
-0.0335
-0.02076
-0.02936
-0.02984
-0.03792
-0.0247
-0.01848
-0.03428
-0.0254
-0.04562
-0.03826
-0.03422
-0.02582
-0.03722
-0.04344
-0.02616
-0.01104
-0.01636
-0.04142
-0.04932
-0.04118
-0.0255
-0.03502
-0.0368
-0.03958
-0.02068
-0.03622
-0.03588
-0.04422
-0.03764
-0.03346
-0.04938
-0.04168
-0.04758
-0.0328
-0.0359
-0.02812
-0.03792
-0.0358
-0.01294
-0.03512
-0.02632
-0.01992
-0.0367
-0.03062
-0.03072
-0.03368
-0.03424
-0.02914
-0.02596
-0.03744
-0.04074
-0.04082
-0.04612
-0.0359
-0.03222
-0.00492
-0.01952
-0.01768
-0.01632
-0.01848
-0.0134
-0.01796
-0.01416
-0.02716
-0.02872
-0.03618
-0.02882
-0.035
-0.02918
-0.03084
-0.03826
-0.03142
-0.04704
-0.03478
-0.03464
-0.03076
-0.03502
-0.02662
-0.02708
-0.04376
-0.03506
-0.03214
-0.02948
-0.0342
-0.03718
-0.04066
-0.02484
-0.01644
-0.0117
-0.02876
-0.0164
-0.02882
-0.025
-0.0242
-0.02346
-0.0273
-0.03262
-0.03046
-0.01038
-0.02158
-0.03672
-0.02792
-0.03802
-0.03398
-0.0273
-0.02912
-0.01866
-0.03688
-0.0397
-0.02916
-0.02368
-0.03804
-0.02742
-0.02254
-0.02208
-0.0166
-0.01414
-0.00948
-0.02402
-0.03342
-0.03702
-0.04354
-0.03308
-0.0349
-0.02616
-0.03216
-0.03716
-0.03436
-0.03972
-0.0226
-0.02686
-0.03074
-0.01806
-0.02802
-0.01804
-0.01176
-0.02808
-0.01778
-0.00658
-0.01644
-0.03084
-0.0371
-0.03228
-0.03174
-0.02982
-0.0299
-0.03772
-0.01978
-0.01264
-0.01732
-0.02318
-0.02842
-0.03568
-0.03324
-0.02122
-0.03014
-0.02766
-0.03066
-0.03076
-0.01992
-0.01958
-0.02214
-0.02246
-0.02486
-0.02812
-0.03178
-0.01926
-0.0359
-0.01946
-0.03526
-0.03506
-0.0547
-0.0451
-0.05012
-0.05566
-0.0499
-0.04874
-0.04786
-0.03254
-0.0438
-0.03382
-0.03174
-0.03026
-0.02648
-0.02744
-0.04146
-0.04568
-0.03342
-0.04482
-0.0533
-0.05432
-0.0419
-0.04246
-0.01832
-0.00368
-0.03156
-0.0241
-0.03874
-0.03658
-0.03116
-0.03848
-0.01532
-0.0309
-0.0219
-0.02808
-0.03136
-0.03164
-0.02806
-0.0275
-0.04204
-0.04226
-0.02726
-0.03834
-0.0406
-0.03272
-0.021
-0.02862
-0.03122
-0.0398
-0.04228
-0.04108
-0.04092
-0.02526
-0.0387
-0.03348
-0.02358
-0.03964
-0.03864
-0.03298
-0.0309
-0.03984
-0.02052
-0.03656
-0.04634
-0.03764
-0.03864
-0.04244
-0.0642
-0.04704
-0.04436
-0.04898
-0.05024
-0.04812
-0.02212
-0.02642
-0.02638
-0.03108
-0.02658
-0.02714
-0.03132
-0.0331
-0.02666
-0.02568
-0.03982
-0.02554
-0.02734
-0.02084
-0.02872
-0.022
-0.01896
-0.03312
-0.03038
-0.02778
-0.03552
-0.04392
-0.04362
-0.04486
-0.06264
-0.03698
-0.03078
-0.02988
-0.03162
-0.0204
-0.0252
-0.03248
-0.04606
-0.04766
-0.04308
-0.05762
-0.04042
-0.0366
-0.0213
-0.03192
-0.01384
-0.02466
-0.0249
-0.03446
-0.022
-0.01592
-0.0313
-0.03408
-0.03444
-0.02606
-0.02514
-0.03224
-0.04194
-0.0322
-0.01908
-0.02086
-0.03292
-0.03626
-0.0368
-0.02414
-0.02948
-0.01902
-0.02668
-0.04286
-0.05098
-0.05146
-0.0418
-0.0526
-0.02778
-0.02102
-0.0309
-0.05272
-0.0436
-0.02632
-0.0325
-0.0359
-0.0279
-0.03034
-0.02722
-0.02094
-0.0264
-0.02712
-0.03772
-0.04012
-0.0321
-0.02806
-0.02934
-0.02796
-0.03218
-0.03058
-0.03554
-0.0364
-0.02594
-0.02658
-0.04218
-0.02862
-0.03688
-0.0307
-0.02694
-0.03668
-0.02682
-0.03202
-0.03714
-0.02632
-0.02728
-0.03292
-0.03278
-0.02478
-0.03136
-0.03992
-0.04486
-0.03488
-0.036
-0.03836
-0.04602
-0.04824
-0.03128
-0.02034
-0.02434
-0.0355
-0.03264
-0.01644
-0.0289
-0.0398
-0.01986
-0.0137
-0.01872
-0.0377
-0.03178
-0.02346
-0.02718
-0.03242
-0.02566
-0.02838
-0.03548
-0.03754
-0.0314
-0.03072
-0.03526
-0.04052
-0.04512
-0.03072
-0.0375
-0.03892
-0.02212
-0.0247
-0.0395
-0.0349
-0.03626
-0.02538
-0.04346
-0.03096
-0.04588
-0.02726
-0.03406
-0.02824
-0.03046
-0.0329
-0.02914
-0.02208
-0.01942
-0.0117
-0.0083
-0.00974
-0.00986
-0.01982
-0.03114
-0.01462
-0.03322
-0.02644
-0.0202
-0.01602
-0.01782
-0.01706
-0.02618
-0.03482
-0.0329
-0.04228
-0.02962
-0.0195
-0.02056
-0.0256
-0.0193
-0.03074
-0.03798
-0.0416
-0.02278
-0.0345
-0.03434
-0.0223
-0.0338
-0.02794
-0.02794
-0.03532
-0.02564
-0.02734
-0.0404
-0.04258
-0.03666
-0.03628
-0.0253
-0.02928
-0.01484
-0.01368
-0.02202
-0.0233
-0.03988
-0.03752
-0.03754
-0.0307
-0.0308
-0.0287
-0.03762
-0.03882
-0.03148
-0.04574
-0.0533
-0.05032
-0.04728
-0.04714
-0.03302
-0.03624
-0.024
-0.03674
-0.02592
-0.04274
-0.04684
-0.03288
-0.04124
-0.0318
-0.03454
-0.02042
-0.03264
-0.03016
-0.04046
-0.0304
-0.0305
-0.03368
-0.03114
-0.03626
-0.0299
-0.02108
-0.02486
-0.02822
-0.02718
-0.02552
-0.03176
-0.0413
-0.03848
-0.02572
-0.0134
-0.02278
-0.03518
-0.03562
-0.02774
-0.03162
-0.01932
-0.02586
-0.04058
-0.0386
-0.0329
-0.0354
-0.03298
-0.0315
-0.03672
-0.02766
-0.03586
-0.0307
-0.0225
-0.01174
-0.00448
-0.0127
-0.0221
-0.02592
-0.02546
-0.02354
-0.01292
-0.00936
-0.01586
-0.04172
-0.0369
-0.04154
-0.0415
-0.03578
-0.03974
-0.02094
-0.03622
-0.03158
-0.04856
-0.0536
-0.04344
-0.0484
-0.04086
-0.0382
-0.03164
-0.04722
-0.04166
-0.04432
-0.03228
-0.0338
-0.02752
-0.0408
-0.04442
-0.03344
-0.0317
-0.0311
-0.0253
-0.0312
-0.03152
-0.03496
-0.03926
-0.02226
-0.01744
-0.01696
-0.02048
-0.03694
-0.02954
-0.02118
-0.0438
-0.0365
-0.02026
-0.03176
-0.04366
-0.03836
-0.03948
-0.05144
-0.03294
-0.02332
-0.02658
-0.04434
-0.02862
-0.02936
-0.03554
-0.03694
-0.02462
-0.0309
-0.03126
-0.01496
-0.03404
-0.01922
-0.0323
-0.0425
-0.03196
-0.02068
-0.03174
-0.03346
-0.0392
-0.04008
-0.03216
-0.03852
-0.04122
-0.04002
-0.0245
-0.01918
-0.0282
-0.0338
-0.02658
-0.02706
-0.02212
-0.03032
-0.0306
-0.02976
-0.02022
-0.02768
-0.02404
-0.02538
-0.03012
-0.035
-0.04572
-0.04024
-0.03194
-0.03092
-0.03604
-0.0251
-0.0318
-0.02142
-0.01516
-0.02474
-0.02912
-0.02156
-0.01292
-0.04338
-0.04996
-0.02962
-0.02056
-0.02728
-0.01602
-0.03424
-0.02798
-0.02868
-0.03904
-0.05284
-0.04362
-0.02516
-0.0275
-0.03306
-0.02346
-0.00872
-0.02572
-0.02194
-0.01606
-0.0345
-0.04596
-0.03262
-0.03562
-0.03566
-0.03696
-0.0298
-0.01554
-0.01368
-0.02458
-0.03384
-0.0163
-0.02664
-0.01766
-0.01446
-0.03526
-0.03324
-0.02742
-0.02094
-0.03946
-0.02404
-0.01696
-0.02242
-0.03196
-0.03586
-0.01908
-0.03558
-0.01652
-0.01172
-0.01982
-0.02866
-0.02354
-0.0268
-0.02722
-0.03714
-0.02738
-0.03836
-0.03298
-0.04016
-0.03884
-0.04958
-0.04654
-0.03284
-0.03348
-0.03518
-0.03092
-0.03084
-0.02568
-0.04584
-0.0333
-0.03554
-0.04308
-0.04894
-0.06202
-0.05606
-0.0479
-0.0292
-0.03436
-0.0326
-0.0102
-0.02376
-0.01766
-0.01958
-0.01358
-0.02344
-0.02348
-0.01448
-0.0389
-0.02632
-0.03282
-0.04414
-0.04006
-0.03222
-0.0246
-0.03362
-0.03608
-0.0434
-0.03598
-0.03594
-0.03652
-0.03386
-0.03352
-0.0327
-0.02676
-0.03712
-0.0228
-0.03596
-0.03238
-0.0196
-0.01882
-0.03106
-0.03418
-0.05252
-0.0506
-0.04634
-0.04872
-0.03408
-0.03806
-0.02952
-0.03088
-0.03752
-0.02304
-0.02762
-0.04496
-0.0398
-0.02334
-0.03314
-0.03532
-0.03694
-0.02812
-0.03418
-0.04134
-0.03048
-0.02874
-0.04904
-0.05694
-0.052
-0.04726
-0.0451
-0.02584
-0.0302
-0.05606
-0.04118
-0.0423
-0.0156
-0.03106
-0.02128
-0.0165
-0.02392
-0.02866
-0.0297
-0.03302
-0.03108
-0.0342
-0.04788
-0.0363
-0.04086
-0.04704
-0.0438
-0.02082
-0.02952
-0.03642
-0.02652
-0.01844
-0.02104
-0.01488
-0.0266
-0.04
-0.04318
-0.03784
-0.03168
-0.0225
-0.02508
-0.01414
-0.01754
-0.02544
-0.03892
-0.02618
-0.0244
-0.03962
-0.04854
-0.03352
-0.03786
-0.04882
-0.03416
-0.02996
-0.03128
-0.031
-0.0421
-0.03678
-0.03474
-0.03836
-0.03636
-0.02606
-0.02476
-0.0262
-0.03116
-0.03866
-0.04572
-0.02468
-0.021
-0.01108
-0.02148
-0.03468
-0.02792
-0.03586
-0.01384
-0.00214
-0.02218
-0.02544
-0.01794
-0.0385
-0.02962
-0.02306
-0.03484
-0.01432
-0.01898
-0.03046
-0.03052
-0.02616
-0.02922
-0.03512
-0.04506
-0.04614
-0.02828
-0.03254
-0.02488
-0.0308
-0.04192
-0.04274
-0.06256
-0.04482
-0.04636
-0.04392
-0.04222
-0.04256
-0.05002
-0.03418
-0.02218
-0.03184
-0.02124
-0.0208
-0.02706
-0.02364
-0.03002
-0.03222
-0.03942
-0.03526
-0.04774
-0.0454
-0.03852
-0.03856
-0.03924
-0.02836
-0.02676
-0.03068
-0.04012
-0.02048
-0.02262
-0.04374
-0.03256
-0.03356
-0.03494
-0.03078
-0.04048
-0.04652
-0.04686
-0.04094
-0.04178
-0.03586
-0.04082
-0.03618
-0.02394
-0.032
-0.05028
-0.03816
-0.0316
-0.03362
-0.03666
-0.0351
-0.03394
-0.02288
-0.02244
-0.04082
-0.03306
-0.04012
-0.0332
-0.03346
-0.03332
-0.03696
-0.0325
-0.01768
-0.02494
-0.03018
-0.0125
-0.0237
-0.03606
-0.04064
-0.04234
-0.02868
-0.0316
-0.03696
-0.0355
-0.0439
-0.03834
-0.02956
-0.03536
-0.03836
-0.04088
-0.04634
-0.04028
-0.02786
-0.0213
-0.02196
-0.03668
-0.02174
-0.05018
-0.04018
-0.0387
-0.02358
-0.01802
-0.0254
-0.02592
-0.03606
-0.04712
-0.03302
-0.03258
-0.02796
-0.03022
-0.02572
-0.0257
-0.021
-0.02756
-0.01142
-0.00976
-0.04598
-0.022
-0.03444
-0.02518
-0.03542
-0.03034
-0.0266
-0.0213
-0.02862
-0.02778
-0.0247
-0.0303
-0.02562
-0.03156
-0.03072
-0.03944
-0.0289
-0.02586
-0.0215
-0.02414
-0.0287
-0.05108
-0.043
-0.01974
-0.01712
-0.02798
-0.02678
-0.01598
-0.01762
-0.02724
-0.03098
-0.02962
-0.03296
-0.05184
-0.0213
-0.03418
-0.03778
-0.03702
-0.03242
-0.03714
-0.03738
-0.04078
-0.03436
-0.03192
-0.02054
-0.02432
-0.03812
-0.03836
-0.02922
-0.0296
-0.02436
-0.03408
-0.01064
-0.02926
-0.02734
-0.0303
-0.0421
-0.03002
-0.02142
-0.02472
-0.03
-0.0298
-0.02792
-0.04322
-0.045
-0.0294
-0.03218
-0.02302
-0.03126
-0.0292
-0.019
-0.01762
-0.02398
-0.03234
-0.02296
-0.02752
-0.0308
-0.03234
-0.04036
-0.04754
-0.02904
-0.01856
-0.03738
-0.02016
-0.03282
-0.0394
-0.03234
-0.03
-0.02336
-0.0225
-0.03086
-0.01808
-0.01482
-0.04342
-0.04136
-0.04086
-0.04046
-0.0406
-0.04894
-0.04252
-0.02166
-0.02324
-0.02506
-0.01542
-0.0205
-0.02166
-0.03192
-0.04156
-0.0503
-0.0414
-0.03038
-0.02534
-0.02814
-0.0279
-0.0283
-0.03418
-0.03058
-0.03854
-0.03384
-0.03884
-0.01884
-0.02866
-0.02346
-0.01498
-0.01726
-0.01776
-0.0197
-0.035
-0.04518
-0.03728
-0.03662
-0.03612
-0.02992
-0.03214
-0.03626
-0.02156
-0.02096
-0.03422
-0.03106
-0.0425
-0.03386
-0.02582
-0.02656
-0.02566
-0.03146
-0.02938
-0.02424
-0.05034
-0.0454
-0.0319
-0.0335
-0.0392
-0.05212
-0.0416
-0.0384
-0.03998
-0.04106
-0.02896
-0.0285
-0.03082
-0.04068
-0.03916
-0.03764
-0.04116
-0.02148
-0.01694
-0.01824
-0.0549
-0.02988
-0.04544
-0.03922
-0.02904
-0.04158
-0.04284
-0.03962
-0.03058
-0.0492
-0.03772
-0.02412
-0.01998
-0.0179
-0.01806
-0.03424
-0.04078
-0.04408
-0.03702
-0.0316
-0.0376
-0.04178
-0.03724
-0.0286
-0.02252
-0.02412
-0.03174
-0.03624
-0.04688
-0.01902
-0.01296
-0.01968
-0.02476
-0.02918
-0.01706
-0.02098
-0.02636
-0.03542
-0.03208
-0.01932
-0.01918
-0.02336
-0.0206
-0.02604
-0.04112
-0.03572
-0.02874
-0.02724
-0.04012
-0.02678
-0.0305
-0.01868
-0.01494
-0.0313
-0.03206
-0.03296
-0.03644
-0.05714
-0.0359
-0.04692
-0.04142
-0.03516
-0.02348
-0.02782
-0.0181
-0.03434
-0.03746
-0.02888
-0.02268
-0.0327
-0.03926
-0.04
-0.0448
-0.04716
-0.05364
-0.04068
-0.02548
-0.02112
-0.01572
-0.01982
-0.01894
-0.01284
-0.01834
-0.01184
-0.0253
-0.0138
-0.00964
-0.00606
-0.01248
-0.02624
-0.03294
-0.04508
-0.04882
-0.0415
-0.02062
-0.03964
-0.02578
-0.03198
-0.04594
-0.02292
-0.02006
-0.0217
-0.02674
-0.0239
-0.03956
-0.03872
-0.01808
-0.03004
-0.0371
-0.02962
-0.03104
-0.02212
-0.0322
-0.03758
-0.04362
-0.02898
-0.0392
-0.03526
-0.0361
-0.03514
-0.03638
-0.0243
-0.04688
-0.04542
-0.05088
-0.0246
-0.03654
-0.04204
-0.05124
-0.0305
-0.04384
-0.02762
-0.02054
-0.02516
-0.03528
-0.0309
-0.03216
-0.04268
-0.0357
-0.041
-0.0392
-0.02868
-0.0488
-0.04322
-0.0334
-0.01708
-0.00766
-0.00934
-0.0202
-0.02486
-0.01996
-0.025
-0.02644
-0.03062
-0.03882
-0.04434
-0.03192
-0.01684
-0.0257
-0.0348
-0.02524
-0.03078
-0.01958
-0.02988
-0.03572
-0.03316
-0.03488
-0.04906
-0.03058
-0.03072
-0.03034
-0.03322
-0.01486
-0.03338
-0.02824
-0.02978
-0.03178
-0.02966
-0.03572
-0.03114
-0.0183
-0.0135
-0.02048
-0.01854
-0.02978
-0.03612
-0.03754
-0.02958
-0.03718
-0.02848
-0.03498
-0.03154
-0.04744
-0.02526
-0.02702
-0.03362
-0.02866
-0.03702
-0.02596
-0.01162
-0.00134
-0.01718
-0.01658
-0.00288
-0.01282
-0.02506
-0.02098
-0.02048
-0.03074
-0.01684
-0.01834
-0.02426
-0.01332
-0.03012
-0.028
-0.0275
-0.0255
-0.01988
-0.03066
-0.0285
-0.03494
-0.03338
-0.02654
-0.01708
-0.01886
-0.01858
-0.02812
-0.03118
-0.01702
-0.03872
-0.04118
-0.03436
-0.0311
-0.04022
-0.04194
-0.0292
-0.03442
-0.02686
-0.01402
-0.01708
-0.02356
-0.02636
-0.01766
-0.0346
-0.03798
-0.05012
-0.03932
-0.0404
-0.03458
-0.03558
-0.04216
-0.03936
-0.04806
-0.04602
-0.04092
-0.02224
-0.02256
-0.0429
-0.02676
-0.02584
-0.03178
-0.024
-0.02572
-0.0337
-0.03856
-0.04726
-0.02292
-0.01596
-0.03084
-0.04216
-0.03808
-0.03864
-0.04794
-0.04774
-0.02648
-0.02554
-0.03372
-0.03824
-0.02624
-0.0356
-0.02082
-0.01172
-0.02396
-0.03244
-0.02786
-0.02504
-0.03826
-0.05796
-0.05144
-0.03232
-0.03618
-0.0303
-0.01578
-0.0214
-0.01906
-0.02014
-0.02764
-0.0365
-0.04278
-0.0457
-0.02846
-0.0375
-0.03166
-0.03998
-0.0354
-0.04152
-0.04038
-0.02134
-0.04174
-0.04316
-0.04222
-0.02834
-0.02208
-0.03046
-0.046
-0.04254
-0.02712
-0.0231
-0.0315
-0.04128
-0.03374
-0.03272
-0.0213
-0.0228
-0.02478
-0.02182
-0.02752
-0.03796
-0.02372
-0.0233
-0.02734
-0.03118
-0.03488
-0.03552
-0.03338
-0.03124
-0.02844
-0.04448
-0.04486
-0.04184
-0.0257
-0.02324
-0.02338
-0.03008
-0.02842
-0.02062
-0.01576
-0.02966
-0.02452
-0.01864
-0.01932
-0.01526
-0.0216
-0.02276
-0.026
-0.02398
-0.0235
-0.01846
-0.01948
-0.02318
-0.03044
-0.04284
-0.0534
-0.0427
-0.03068
-0.0255
-0.02666
-0.0244
-0.01836
-0.01982
-0.00676
-0.0118
-0.0097
-0.0205
-0.00642
-0.00506
-0.01388
-0.02274
-0.01322
-0.03116
-0.04012
-0.03296
-0.02816
-0.02484
-0.02842
-0.034
-0.01996
-0.02884
-0.03326
-0.04266
-0.02562
-0.02856
-0.04264
-0.02922
-0.03868
-0.04054
-0.0444
-0.02816
-0.0118
-0.0406
-0.03586
-0.02996
-0.03402
-0.0433
-0.03786
-0.02228
-0.0309
-0.03056
-0.02912
-0.02928
-0.03168
-0.03142
-0.02406
-0.0355
-0.0421
-0.03346
-0.03512
-0.02058
-0.0321
-0.0285
-0.01942
-0.02258
-0.01742
-0.00336
-0.02172
-0.02616
-0.02798
-0.04418
-0.03074
-0.03338
-0.02606
-0.0337
-0.03318
-0.03718
-0.03348
-0.0226
-0.03284
-0.02198
-0.03932
-0.03356
-0.02466
-0.0331
-0.02804
-0.04146
-0.04776
-0.03532
-0.04232
-0.03602
-0.03926
-0.02818
-0.01328
-0.01782
-0.02288
-0.02474
-0.01518
-0.01402
-0.02028
-0.02066
-0.02918
-0.0282
-0.03134
-0.0319
-0.0366
-0.04092
-0.04806
-0.03948
-0.05238
-0.0347
-0.04336
-0.03012
-0.03484
-0.02532
-0.02742
-0.03336
-0.03916
-0.0478
-0.0414
-0.03226
-0.02786
-0.04524
-0.03918
-0.03122
-0.02776
-0.02452
-0.026
-0.02844
-0.03464
-0.04466
-0.04176
-0.04036
-0.03832
-0.0351
-0.0357
-0.02982
-0.03552
-0.0445
-0.04148
-0.02406
-0.019
-0.01608
-0.034
-0.02484
-0.05342
-0.04798
-0.02662
-0.03424
-0.03592
-0.03208
-0.0098
-0.0323
-0.02936
-0.04052
-0.0257
-0.02792
-0.0193
-0.01072
-0.01742
-0.0154
-0.01834
-0.01838
-0.02832
-0.02358
-0.03124
-0.03332
-0.02396
-0.0259
-0.02552
-0.03404
-0.0303
-0.0211
-0.03094
-0.021
-0.03638
-0.04422
-0.04788
-0.04036
-0.03424
-0.0288
-0.0231
-0.01902
-0.02646
-0.03658
-0.031
-0.0199
-0.0278
-0.03368
-0.03952
-0.04232
-0.04224
-0.04386
-0.04904
-0.04782
-0.04144
-0.03442
-0.03362
-0.03756
-0.03142
-0.0299
-0.03662
-0.05132
-0.0432
-0.0389
-0.03988
-0.02478
-0.04072
-0.04026
-0.03506
-0.04526
-0.03856
-0.0311
-0.02526
-0.02986
-0.0316
-0.03626
-0.0306
-0.0277
-0.03238
-0.01646
-0.02402
-0.02366
-0.01976
-0.01248
-0.02292
-0.023
-0.01106
-0.02268
-0.02744
-0.01498
-0.02376
-0.02608
-0.0361
-0.04324
-0.02834
-0.0303
-0.0185
-0.01712
-0.03856
-0.01924
-0.01882
-0.02966
-0.03042
-0.00888
-0.02162
-0.00744
-0.01196
-0.02988
-0.0279
-0.01998
-0.0286
-0.02164
-0.01612
-0.03178
-0.04416
-0.0453
-0.02374
-0.0262
-0.03004
-0.01464
-0.0169
-0.0404
-0.04046
-0.02268
-0.02672
-0.02386
-0.0228
-0.0123
-0.02946
-0.02648
-0.03396
-0.03706
-0.04006
-0.0276
-0.01938
-0.02672
-0.02396
-0.02806
-0.02866
-0.02708
-0.03962
-0.0446
-0.02238
-0.0375
-0.03036
-0.03282
-0.02956
-0.02626
-0.03532
-0.03892
-0.03374
-0.0329
-0.02626
-0.02392
-0.02378
-0.02608
-0.02716
-0.01712
-0.02578
-0.03936
-0.03842
-0.02046
-0.04154
-0.03492
-0.02408
-0.02728
-0.03592
-0.04496
-0.05226
-0.03976
-0.03102
-0.03714
-0.03644
-0.03632
-0.05036
-0.04346
-0.0231
-0.02558
-0.02082
-0.03096
-0.028
-0.02832
-0.03014
-0.02956
-0.05218
-0.0439
-0.03394
-0.0242
-0.0243
-0.01424
-0.00656
-0.0287
-0.02264
-0.02618
-0.0379
-0.03384
-0.02458
-0.00966
-0.01946
-0.03146
-0.03306
-0.03558
-0.02936
-0.02938
-0.03356
-0.02686
-0.0402
-0.0565
-0.03862
-0.04308
-0.02208
-0.00862
-0.02338
-0.0297
-0.0261
-0.02058
-0.02788
-0.02174
-0.03076
-0.034
-0.02674
-0.01548
-0.00902
-0.02566
-0.0386
-0.0332
-0.05096
-0.04106
-0.04488
-0.03412
-0.03568
-0.03226
-0.02316
-0.03132
-0.04016
-0.03716
-0.0369
-0.02924
-0.02094
-0.02128
-0.01856
-0.02974
-0.02874
-0.02084
-0.02288
-0.0202
-0.02878
-0.032
-0.03746
-0.035
-0.03888
-0.03206
-0.0389
-0.03458
-0.03598
-0.03856
-0.03792
-0.01904
-0.02866
-0.04476
-0.04372
-0.03442
-0.03636
-0.04642
-0.04382
-0.03792
-0.02514
-0.03536
-0.03076
-0.02954
-0.0283
-0.0241
-0.02104
-0.02066
-0.02706
-0.01464
-0.02154
-0.013
-0.02136
-0.00764
-0.01488
-0.02472
-0.03816
-0.03366
-0.0408
-0.03174
-0.03626
-0.03108
-0.028
-0.04354
-0.0365
-0.03892
-0.02984
-0.03322
-0.03584
-0.03616
-0.023
-0.02756
-0.01936
-0.02582
-0.04482
-0.04128
-0.0289
-0.01796
-0.02202
-0.02942
-0.03512
-0.03386
-0.03666
-0.04006
-0.03262
-0.03624
-0.03384
-0.02786
-0.04644
-0.04106
-0.02678
-0.02506
-0.017
-0.01684
-0.01558
-0.0332
-0.02638
-0.02664
-0.03314
-0.0315
-0.02756
-0.0337
-0.03132
-0.04618
-0.05028
-0.04094
-0.03728
-0.03176
-0.02428
-0.03694
-0.0373
-0.04476
-0.03908
-0.04558
-0.03168
-0.03518
-0.02938
-0.04006
-0.04564
-0.03988
-0.02644
-0.0395
-0.02888
-0.03314
-0.03614
-0.02512
-0.01728
-0.02308
-0.03402
-0.04016
-0.0509
-0.02406
-0.0338
-0.041
-0.03736
-0.03232
-0.02406
-0.03282
-0.01648
-0.0052
-0.02152
-0.0305
-0.0381
-0.03418
-0.03054
-0.03986
-0.0243
-0.03206
-0.03246
-0.0275
-0.0226
-0.01398
-0.01566
-0.02666
-0.03036
-0.03716
-0.02138
-0.02364
-0.03114
-0.02736
-0.02418
-0.03062
-0.03524
-0.0418
-0.03676
-0.0192
-0.0106
-0.02386
-0.03602
-0.02994
-0.03344
-0.03638
-0.03466
-0.0222
-0.01594
-0.01528
-0.00938
-0.00978
-0.01388
-0.02032
-0.02996
-0.02412
-0.0217
-0.04684
-0.04644
-0.0367
-0.03898
-0.0232
-0.01464
-0.0182
-0.01688
-0.0279
-0.02164
-0.01994
-0.03434
-0.02958
-0.01694
-0.02742
-0.02624
-0.0262
-0.03138
-0.03474
-0.0346
-0.03494
-0.02664
-0.0307
-0.0222
-0.0368
-0.03496
-0.0315
-0.04272
-0.03442
-0.04442
-0.04618
-0.03978
-0.0383
-0.03298
-0.01788
-0.00984
-0.03952
-0.03494
-0.03158
-0.01332
-0.01728
-0.02006
-0.03074
-0.03598
-0.03214
-0.02128
-0.0298
-0.04326
-0.03886
-0.04876
-0.0401
-0.03682
-0.0335
-0.05014
-0.04116
-0.02382
-0.03114
-0.0321
-0.0379
-0.02406
-0.025
-0.03568
-0.04084
-0.03878
-0.02984
-0.02326
-0.03192
-0.03048
-0.03928
-0.03412
-0.0274
-0.0277
-0.03208
-0.03968
-0.02134
-0.01982
-0.03564
-0.02008
-0.03542
-0.03556
-0.02928
-0.02074
-0.0248
-0.02606
-0.03368
-0.0285
-0.03678
-0.04308
-0.04112
-0.03508
-0.03886
-0.0287
-0.0278
-0.02286
-0.03098
-0.03798
-0.03834
-0.0345
-0.03874
-0.03752
-0.05026
-0.05574
-0.03314
-0.03322
-0.03818
-0.04336
-0.0419
-0.04428
-0.03188
-0.0327
-0.0223
-0.01632
-0.0188
-0.02858
-0.03248
-0.04252
-0.03824
-0.04804
-0.0411
-0.03218
-0.05148
-0.0301
-0.02916
-0.0263
-0.03648
-0.04908
-0.0406
-0.02888
-0.02156
-0.02272
-0.03026
-0.03178
-0.02758
-0.03616
-0.03998
-0.02044
-0.01968
-0.01942
-0.01156
-0.02286
-0.02812
-0.03114
-0.05106
-0.03642
-0.03162
-0.0349
-0.02884
-0.0207
-0.0196
-0.02596
-0.03204
-0.04486
-0.03958
-0.02728
-0.0213
-0.03524
-0.01724
-0.04904
-0.0482
-0.03564
-0.03708
-0.02806
-0.0327
-0.04016
-0.0352
-0.02666
-0.0252
-0.01676
-0.0314
-0.0291
-0.03402
-0.03754
-0.05658
-0.02624
-0.01986
-0.02228
-0.02806
-0.02692
-0.043
-0.03724
-0.04366
-0.04846
-0.04534
-0.04036
-0.0554
-0.03018
-0.0356
-0.037
-0.02224
-0.03872
-0.04062
-0.04146
-0.03084
-0.02412
-0.03038
-0.03438
-0.03936
-0.03084
-0.02906
-0.03132
-0.0339
-0.02846
-0.0429
-0.03808
-0.04268
-0.04656
-0.02562
-0.03066
-0.02944
-0.02246
-0.01602
-0.02706
-0.04514
-0.05566
-0.04404
-0.04952
-0.03926
-0.0387
-0.02142
-0.02096
-0.03336
-0.02812
-0.02884
-0.01782
-0.01694
-0.0339
-0.0498
