-0.9965
-0.99604
-0.99656
-0.99604
-0.99664
-0.99642
-0.99588
-0.99664
-0.99648
-0.99638
-0.9965
-0.997
-0.99608
-0.99608
-0.99628
-0.99634
-0.99644
-0.99602
-0.9964
-0.99634
-0.99634
-0.99634
-0.99634
-0.99684
-0.99634
-0.9967
-0.99648
-0.99672
-0.99606
-0.99638
-0.99604
-0.99602
-0.99612
-0.9963
-0.99626
-0.99658
-0.99636
-0.99654
-0.99592
-0.99644
-0.99654
-0.9964
-0.99662
-0.9968
-0.9966
-0.99584
-0.99638
-0.99654
-0.99662
-0.9963
-0.99598
-0.9962
-0.99628
-0.99618
-0.99638
-0.99658
-0.9963
-0.9962
-0.99668
-0.99614
-0.99668
-0.9963
-0.99684
-0.9961
-0.99632
-0.9968
-0.99648
-0.99624
-0.9962
-0.99558
-0.99634
-0.99618
-0.99614
-0.9966
-0.99626
-0.9961
-0.99606
-0.9969
-0.99666
-0.99618
-0.99676
-0.99622
-0.99648
-0.99654
-0.99662
-0.99646
-0.99604
-0.99622
-0.9961
-0.99658
-0.99636
-0.99664
-0.9967
-0.99578
-0.99604
-0.99648
-0.99648
-0.99628
-0.99608
-0.9967
-0.99644
-0.99666
-0.99614
-0.99648
-0.9962
-0.99658
-0.99612
-0.99664
-0.9962
-0.99618
-0.99656
-0.99654
-0.99648
-0.99624
-0.99634
-0.99612
-0.99638
-0.99604
-0.99658
-0.99678
-0.99648
-0.99618
-0.99634
-0.9963
-0.996
-0.99604
-0.99638
-0.99592
-0.9965
-0.99594
-0.99666
-0.99658
-0.99616
-0.99654
-0.9961
-0.99644
-0.996
-0.99672
-0.99606
-0.99628
-0.99662
-0.99656
-0.99596
-0.9964
-0.9966
-0.99694
-0.99666
-0.9966
-0.99666
-0.99648
-0.99616
-0.99628
-0.99696
-0.99626
-0.99656
-0.99674
-0.996
-0.99648
-0.99646
-0.99618
-0.99596
-0.99642
-0.9962
-0.99692
-0.9964
-0.99592
-0.99626
-0.9964
-0.9965
-0.9965
-0.99656
-0.996
-0.99628
-0.99714
-0.99626
-0.99684
-0.9967
-0.99616
-0.99622
-0.99632
-0.99658
-0.99628
-0.9962
-0.99642
-0.99622
-0.99618
-0.99574
-0.99664
-0.996
-0.99634
-0.99674
-0.99636
-0.99666
-0.99606
-0.99632
-0.99638
-0.99678
-0.99676
-0.99604
-0.99618
-0.99564
-0.99688
-0.99608
-0.99668
-0.99656
-0.99612
-0.9964
-0.99664
-0.9963
-0.99654
-0.9966
-0.99592
-0.99548
-0.99646
-0.99636
-0.99656
-0.99636
-0.99666
-0.99676
-0.9964
-0.99664
-0.99584
-0.99596
-0.99636
-0.99608
-0.99636
-0.99684
-0.9965
-0.99646
-0.99592
-0.9965
-0.99584
-0.9967
-0.99642
-0.99638
-0.99654
-0.99622
-0.99666
-0.99612
-0.99644
-0.9962
-0.99608
-0.99634
-0.99646
-0.99674
-0.99628
-0.99656
-0.99622
-0.9966
-0.99578
-0.99646
-0.99648
-0.9964
-0.99612
-0.99608
-0.99592
-0.99614
-0.99658
-0.99604
-0.99688
-0.99682
-0.9963
-0.99624
-0.99622
-0.99606
-0.99666
-0.99648
-0.99622
-0.9964
-0.9963
-0.99672
-0.99622
-0.9968
-0.99646
-0.99634
-0.99648
-0.99636
-0.9962
-0.99638
-0.99634
-0.99664
-0.99616
-0.99668
-0.9966
-0.99594
-0.99664
-0.99684
-0.99632
-0.99602
-0.99642
-0.9968
-0.99646
-0.99638
-0.99692
-0.99658
-0.99668
-0.99658
-0.99674
-0.99678
-0.99662
-0.99578
-0.99624
-0.9967
-0.99662
-0.99598
-0.99634
-0.9971
-0.9963
-0.9967
-0.99656
-0.99588
-0.9964
-0.99666
-0.99654
-0.9964
-0.99638
-0.99656
-0.99646
-0.99652
-0.99684
-0.99642
-0.99626
-0.99678
-0.996
-0.99578
-0.99618
-0.9965
-0.99604
-0.99658
-0.99636
-0.99628
-0.99644
-0.99724
-0.99648
-0.99662
-0.99638
-0.99616
-0.99634
-0.99668
-0.99618
-0.99618
-0.99658
-0.9963
-0.99644
-0.99586
-0.99654
-0.99612
-0.9964
-0.99608
-0.99674
-0.99668
-0.99612
-0.9967
-0.99624
-0.99602
-0.99624
-0.99668
-0.99626
-0.99682
-0.99666
-0.99652
-0.99668
-0.99664
-0.99592
-0.99644
-0.99644
-0.99646
-0.99632
-0.99626
-0.99624
-0.99656
-0.99638
-0.9964
-0.99678
-0.9966
-0.99598
-0.99664
-0.99616
-0.9963
-0.9967
-0.9968
-0.99688
-0.99608
-0.99648
-0.99626
-0.99652
-0.99644
-0.9959
-0.9963
-0.99608
-0.99676
-0.99596
-0.99626
-0.99618
-0.99644
-0.99646
-0.9965
-0.99658
-0.99598
-0.9964
-0.9969
-0.99636
-0.99652
-0.99618
-0.99634
-0.99604
-0.99608
-0.99608
-0.9959
-0.99656
-0.99604
-0.99704
-0.99608
-0.99686
-0.9963
-0.99684
-0.99598
-0.9962
-0.99626
-0.99614
-0.99636
-0.99666
-0.996
-0.99686
-0.99656
-0.99634
-0.9966
-0.99664
-0.9961
-0.99646
-0.99648
-0.99628
-0.99616
-0.99658
-0.9962
-0.9966
-0.99662
-0.99612
-0.99642
-0.996
-0.99592
-0.99644
-0.99648
-0.99664
-0.99604
-0.99642
-0.99686
-0.9962
-0.99614
-0.99636
-0.99652
-0.99666
-0.99636
-0.99654
-0.99618
-0.99582
-0.99648
-0.99606
-0.99664
-0.99594
-0.99636
-0.99674
-0.99618
-0.99614
-0.9961
-0.99614
-0.99652
-0.99638
-0.99668
-0.99672
-0.99608
-0.99614
-0.9959
-0.99628
-0.99606
-0.99614
-0.99618
-0.99656
-0.99594
-0.99648
-0.99674
-0.99626
-0.99624
-0.99696
-0.9965
-0.9966
-0.99614
-0.99668
-0.9967
-0.9966
-0.99658
-0.99548
-0.99664
-0.99646
-0.99676
-0.99664
-0.99616
-0.99648
-0.99618
-0.9965
-0.99692
-0.99628
-0.99626
-0.99628
-0.9968
-0.99662
-0.9965
-0.9966
-0.9957
-0.99632
-0.99604
-0.99624
-0.99652
-0.99632
-0.99684
-0.99618
-0.99634
-0.99602
-0.99682
-0.99646
-0.9962
-0.99604
-0.9963
-0.9961
-0.99656
-0.99598
-0.99616
-0.99654
-0.9963
-0.99618
-0.99706
-0.99622
-0.99648
-0.9966
-0.99576
-0.99542
-0.99636
-0.99654
-0.99626
-0.99626
-0.99654
-0.99652
-0.99668
-0.99658
-0.99662
-0.99582
-0.99646
-0.9962
-0.9966
-0.99644
-0.99676
-0.9964
-0.99626
-0.99634
-0.9964
-0.99664
-0.9963
-0.99634
-0.9968
-0.99666
-0.99682
-0.99634
-0.9965
-0.99646
-0.99634
-0.99664
-0.99658
-0.99678
-0.99596
-0.99676
-0.99572
-0.996
-0.9967
-0.99652
-0.99662
-0.99616
-0.997
-0.99634
-0.99618
-0.9962
-0.99584
-0.99668
-0.99594
-0.9958
-0.9964
-0.99646
-0.99656
-0.99676
-0.99606
-0.99642
-0.99652
-0.99616
-0.99642
-0.9967
-0.99674
-0.99676
-0.99646
-0.99648
-0.99592
-0.99652
-0.99606
-0.99634
-0.99628
-0.99634
-0.99664
-0.99598
-0.99626
-0.99652
-0.99636
-0.99634
-0.99648
-0.99578
-0.99592
-0.99636
-0.99584
-0.99584
-0.99614
-0.99646
-0.99632
-0.99658
-0.99676
-0.9965
-0.9963
-0.99604
-0.99684
-0.99652
-0.9965
-0.99602
-0.9964
-0.99614
-0.99642
-0.99626
-0.99666
-0.9963
-0.99588
-0.99616
-0.99656
-0.99646
-0.99632
-0.99576
-0.99612
-0.99674
-0.99642
-0.9962
-0.99638
-0.99636
-0.99572
-0.99572
-0.99666
-0.99634
-0.99678
-0.9962
-0.99618
-0.9968
-0.9963
-0.99706
-0.99624
-0.99656
-0.99632
-0.99668
-0.99644
-0.99568
-0.99628
-0.99626
-0.99628
-0.9967
-0.99638
-0.9958
-0.99628
-0.99638
-0.99618
-0.99682
-0.99634
-0.99618
-0.99636
-0.99644
-0.9965
-0.9967
-0.9969
-0.99622
-0.99614
-0.9958
-0.99692
-0.99634
-0.99688
-0.9967
-0.99604
-0.99648
-0.99662
-0.99662
-0.99648
-0.9965
-0.99614
-0.99626
-0.99564
-0.9964
-0.99624
-0.9963
-0.99632
-0.9966
-0.99654
-0.99652
-0.9967
-0.99588
-0.99644
-0.99622
-0.99686
-0.99684
-0.99684
-0.99708
-0.99652
-0.9966
-0.99646
-0.99632
-0.99638
-0.9962
-0.99608
-0.99644
-0.99614
-0.99618
-0.99662
-0.9964
-0.99614
-0.99646
-0.99634
-0.99658
-0.99654
-0.9956
-0.9962
-0.99624
-0.99584
-0.99612
-0.9968
-0.99608
-0.99654
-0.9968
-0.99656
-0.9965
-0.9967
-0.99618
-0.99618
-0.99638
-0.99678
-0.99656
-0.99596
-0.99646
-0.9963
-0.99624
-0.99638
-0.99596
-0.9963
-0.99622
-0.9966
-0.99614
-0.99628
-0.99682
-0.99664
-0.99644
-0.99678
-0.9965
-0.99612
-0.99664
-0.99644
-0.9962
-0.99628
-0.99648
-0.99684
-0.99594
-0.99634
-0.99624
-0.99644
-0.99616
-0.99664
-0.99602
-0.99652
-0.99638
-0.99648
-0.9964
-0.99644
-0.9965
-0.99624
-0.99594
-0.99678
-0.99676
-0.99638
-0.99638
-0.99632
-0.99632
-0.99644
-0.99658
-0.9962
-0.996
-0.9965
-0.99612
-0.9961
-0.9965
-0.99652
-0.99588
-0.99656
-0.99672
-0.99654
-0.99674
-0.99648
-0.99646
-0.99702
-0.99654
-0.9968
-0.9967
-0.99616
-0.99636
-0.99634
-0.99628
-0.99712
-0.99628
-0.9968
-0.99686
-0.99656
-0.99628
-0.9964
-0.99684
-0.99656
-0.9966
-0.996
-0.99642
-0.9964
-0.99624
-0.99654
-0.9961
-0.9964
-0.99678
-0.99652
-0.99656
-0.99642
-0.99656
-0.99676
-0.99604
-0.9971
-0.99662
-0.99646
-0.99666
-0.9967
-0.9965
-0.99678
-0.99628
-0.9962
-0.99618
-0.99622
-0.9965
-0.9971
-0.99658
-0.99628
-0.9963
-0.996
-0.9965
-0.99602
-0.99652
-0.99636
-0.99672
-0.99644
-0.9965
-0.99612
-0.9958
-0.99672
-0.9965
-0.9967
-0.99662
-0.99614
-0.99586
-0.99666
-0.9967
-0.9965
-0.99616
-0.9967
-0.99628
-0.99684
-0.9967
-0.9964
-0.99664
-0.99662
-0.99634
-0.99656
-0.99634
-0.99614
-0.9963
-0.99634
-0.99672
-0.9965
-0.99618
-0.99606
-0.99638
-0.99654
-0.99668
-0.99664
-0.99682
-0.99586
-0.99692
-0.9969
-0.99678
-0.99664
-0.9965
-0.99628
-0.9969
-0.99648
-0.99612
-0.99614
-0.99608
-0.99596
-0.99618
-0.99656
-0.99618
-0.99642
-0.99622
-0.99622
-0.99676
-0.9964
-0.99658
-0.9964
-0.99686
-0.99618
-0.9962
-0.99694
-0.99642
-0.99614
-0.99662
-0.99642
-0.99632
-0.9961
-0.9966
-0.99682
-0.99664
-0.99668
-0.9964
-0.99674
-0.9966
-0.9959
-0.99662
-0.9965
-0.99668
-0.99642
-0.99608
-0.99566
-0.99596
-0.9964
-0.99654
-0.99624
-0.99658
-0.99634
-0.99598
-0.99624
-0.9965
-0.997
-0.9965
-0.99644
-0.996
-0.99698
-0.99648
-0.99628
-0.99582
-0.99638
-0.99592
-0.99646
-0.9963
-0.9969
-0.99636
-0.99636
-0.99656
-0.99614
-0.99618
-0.99616
-0.99648
-0.99698
-0.99636
-0.9965
-0.99662
-0.99622
-0.99606
-0.99642
-0.99684
-0.99644
-0.997
-0.99568
-0.99658
-0.9963
-0.99612
-0.99572
-0.996
-0.99656
-0.99652
-0.99624
-0.99678
-0.99592
-0.9963
-0.99652
-0.9962
-0.99682
-0.996
-0.99656
-0.9968
-0.99612
-0.99606
-0.99594
-0.9962
-0.99624
-0.9966
-0.99668
-0.99672
-0.99654
-0.99658
-0.9966
-0.99668
-0.99644
-0.99648
-0.99672
-0.9964
-0.99626
-0.99646
-0.99646
-0.99624
-0.99644
-0.9964
-0.99692
-0.996
-0.99698
-0.99622
-0.99634
-0.99648
-0.9963
-0.99692
-0.99648
-0.99696
-0.99614
-0.99656
-0.99614
-0.99628
-0.99706
-0.99616
-0.9967
-0.99652
-0.9966
-0.99616
-0.99604
-0.99648
-0.99622
-0.99674
-0.9969
-0.99638
-0.99658
-0.99674
-0.99674
-0.99646
-0.99612
-0.99654
-0.99648
-0.99686
-0.9966
-0.99692
-0.99654
-0.99652
-0.99578
-0.99628
-0.99598
-0.99624
-0.99656
-0.99644
-0.9965
-0.9963
-0.99654
-0.99626
-0.99614
-0.99646
-0.99596
-0.99606
-0.99604
-0.99678
-0.99636
-0.99648
-0.99632
-0.99676
-0.99562
-0.99656
-0.99624
-0.99642
-0.99652
-0.9967
-0.9961
-0.99626
-0.9964
-0.99608
-0.9962
-0.99606
-0.99668
-0.9964
-0.99652
-0.99664
-0.99618
-0.99634
-0.99664
-0.9961
-0.99664
-0.99588
-0.99636
-0.99672
-0.99642
-0.99658
-0.99654
-0.99616
-0.9967
-0.99648
-0.99638
-0.99606
-0.99662
-0.99586
-0.99628
-0.99684
-0.99674
-0.99586
-0.9964
-0.99666
-0.9962
-0.9962
-0.99654
-0.99662
-0.99634
-0.99624
-0.9961
-0.9962
-0.99606
-0.99598
-0.99682
-0.99646
-0.99614
-0.99656
-0.99662
-0.99582
-0.99698
-0.99686
-0.99662
-0.99636
-0.99642
-0.99646
-0.99658
-0.99654
-0.99606
-0.99656
-0.99614
-0.99648
-0.99662
-0.99652
-0.99644
-0.9965
-0.99684
-0.99644
-0.99652
-0.99678
-0.99598
-0.99646
-0.99658
-0.99672
-0.99582
-0.99656
-0.99656
-0.9961
-0.99646
-0.99682
-0.9967
-0.99638
-0.9965
-0.99648
-0.99594
-0.99702
-0.99642
-0.99676
-0.9963
-0.99652
-0.99672
-0.99636
-0.99622
-0.9969
-0.99588
-0.99636
-0.99632
-0.9961
-0.99654
-0.99668
-0.99654
-0.99648
-0.99622
-0.9965
-0.99664
-0.9962
-0.9964
-0.99666
-0.997
-0.99588
-0.99632
-0.99716
-0.99638
-0.99644
-0.9967
-0.99624
-0.996
-0.99628
-0.9967
-0.99602
-0.99618
-0.99674
-0.99666
-0.9965
-0.99672
-0.99646
-0.99652
-0.99616
-0.99656
-0.99596
-0.9961
-0.99644
-0.99638
-0.9961
-0.99696
-0.99676
-0.99636
-0.99684
-0.99656
-0.9963
-0.99634
-0.9962
-0.99616
-0.99612
-0.99614
-0.99644
-0.99658
-0.99678
-0.99622
-0.99636
-0.99602
-0.9965
-0.99682
-0.99668
-0.99646
-0.99668
-0.99616
-0.99614
-0.99644
-0.9964
-0.99666
-0.99704
-0.99578
-0.99656
-0.99642
-0.9962
-0.99608
-0.9965
-0.99616
-0.99652
-0.99626
-0.9961
-0.99648
-0.99668
-0.99596
-0.9968
-0.99648
-0.99602
-0.99632
-0.99634
-0.99642
-0.99614
-0.99666
-0.9964
-0.9965
-0.99646
-0.9964
-0.99612
-0.99684
-0.99624
-0.99612
-0.99652
-0.99648
-0.99616
-0.99634
-0.99632
-0.99646
-0.99666
-0.99662
-0.99594
-0.99638
-0.99598
-0.99658
-0.99638
-0.99616
-0.99662
-0.99678
-0.99638
-0.99692
-0.99668
-0.99642
-0.99656
-0.99688
-0.99626
-0.9961
-0.99622
-0.99634
-0.9973
-0.9965
-0.99646
-0.99612
-0.99626
-0.99648
-0.99674
-0.99684
-0.99642
-0.99636
-0.99672
-0.99586
-0.99702
-0.9965
-0.99628
-0.99708
-0.99664
-0.99638
-0.99612
-0.99628
-0.99626
-0.9959
-0.99668
-0.99622
-0.99572
-0.99636
-0.99658
-0.99602
-0.99662
-0.99592
-0.99634
-0.99642
-0.9967
-0.99676
-0.99608
-0.99656
-0.9962
-0.99584
-0.99646
-0.99602
-0.99604
-0.99556
-0.99642
-0.99652
-0.99648
-0.99612
-0.99608
-0.99642
-0.99658
-0.99666
-0.99632
-0.99652
-0.99644
-0.99668
-0.9968
-0.99634
-0.99658
-0.99632
-0.99656
-0.99544
-0.9966
-0.99662
-0.99642
-0.99644
-0.99592
-0.99648
-0.99674
-0.9962
-0.9968
-0.99638
-0.99624
-0.99662
-0.99664
-0.99668
-0.99672
-0.99588
-0.99598
-0.99638
-0.99638
-0.99648
-0.99588
-0.99642
-0.9961
-0.99582
-0.99616
-0.99604
-0.99642
-0.99622
-0.99644
-0.99638
-0.9963
-0.99606
-0.9962
-0.99644
-0.99598
-0.99642
-0.9962
-0.99632
-0.99616
-0.99644
-0.99652
-0.99692
-0.99672
-0.9967
-0.99636
-0.99616
-0.9966
-0.99606
-0.99704
-0.99636
-0.99634
-0.99666
-0.99638
-0.9964
-0.9965
-0.99666
-0.99654
-0.9962
-0.9968
-0.99594
-0.9969
-0.99656
-0.9963
-0.99638
-0.99608
-0.99664
-0.99604
-0.99652
-0.99666
-0.9961
-0.99666
-0.99646
-0.99644
-0.99632
-0.99674
-0.99652
-0.99654
-0.9964
-0.99616
-0.99682
-0.99604
-0.9967
-0.99698
-0.99632
-0.99646
-0.9959
-0.99678
-0.99604
-0.9962
-0.99632
-0.99624
-0.99644
-0.99634
-0.99604
-0.99642
-0.99662
-0.99664
-0.99666
-0.99612
-0.99632
-0.99602
-0.99642
-0.99646
-0.99694
-0.9963
-0.99566
-0.99652
-0.99652
-0.99654
-0.99676
-0.99636
-0.99612
-0.99686
-0.99642
-0.99656
-0.99606
-0.99612
-0.99682
-0.99624
-0.9964
-0.99628
-0.99588
-0.99638
-0.99606
-0.99618
-0.99668
-0.99664
-0.99644
-0.9959
-0.99648
-0.9962
-0.9968
-0.99604
-0.9968
-0.99636
-0.99632
-0.99634
-0.9967
-0.99614
-0.9963
-0.99652
-0.99668
-0.99708
-0.9959
-0.99664
-0.99664
-0.9962
-0.99636
-0.99646
-0.9965
-0.99622
-0.9964
-0.99646
-0.99606
-0.99662
-0.99594
-0.99606
-0.99626
-0.9962
-0.99634
-0.9958
-0.99608
-0.99618
-0.99638
-0.9964
-0.99626
-0.99646
-0.99648
-0.99642
-0.9964
-0.99616
-0.9964
-0.99628
-0.99666
-0.99612
-0.9961
-0.99644
-0.99632
-0.99604
-0.99592
-0.99622
-0.9965
-0.99634
-0.99608
-0.99652
-0.99664
-0.9966
-0.99622
-0.99642
-0.99662
-0.99578
-0.9967
-0.99584
-0.99678
-0.99658
-0.9966
-0.99614
-0.99606
-0.99614
-0.99656
-0.9964
-0.99624
-0.99652
-0.99626
-0.99594
-0.9966
-0.99652
-0.99632
-0.9965
-0.99638
-0.99654
-0.99638
-0.99618
-0.99656
-0.99652
-0.9966
-0.9964
-0.99656
-0.9959
-0.99708
-0.99626
-0.9963
-0.99618
-0.9967
-0.9963
-0.99654
-0.99596
-0.9959
-0.9963
-0.99618
-0.99622
-0.99606
-0.99612
-0.99668
-0.9967
-0.99662
-0.9965
-0.99698
-0.99594
-0.99618
-0.9966
-0.99672
-0.9961
-0.99616
-0.99666
-0.99602
-0.99636
-0.99572
-0.99624
-0.9963
-0.99682
-0.99658
-0.99648
-0.99664
-0.9964
-0.99654
-0.99662
-0.99632
-0.99656
-0.9966
-0.99646
-0.99652
-0.99664
-0.9967
-0.99618
-0.99656
-0.99618
-0.99622
-0.99664
-0.99614
-0.9967
-0.99672
-0.99672
-0.99664
-0.99664
-0.99654
-0.99616
-0.99648
-0.99662
-0.99636
-0.99604
-0.99636
-0.99704
-0.99644
-0.99652
-0.99632
-0.99662
-0.99654
-0.99632
-0.99662
-0.99636
-0.99636
-0.99608
-0.99678
-0.99664
-0.99628
-0.99642
-0.99576
-0.99636
-0.99638
-0.9965
-0.99676
-0.99674
-0.99622
-0.99614
-0.99618
-0.99608
-0.99588
-0.99598
-0.9961
-0.99666
-0.99642
-0.99594
-0.9968
-0.99584
-0.9966
-0.99618
-0.99584
-0.99652
-0.99634
-0.99614
-0.99588
-0.99652
-0.99628
-0.99646
-0.9967
-0.99598
-0.99718
-0.99648
-0.99582
-0.99664
-0.99666
-0.99676
-0.99658
-0.99652
-0.99606
-0.99662
-0.99592
-0.99602
-0.9964
-0.99668
-0.99634
-0.99586
-0.99636
-0.99616
-0.99698
-0.9964
-0.99672
-0.99628
-0.99606
-0.99614
-0.99686
-0.9965
-0.99636
-0.99644
-0.9962
-0.99626
-0.99632
-0.99568
-0.99628
-0.99692
-0.99608
-0.99676
-0.99674
-0.99582
-0.99676
-0.99618
-0.9966
-0.99608
-0.99636
-0.99584
-0.9966
-0.99648
-0.99672
-0.99648
-0.99628
-0.9966
-0.99634
-0.99588
-0.99618
-0.99632
-0.99606
-0.9964
-0.9961
-0.99592
-0.99642
-0.99654
-0.9971
-0.99632
-0.9966
-0.99614
-0.99652
-0.99606
-0.9963
-0.99668
-0.99604
-0.99646
-0.99696
-0.99652
-0.99622
-0.99624
-0.99632
-0.9962
-0.99668
-0.99616
-0.99644
-0.9964
-0.99608
-0.99662
-0.99628
-0.9961
-0.99618
-0.9963
-0.99648
-0.99586
-0.99652
-0.99702
-0.99652
-0.99666
-0.99656
-0.99648
-0.9966
-0.9965
-0.99624
-0.99654
-0.99662
-0.99666
-0.9969
-0.99644
-0.99642
-0.9962
-0.99618
-0.9965
-0.99644
-0.99678
-0.99676
-0.996
-0.9961
-0.9965
-0.99646
-0.99666
-0.99632
-0.99608
-0.99628
-0.9961
-0.99692
-0.99578
-0.99644
-0.99616
-0.99598
-0.99666
-0.99638
-0.99618
-0.99662
-0.99678
-0.99668
-0.99608
-0.99608
-0.9966
-0.99618
-0.99624
-0.99648
-0.99624
-0.99656
-0.99624
-0.9967
-0.99658
-0.9966
-0.99666
-0.99684
-0.99622
-0.9958
-0.99588
-0.99646
-0.99664
-0.9962
-0.99634
-0.99652
-0.996
-0.9969
-0.99648
-0.99658
-0.99616
-0.99602
-0.99684
-0.99652
-0.99636
-0.99632
-0.9967
-0.9966
-0.9958
-0.99682
-0.99656
-0.99622
-0.99634
-0.99646
-0.99614
-0.99596
-0.9966
-0.99648
-0.99666
-0.99638
-0.99662
-0.99594
-0.99574
-0.99646
-0.99684
-0.99656
-0.99622
-0.99676
-0.9961
-0.99684
-0.9964
-0.99642
-0.99668
-0.99622
-0.99652
-0.99618
-0.99636
-0.99652
-0.99676
-0.9962
-0.99602
-0.99626
-0.99696
-0.99628
-0.9966
-0.99618
-0.99602
-0.99652
-0.99632
-0.99672
-0.99656
-0.99632
-0.99666
-0.99608
-0.99574
-0.99604
-0.9968
-0.99628
-0.99646
-0.99652
-0.997
-0.99636
-0.99624
-0.99628
-0.99614
-0.99616
-0.99608
-0.99652
-0.99658
-0.99598
-0.9959
-0.99634
-0.99648
-0.99644
-0.99596
-0.9963
-0.99634
-0.99642
-0.99592
-0.99614
-0.99654
-0.99604
-0.99592
-0.99624
-0.99672
-0.9959
-0.99676
-0.99644
-0.99614
-0.99644
-0.99632
-0.99644
-0.9965
-0.99652
-0.99674
-0.99658
-0.99602
-0.99608
-0.99674
-0.9964
-0.99622
-0.99666
-0.99602
-0.9962
-0.99668
-0.99698
-0.99588
-0.99664
-0.99674
-0.99684
-0.99678
-0.9962
-0.99642
-0.99626
-0.99628
-0.9967
-0.99586
-0.99602
-0.9964
-0.99656
-0.99636
-0.99652
-0.9967
-0.99668
-0.99662
-0.99584
-0.99642
-0.99626
-0.99702
-0.997
-0.99652
-0.99666
-0.99616
-0.99686
-0.99634
-0.99664
-0.99616
-0.99648
-0.9963
-0.99682
-0.99682
-0.99602
-0.99652
-0.99606
-0.99676
-0.99702
-0.9965
-0.99666
-0.99654
-0.99656
-0.99644
-0.99702
-0.99616
-0.99626
-0.9965
-0.99658
-0.9967
-0.99636
-0.99638
-0.99636
-0.99634
-0.99654
-0.99632
-0.9965
-0.99602
-0.99656
-0.99584
-0.99596
-0.99654
-0.99622
-0.99668
-0.99654
-0.99614
-0.9962
-0.99632
-0.99656
-0.9964
-0.9964
-0.99672
-0.99652
-0.99658
-0.996
-0.99638
-0.99662
-0.99648
-0.99626
-0.996
-0.99672
-0.99656
-0.9968
-0.99644
-0.99684
-0.99624
-0.99678
-0.99622
-0.99676
-0.99676
-0.9968
-0.99602
-0.9968
-0.99676
-0.99656
-0.9962
-0.99622
-0.99658
-0.99656
-0.99706
-0.99634
-0.99586
-0.99594
-0.996
-0.99652
-0.99604
-0.99626
-0.99636
-0.9962
-0.99678
-0.99642
-0.99652
-0.99634
-0.99646
-0.99644
-0.99654
-0.9962
-0.99636
-0.99662
-0.99652
-0.99602
-0.99626
-0.99698
-0.99656
-0.99608
-0.99622
-0.99576
-0.99624
-0.99622
-0.9965
-0.99616
-0.9963
-0.99682
-0.99626
-0.99638
-0.99666
-0.99684
-0.9963
-0.9964
-0.9968
-0.99644
-0.99616
-0.99676
-0.99594
-0.99612
-0.99614
-0.9964
-0.99646
-0.99664
-0.99646
-0.996
-0.99588
-0.99638
-0.99618
-0.99618
-0.99634
-0.99624
-0.99636
-0.99634
-0.99654
-0.99622
-0.99638
-0.99678
-0.99586
-0.99622
-0.99684
-0.99636
-0.99638
-0.9963
-0.99656
-0.99638
-0.99608
-0.9968
-0.9964
-0.99652
-0.99594
-0.99628
-0.99654
-0.99684
-0.99656
-0.99636
-0.99636
-0.99658
-0.99652
-0.99626
-0.9964
-0.99664
-0.99682
-0.99628
-0.99624
-0.99614
-0.99642
-0.99634
-0.99582
-0.9967
-0.99574
-0.99654
-0.99588
-0.99672
-0.99668
-0.99672
-0.99608
-0.99658
-0.99608
-0.9959
-0.9965
-0.9965
-0.9961
-0.99628
-0.99664
-0.99642
-0.99634
-0.99678
-0.99614
-0.9966
-0.99666
-0.99576
-0.99652
-0.99602
-0.99674
-0.99656
-0.9959
-0.99624
-0.99638
-0.99608
-0.9961
-0.99658
-0.9964
-0.99644
-0.9962
-0.9963
-0.99584
-0.9966
-0.99642
-0.99632
-0.99648
-0.99622
-0.99656
-0.99694
-0.99656
-0.99636
-0.99634
-0.99588
-0.99628
-0.99578
-0.99672
-0.99652
-0.99636
-0.99658
-0.99616
-0.99634
-0.9963
-0.99658
-0.99634
-0.99644
-0.99574
-0.99646
-0.9962
-0.99654
-0.9968
-0.99622
-0.99624
-0.99588
-0.99632
-0.99592
-0.99598
-0.99616
-0.9961
-0.99642
-0.99688
-0.99632
-0.99658
-0.99696
-0.9961
-0.99628
-0.99682
-0.99648
-0.99636
-0.9969
-0.99632
-0.9969
-0.99656
-0.99606
-0.99658
-0.99634
-0.99656
-0.99594
-0.9969
-0.99642
-0.99638
-0.99674
-0.99652
-0.99662
-0.9966
-0.9966
-0.99652
-0.99642
-0.99616
-0.99642
-0.99652
-0.99666
-0.99652
-0.99662
-0.99634
-0.99644
-0.99674
-0.9964
-0.99666
-0.99604
-0.9962
-0.99636
-0.9964
-0.99696
-0.99664
-0.99658
-0.99672
-0.99656
-0.99654
-0.99646
-0.99626
-0.99656
-0.99698
-0.99676
-0.99646
-0.99682
-0.9966
-0.9964
-0.99656
-0.99674
-0.9961
-0.99668
-0.99672
-0.99586
-0.99638
-0.99668
-0.9962
-0.99626
-0.99644
-0.996
-0.99678
-0.99632
-0.99622
-0.99686
-0.9961
-0.99608
-0.99644
-0.99668
-0.99626
-0.99656
-0.99644
-0.99694
-0.99598
-0.99634
-0.99628
-0.99636
-0.99644
-0.99684
-0.99646
-0.99626
-0.99642
-0.9966
-0.99682
-0.99614
-0.99602
-0.99664
-0.99594
-0.99672
-0.996
-0.9966
-0.99588
-0.9964
-0.99588
-0.99642
-0.99664
-0.99634
-0.9965
-0.99706
-0.99646
-0.99622
-0.9967
-0.9969
-0.99644
-0.9958
-0.9964
-0.9961
-0.99638
-0.99656
-0.99656
-0.99622
-0.99632
-0.9962
-0.99634
-0.99572
-0.99636
-0.99634
-0.99624
-0.9959
-0.9967
-0.99596
-0.99678
-0.99622
-0.99634
-0.99616
-0.9962
-0.9963
-0.99618
-0.99668
-0.99626
-0.99684
-0.99636
-0.99636
-0.99632
-0.99632
-0.99646
-0.99672
-0.99676
-0.99674
-0.99692
-0.9963
-0.99664
-0.9965
-0.99648
-0.99636
-0.99642
-0.99636
-0.99608
-0.99662
-0.99664
-0.99656
-0.996
-0.99668
-0.99644
-0.99696
-0.99634
-0.9964
-0.99622
-0.9963
-0.99648
-0.9964
-0.99584
-0.99614
-0.99642
-0.99644
-0.9957
-0.9961
-0.99592
-0.9961
-0.9962
-0.99646
-0.99666
-0.9966
-0.99632
-0.99684
-0.9965
-0.99648
-0.9967
-0.99616
-0.9965
-0.99662
-0.9961
-0.99642
-0.99612
-0.9965
-0.9965
-0.99618
-0.99672
-0.9965
-0.99562
-0.99626
-0.99594
-0.99626
-0.99656
-0.9965
-0.99642
-0.99642
-0.9967
-0.99612
-0.99644
-0.99636
-0.99618
-0.997
-0.99628
-0.9962
-0.99676
-0.99632
-0.99576
-0.99604
-0.9963
-0.996
-0.99664
-0.99634
-0.99654
-0.99628
-0.9966
-0.99604
-0.99686
-0.99648
-0.99646
-0.99618
-0.99592
-0.99658
-0.99614
-0.99602
-0.99602
-0.99676
-0.9965
-0.99662
-0.99652
-0.99624
-0.9967
-0.99618
-0.99612
-0.99636
-0.996
-0.9966
-0.99668
-0.99584
-0.99644
-0.99628
-0.9966
-0.99678
-0.99606
-0.9964
-0.9963
-0.99664
-0.99652
-0.99682
-0.99626
-0.9963
-0.99614
-0.99622
-0.99666
-0.9963
-0.9962
-0.99614
-0.9965
-0.99698
-0.99616
-0.9963
-0.9966
-0.9968
-0.99634
-0.99604
-0.9962
-0.99662
-0.99624
-0.99652
-0.99626
-0.9965
-0.99596
-0.9963
-0.99672
-0.99622
-0.99668
-0.99664
-0.99618
-0.9964
-0.9963
-0.9965
-0.99622
-0.99632
-0.9963
-0.9962
-0.9963
-0.9961
-0.99648
-0.99656
-0.9957
-0.9963
-0.99662
-0.99632
-0.99636
-0.99642
-0.99602
-0.9963
-0.99604
-0.99652
-0.99646
-0.99672
-0.99654
-0.99662
-0.99684
-0.99658
-0.9968
-0.99618
-0.99644
-0.99654
-0.99646
-0.99568
-0.99594
-0.99654
-0.99642
-0.99618
-0.99626
-0.99666
-0.99642
-0.99618
-0.9966
-0.99666
-0.99566
-0.9964
-0.99618
-0.99666
-0.99658
-0.9964
-0.99594
-0.99646
-0.99656
-0.99656
-0.9963
-0.99622
-0.9964
-0.99676
-0.9956
-0.99666
-0.99636
-0.99588
-0.99626
-0.99624
-0.99656
-0.99594
-0.99688
-0.99608
-0.99692
-0.99658
-0.99658
-0.99628
-0.99642
-0.99588
-0.99678
-0.9964
-0.9964
-0.99582
-0.99628
-0.99654
-0.99626
-0.99598
-0.99596
-0.99656
-0.99622
-0.99584
-0.99642
-0.99684
-0.99586
-0.99634
-0.9962
-0.99616
-0.99616
-0.99634
-0.99636
-0.99634
-0.99612
-0.99672
-0.9964
-0.99642
-0.99626
-0.99594
-0.99684
-0.99624
-0.99652
-0.9969
-0.99592
-0.99644
-0.99652
-0.99612
-0.9966
-0.99596
-0.99632
-0.99664
-0.99612
-0.99598
-0.99658
-0.99642
-0.99668
-0.99646
-0.99582
-0.99658
-0.99564
-0.99674
-0.99628
-0.9965
-0.99602
-0.9967
-0.99668
-0.99608
-0.99678
-0.99668
-0.99632
-0.99668
-0.99624
-0.99654
-0.99658
-0.99636
-0.9959
-0.9964
-0.99632
-0.99692
-0.99662
-0.99634
-0.99668
-0.99668
-0.99656
-0.9964
-0.9962
-0.99648
-0.9966
-0.99632
-0.99614
-0.99654
-0.9964
-0.99672
-0.99662
-0.9961
-0.99664
-0.99618
-0.99602
-0.99658
-0.9961
-0.99604
-0.99646
-0.99644
-0.99602
-0.996
-0.99666
-0.99642
-0.9963
-0.99634
-0.9963
-0.99624
-0.99654
-0.9963
-0.99684
-0.99612
-0.99638
-0.99628
-0.9964
-0.99678
-0.996
-0.99672
-0.99688
-0.99612
-0.99618
-0.99666
-0.99614
-0.99642
-0.99638
-0.99644
-0.99602
-0.99602
-0.99638
-0.99616
-0.9958
-0.99604
-0.99646
-0.99648
-0.99588
-0.9966
-0.99684
-0.9966
-0.99624
-0.99642
-0.99662
-0.9964
-0.99608
-0.99654
-0.99654
-0.99642
-0.99676
-0.99642
-0.99646
-0.99686
-0.99606
-0.99714
-0.99672
-0.99662
-0.99682
-0.99584
-0.99632
-0.99664
-0.99586
-0.99576
-0.99622
-0.9967
-0.99562
-0.9965
-0.99672
-0.996
-0.99648
-0.99616
-0.9969
-0.99616
-0.99624
-0.99664
-0.99654
-0.99672
-0.99646
-0.99638
-0.99654
-0.99658
-0.99658
-0.99604
-0.99646
-0.99652
-0.9962
-0.99622
-0.99602
-0.9966
-0.99662
-0.99628
-0.9958
-0.99642
-0.9963
-0.9962
-0.99658
-0.9956
-0.99664
-0.99612
-0.99652
-0.99628
-0.99668
-0.99642
-0.99648
-0.99604
-0.99648
-0.99596
-0.99632
-0.99626
-0.99598
-0.99656
-0.99624
-0.99656
-0.99576
-0.99646
-0.99642
-0.99608
-0.99646
-0.99632
-0.99646
-0.9964
-0.99668
-0.99684
-0.9964
-0.99612
-0.99614
-0.99632
-0.99676
-0.99638
-0.99682
-0.99638
-0.99598
-0.99638
-0.99674
-0.99624
-0.9962
-0.9964
-0.99642
-0.99652
-0.99658
-0.9959
-0.99634
-0.99586
-0.99612
-0.99666
-0.99668
-0.99616
-0.99658
-0.99604
-0.9964
-0.99626
-0.9963
-0.9964
-0.99628
-0.9968
-0.99652
-0.99638
-0.996
-0.99648
-0.99616
-0.99614
-0.99614
-0.99628
-0.99652
-0.99636
-0.99642
-0.9962
-0.99644
-0.99588
-0.996
-0.99654
-0.9963
-0.99662
-0.99666
-0.99648
-0.99648
-0.99628
-0.9963
-0.99612
-0.9964
-0.99682
-0.9964
-0.99636
-0.99638
-0.99654
-0.9964
-0.99624
-0.99614
-0.99594
-0.99628
-0.99678
-0.99658
-0.9964
-0.99676
-0.99586
-0.99644
-0.99616
-0.99592
-0.99632
-0.99652
-0.99592
-0.99636
-0.99572
-0.99638
-0.99696
-0.99648
-0.99686
-0.99654
-0.99692
-0.9965
-0.9961
-0.99614
-0.99696
-0.99634
-0.99648
-0.9962
-0.99674
-0.99612
-0.99612
-0.9967
-0.99588
-0.99652
-0.99672
-0.99628
-0.99664
-0.99614
-0.99622
-0.99618
-0.99678
-0.99622
-0.99662
-0.99666
-0.99676
-0.9964
-0.99676
-0.9964
-0.9963
-0.99668
-0.99676
-0.99646
-0.99666
-0.99654
-0.99652
-0.99636
-0.99628
-0.9967
-0.99628
-0.99664
-0.99636
-0.99658
-0.99694
-0.99634
-0.99664
-0.99616
-0.9967
-0.9966
-0.99664
-0.99666
-0.99646
-0.99618
-0.99638
-0.99644
-0.99654
-0.99654
-0.99608
-0.9965
-0.99638
-0.99612
-0.99652
-0.99652
-0.9964
-0.99656
-0.9965
-0.99628
-0.99614
-0.99664
-0.99626
-0.9961
-0.99648
-0.9966
-0.99632
-0.9969
-0.9965
-0.99648
-0.9963
-0.99654
-0.99674
-0.99622
-0.99614
-0.99632
-0.99682
-0.99644
-0.99636
-0.9969
-0.99646
-0.99606
-0.9963
-0.99658
-0.9963
-0.99666
-0.99648
-0.99648
-0.99664
-0.99668
-0.99644
-0.9963
-0.99624
-0.99632
-0.99658
-0.99656
-0.99652
-0.99592
-0.9966
-0.99668
-0.99658
-0.99642
-0.99624
-0.99592
-0.9964
-0.99624
-0.99624
-0.99626
-0.99638
-0.9964
-0.99644
-0.99654
-0.99546
-0.99672
-0.99634
-0.99648
-0.99644
-0.99646
-0.99658
-0.99638
-0.99612
-0.99626
-0.9962
-0.99644
-0.99678
-0.99658
-0.99642
-0.99636
-0.99622
-0.99634
-0.99598
-0.9961
-0.99632
-0.99526
-0.99612
-0.99626
-0.99664
-0.99638
-0.99652
-0.99686
-0.99682
-0.9961
-0.99582
-0.99666
-0.99654
-0.99682
-0.99632
-0.99636
-0.99666
-0.99648
-0.99598
-0.99642
-0.99634
-0.9963
-0.99602
-0.99616
-0.99616
-0.99662
-0.9956
-0.99666
-0.99656
-0.99642
-0.99614
-0.99684
-0.9965
-0.99622
-0.99648
-0.99628
-0.99644
-0.99624
-0.9962
-0.9966
-0.99612
-0.99602
-0.99638
-0.9961
-0.99646
-0.99662
-0.99584
-0.99672
-0.9964
-0.99614
-0.9964
-0.99592
-0.99622
-0.99652
-0.99598
-0.9963
-0.99636
-0.99628
-0.99632
-0.99672
-0.9961
-0.99628
-0.99622
-0.99628
-0.9966
-0.99662
-0.99638
-0.99652
-0.99616
-0.99618
-0.99632
-0.99606
-0.99656
-0.99708
-0.9964
-0.99676
-0.99638
-0.99676
-0.99638
-0.99652
-0.99674
-0.99676
-0.99642
-0.99684
-0.99654
-0.99608
-0.99604
-0.99618
-0.9962
-0.99606
-0.9969
-0.99664
-0.9966
-0.9961
-0.9961
-0.99632
-0.99598
-0.9962
-0.99648
-0.99652
-0.99602
-0.99658
-0.99616
-0.99616
-0.99612
-0.99614
-0.99556
-0.99624
-0.99632
-0.99638
-0.99586
-0.99632
-0.99618
-0.99572
-0.99624
-0.99676
-0.99628
-0.9961
-0.99668
-0.9963
-0.9968
-0.99652
-0.99598
-0.99628
-0.99634
-0.99614
-0.99646
-0.99626
-0.99628
-0.99654
-0.99662
-0.99632
-0.99642
-0.99594
-0.996
-0.99602
-0.99664
-0.99638
-0.997
-0.99644
-0.99688
-0.99646
-0.99614
-0.99624
-0.99622
-0.99644
-0.9965
-0.99652
-0.99606
-0.9963
-0.99612
-0.99602
-0.99646
-0.9964
-0.9964
-0.9964
-0.99638
-0.997
-0.9972
-0.99646
-0.99658
-0.99652
-0.99638
-0.99632
-0.99682
-0.99648
-0.99636
-0.99648
-0.99662
-0.99586
-0.99672
-0.99654
-0.99616
-0.99654
-0.99648
-0.99616
-0.99656
-0.99672
-0.9966
-0.99622
-0.99586
-0.99622
-0.99652
-0.99668
-0.99626
-0.99656
-0.9962
-0.99666
-0.99646
-0.99624
-0.99624
-0.99616
-0.99658
-0.99664
-0.99668
-0.99654
-0.99624
-0.99624
-0.99584
-0.9961
-0.99638
-0.99618
-0.99628
-0.99654
-0.9962
-0.99624
-0.99644
-0.99686
-0.9959
-0.99636
-0.99672
-0.99682
-0.99594
-0.99688
-0.9961
-0.99616
-0.99672
-0.99572
-0.99672
-0.99654
-0.99674
-0.99642
-0.99606
-0.99652
-0.99654
-0.99606
-0.9957
-0.99654
-0.99692
-0.99664
-0.99624
-0.99696
-0.99676
-0.99678
-0.99664
-0.99634
-0.99656
-0.99652
-0.99658
-0.99674
-0.99662
-0.99696
-0.9963
-0.99602
-0.99634
-0.99638
-0.99608
-0.99564
-0.99674
-0.9965
-0.99646
-0.9962
-0.99624
-0.99692
-0.99614
-0.9964
-0.9964
-0.99598
-0.99598
-0.99634
-0.99642
-0.99664
-0.99592
-0.99648
-0.99662
-0.99648
-0.99614
-0.9963
-0.99624
-0.99676
-0.99654
-0.9964
-0.99634
-0.99606
-0.99638
-0.99652
-0.99646
-0.99646
-0.99662
-0.99618
-0.99626
-0.99638
-0.9963
-0.9961
-0.99636
-0.9965
-0.9965
-0.99596
-0.99674
-0.99564
-0.99642
-0.9962
-0.9961
-0.99636
-0.99614
-0.99652
-0.99632
-0.9962
-0.99654
-0.99628
-0.99646
-0.9963
-0.99704
-0.9965
-0.99636
-0.99628
-0.9969
-0.99668
-0.99622
-0.99682
-0.99646
-0.99632
-0.9964
-0.99604
-0.99638
-0.99618
-0.99654
-0.99658
-0.99654
-0.9957
-0.9965
-0.9965
-0.99578
-0.99596
-0.99654
-0.99628
-0.9963
-0.9962
-0.99626
-0.99676
-0.99634
-0.99664
-0.9966
-0.9963
-0.99688
-0.99668
-0.99674
-0.99632
-0.99676
-0.99646
-0.99596
-0.9967
-0.99662
-0.99646
-0.99634
-0.99628
-0.9964
-0.99638
-0.99564
-0.99626
-0.99658
-0.99648
-0.9962
-0.99626
-0.99648
-0.9965
-0.99576
-0.99632
-0.99646
-0.99622
-0.9967
-0.99668
-0.99616
-0.9962
-0.99624
-0.99658
-0.99628
-0.99642
-0.99612
-0.99652
-0.99664
-0.99634
-0.99648
-0.99622
-0.99588
-0.9962
-0.99618
-0.99602
-0.99624
-0.9963
-0.9962
-0.9967
-0.99626
-0.99616
-0.99614
-0.99616
-0.99612
-0.99562
-0.9961
-0.99628
-0.99626
-0.99656
-0.99602
-0.99618
-0.99632
-0.99658
-0.99648
-0.99602
-0.99598
-0.99676
-0.99676
-0.9968
-0.99654
-0.99552
-0.99664
-0.99676
-0.99644
-0.99624
-0.99642
-0.9963
-0.99632
-0.9967
-0.99656
-0.99662
-0.99664
-0.99656
-0.99588
-0.99608
-0.99666
-0.99586
-0.99666
-0.99646
-0.9965
-0.99644
-0.99648
-0.99632
-0.9966
-0.9963
-0.99652
-0.99652
-0.99612
-0.996
-0.99656
-0.99658
-0.9965
-0.99648
-0.99702
-0.9965
-0.99706
-0.99618
-0.9967
-0.9964
-0.9966
-0.997
-0.99586
-0.99652
-0.99604
-0.99618
-0.99698
-0.99646
-0.99676
-0.99672
-0.9962
-0.99676
-0.99646
-0.99622
-0.9964
-0.99672
-0.99642
-0.99648
-0.9966
-0.9969
-0.99618
-0.99676
-0.99662
-0.9959
-0.9965
-0.99664
-0.99676
-0.99672
-0.99652
-0.99636
-0.9962
-0.9963
-0.99618
-0.9966
-0.99656
-0.99636
-0.99672
-0.99606
-0.9966
-0.9967
-0.99644
-0.99624
-0.99624
-0.99632
-0.99622
-0.99628
-0.99678
-0.99616
-0.99624
-0.99688
-0.99638
-0.99648
-0.99636
-0.99648
-0.99656
-0.99636
-0.99688
-0.99628
-0.99672
-0.99624
-0.9967
-0.99642
-0.99628
-0.99658
-0.99662
-0.99624
-0.99596
-0.99654
-0.99632
-0.99598
-0.9959
-0.9968
-0.99668
-0.99648
-0.99704
-0.99552
-0.99624
-0.99638
-0.99652
-0.99586
-0.99754
-0.99622
-0.99692
-0.99656
-0.99676
-0.99638
-0.99582
-0.99648
-0.99618
-0.9962
-0.99646
-0.99656
-0.99654
-0.99668
-0.99616
-0.99632
-0.9965
-0.99662
-0.9963
-0.99634
-0.99684
-0.99638
-0.99642
-0.99668
-0.9965
-0.99584
-0.99686
-0.9964
-0.99584
-0.99636
-0.99624
-0.99678
-0.9962
-0.9963
-0.99636
-0.99628
-0.99604
-0.99652
-0.99658
-0.9966
-0.9964
-0.99652
-0.99652
-0.99618
-0.99654
-0.9966
-0.99654
-0.99638
-0.99592
-0.99644
-0.99686
-0.99656
-0.99596
-0.99666
-0.99586
-0.99648
-0.99622
-0.99656
-0.99668
-0.99608
-0.99616
-0.99636
-0.99628
-0.99652
-0.99646
-0.99624
-0.99612
-0.99664
-0.9965
-0.99644
-0.99692
-0.99608
-0.99622
-0.99644
-0.99656
-0.99652
-0.99626
-0.99636
-0.99652
-0.99572
-0.99596
-0.99634
-0.9965
-0.99688
-0.99634
-0.99658
-0.99592
-0.99634
-0.996
-0.9962
-0.99598
-0.99638
-0.99678
-0.9965
-0.99612
-0.99592
-0.99632
-0.99626
-0.99624
-0.99674
-0.99662
-0.99612
-0.9964
-0.99644
-0.99672
-0.99602
-0.99642
-0.99632
-0.99586
-0.99662
-0.99624
-0.99566
-0.99594
-0.99648
-0.99576
-0.99636
-0.99674
-0.99668
-0.99636
-0.99646
-0.99622
-0.99632
-0.99644
-0.99628
-0.99576
-0.997
-0.99638
-0.9967
-0.99588
-0.99676
-0.9965
-0.99592
-0.99656
-0.99636
-0.9965
-0.99646
-0.99626
-0.99656
-0.9967
-0.99624
-0.99634
-0.99596
-0.9964
-0.99582
-0.99654
-0.9967
-0.99636
-0.9961
-0.99618
-0.99688
-0.99624
-0.99664
-0.99646
-0.99626
-0.99636
-0.99596
-0.99668
-0.9963
-0.9967
-0.9965
-0.99658
-0.9961
-0.99658
-0.99614
-0.99674
-0.99676
-0.99668
-0.99604
-0.99734
-0.99718
-0.99646
-0.99604
-0.99612
-0.99604
-0.99658
-0.99656
-0.99642
-0.99656
-0.99646
-0.99642
-0.99644
-0.9964
-0.99598
-0.99648
-0.99612
-0.9965
-0.99558
-0.99612
-0.99656
-0.99618
-0.99642
-0.99596
-0.99666
-0.99662
-0.99572
-0.99636
-0.99696
-0.99672
-0.99624
-0.99618
-0.99612
-0.99678
-0.996
-0.99654
-0.997
-0.996
-0.99626
-0.99638
-0.9962
-0.9961
-0.99682
-0.99646
-0.99604
-0.99658
-0.99622
-0.99624
-0.99604
-0.99634
-0.99642
-0.996
-0.99626
-0.99646
-0.9962
-0.99618
-0.99634
-0.99638
-0.99636
-0.99628
-0.99634
-0.99642
-0.99652
-0.99656
-0.99622
-0.9964
-0.99672
-0.9958
-0.9961
-0.99564
-0.9957
-0.99624
-0.99642
-0.9969
-0.99636
-0.9961
-0.99646
-0.99638
-0.9964
-0.99632
-0.99636
-0.99594
-0.9959
-0.99634
-0.99648
-0.99622
-0.99594
-0.99618
-0.99622
-0.99604
-0.9963
-0.9963
-0.99668
-0.9965
-0.99626
-0.99634
-0.99636
-0.99644
-0.99628
-0.99598
-0.9969
-0.99594
-0.9959
-0.9965
-0.99662
-0.99672
-0.9962
-0.99652
-0.99568
-0.99634
-0.996
-0.99618
-0.99654
-0.99612
-0.9966
-0.99642
-0.99612
-0.99574
-0.99648
-0.99632
-0.99634
-0.9966
-0.9961
-0.99656
-0.99598
-0.99626
-0.99648
-0.9966
-0.99616
-0.99616
-0.99648
-0.9958
-0.99622
-0.99676
-0.99672
-0.99644
-0.99664
-0.99654
-0.99646
-0.9961
-0.99668
-0.9965
-0.99626
-0.99596
-0.9961
-0.9963
-0.9965
-0.9961
-0.99638
-0.99648
-0.99638
-0.99678
-0.99646
-0.9964
-0.99636
-0.9963
-0.9964
-0.9966
-0.9961
-0.99654
-0.99604
-0.99642
-0.9965
-0.99624
-0.99634
-0.99592
-0.9963
-0.99708
-0.9966
-0.99622
-0.99682
-0.9966
-0.99606
-0.99594
-0.99666
-0.99718
-0.99612
-0.99618
-0.99642
-0.9968
-0.99576
-0.99646
-0.99632
-0.99622
-0.99626
-0.99598
-0.99634
-0.99632
-0.99648
-0.99644
-0.99672
-0.99654
-0.99604
-0.99704
-0.9971
-0.9966
-0.99638
-0.99636
-0.9967
-0.99618
-0.99636
-0.99582
-0.99614
-0.9958
-0.99624
-0.99662
-0.99658
-0.9967
-0.99608
-0.99598
-0.9961
-0.99656
-0.99612
-0.99584
-0.99624
-0.99604
-0.99684
-0.99688
-0.99618
-0.99656
-0.99682
-0.99628
-0.99674
-0.99632
-0.99622
-0.9962
-0.99668
-0.99604
-0.9962
-0.99648
-0.99654
-0.99624
-0.99624
-0.99644
-0.99624
-0.99624
-0.99644
-0.9959
-0.99638
-0.99578
-0.99646
-0.99692
-0.9967
-0.99636
-0.99656
-0.99648
-0.99636
-0.99634
-0.99624
-0.99644
-0.99616
-0.99622
-0.9962
-0.99634
-0.9965
-0.99618
-0.9967
-0.99556
-0.99648
-0.99606
-0.9966
-0.9965
-0.99646
-0.99624
-0.99708
-0.9963
-0.9965
-0.99686
-0.99652
-0.9967
-0.99634
-0.99608
-0.99574
-0.99578
-0.99604
-0.99598
-0.99624
-0.99692
-0.99632
-0.99612
-0.99652
-0.99648
-0.99656
-0.9964
-0.9958
-0.99558
-0.9966
-0.99624
-0.9964
-0.99642
-0.99636
-0.99674
-0.99708
-0.99636
-0.9964
-0.99612
