-0.64084
-0.63668
-0.64164
-0.64146
-0.64468
-0.6311
-0.63914
-0.63364
-0.63458
-0.6307
-0.62706
-0.62944
-0.62482
-0.63126
-0.62526
-0.62122
-0.62118
-0.61392
-0.62174
-0.62146
-0.61666
-0.62504
-0.62328
-0.62102
-0.62234
-0.62192
-0.61716
-0.61628
-0.63074
-0.64196
-0.63956
-0.64514
-0.64986
-0.6514
-0.64118
-0.63686
-0.63178
-0.63932
-0.63322
-0.62656
-0.6328
-0.61992
-0.62016
-0.62236
-0.61822
-0.63022
-0.62548
-0.62262
-0.61398
-0.62234
-0.62262
-0.62224
-0.62732
-0.63208
-0.62226
-0.62322
-0.62786
-0.61796
-0.62908
-0.62474
-0.62064
-0.61506
-0.61718
-0.61732
-0.61288
-0.61216
-0.61602
-0.61266
-0.61694
-0.62638
-0.63588
-0.6312
-0.63112
-0.62134
-0.6244
-0.6261
-0.61194
-0.61692
-0.61746
-0.61106
-0.60452
-0.60646
-0.60884
-0.59978
-0.60154
-0.59178
-0.59528
-0.59058
-0.59532
-0.59282
-0.60412
-0.61384
-0.60474
-0.60706
-0.605
-0.61294
-0.61366
-0.6103
-0.6135
-0.60594
-0.6092
-0.61144
-0.59748
-0.60462
-0.60398
-0.6058
-0.59794
-0.60734
-0.60546
-0.60444
-0.61196
-0.61572
-0.61838
-0.62122
-0.61942
-0.6289
-0.6313
-0.62984
-0.62978
-0.62506
-0.63158
-0.62432
-0.6157
-0.62176
-0.62354
-0.6214
-0.6191
-0.62074
-0.62844
-0.6253
-0.62388
-0.62998
-0.6343
-0.6279
-0.62276
-0.62338
-0.62642
-0.62586
-0.63218
-0.6409
-0.63602
-0.62894
-0.62654
-0.63728
-0.63942
-0.6388
-0.63722
-0.64642
-0.65368
-0.65228
-0.65204
-0.65572
-0.65512
-0.65652
-0.65708
-0.6638
-0.6513
-0.6518
-0.6454
-0.64298
-0.6522
-0.65266
-0.64916
-0.64772
-0.64654
-0.64208
-0.63566
-0.62408
-0.63214
-0.63388
-0.63466
-0.63684
-0.63616
-0.63508
-0.64248
-0.64992
-0.64566
-0.64946
-0.6435
-0.6468
-0.65382
-0.65262
-0.65276
-0.65292
-0.65738
-0.65866
-0.66284
-0.6568
-0.64628
-0.63128
-0.63246
-0.6387
-0.64754
-0.63902
-0.64182
-0.65092
-0.6467
-0.63926
-0.62714
-0.63992
-0.63832
-0.63722
-0.63832
-0.63916
-0.62906
-0.63694
-0.6245
-0.63964
-0.63434
-0.62942
-0.64402
-0.64566
-0.6444
-0.64214
-0.63762
-0.6395
-0.64484
-0.6504
-0.65406
-0.65166
-0.6539
-0.6468
-0.63846
-0.63098
-0.64396
-0.6458
-0.661
-0.6596
-0.65354
-0.66286
-0.65446
-0.67228
-0.66838
-0.66972
-0.6655
-0.67526
-0.6694
-0.66056
-0.65616
-0.65452
-0.64662
-0.63194
-0.63432
-0.63078
-0.63166
-0.63788
-0.63536
-0.63212
-0.63438
-0.62568
-0.62412
-0.63806
-0.64296
-0.64768
-0.64778
-0.6469
-0.64794
-0.63348
-0.64308
-0.631
-0.63198
-0.64318
-0.63168
-0.64204
-0.63596
-0.63018
-0.62504
-0.63052
-0.63032
-0.6363
-0.6462
-0.6496
-0.64272
-0.63144
-0.64388
-0.6447
-0.6301
-0.62824
-0.6154
-0.61868
-0.62026
-0.6099
-0.61242
-0.61222
-0.6097
-0.62016
-0.62092
-0.61532
-0.61656
-0.61214
-0.60746
-0.61336
-0.60128
-0.60832
-0.61576
-0.60876
-0.6164
-0.60672
-0.61166
-0.61028
-0.59928
-0.60946
-0.61274
-0.61656
-0.62352
-0.61948
-0.62378
-0.6232
-0.62928
-0.6437
-0.6378
-0.63108
-0.62996
-0.6274
-0.63686
-0.6403
-0.64342
-0.64248
-0.64108
-0.64108
-0.64096
-0.64122
-0.65534
-0.65198
-0.63924
-0.64474
-0.64812
-0.64036
-0.63012
-0.63484
-0.62466
-0.63412
-0.62918
-0.62934
-0.63848
-0.63746
-0.63494
-0.6355
-0.6263
-0.6202
-0.62146
-0.61254
-0.61532
-0.61996
-0.62338
-0.62848
-0.6304
-0.638
-0.63506
-0.63726
-0.64754
-0.64268
-0.64634
-0.64586
-0.64716
-0.64954
-0.6488
-0.6505
-0.65082
-0.6429
-0.64288
-0.63922
-0.63886
-0.63864
-0.64508
-0.64196
-0.64254
-0.63462
-0.6359
-0.62134
-0.61234
-0.61772
-0.61972
-0.63478
-0.64484
-0.64664
-0.64158
-0.63736
-0.63436
-0.63504
-0.63648
-0.63368
-0.63048
-0.62224
-0.62032
-0.62716
-0.63146
-0.62708
-0.63346
-0.61368
-0.61852
-0.62454
-0.6169
-0.61322
-0.62388
-0.62136
-0.62444
-0.62234
-0.6344
-0.6411
-0.6468
-0.64746
-0.65554
-0.65222
-0.65476
-0.6459
-0.63732
-0.63726
-0.63418
-0.63126
-0.62436
-0.6168
-0.61198
-0.61302
-0.60762
-0.60864
-0.6148
-0.6137
-0.61256
-0.5962
-0.59488
-0.5983
-0.58762
-0.58872
-0.58216
-0.58776
-0.58964
-0.58368
-0.59572
-0.5984
-0.59268
-0.59418
-0.5931
-0.58678
-0.58972
-0.59922
-0.6166
-0.5985
-0.59232
-0.59008
-0.5887
-0.58018
-0.58742
-0.60094
-0.60544
-0.6071
-0.6161
-0.61258
-0.60692
-0.60372
-0.59622
-0.58684
-0.59586
-0.59858
-0.58796
-0.58364
-0.58478
-0.57664
-0.582
-0.57996
-0.58112
-0.58252
-0.59134
-0.5847
-0.59764
-0.60458
-0.6101
-0.60162
-0.60578
-0.60812
-0.62102
-0.60678
-0.61848
-0.63576
-0.6359
-0.62574
-0.63078
-0.62784
-0.62568
-0.61562
-0.6136
-0.61826
-0.6114
-0.6158
-0.61258
-0.62802
-0.63918
-0.63544
-0.63978
-0.64304
-0.64054
-0.62606
-0.63124
-0.63734
-0.63006
-0.62814
-0.62476
-0.6275
-0.63952
-0.63252
-0.63274
-0.62778
-0.6214
-0.62624
-0.6377
-0.6261
-0.6222
-0.62278
-0.63636
-0.63962
-0.63126
-0.63764
-0.62972
-0.63672
-0.63922
-0.65026
-0.64166
-0.63654
-0.63726
-0.63536
-0.6486
-0.6607
-0.658
-0.66088
-0.66304
-0.67326
-0.66218
-0.6591
-0.6691
-0.6637
-0.66608
-0.66438
-0.67124
-0.66132
-0.65844
-0.6607
-0.66082
-0.66166
-0.66318
-0.66346
-0.65294
-0.65614
-0.66164
-0.6584
-0.66042
-0.66296
-0.6574
-0.64698
-0.6513
-0.64814
-0.64542
-0.63882
-0.6405
-0.6393
-0.64414
-0.63212
-0.63434
-0.63206
-0.63018
-0.63326
-0.63498
-0.63294
-0.6415
-0.63948
-0.64278
-0.64328
-0.64304
-0.63782
-0.62928
-0.63772
-0.62792
-0.63348
-0.63516
-0.62956
-0.63664
-0.63112
-0.62804
-0.61914
-0.6145
-0.61206
-0.59932
-0.60312
-0.61718
-0.6255
-0.63246
-0.6378
-0.6339
-0.63278
-0.6203
-0.6248
-0.62908
-0.62642
-0.63526
-0.63836
-0.64758
-0.64192
-0.64736
-0.6404
-0.63742
-0.6409
-0.63912
-0.63806
-0.63718
-0.6378
-0.63442
-0.62954
-0.63016
-0.62546
-0.624
-0.63144
-0.63224
-0.62288
-0.61966
-0.62518
-0.62378
-0.6188
-0.6197
-0.62378
-0.626
-0.61554
-0.60858
-0.61164
-0.61448
-0.61626
-0.60366
-0.61396
-0.61544
-0.60394
-0.61026
-0.6092
-0.61912
-0.60458
-0.6069
-0.60606
-0.61236
-0.61362
-0.6031
-0.62384
-0.63936
-0.62522
-0.62596
-0.63096
-0.6306
-0.6363
-0.63206
-0.63514
-0.6385
-0.63442
-0.6336
-0.64682
-0.64924
-0.66082
-0.65572
-0.6566
-0.65074
-0.64576
-0.64924
-0.65478
-0.65
-0.64292
-0.64284
-0.6395
-0.64682
-0.63982
-0.64334
-0.64048
-0.63946
-0.64
-0.6426
-0.63926
-0.63868
-0.64022
-0.64028
-0.63944
-0.63658
-0.62652
-0.64102
-0.63854
-0.63338
-0.6259
-0.6328
-0.63326
-0.63424
-0.63542
-0.63262
-0.6319
-0.63738
-0.64652
-0.64258
-0.64422
-0.63802
-0.63552
-0.6311
-0.632
-0.62902
-0.6246
-0.64258
-0.65188
-0.64504
-0.6423
-0.6462
-0.64946
-0.63106
-0.62262
-0.62782
-0.62198
-0.62312
-0.64312
-0.63336
-0.63572
-0.63326
-0.61666
-0.6252
-0.62612
-0.6396
-0.63818
-0.62166
-0.62636
-0.62762
-0.63038
-0.63952
-0.63768
-0.64252
-0.63948
-0.64448
-0.6363
-0.63192
-0.63902
-0.64048
-0.64128
-0.63604
-0.64172
-0.63022
-0.63598
-0.6336
-0.63016
-0.6236
-0.63162
-0.6212
-0.6186
-0.60932
-0.6065
-0.61618
-0.60928
-0.61916
-0.6294
-0.64482
-0.64656
-0.65044
-0.64832
-0.6425
-0.63848
-0.63922
-0.64544
-0.64392
-0.64448
-0.64596
-0.65592
-0.663
-0.65964
-0.6492
-0.6502
-0.66158
-0.66124
-0.66956
-0.6689
-0.66576
-0.65662
-0.65686
-0.66028
-0.66052
-0.65648
-0.6613
-0.66374
-0.65014
-0.65268
-0.64842
-0.65256
-0.63976
-0.63984
-0.63344
-0.635
-0.6421
-0.64422
-0.64628
-0.6551
-0.65584
-0.6601
-0.66056
-0.6676
-0.6639
-0.6637
-0.66042
-0.6589
-0.65946
-0.65504
-0.65868
-0.64856
-0.64954
-0.65136
-0.65806
-0.6527
-0.64644
-0.64914
-0.6442
-0.6521
-0.64788
-0.6448
-0.64984
-0.66422
-0.66378
-0.65308
-0.66596
-0.6595
-0.64804
-0.64698
-0.64928
-0.64714
-0.648
-0.64988
-0.643
-0.63394
-0.63928
-0.64248
-0.63296
-0.63402
-0.63138
-0.6363
-0.63998
-0.64396
-0.65114
-0.64912
-0.65514
-0.64652
-0.65476
-0.66212
-0.66462
-0.66104
-0.65316
-0.64472
-0.6432
-0.64218
-0.64202
-0.6335
-0.64534
-0.65454
-0.64906
-0.66236
-0.65876
-0.65834
-0.65008
-0.65492
-0.64758
-0.63714
-0.63282
-0.64776
-0.64724
-0.66288
-0.65934
-0.64656
-0.6526
-0.64652
-0.6455
-0.65014
-0.65106
-0.64758
-0.6487
-0.64842
-0.64316
-0.64314
-0.64804
-0.63762
-0.64146
-0.6417
-0.64048
-0.64868
-0.64294
-0.64784
-0.65238
-0.63072
-0.63064
-0.63836
-0.63646
-0.63664
-0.64798
-0.64036
-0.64752
-0.64194
-0.65482
-0.65334
-0.65184
-0.66014
-0.65844
-0.66608
-0.66582
-0.65382
-0.66008
-0.67358
-0.67234
-0.67012
-0.67342
-0.67148
-0.68164
-0.67894
-0.6713
-0.66898
-0.67818
-0.67098
-0.67656
-0.67186
-0.66592
-0.67084
-0.6738
-0.67166
-0.6594
-0.65406
-0.65142
-0.65458
-0.65728
-0.6563
-0.64732
-0.65998
-0.6618
-0.65498
-0.65752
-0.66128
-0.6664
-0.659
-0.651
-0.6562
-0.6565
-0.65376
-0.64796
-0.65166
-0.64012
-0.63946
-0.65296
-0.65606
-0.65446
-0.6497
-0.64516
-0.64238
-0.65222
-0.64534
-0.6571
-0.65882
-0.65814
-0.64762
-0.64872
-0.65728
-0.65564
-0.6504
-0.6439
-0.64364
-0.6371
-0.64176
-0.63946
-0.63406
-0.63684
-0.63978
-0.64308
-0.64058
-0.64172
-0.64506
-0.63536
-0.62762
-0.62666
-0.63442
-0.63374
-0.63878
-0.64218
-0.64464
-0.64072
-0.63244
-0.6298
-0.63768
-0.62712
-0.6221
-0.62602
-0.6205
-0.61582
-0.61904
-0.61876
-0.61764
-0.6252
-0.6129
-0.61062
-0.60574
-0.61378
-0.62034
-0.62972
-0.63658
-0.63866
-0.62688
-0.63502
-0.64072
-0.64378
-0.6392
-0.63178
-0.63598
-0.6416
-0.6313
-0.62802
-0.62272
-0.63052
-0.62322
-0.6238
-0.62676
-0.62182
-0.62584
-0.62262
-0.62988
-0.63096
-0.61624
-0.61594
-0.62278
-0.62674
-0.63116
-0.62622
-0.62786
-0.6487
-0.64128
-0.64316
-0.6405
-0.63754
-0.62974
-0.6375
-0.62966
-0.63624
-0.63448
-0.63734
-0.63958
-0.64058
-0.64096
-0.63658
-0.63108
-0.64106
-0.6397
-0.6418
-0.63502
-0.64184
-0.64456
-0.62902
-0.6209
-0.62602
-0.62546
-0.62206
-0.61406
-0.61238
-0.62234
-0.62248
-0.62486
-0.61618
-0.6188
-0.62192
-0.62524
-0.62416
-0.62318
-0.62234
-0.61776
-0.62464
-0.62554
-0.62092
-0.62766
-0.62202
-0.61958
-0.61406
-0.6193
-0.61644
-0.6238
-0.62554
-0.62918
-0.61942
-0.62162
-0.6191
-0.6147
-0.62114
-0.61988
-0.6212
-0.61936
-0.62932
-0.63136
-0.62548
-0.62904
-0.62282
-0.62612
-0.61622
-0.6178
-0.63378
-0.63902
-0.63872
-0.63916
-0.63056
-0.64006
-0.636
-0.63354
-0.64032
-0.64324
-0.64414
-0.64734
-0.65086
-0.65554
-0.6508
-0.65342
-0.656
-0.65106
-0.65434
-0.65466
-0.65524
-0.6469
-0.65514
-0.65046
-0.64748
-0.64588
-0.65946
-0.64778
-0.63658
-0.64512
-0.63164
-0.6346
-0.63384
-0.6201
-0.6221
-0.61288
-0.61798
-0.61158
-0.6171
-0.61846
-0.6268
-0.63112
-0.6274
-0.6263
-0.63726
-0.63992
-0.63644
-0.64132
-0.64714
-0.6405
-0.63582
-0.63424
-0.63494
-0.6373
-0.64424
-0.63668
-0.64482
-0.64736
-0.6554
-0.65868
-0.65616
-0.65168
-0.65766
-0.65206
-0.63924
-0.62862
-0.63676
-0.63248
-0.62762
-0.624
-0.62748
-0.635
-0.6325
-0.63708
-0.63752
-0.636
-0.6282
-0.63362
-0.62108
-0.6265
-0.62728
-0.63342
-0.63154
-0.62828
-0.63926
-0.6437
-0.65116
-0.6501
-0.649
-0.64904
-0.65088
-0.65024
-0.6479
-0.64506
-0.63368
-0.6373
-0.64684
-0.64714
-0.63552
-0.63478
-0.6377
-0.63312
-0.6304
-0.62254
-0.62148
-0.62366
-0.6164
-0.61818
-0.6089
-0.61332
-0.61552
-0.61438
-0.61246
-0.62044
-0.62422
-0.62844
-0.63832
-0.63982
-0.64
-0.6313
-0.64456
-0.64194
-0.6365
-0.64656
-0.65052
-0.6483
-0.65114
-0.64686
-0.65742
-0.65164
-0.6547
-0.65106
-0.65332
-0.66022
-0.6532
-0.64688
-0.65532
-0.65892
-0.65472
-0.65708
-0.66186
-0.66566
-0.65588
-0.64786
-0.65108
-0.64814
-0.65584
-0.64518
-0.65356
-0.64288
-0.63746
-0.63228
-0.62442
-0.62268
-0.61578
-0.61526
-0.61948
-0.61972
-0.61424
-0.61502
-0.60688
-0.60262
-0.60602
-0.6156
-0.61532
-0.6205
-0.6223
-0.62366
-0.61968
-0.62876
-0.63086
-0.63282
-0.6288
-0.63488
-0.6345
-0.62994
-0.63406
-0.61998
-0.61776
-0.6227
-0.61634
-0.61698
-0.61618
-0.61808
-0.62102
-0.62494
-0.6186
-0.61054
-0.6147
-0.6209
-0.61922
-0.62428
-0.6317
-0.62712
-0.61938
-0.62456
-0.62204
-0.61882
-0.61628
-0.61226
-0.62334
-0.6252
-0.63362
-0.62964
-0.62212
-0.62184
-0.62624
-0.62154
-0.62572
-0.6278
-0.61806
-0.61622
-0.61358
-0.61714
-0.62758
-0.61404
-0.61942
-0.62022
-0.62082
-0.6271
-0.62048
-0.62282
-0.6276
-0.62836
-0.6287
-0.62308
-0.62014
-0.61278
-0.6109
-0.60252
-0.6027
-0.60342
-0.59972
-0.59396
-0.59772
-0.60314
-0.60364
-0.60738
-0.60398
-0.61388
-0.61514
-0.6227
-0.62542
-0.61394
-0.6074
-0.61428
-0.61574
-0.62116
-0.61698
-0.62068
-0.6289
-0.62828
-0.6251
-0.629
-0.6282
-0.61632
-0.62344
-0.6244
-0.63266
-0.63224
-0.6333
-0.62946
-0.63582
-0.63204
-0.62554
-0.6216
-0.62108
-0.6204
-0.62406
-0.62164
-0.61914
-0.62154
-0.62152
-0.61564
-0.6131
-0.60976
-0.61406
-0.6185
-0.61072
-0.61362
-0.60976
-0.61776
-0.61896
-0.61494
-0.62354
-0.63036
-0.62252
-0.62298
-0.62192
-0.63088
-0.62438
-0.62538
-0.6286
-0.6228
-0.62
-0.6252
-0.63052
-0.63298
-0.64398
-0.6434
-0.64674
-0.63614
-0.62872
-0.63844
-0.64314
-0.63824
-0.63744
-0.62828
-0.62972
-0.63902
-0.6449
-0.64386
-0.6422
-0.64266
-0.6436
-0.6533
-0.64714
-0.65986
-0.65964
-0.66324
-0.66006
-0.66412
-0.6643
-0.65568
-0.64406
-0.63636
-0.632
-0.63028
-0.63298
-0.62468
-0.62552
-0.62442
-0.62474
-0.62254
-0.621
-0.62918
-0.62412
-0.6272
-0.63088
-0.63954
-0.63942
-0.63818
-0.64536
-0.64742
-0.64916
-0.64462
-0.64574
-0.65338
-0.65166
-0.64116
-0.63962
-0.63842
-0.64144
-0.6431
-0.64262
-0.63804
-0.64242
-0.64916
-0.66072
-0.65276
-0.6564
-0.64246
-0.64336
-0.64338
-0.63734
-0.65104
-0.64682
-0.65682
-0.64422
-0.63992
-0.6415
-0.64764
-0.64452
-0.64006
-0.64028
-0.64152
-0.63628
-0.64074
-0.64346
-0.63776
-0.64598
-0.6438
-0.65264
-0.64254
-0.64258
-0.64598
-0.64324
-0.64766
-0.64784
-0.65216
-0.67022
-0.66064
-0.65358
-0.65866
-0.66022
-0.65406
-0.64624
-0.65528
-0.63546
-0.63532
-0.63732
-0.64648
-0.64678
-0.65124
-0.6522
-0.65392
-0.65564
-0.6577
-0.6524
-0.6566
-0.66028
-0.66512
-0.65666
-0.64972
-0.6529
-0.66782
-0.66822
-0.66748
-0.66994
-0.6751
-0.6639
-0.6646
-0.6601
-0.67382
-0.66968
-0.66274
-0.66258
-0.66068
-0.66006
-0.65076
-0.65002
-0.65214
-0.65344
-0.64378
-0.64952
-0.65256
-0.651
-0.64644
-0.6578
-0.65198
-0.64054
-0.6336
-0.62872
-0.62774
-0.62258
-0.6309
-0.63934
-0.63184
-0.63014
-0.63912
-0.64648
-0.64918
-0.65904
-0.65856
-0.65794
-0.66426
-0.66042
-0.66436
-0.6482
-0.65498
-0.65772
-0.6607
-0.65202
-0.64982
-0.65004
-0.63826
-0.62808
-0.64086
-0.64852
-0.6403
-0.63736
-0.64586
-0.6423
-0.63928
-0.6552
-0.65098
-0.65498
-0.65304
-0.65222
-0.65796
-0.6479
-0.65814
-0.65608
-0.66102
-0.65844
-0.65698
-0.66092
-0.65408
-0.64648
-0.65414
-0.64652
-0.64086
-0.64574
-0.6479
-0.65156
-0.65622
-0.65402
-0.64438
-0.6361
-0.64368
-0.64038
-0.64264
-0.63322
-0.64184
-0.64334
-0.63294
-0.63858
-0.64358
-0.65122
-0.6486
-0.6509
-0.65346
-0.64966
-0.65488
-0.64022
-0.63326
-0.63036
-0.62862
-0.62294
-0.61256
-0.60822
-0.62514
-0.62504
-0.62556
-0.61946
-0.619
-0.61568
-0.61718
-0.61814
-0.61492
-0.61838
-0.62918
-0.62252
-0.63136
-0.6194
-0.6297
-0.62814
-0.62604
-0.62892
-0.62218
-0.62434
-0.62868
-0.62922
-0.62108
-0.6276
-0.61328
-0.61406
-0.622
-0.6188
-0.60388
-0.60224
-0.60228
-0.6037
-0.61506
-0.61684
-0.63044
-0.63546
-0.64086
-0.64312
-0.63614
-0.632
-0.63304
-0.64018
-0.62872
-0.63048
-0.6251
-0.62082
-0.62838
-0.61954
-0.61858
-0.62406
-0.62934
-0.62748
-0.6312
-0.62736
-0.61982
-0.61956
-0.61764
-0.61884
-0.61126
-0.61602
-0.61044
-0.60116
-0.60128
-0.60348
-0.60848
-0.61608
-0.6089
-0.60634
-0.6059
-0.6159
-0.62046
-0.62054
-0.63072
-0.62824
-0.6186
-0.62092
-0.62932
-0.62726
-0.62262
-0.61732
-0.61364
-0.6314
-0.62538
-0.61804
-0.62016
-0.62678
-0.6186
-0.605
-0.61182
-0.60906
-0.61
-0.60802
-0.60986
-0.60816
-0.60746
-0.61112
-0.60626
-0.60784
-0.61426
-0.61092
-0.61214
-0.62582
-0.62296
-0.62622
-0.63576
-0.63074
-0.62304
-0.61962
-0.62306
-0.63172
-0.63038
-0.62888
-0.62952
-0.64728
-0.64548
-0.64486
-0.63882
-0.6507
-0.64996
-0.65304
-0.6657
-0.66986
-0.65704
-0.66754
-0.66708
-0.65568
-0.65338
-0.65882
-0.65416
-0.65374
-0.65366
-0.63824
-0.6388
-0.6392
-0.62952
-0.6294
-0.63636
-0.62788
-0.62828
-0.62624
-0.62482
-0.63462
-0.63252
-0.63342
-0.63994
-0.636
-0.63512
-0.6315
-0.64108
-0.6425
-0.63678
-0.6342
-0.63804
-0.63946
-0.6392
-0.64448
-0.64044
-0.65358
-0.65026
-0.6533
-0.66264
-0.66388
-0.659
-0.64332
-0.63626
-0.63598
-0.63472
-0.65678
-0.65034
-0.64316
-0.6336
-0.63382
-0.63694
-0.64102
-0.64116
-0.6373
-0.64586
-0.6438
-0.63936
-0.64672
-0.64414
-0.6397
-0.63382
-0.64428
-0.6473
-0.64928
-0.65802
-0.66004
-0.65754
-0.652
-0.6499
-0.6564
-0.6539
-0.65374
-0.6539
-0.64394
-0.64362
-0.64966
-0.65284
-0.6493
-0.65746
-0.66238
-0.65854
-0.65798
-0.6558
-0.6392
-0.63676
-0.6358
-0.63748
-0.63772
-0.64776
-0.64496
-0.64496
-0.65162
-0.65816
-0.65756
-0.66246
-0.66512
-0.66398
-0.6582
-0.64618
-0.64642
-0.63892
-0.63678
-0.63026
-0.62364
-0.62458
-0.611
-0.60618
-0.60108
-0.59898
-0.59654
-0.59816
-0.59728
-0.5985
-0.59602
-0.59044
-0.58654
-0.59578
-0.5908
-0.59752
-0.59962
-0.60686
-0.6095
-0.61068
-0.61698
-0.6101
-0.61914
-0.6207
-0.6219
-0.61744
-0.61968
-0.62296
-0.63214
-0.6321
-0.63482
-0.6342
-0.6259
-0.63568
-0.64344
-0.65448
-0.64424
-0.65022
-0.64496
-0.6366
-0.64462
-0.65082
-0.64462
-0.64324
-0.6462
-0.63408
-0.63722
-0.63734
-0.6327
-0.63742
-0.63372
-0.63258
-0.62768
-0.6205
-0.61832
-0.62168
-0.62858
-0.62924
-0.63544
-0.6526
-0.6519
-0.64132
-0.65008
-0.64282
-0.6447
-0.64942
-0.63832
-0.6415
-0.63696
-0.63958
-0.63634
-0.63262
-0.63048
-0.64134
-0.63772
-0.64364
-0.65972
-0.6601
-0.64906
-0.6612
-0.662
-0.66076
-0.65846
-0.65678
-0.65434
-0.65076
-0.6505
-0.63926
-0.63224
-0.62828
-0.6328
-0.63598
-0.63032
-0.62968
-0.63916
-0.63858
-0.64176
-0.63982
-0.62776
-0.62418
-0.62888
-0.6276
-0.62978
-0.62682
-0.62564
-0.6323
-0.62704
-0.63876
-0.62796
-0.63244
-0.6255
-0.62924
-0.62826
-0.63186
-0.63246
-0.6319
-0.6368
-0.63564
-0.63196
-0.63318
-0.622
-0.62608
-0.61854
-0.63802
-0.6314
-0.62768
-0.6221
-0.6251
-0.62552
-0.62752
-0.63096
-0.6235
-0.6155
-0.61186
-0.61896
-0.61504
-0.62406
-0.61852
-0.61404
-0.61046
-0.60926
-0.60616
-0.60416
-0.60402
-0.6042
-0.61592
-0.61226
-0.61892
-0.61976
-0.61564
-0.60526
-0.61014
-0.62258
-0.61106
-0.61
-0.60852
-0.61254
-0.61586
-0.6137
-0.6066
-0.61286
-0.61298
-0.60678
-0.60966
-0.59998
-0.60694
-0.59442
-0.6004
-0.6051
-0.59894
-0.59424
-0.5891
-0.58372
-0.58472
-0.59382
-0.5963
-0.59286
-0.59836
-0.61302
-0.62158
-0.6133
-0.62358
-0.6187
-0.60574
-0.60346
-0.60196
-0.60178
-0.60818
-0.60796
-0.60934
-0.61364
-0.61968
-0.6083
-0.60218
-0.60378
-0.6039
-0.60278
-0.60564
-0.59116
-0.59434
-0.59024
-0.59456
-0.58796
-0.59292
-0.58934
-0.59682
-0.5964
-0.59046
-0.59614
-0.59838
-0.59656
-0.60634
-0.6114
-0.60828
-0.61858
-0.61946
-0.62632
-0.62008
-0.61956
-0.6278
-0.62092
-0.62426
-0.627
-0.62242
-0.62924
-0.61754
-0.6166
-0.61266
-0.60968
-0.60628
-0.60932
-0.60654
-0.61316
-0.62244
-0.61568
-0.62876
-0.62408
-0.61598
-0.61948
-0.61136
-0.6192
-0.6287
-0.61892
-0.61768
-0.61458
-0.6155
-0.61264
-0.6202
-0.62264
-0.62116
-0.61858
-0.6127
-0.62648
-0.62474
-0.62524
-0.62996
-0.63502
-0.62978
-0.62068
-0.63244
-0.64174
-0.63606
-0.6347
-0.63432
-0.62858
-0.63152
-0.63812
-0.62812
-0.63246
-0.63714
-0.64432
-0.63808
-0.63884
-0.64786
-0.6425
-0.64176
-0.65366
-0.65834
-0.6526
-0.6494
-0.64808
-0.65302
-0.64428
-0.64052
-0.64784
-0.63778
-0.62806
-0.6238
-0.6161
-0.6119
-0.60394
-0.60358
-0.61408
-0.62578
-0.62868
-0.62266
-0.61482
-0.61214
-0.61672
-0.61234
-0.6162
-0.62024
-0.62062
-0.62254
-0.6298
-0.61818
-0.63256
-0.63228
-0.63196
-0.64096
-0.63522
-0.63012
-0.62932
-0.61888
-0.61236
-0.62716
-0.62502
-0.62126
-0.63892
-0.6434
-0.63788
-0.63324
-0.63658
-0.63572
-0.63534
-0.6364
-0.62814
-0.60876
-0.61462
-0.61444
-0.62154
-0.62818
-0.61388
-0.61736
-0.61994
-0.62764
-0.6253
-0.61406
-0.61366
-0.62222
-0.61774
-0.6123
-0.61666
-0.61896
-0.62822
-0.62308
-0.62408
-0.62148
-0.62878
-0.63692
-0.62766
-0.63226
-0.637
-0.62966
-0.6253
-0.63178
-0.6214
-0.61356
-0.62054
-0.60212
-0.60698
-0.61098
-0.60962
-0.6092
-0.60998
-0.61268
-0.6224
-0.62038
-0.62884
-0.63216
-0.6205
-0.62256
-0.62798
-0.6219
-0.62384
-0.62578
-0.6255
-0.62906
-0.63064
-0.63286
-0.63466
-0.63928
-0.63674
-0.6336
-0.63042
-0.62172
-0.62266
-0.63082
-0.63818
-0.62666
-0.62594
-0.62582
-0.6393
-0.63002
-0.6184
-0.61676
-0.6129
-0.60402
-0.61042
-0.60672
-0.60466
-0.61288
-0.62046
-0.61732
-0.62994
-0.62156
-0.62116
-0.62448
-0.62468
-0.6188
-0.61998
-0.61014
-0.60292
-0.60014
-0.6063
-0.61152
-0.61104
-0.60826
-0.61254
-0.616
-0.61102
-0.60786
-0.60904
-0.60942
-0.60772
-0.60834
-0.60072
-0.59912
-0.59426
-0.60028
-0.59146
-0.59562
-0.60024
-0.60324
-0.6115
-0.60648
-0.61288
-0.61002
-0.6178
-0.62132
-0.61934
-0.6183
-0.62548
-0.63062
-0.614
-0.61262
-0.60518
-0.60404
-0.61056
-0.61236
-0.6047
-0.6079
-0.60292
-0.61408
-0.62486
-0.62396
-0.62292
-0.62196
-0.62326
-0.62736
-0.62422
-0.63286
-0.63326
-0.63236
-0.63602
-0.64586
-0.65538
-0.66448
-0.65896
-0.65216
-0.65272
-0.6556
-0.65782
-0.64372
-0.6459
-0.6462
-0.63654
-0.62902
-0.62542
-0.63218
-0.6303
-0.62986
-0.62002
-0.61698
-0.6148
-0.60576
-0.61514
-0.61478
-0.61744
-0.61746
-0.6099
-0.61002
-0.61114
-0.60774
-0.60852
-0.6094
-0.60268
-0.59898
-0.59752
-0.5982
-0.59868
-0.58796
-0.59374
-0.59678
-0.58976
-0.60846
-0.60358
-0.59588
-0.59684
-0.60046
-0.61338
-0.6044
-0.5914
-0.6005
-0.61094
-0.61202
-0.60418
-0.59716
-0.5918
-0.58872
-0.59192
-0.58068
-0.58112
-0.59122
-0.59084
-0.5982
-0.59522
-0.6086
-0.60956
-0.6189
-0.60908
-0.59866
-0.60642
-0.61566
-0.61218
-0.61352
-0.62728
-0.62056
-0.61812
-0.62164
-0.6273
-0.63122
-0.62996
-0.629
-0.62736
-0.62376
-0.63412
-0.6306
-0.6315
-0.626
-0.63154
-0.6288
-0.61292
-0.6143
-0.6151
-0.61382
-0.60738
-0.6124
-0.60456
-0.61586
-0.62136
-0.62112
-0.6186
-0.61888
-0.60532
-0.60836
-0.61044
-0.61204
-0.60872
-0.61718
-0.62064
-0.62718
-0.62936
-0.63062
-0.6319
-0.6427
-0.65494
-0.65826
-0.64832
-0.64976
-0.6566
-0.6539
-0.65136
-0.64916
-0.65466
-0.6482
-0.65366
-0.65156
-0.65134
-0.64948
-0.64272
-0.63354
-0.6338
-0.63484
-0.63122
-0.63714
-0.63094
-0.6327
-0.63128
-0.63604
-0.6344
-0.64486
-0.6324
-0.63388
-0.63596
-0.62768
-0.62648
-0.61282
-0.61394
-0.6157
-0.6065
-0.61282
-0.61756
-0.6205
-0.60918
-0.61216
-0.61664
-0.63372
-0.63534
-0.6284
-0.62548
-0.62588
-0.6274
-0.62324
-0.62414
-0.6235
-0.62672
-0.6196
-0.6127
-0.62248
-0.62596
-0.62588
-0.63708
-0.63692
-0.62998
-0.63216
-0.64252
-0.65154
-0.6489
-0.64562
-0.6447
-0.63984
-0.65004
-0.66838
-0.66426
-0.66522
-0.66024
-0.66102
-0.65958
-0.65494
-0.65306
-0.6492
-0.65564
-0.65494
-0.64344
-0.63946
-0.6443
-0.65088
-0.65276
-0.65952
-0.65986
-0.66046
-0.67558
-0.67338
-0.67536
-0.66588
-0.66748
-0.66716
-0.65782
-0.65386
-0.6613
-0.64864
-0.64526
-0.65348
-0.64496
-0.6346
-0.6356
-0.63736
-0.63574
-0.64234
-0.64464
-0.6435
-0.6524
-0.6464
-0.65902
-0.65002
-0.65386
-0.65358
-0.6456
-0.64486
-0.64638
-0.64552
-0.64062
-0.64998
-0.63896
-0.63686
-0.63904
-0.63282
-0.638
-0.63458
-0.63564
-0.62886
-0.6176
-0.62344
-0.62508
-0.62156
-0.62626
-0.62678
-0.62938
-0.61654
-0.62232
-0.61884
-0.62236
-0.62348
-0.61634
-0.61334
-0.61598
-0.60854
-0.61328
-0.61978
-0.61812
-0.61694
-0.62828
-0.62158
-0.60772
-0.59898
-0.60708
-0.60254
-0.59892
-0.5988
-0.60456
-0.6108
-0.61356
-0.61282
-0.6053
-0.60758
-0.60028
-0.60442
-0.60198
-0.60228
-0.60072
-0.59192
-0.59116
-0.59204
-0.5942
-0.59758
-0.61038
-0.61218
-0.61614
-0.61602
-0.61994
-0.6124
-0.6188
-0.60864
-0.61862
-0.60944
-0.62484
-0.63006
-0.62564
-0.62962
-0.62602
-0.61916
-0.60952
-0.6129
-0.62226
-0.61546
-0.62292
-0.63112
-0.6303
-0.62706
-0.6278
-0.62982
-0.6181
-0.62108
-0.63416
-0.62748
-0.63984
-0.63874
-0.64282
-0.64108
-0.63822
-0.63302
-0.6309
-0.6292
-0.63598
-0.63668
-0.64058
-0.6284
-0.62392
-0.63484
-0.63734
-0.62752
-0.62258
-0.61226
-0.61636
-0.60608
-0.61664
-0.60824
-0.60942
-0.61746
-0.60664
-0.60946
-0.6121
-0.6148
-0.61334
-0.61038
-0.61698
-0.62216
-0.6222
-0.62982
-0.64684
-0.6549
-0.65026
-0.64342
-0.65192
-0.64248
-0.64918
-0.65086
-0.65612
-0.64486
-0.64156
-0.64992
-0.64824
-0.64146
-0.63364
-0.63732
-0.641
-0.64758
-0.63792
-0.6425
-0.64994
-0.64844
-0.64836
-0.64586
-0.6487
-0.64672
-0.65962
-0.66424
-0.6592
-0.6581
-0.66694
-0.66124
-0.66978
-0.67444
-0.67718
-0.6651
-0.67008
-0.6585
-0.6635
-0.67212
-0.6641
-0.67164
-0.6744
-0.66292
-0.65692
-0.66478
-0.65662
-0.65898
-0.65622
-0.65712
-0.66042
-0.65278
-0.64232
-0.63906
-0.63958
-0.63764
-0.64522
-0.63482
-0.63046
-0.63448
-0.63972
-0.62828
-0.64204
-0.6312
-0.63644
-0.64694
-0.65462
-0.66564
-0.65906
-0.65182
-0.64044
-0.64418
-0.6505
-0.6529
-0.6589
-0.66336
-0.66172
-0.65968
-0.66932
-0.67142
-0.67206
-0.67726
-0.677
-0.67652
-0.676
-0.66788
-0.67086
-0.6688
-0.66862
-0.6621
-0.66402
-0.65586
-0.65786
-0.65168
-0.65584
-0.65686
-0.65798
-0.66804
-0.67442
-0.6787
-0.67722
-0.67714
-0.66018
-0.66838
-0.67906
-0.67534
-0.67896
-0.67012
-0.66762
-0.67632
-0.6722
-0.66996
-0.66668
-0.65686
-0.65178
-0.65274
-0.65648
-0.64988
-0.6586
-0.67288
-0.67644
-0.66626
-0.67516
-0.66896
-0.66992
-0.65306
-0.64546
-0.63482
-0.628
-0.63644
-0.63686
-0.62666
-0.6275
-0.62544
-0.62974
-0.63932
-0.63946
-0.6384
-0.64064
-0.64754
-0.65162
-0.64368
-0.65198
-0.65398
-0.66134
-0.65404
-0.65256
-0.6419
-0.63404
-0.6384
-0.6403
-0.63826
-0.63608
-0.63518
-0.63588
-0.64836
-0.63708
-0.64318
-0.63984
-0.63956
-0.6424
-0.64564
-0.64846
-0.6319
-0.63438
-0.64008
-0.63124
-0.62576
-0.63008
-0.6299
-0.62936
-0.62434
-0.61846
-0.61248
-0.62284
-0.61948
-0.62618
-0.63268
-0.63396
-0.6336
-0.6285
-0.62968
-0.63112
-0.65244
-0.6442
-0.65708
-0.66218
-0.64928
-0.65914
-0.6418
-0.64432
-0.64132
-0.6354
-0.63916
-0.63436
-0.6287
-0.63092
-0.63286
-0.63222
-0.63698
-0.6426
-0.6387
-0.63614
-0.62534
-0.62646
-0.61156
-0.61476
-0.62388
-0.63306
-0.62836
-0.63416
-0.6426
-0.64108
-0.64234
-0.64162
-0.64532
-0.63882
-0.6513
-0.65406
-0.66166
-0.64654
-0.64636
-0.64216
-0.63882
-0.6255
-0.61656
-0.62978
-0.63764
-0.628
-0.63514
-0.63692
-0.63042
-0.63108
-0.6348
-0.6267
-0.61
-0.61692
-0.6174
-0.61766
-0.61902
-0.62174
-0.61284
-0.62682
-0.62726
-0.63784
-0.63288
-0.62818
-0.63136
-0.62784
-0.6229
-0.6275
-0.62422
-0.6227
-0.6179
-0.624
-0.61868
-0.62202
-0.62552
-0.6225
-0.61762
-0.62138
-0.6205
-0.61804
-0.61628
-0.61038
-0.61658
-0.61452
-0.60882
-0.59726
-0.59712
-0.61106
-0.59754
-0.5909
-0.59286
-0.5873
-0.58734
-0.60724
-0.60456
-0.61322
-0.61886
-0.62448
-0.62538
-0.6365
-0.63812
-0.63778
-0.65194
-0.64688
-0.64136
-0.63568
-0.64298
-0.63514
-0.64428
-0.64358
-0.63924
-0.6505
-0.6353
-0.62434
-0.62658
-0.6231
-0.6248
-0.61796
-0.6242
-0.6125
-0.60564
-0.59688
-0.60726
-0.6112
-0.62166
-0.60772
-0.61028
-0.6017
-0.59368
-0.59092
-0.58938
-0.59616
-0.59146
-0.58744
-0.58502
-0.58514
-0.59922
-0.61192
-0.6137
-0.60658
-0.59904
-0.60226
-0.61192
-0.60722
-0.61664
-0.60958
-0.6126
-0.60972
-0.61536
-0.614
-0.62102
-0.61796
-0.6168
-0.6124
-0.61598
-0.61726
-0.61844
-0.6191
-0.61908
-0.63274
-0.63396
-0.6396
-0.64106
-0.64568
-0.6283
-0.6333
-0.63794
-0.634
-0.62564
-0.62356
-0.63536
-0.63636
-0.63106
-0.62488
-0.62848
-0.6266
-0.61864
-0.61484
-0.61166
-0.60626
-0.60326
-0.62
-0.614
-0.61986
-0.6193
-0.61684
-0.61672
-0.60878
-0.61382
-0.6219
-0.61982
-0.61608
-0.61474
-0.61526
-0.61642
-0.6141
-0.61572
-0.62152
-0.61272
-0.63094
-0.6313
-0.6354
-0.632
-0.63774
-0.63144
-0.629
-0.63512
-0.62796
-0.62798
-0.62352
-0.62694
-0.62466
-0.6135
-0.61618
-0.60594
-0.62478
-0.61654
-0.61736
-0.61314
-0.6126
-0.61746
-0.62044
-0.61616
-0.62356
-0.62204
-0.6257
-0.6225
-0.61302
-0.60788
-0.60598
-0.6117
-0.6164
-0.62476
-0.61846
-0.6295
-0.63152
-0.63066
-0.63546
-0.64506
-0.646
-0.63666
-0.6265
-0.6317
-0.6333
-0.63154
-0.62336
-0.62984
-0.62496
-0.62952
-0.63452
-0.62508
-0.62276
-0.63306
-0.62578
-0.63008
-0.62556
-0.61892
-0.6147
-0.62496
-0.62716
-0.62858
-0.6232
-0.61556
-0.62404
-0.61988
-0.61908
-0.61672
-0.62852
-0.62472
-0.63114
-0.62316
-0.63012
-0.64106
-0.64894
-0.65262
-0.65154
-0.65564
-0.65042
-0.65774
-0.65106
-0.65396
-0.65438
-0.65184
-0.64762
-0.63882
-0.65144
-0.63762
-0.635
-0.64462
-0.64438
-0.64946
-0.64072
-0.65608
-0.64836
-0.6422
-0.6459
-0.64184
-0.6402
-0.6305
-0.6291
-0.63442
-0.6283
-0.62602
-0.62274
-0.62764
-0.62642
-0.6273
-0.63392
-0.63784
-0.64454
-0.65226
-0.65616
-0.65344
-0.6584
-0.66838
-0.67884
-0.6831
-0.68012
-0.67968
-0.68018
-0.67738
-0.6733
-0.65978
-0.64872
-0.6564
-0.65312
-0.64804
-0.64992
-0.65266
-0.6581
-0.6537
-0.65448
-0.65726
-0.65868
-0.65172
-0.65538
-0.64256
-0.63738
-0.63144
-0.63952
-0.63658
-0.64338
-0.64834
-0.64522
-0.63938
-0.63334
-0.6284
-0.63832
-0.64216
-0.6337
-0.62306
-0.6244
-0.62592
-0.62734
-0.63292
-0.63
-0.631
-0.63052
-0.61672
-0.6195
-0.60618
-0.60314
-0.60202
-0.59878
-0.60332
-0.6057
-0.60588
-0.59344
-0.60434
-0.60412
-0.61932
-0.62974
-0.63404
-0.6394
-0.64566
-0.64312
-0.65184
-0.65042
-0.64688
-0.655
-0.64956
-0.64762
-0.6495
-0.64146
-0.63972
-0.6431
-0.6261
-0.61912
-0.63648
-0.62562
-0.6306
-0.63226
-0.6465
-0.6415
-0.638
-0.63956
-0.64848
-0.64222
-0.65232
-0.64262
-0.64472
-0.64858
-0.63814
-0.64164
-0.6363
-0.64276
-0.64826
-0.64446
-0.6389
-0.62862
-0.64158
-0.64382
-0.6491
-0.64218
-0.63738
-0.63816
-0.63976
-0.63142
-0.62364
-0.6333
-0.631
-0.63646
-0.62884
-0.62828
-0.63308
-0.62858
-0.6181
-0.61336
-0.62554
-0.62564
-0.63232
-0.61912
-0.62148
-0.62186
-0.62566
-0.62204
-0.62382
-0.62318
-0.63516
-0.63016
-0.62088
-0.62678
-0.61992
-0.62168
-0.62742
-0.63386
-0.63232
-0.62166
-0.61982
-0.62932
-0.63364
-0.63344
-0.63764
-0.63518
-0.64046
-0.63098
-0.61884
-0.61934
-0.61792
-0.6117
-0.60984
-0.6165
-0.60898
-0.6143
-0.61394
-0.62874
-0.6193
-0.61124
-0.614
-0.62044
-0.61122
-0.60368
-0.60162
-0.59828
-0.59972
-0.59632
-0.60094
-0.60124
-0.60544
-0.59884
-0.59706
-0.59872
-0.59968
-0.6013
-0.60176
-0.59452
-0.60312
-0.61112
-0.60888
-0.61678
-0.62762
-0.63404
-0.63854
-0.63542
-0.6412
-0.64408
-0.63994
-0.64842
-0.6489
-0.6511
-0.65586
-0.65726
-0.64988
-0.65984
-0.6623
-0.6636
-0.65972
-0.6465
-0.65466
-0.64782
-0.65656
-0.64898
-0.63512
-0.63954
-0.63966
-0.6336
-0.6406
-0.64408
-0.64054
-0.64426
-0.65054
-0.6469
-0.6443
-0.65524
-0.64654
-0.64576
-0.64314
-0.6458
-0.64542
-0.64946
-0.64298
-0.64476
-0.62872
-0.62864
-0.6294
-0.62714
-0.63018
-0.63438
-0.64534
-0.6451
-0.64818
-0.63732
-0.6289
-0.6385
-0.644
-0.652
-0.65236
-0.648
-0.64566
-0.6386
-0.6339
-0.63452
-0.62842
-0.62726
-0.6286
-0.63104
-0.62708
-0.62762
-0.62364
-0.60948
-0.61214
-0.61636
-0.61578
-0.61502
-0.61434
-0.62144
-0.6261
-0.61544
-0.61446
-0.61608
-0.61202
-0.60692
-0.6125
-0.61184
-0.6071
-0.60238
-0.60546
-0.6118
-0.61112
-0.62046
-0.61602
-0.61906
-0.63296
-0.6333
-0.63042
-0.63904
-0.64572
-0.64324
-0.6426
-0.6437
-0.6391
-0.63682
-0.63826
-0.641
-0.62836
-0.62894
-0.63006
-0.6333
-0.63344
-0.6269
-0.62658
-0.62952
-0.62822
-0.6333
-0.64124
-0.6358
-0.63744
-0.6303
-0.62384
-0.62326
-0.62494
-0.62964
-0.62876
-0.6488
-0.64122
-0.64554
-0.65814
-0.65422
-0.65538
-0.65906
-0.65806
-0.6506
-0.65042
-0.65274
-0.6486
-0.65484
-0.64442
-0.64864
-0.647
-0.64406
-0.64126
-0.6403
-0.63032
-0.62124
-0.63158
-0.6221
-0.612
-0.6179
-0.61982
-0.62008
-0.61664
-0.62332
-0.63208
-0.6277
-0.62168
-0.61504
-0.62416
-0.62192
-0.62822
-0.63874
-0.64378
-0.63622
-0.63904
-0.64144
-0.6497
-0.64624
-0.651
-0.6505
-0.6472
-0.62798
-0.63282
-0.627
-0.62442
-0.62304
-0.63052
-0.63198
-0.63584
-0.63396
-0.6465
-0.64516
-0.64988
-0.64968
-0.63882
-0.64078
-0.64176
-0.63858
-0.64008
-0.63006
-0.61948
-0.63018
-0.62298
-0.61324
-0.6068
-0.59912
-0.60356
-0.60936
-0.60616
-0.59988
-0.603
-0.60422
-0.59792
-0.59346
-0.5928
-0.58724
-0.58892
-0.58812
-0.59068
-0.59234
-0.5879
-0.58738
-0.5998
-0.59694
-0.61046
-0.60954
-0.61326
-0.60668
-0.6037
-0.60474
-0.59968
-0.60842
-0.60598
-0.6206
-0.62636
-0.63756
-0.6407
-0.63736
-0.63736
-0.63446
-0.6264
-0.62456
-0.63428
-0.62714
-0.61678
-0.6216
-0.61794
-0.62222
-0.6236
-0.62092
-0.62804
-0.62968
-0.62684
-0.62714
-0.62864
-0.62386
-0.6184
-0.61184
-0.6161
-0.62416
-0.62696
-0.62416
-0.62522
-0.62018
-0.62596
-0.6345
-0.63398
-0.62266
-0.6253
-0.61964
-0.62014
-0.62622
-0.62116
-0.62328
-0.6261
-0.63248
-0.6388
-0.6361
-0.63378
-0.61698
-0.614
-0.62054
-0.6247
-0.6266
-0.62448
-0.6318
-0.63572
-0.63464
-0.63488
-0.63186
-0.6295
-0.63656
-0.63886
-0.64248
-0.648
-0.6457
-0.6468
-0.64568
-0.64092
-0.63652
-0.63668
-0.63718
-0.64158
-0.65278
-0.6566
-0.66832
-0.6619
-0.65332
-0.65774
-0.64546
-0.6467
-0.65094
-0.661
-0.65214
-0.65674
-0.65118
-0.66004
-0.65904
-0.64846
-0.64436
-0.64534
-0.63892
-0.6497
-0.64168
-0.64204
-0.65478
-0.65354
-0.65908
-0.66064
-0.66048
-0.66154
-0.6545
-0.65904
-0.66142
-0.65728
-0.65694
-0.65908
-0.65356
-0.65354
-0.65574
-0.65574
-0.65438
-0.63894
-0.63676
-0.64274
-0.63848
-0.6317
-0.63508
-0.63438
-0.63798
-0.63546
-0.63404
-0.63056
-0.63074
-0.64468
-0.63586
-0.63832
-0.62976
-0.62366
-0.628
-0.62118
-0.63746
-0.65138
-0.64156
-0.64318
-0.64224
-0.63802
-0.65208
-0.65134
-0.64986
-0.64134
-0.64324
-0.6412
-0.64472
-0.62592
-0.61578
-0.61074
-0.61748
-0.60778
-0.60498
-0.59716
-0.59668
-0.5989
-0.59658
-0.5954
-0.59754
-0.59876
-0.6167
-0.60676
-0.6076
-0.613
-0.6185
-0.61338
-0.60434
-0.61232
-0.61708
-0.62346
-0.62958
-0.62086
-0.614
-0.60654
-0.60294
-0.60776
-0.59586
-0.60224
-0.60264
-0.58308
-0.58526
-0.58234
-0.58064
-0.58142
-0.58794
-0.57704
-0.57776
-0.5867
-0.59214
-0.59488
-0.59672
-0.60016
-0.60996
-0.60982
-0.60198
-0.59686
-0.5937
-0.59662
-0.60704
-0.59302
-0.59512
-0.59548
-0.60268
-0.61414
-0.60552
-0.60412
-0.61106
-0.61362
-0.61592
-0.60794
-0.60844
-0.60188
-0.6114
-0.60778
-0.61722
-0.62464
-0.6236
-0.60986
-0.61808
-0.61558
-0.61556
-0.62502
-0.62432
-0.62382
-0.62402
-0.61564
-0.61114
-0.61582
-0.6186
-0.62272
-0.60812
-0.60448
-0.621
-0.62176
-0.62478
-0.61756
-0.62272
-0.62406
-0.62994
-0.62716
-0.62286
-0.6243
-0.63734
-0.63214
-0.62594
-0.63288
-0.62896
-0.61508
-0.61244
-0.61272
-0.60584
-0.61512
-0.60748
-0.61796
-0.61408
-0.61614
-0.61574
-0.61934
-0.6299
-0.62358
-0.6177
-0.62356
-0.629
-0.63614
-0.65014
-0.6414
-0.64032
-0.64168
-0.63212
-0.6403
-0.63614
-0.63598
-0.64244
-0.6659
-0.66288
-0.64822
-0.65196
-0.66016
-0.65262
-0.65742
-0.65736
-0.65066
-0.65812
-0.66112
-0.65444
-0.65596
-0.64966
-0.65058
-0.65008
-0.64902
-0.6514
-0.65264
-0.65762
-0.64956
-0.64876
-0.64554
-0.63772
-0.63556
-0.64276
-0.63596
-0.63886
-0.63116
-0.6325
-0.62618
-0.63428
-0.6376
-0.64394
-0.64864
-0.64884
-0.64916
-0.64526
-0.63752
-0.64698
-0.63508
-0.6441
-0.6421
-0.65494
-0.64732
-0.6504
-0.6451
-0.6484
-0.64816
-0.65344
-0.65198
-0.648
-0.65202
-0.65836
-0.6617
-0.64812
-0.64316
-0.64642
-0.64654
-0.64178
-0.63288
-0.62826
-0.63084
-0.63722
-0.64034
-0.6293
-0.6371
-0.65374
-0.64718
-0.64466
-0.64306
-0.64858
-0.64592
-0.64544
-0.63792
-0.62774
-0.6344
-0.62896
-0.62956
-0.62164
-0.62136
-0.62866
-0.62836
-0.62894
-0.61378
-0.6104
-0.62442
-0.62556
-0.6397
-0.63974
-0.64308
-0.64162
-0.63688
-0.64906
-0.64608
-0.65302
-0.6585
-0.64728
-0.64964
-0.64806
-0.65506
-0.65566
-0.66104
-0.66322
-0.6552
-0.64746
-0.6503
-0.65436
-0.6619
-0.66268
-0.65706
-0.66216
-0.67016
-0.66998
-0.65878
-0.65042
-0.66164
-0.6729
-0.67662
-0.67462
-0.67056
-0.65694
-0.66342
-0.66284
-0.65658
-0.6604
-0.66236
-0.66694
-0.67812
-0.67496
-0.67488
-0.6678
-0.66492
-0.6597
-0.66792
-0.65948
-0.648
-0.64186
-0.65042
-0.64302
-0.64678
-0.6355
-0.64464
-0.65082
-0.657
-0.65298
-0.65616
-0.65824
-0.65522
-0.64786
-0.652
-0.64636
-0.6454
-0.6542
-0.65452
-0.64378
-0.6477
-0.64574
-0.6495
-0.64228
-0.64752
-0.65184
-0.64292
-0.64096
-0.64646
-0.6402
-0.63012
-0.62362
-0.61036
-0.6174
-0.6262
-0.62594
-0.63268
-0.6213
-0.6191
-0.628
-0.61864
-0.62442
-0.62156
-0.62658
-0.63238
-0.62998
-0.62556
-0.62738
-0.62084
-0.61388
-0.5983
-0.6004
-0.601
-0.59944
-0.60138
-0.60722
-0.60352
-0.61048
-0.60806
