-0.9656
-0.96758
-0.9658
-0.96518
-0.96428
-0.96582
-0.96568
-0.96618
-0.96662
-0.96568
-0.96776
-0.9656
-0.9666
-0.96508
-0.9661
-0.96504
-0.96468
-0.96628
-0.96506
-0.96622
-0.96574
-0.96702
-0.96526
-0.96554
-0.96772
-0.96678
-0.9652
-0.9657
-0.96522
-0.96576
-0.96702
-0.9664
-0.966
-0.96564
-0.96592
-0.96704
-0.96606
-0.9659
-0.96696
-0.9655
-0.96534
-0.96302
-0.96634
-0.96478
-0.96454
-0.96708
-0.96502
-0.96624
-0.96594
-0.9654
-0.96528
-0.96626
-0.96586
-0.96748
-0.96604
-0.96652
-0.96862
-0.9668
-0.96622
-0.96596
-0.96638
-0.96648
-0.9654
-0.96614
-0.96504
-0.96622
-0.96532
-0.96548
-0.967
-0.9669
-0.9665
-0.966
-0.966
-0.96496
-0.96584
-0.96586
-0.96536
-0.966
-0.96572
-0.96512
-0.96772
-0.96588
-0.96708
-0.96412
-0.96654
-0.9675
-0.96614
-0.96718
-0.96512
-0.96654
-0.9674
-0.96692
-0.96502
-0.96626
-0.9675
-0.9675
-0.966
-0.96528
-0.9668
-0.96682
-0.96386
-0.96696
-0.96564
-0.96658
-0.9648
-0.96704
-0.9659
-0.96504
-0.96586
-0.96512
-0.96504
-0.96626
-0.96544
-0.96632
-0.96694
-0.96686
-0.96712
-0.96836
-0.96582
-0.9657
-0.96586
-0.96774
-0.9664
-0.96696
-0.9649
-0.96514
-0.96766
-0.96548
-0.96576
-0.96498
-0.96736
-0.96558
-0.96432
-0.96752
-0.96746
-0.96476
-0.96588
-0.96698
-0.96576
-0.96612
-0.96584
-0.96562
-0.9668
-0.96582
-0.96644
-0.96618
-0.96654
-0.96554
-0.96518
-0.9678
-0.96502
-0.96722
-0.96542
-0.96706
-0.96622
-0.96654
-0.96562
-0.96608
-0.9657
-0.96598
-0.9636
-0.96676
-0.96482
-0.96686
-0.96682
-0.96538
-0.96512
-0.96496
-0.96704
-0.96558
-0.96478
-0.96544
-0.96688
-0.96476
-0.96638
-0.96568
-0.96518
-0.96756
-0.9675
-0.96442
-0.96614
-0.9664
-0.96722
-0.96852
-0.96486
-0.965
-0.9649
-0.96642
-0.96556
-0.964
-0.96614
-0.96582
-0.96702
-0.96898
-0.9663
-0.96542
-0.96698
-0.96488
-0.9662
-0.96502
-0.96656
-0.96578
-0.96554
-0.96612
-0.96424
-0.96708
-0.96404
-0.9666
-0.9657
-0.9673
-0.9668
-0.96692
-0.96346
-0.96634
-0.9667
-0.967
-0.96542
-0.96586
-0.9655
-0.96626
-0.96442
-0.96622
-0.96438
-0.96624
-0.96738
-0.9653
-0.96566
-0.96568
-0.96546
-0.96614
-0.96602
-0.9662
-0.96518
-0.966
-0.96568
-0.96494
-0.9653
-0.96666
-0.96576
-0.96458
-0.96666
-0.96492
-0.96692
-0.96828
-0.96744
-0.96582
-0.9656
-0.96518
-0.9674
-0.9652
-0.96498
-0.96668
-0.96568
-0.96432
-0.96554
-0.96556
-0.9656
-0.96562
-0.96712
-0.96538
-0.966
-0.96688
-0.96732
-0.96614
-0.96576
-0.96532
-0.96602
-0.9675
-0.96642
-0.96768
-0.96788
-0.96644
-0.9662
-0.96656
-0.9662
-0.96414
-0.96684
-0.9663
-0.96746
-0.96692
-0.96742
-0.9655
-0.96692
-0.96508
-0.96892
-0.9671
-0.96672
-0.9666
-0.96528
-0.9669
-0.96712
-0.96562
-0.9666
-0.96614
-0.96654
-0.9653
-0.96654
-0.9684
-0.9658
-0.9653
-0.96626
-0.96686
-0.96698
-0.96632
-0.96474
-0.96716
-0.96464
-0.9656
-0.96578
-0.96586
-0.96522
-0.96574
-0.9664
-0.96732
-0.96674
-0.96538
-0.96422
-0.9649
-0.96512
-0.96438
-0.9686
-0.9667
-0.96782
-0.96454
-0.96558
-0.96554
-0.96692
-0.9673
-0.96662
-0.96656
-0.9663
-0.96536
-0.9648
-0.9651
-0.96398
-0.96534
-0.965
-0.96604
-0.96534
-0.9656
-0.9655
-0.96622
-0.9653
-0.96696
-0.9651
-0.96456
-0.96614
-0.96626
-0.96574
-0.96626
-0.96594
-0.96512
-0.96608
-0.96452
-0.96686
-0.96502
-0.96736
-0.96616
-0.96632
-0.96486
-0.96618
-0.96536
-0.96482
-0.96456
-0.96534
-0.96588
-0.96878
-0.96694
-0.96668
-0.96582
-0.96386
-0.96588
-0.96536
-0.96654
-0.96558
-0.9678
-0.9654
-0.9659
-0.966
-0.96634
-0.96462
-0.9671
-0.96766
-0.96622
-0.9672
-0.9669
-0.96528
-0.96468
-0.96644
-0.96774
-0.96494
-0.96602
-0.96748
-0.96544
-0.9667
-0.96548
-0.96676
-0.96644
-0.9667
-0.9662
-0.96678
-0.96682
-0.96678
-0.96676
-0.96642
-0.96664
-0.96512
-0.96532
-0.96732
-0.9655
-0.96518
-0.96662
-0.96612
-0.96828
-0.96644
-0.96642
-0.96532
-0.96638
-0.96446
-0.96518
-0.96616
-0.96594
-0.96492
-0.96718
-0.96454
-0.96674
-0.96644
-0.9663
-0.96414
-0.96694
-0.96598
-0.96518
-0.96508
-0.96794
-0.96734
-0.96458
-0.96646
-0.96628
-0.96496
-0.96396
-0.96518
-0.967
-0.96728
-0.96564
-0.9639
-0.9659
-0.96494
-0.9657
-0.96558
-0.96504
-0.96424
-0.96554
-0.96556
-0.9655
-0.96506
-0.9658
-0.96474
-0.96616
-0.96608
-0.9654
-0.96814
-0.9649
-0.96506
-0.9665
-0.9669
-0.96668
-0.96588
-0.96648
-0.96808
-0.96578
-0.96468
-0.96636
-0.96748
-0.966
-0.96734
-0.96404
-0.9659
-0.96564
-0.96512
-0.96658
-0.96398
-0.9653
-0.96576
-0.9663
-0.96542
-0.9664
-0.96484
-0.96484
-0.96496
-0.96526
-0.96554
-0.96516
-0.96442
-0.96634
-0.9669
-0.96594
-0.96724
-0.96806
-0.96616
-0.96592
-0.96614
-0.96616
-0.96598
-0.96588
-0.96776
-0.96568
-0.96752
-0.96566
-0.96586
-0.96718
-0.96618
-0.9658
-0.96544
-0.96524
-0.96494
-0.96412
-0.96596
-0.96804
-0.96642
-0.96496
-0.96478
-0.968
-0.96628
-0.96492
-0.96694
-0.9664
-0.9651
-0.96588
-0.96618
-0.96538
-0.96504
-0.96592
-0.9665
-0.9648
-0.96526
-0.9661
-0.96584
-0.96464
-0.96492
-0.9656
-0.96636
-0.96452
-0.96624
-0.96484
-0.9651
-0.96724
-0.9651
-0.96576
-0.9672
-0.96538
-0.96506
-0.96512
-0.96566
-0.96606
-0.96576
-0.9654
-0.96532
-0.96574
-0.96438
-0.96368
-0.96552
-0.9668
-0.9675
-0.96562
-0.9651
-0.96488
-0.96594
-0.96538
-0.9626
-0.96762
-0.9668
-0.96466
-0.96696
-0.96624
-0.96472
-0.96832
-0.96648
-0.96634
-0.96452
-0.96692
-0.9654
-0.96592
-0.96662
-0.96688
-0.96242
-0.96668
-0.96608
-0.96646
-0.96626
-0.96536
-0.96554
-0.96502
-0.9669
-0.96608
-0.9658
-0.96506
-0.96628
-0.9649
-0.96506
-0.96542
-0.96528
-0.96518
-0.9662
-0.96638
-0.96664
-0.9648
-0.96524
-0.96352
-0.96674
-0.9666
-0.96678
-0.96638
-0.96664
-0.96476
-0.96484
-0.96674
-0.96542
-0.9648
-0.96518
-0.96538
-0.96614
-0.96684
-0.9647
-0.96566
-0.96446
-0.96622
-0.96646
-0.96536
-0.96596
-0.96642
-0.96688
-0.96516
-0.96724
-0.96744
-0.96534
-0.96546
-0.96632
-0.96684
-0.96614
-0.96478
-0.96692
-0.96532
-0.9668
-0.96554
-0.9657
-0.96512
-0.96554
-0.96652
-0.9651
-0.96364
-0.96654
-0.96542
-0.96556
-0.96688
-0.96498
-0.96596
-0.96566
-0.96452
-0.96604
-0.96734
-0.9658
-0.96668
-0.96506
-0.96694
-0.96626
-0.96582
-0.96594
-0.9653
-0.96562
-0.9659
-0.96658
-0.96564
-0.96672
-0.96626
-0.96736
-0.96704
-0.96542
-0.9642
-0.96668
-0.96596
-0.96588
-0.9658
-0.96524
-0.96604
-0.9654
-0.96594
-0.96494
-0.96714
-0.96704
-0.96678
-0.96508
-0.96576
-0.96498
-0.9658
-0.96558
-0.96798
-0.96456
-0.96532
-0.96552
-0.96574
-0.96722
-0.9664
-0.96604
-0.96614
-0.96544
-0.96628
-0.9657
-0.9659
-0.96502
-0.96776
-0.96666
-0.96596
-0.96778
-0.965
-0.96526
-0.96534
-0.96584
-0.96636
-0.9653
-0.96692
-0.96508
-0.96508
-0.96812
-0.965
-0.96732
-0.96466
-0.96698
-0.96684
-0.96656
-0.96692
-0.96354
-0.96382
-0.966
-0.96614
-0.96444
-0.96406
-0.96586
-0.96788
-0.96682
-0.96594
-0.96348
-0.96698
-0.966
-0.96488
-0.96566
-0.96528
-0.96574
-0.96708
-0.96672
-0.96688
-0.9671
-0.9652
-0.96754
-0.96574
-0.96652
-0.96582
-0.96496
-0.96586
-0.96632
-0.96528
-0.96662
-0.96434
-0.96682
-0.96742
-0.96626
-0.96526
-0.96732
-0.96464
-0.96572
-0.96554
-0.96538
-0.96546
-0.9662
-0.96582
-0.96578
-0.9675
-0.9663
-0.96382
-0.96634
-0.96764
-0.9659
-0.9649
-0.96642
-0.96526
-0.96726
-0.96532
-0.96452
-0.9659
-0.96632
-0.96516
-0.96768
-0.9641
-0.96632
-0.96736
-0.96632
-0.96644
-0.96556
-0.96462
-0.9668
-0.96744
-0.96552
-0.96832
-0.9676
-0.96594
-0.96438
-0.96522
-0.96734
-0.96756
-0.96574
-0.967
-0.9663
-0.96524
-0.966
-0.96754
-0.96534
-0.96628
-0.96674
-0.96546
-0.96568
-0.96524
-0.96524
-0.96566
-0.96616
-0.96488
-0.96454
-0.96692
-0.96434
-0.96594
-0.96572
-0.96506
-0.96652
-0.96762
-0.96568
-0.96668
-0.96522
-0.9665
-0.9657
-0.96698
-0.9673
-0.96488
-0.9673
-0.96514
-0.9663
-0.96496
-0.96594
-0.96582
-0.96538
-0.96664
-0.96772
-0.96566
-0.96546
-0.96588
-0.965
-0.96504
-0.96558
-0.96658
-0.96624
-0.96612
-0.96676
-0.96474
-0.96508
-0.9641
-0.96658
-0.96714
-0.964
-0.9661
-0.96654
-0.96574
-0.96668
-0.96614
-0.96606
-0.96724
-0.96438
-0.96718
-0.96476
-0.96508
-0.96676
-0.9662
-0.96558
-0.96568
-0.96608
-0.96466
-0.9658
-0.9683
-0.96542
-0.96652
-0.96732
-0.96656
-0.96732
-0.96672
-0.96606
-0.967
-0.96626
-0.96556
-0.96692
-0.96668
-0.96676
-0.96612
-0.96636
-0.96494
-0.9653
-0.96524
-0.9651
-0.96574
-0.96616
-0.96442
-0.96696
-0.96574
-0.96542
-0.967
-0.96692
-0.9664
-0.9658
-0.96612
-0.9658
-0.965
-0.96826
-0.96554
-0.96554
-0.9657
-0.96606
-0.96668
-0.96566
-0.96514
-0.96496
-0.96526
-0.96548
-0.9659
-0.96454
-0.96708
-0.96606
-0.96644
-0.96702
-0.96528
-0.96656
-0.96434
-0.96534
-0.96558
-0.9655
-0.96606
-0.96656
-0.96618
-0.9668
-0.96602
-0.96564
-0.9654
-0.9672
-0.96414
-0.96598
-0.96504
-0.9658
-0.96664
-0.96582
-0.96636
-0.96464
-0.96596
-0.96636
-0.96504
-0.96436
-0.96482
-0.96686
-0.9652
-0.96468
-0.96674
-0.96572
-0.96476
-0.96552
-0.96626
-0.96642
-0.9674
-0.96526
-0.9657
-0.9665
-0.965
-0.96716
-0.96764
-0.96446
-0.96562
-0.96598
-0.96574
-0.96622
-0.9663
-0.9677
-0.96584
-0.96492
-0.96472
-0.96578
-0.96768
-0.96812
-0.96392
-0.96582
-0.9669
-0.96528
-0.96602
-0.96466
-0.96586
-0.96522
-0.9651
-0.9662
-0.9666
-0.96624
-0.96616
-0.96738
-0.96496
-0.96564
-0.966
-0.96584
-0.96552
-0.9643
-0.96638
-0.96714
-0.96544
-0.96548
-0.96598
-0.96694
-0.96674
-0.96648
-0.96676
-0.96486
-0.96578
-0.96614
-0.96496
-0.9663
-0.96594
-0.9658
-0.96456
-0.9669
-0.96534
-0.96654
-0.96678
-0.96642
-0.96636
-0.96576
-0.96594
-0.96572
-0.967
-0.96594
-0.96582
-0.9672
-0.96624
-0.96612
-0.96482
-0.96618
-0.96406
-0.96614
-0.9651
-0.96552
-0.96648
-0.96448
-0.96528
-0.9665
-0.96612
-0.96676
-0.96428
-0.96518
-0.96442
-0.96598
-0.96656
-0.96672
-0.9649
-0.9644
-0.96596
-0.96792
-0.96642
-0.96742
-0.9647
-0.96562
-0.9667
-0.96544
-0.9656
-0.96614
-0.9661
-0.9643
-0.96732
-0.96686
-0.9655
-0.96634
-0.96306
-0.96496
-0.967
-0.96672
-0.96694
-0.96436
-0.96746
-0.9666
-0.96682
-0.96696
-0.96596
-0.96808
-0.96766
-0.9657
-0.96416
-0.96684
-0.96482
-0.96576
-0.96502
-0.96568
-0.96526
-0.96488
-0.9664
-0.96586
-0.96544
-0.96766
-0.96666
-0.96622
-0.96512
-0.96566
-0.96586
-0.96554
-0.96788
-0.96488
-0.96624
-0.967
-0.96734
-0.96788
-0.9674
-0.96534
-0.96478
-0.96606
-0.96536
-0.96534
-0.96656
-0.9661
-0.9674
-0.9657
-0.96654
-0.9637
-0.96572
-0.96468
-0.96504
-0.96658
-0.96718
-0.96568
-0.96518
-0.96492
-0.96682
-0.96644
-0.96612
-0.96554
-0.96632
-0.96652
-0.96452
-0.96586
-0.96674
-0.96466
-0.9636
-0.9671
-0.96474
-0.96642
-0.96502
-0.9655
-0.96504
-0.96692
-0.96718
-0.96664
-0.96712
-0.96576
-0.96556
-0.96616
-0.96596
-0.96478
-0.96496
-0.96584
-0.96654
-0.9665
-0.96498
-0.9641
-0.96456
-0.96562
-0.9653
-0.96414
-0.96558
-0.96606
-0.9652
-0.96692
-0.96582
-0.96504
-0.9651
-0.96534
-0.96512
-0.9659
-0.96378
-0.96426
-0.96708
-0.96654
-0.96628
-0.9657
-0.96632
-0.96588
-0.967
-0.96494
-0.96446
-0.96646
-0.9652
-0.96652
-0.965
-0.9664
-0.96664
-0.96712
-0.9661
-0.96526
-0.96596
-0.96568
-0.96612
-0.96672
-0.96438
-0.96628
-0.96654
-0.96486
-0.96738
-0.96626
-0.96698
-0.96646
-0.96572
-0.96552
-0.96652
-0.96606
-0.9664
-0.96742
-0.96532
-0.96562
-0.96676
-0.96702
-0.96764
-0.96608
-0.9659
-0.96592
-0.96688
-0.96482
-0.96562
-0.96488
-0.96594
-0.96752
-0.9669
-0.96662
-0.96698
-0.96658
-0.9643
-0.96548
-0.96522
-0.9646
-0.96744
-0.96546
-0.96702
-0.96538
-0.96526
-0.96428
-0.966
-0.9661
-0.96698
-0.96514
-0.96788
-0.96498
-0.9659
-0.965
-0.96514
-0.96684
-0.96616
-0.9656
-0.96688
-0.96402
-0.96782
-0.96742
-0.96662
-0.96456
-0.96428
-0.96556
-0.96602
-0.96526
-0.96544
-0.96634
-0.96602
-0.9644
-0.96532
-0.96568
-0.96588
-0.9671
-0.9662
-0.9654
-0.96696
-0.9674
-0.96612
-0.96584
-0.96836
-0.96484
-0.96626
-0.96588
-0.96652
-0.96552
-0.96718
-0.96582
-0.96778
-0.9662
-0.9659
-0.96678
-0.966
-0.96698
-0.96704
-0.9641
-0.96642
-0.96618
-0.96644
-0.96496
-0.96676
-0.96694
-0.96602
-0.96694
-0.96638
-0.96512
-0.96708
-0.9666
-0.96602
-0.96618
-0.96458
-0.96712
-0.9661
-0.96746
-0.96682
-0.96512
-0.96726
-0.96582
-0.96452
-0.96624
-0.96702
-0.96634
-0.96752
-0.96742
-0.96614
-0.96584
-0.96614
-0.96478
-0.96672
-0.96752
-0.96514
-0.9666
-0.96592
-0.9658
-0.96514
-0.96534
-0.96506
-0.96776
-0.96546
-0.96586
-0.9663
-0.96538
-0.96594
-0.9668
-0.96434
-0.96596
-0.96756
-0.96722
-0.96596
-0.96606
-0.96542
-0.96538
-0.96664
-0.96634
-0.96522
-0.96582
-0.96632
-0.96812
-0.96554
-0.96484
-0.96476
-0.9664
-0.96502
-0.96538
-0.96602
-0.96504
-0.96614
-0.96542
-0.96436
-0.96574
-0.96612
-0.96612
-0.96678
-0.9654
-0.96622
-0.96664
-0.96694
-0.96732
-0.9661
-0.96512
-0.9677
-0.96452
-0.9662
-0.96726
-0.96618
-0.96444
-0.9639
-0.96678
-0.96696
-0.96476
-0.96534
-0.96678
-0.96736
-0.96668
-0.96594
-0.96624
-0.966
-0.96536
-0.9669
-0.96698
-0.96622
-0.96536
-0.96522
-0.96616
-0.9661
-0.96448
-0.96488
-0.96648
-0.96506
-0.96588
-0.965
-0.9656
-0.96542
-0.96552
-0.96604
-0.96604
-0.96692
-0.9665
-0.96532
-0.96706
-0.96514
-0.96672
-0.96798
-0.96654
-0.96626
-0.96568
-0.9664
-0.96524
-0.9657
-0.9648
-0.96618
-0.9668
-0.96858
-0.9662
-0.9661
-0.96668
-0.96566
-0.96596
-0.966
-0.96524
-0.96462
-0.96734
-0.96624
-0.96646
-0.96586
-0.9655
-0.96568
-0.9665
-0.9663
-0.96504
-0.96542
-0.96628
-0.96594
-0.96682
-0.9644
-0.96512
-0.9653
-0.9657
-0.96534
-0.96634
-0.96356
-0.96598
-0.96504
-0.96426
-0.96616
-0.96462
-0.96656
-0.96522
-0.96602
-0.96426
-0.96532
-0.96634
-0.967
-0.96612
-0.9667
-0.96732
-0.96602
-0.9662
-0.96556
-0.96464
-0.96784
-0.96582
-0.96498
-0.96738
-0.96596
-0.96594
-0.96576
-0.96856
-0.96776
-0.967
-0.9662
-0.96728
-0.96626
-0.96444
-0.96632
-0.96506
-0.96554
-0.96396
-0.96586
-0.96482
-0.96676
-0.96702
-0.96574
-0.96416
-0.96496
-0.96706
-0.96748
-0.96652
-0.96818
-0.96628
-0.9671
-0.96514
-0.96742
-0.96536
-0.96524
-0.96678
-0.96686
-0.96684
-0.96594
-0.96638
-0.9648
-0.96678
-0.9656
-0.96702
-0.96778
-0.96836
-0.96658
-0.96576
-0.96728
-0.96608
-0.96536
-0.96674
-0.967
-0.96488
-0.96646
-0.96596
-0.96542
-0.96564
-0.96588
-0.96638
-0.96524
-0.96292
-0.96458
-0.96508
-0.9663
-0.965
-0.96502
-0.9655
-0.96566
-0.96526
-0.96562
-0.9672
-0.96564
-0.96564
-0.965
-0.9672
-0.96714
-0.96592
-0.96622
-0.96368
-0.96678
-0.96762
-0.96496
-0.96702
-0.9645
-0.96488
-0.9658
-0.96612
-0.96646
-0.96712
-0.96556
-0.96688
-0.9634
-0.96588
-0.96412
-0.96696
-0.9661
-0.96582
-0.96644
-0.9649
-0.96508
-0.96462
-0.9668
-0.96476
-0.96702
-0.96384
-0.96732
-0.96582
-0.96718
-0.96674
-0.96412
-0.96766
-0.9674
-0.96616
-0.96648
-0.96612
-0.96624
-0.96642
-0.9655
-0.96638
-0.96598
-0.96498
-0.96694
-0.96612
-0.96638
-0.96608
-0.96402
-0.9669
-0.96486
-0.96558
-0.96558
-0.96558
-0.96592
-0.96478
-0.96522
-0.96432
-0.96582
-0.9651
-0.96762
-0.9665
-0.96488
-0.96496
-0.96594
-0.96514
-0.96542
-0.9654
-0.9646
-0.9658
-0.96588
-0.96522
-0.96686
-0.96692
-0.96654
-0.96536
-0.96486
-0.96546
-0.96704
-0.9669
-0.96552
-0.96514
-0.9654
-0.9665
-0.96844
-0.96414
-0.96596
-0.9647
-0.96698
-0.96692
-0.96476
-0.96586
-0.9651
-0.96592
-0.96518
-0.96576
-0.96582
-0.96736
-0.96632
-0.96626
-0.96626
-0.9664
-0.96454
-0.9666
-0.96606
-0.96584
-0.96618
-0.9646
-0.96536
-0.96542
-0.96628
-0.96524
-0.96618
-0.9656
-0.96606
-0.9674
-0.96684
-0.96618
-0.96574
-0.96568
-0.96536
-0.96554
-0.96628
-0.96614
-0.96466
-0.96654
-0.96668
-0.9649
-0.96596
-0.9671
-0.9656
-0.9674
-0.96708
-0.96718
-0.96644
-0.96726
-0.96602
-0.96524
-0.96562
-0.96628
-0.96564
-0.96756
-0.96556
-0.96632
-0.96664
-0.9657
-0.96686
-0.96508
-0.96496
-0.96486
-0.9669
-0.96594
-0.96656
-0.96608
-0.96654
-0.9646
-0.9665
-0.9656
-0.9659
-0.96646
-0.9665
-0.96738
-0.96536
-0.96712
-0.96542
-0.96444
-0.96648
-0.96554
-0.96518
-0.96724
-0.96534
-0.9661
-0.96556
-0.96692
-0.96626
-0.9645
-0.96526
-0.96548
-0.96596
-0.96514
-0.966
-0.96592
-0.9651
-0.96742
-0.96632
-0.96636
-0.9667
-0.9655
-0.96654
-0.96444
-0.96594
-0.96624
-0.96446
-0.96568
-0.96554
-0.96532
-0.96716
-0.96714
-0.9669
-0.96458
-0.96546
-0.96598
-0.96526
-0.96636
-0.96632
-0.96602
-0.96514
-0.9647
-0.9659
-0.96476
-0.96586
-0.9648
-0.96584
-0.96672
-0.96474
-0.96608
-0.96702
-0.96544
-0.96674
-0.96648
-0.9672
-0.96604
-0.96664
-0.96548
-0.96646
-0.96558
-0.96562
-0.9664
-0.96456
-0.96562
-0.96626
-0.96632
-0.96634
-0.96622
-0.96476
-0.96658
-0.96654
-0.96614
-0.96404
-0.96764
-0.96624
-0.96488
-0.96418
-0.96556
-0.96568
-0.96684
-0.96494
-0.96416
-0.96462
-0.96648
-0.966
-0.96556
-0.96604
-0.96714
-0.96408
-0.96606
-0.968
-0.9682
-0.96506
-0.96462
-0.96608
-0.96612
-0.96508
-0.96532
-0.96498
-0.9646
-0.966
-0.96492
-0.965
-0.96626
-0.96544
-0.96438
-0.96724
-0.96588
-0.96452
-0.9653
-0.96466
-0.96504
-0.96482
-0.96534
-0.96584
-0.96588
-0.96644
-0.96684
-0.96552
-0.96512
-0.96586
-0.96592
-0.96692
-0.96568
-0.96438
-0.96628
-0.96546
-0.96522
-0.96622
-0.96742
-0.9652
-0.96428
-0.96496
-0.96524
-0.96584
-0.96358
-0.96558
-0.96534
-0.9664
-0.96566
-0.96614
-0.96582
-0.96648
-0.96552
-0.9661
-0.96624
-0.9662
-0.96628
-0.96704
-0.96696
-0.96398
-0.96786
-0.96698
-0.96698
-0.96778
-0.96746
-0.96646
-0.9658
-0.96484
-0.96574
-0.96446
-0.96438
-0.9647
-0.96636
-0.96612
-0.96716
-0.96548
-0.96654
-0.96698
-0.96656
-0.96564
-0.96518
-0.96582
-0.96502
-0.96596
-0.96442
-0.96478
-0.96452
-0.96574
-0.96534
-0.9647
-0.9659
-0.9648
-0.96762
-0.9665
-0.96724
-0.96614
-0.96494
-0.9653
-0.967
-0.96536
-0.96564
-0.96692
-0.96698
-0.96526
-0.9648
-0.96432
-0.96794
-0.96446
-0.96686
-0.9655
-0.9666
-0.96622
-0.96692
-0.96596
-0.96546
-0.9672
-0.96616
-0.9674
-0.96632
-0.9664
-0.96516
-0.96596
-0.96572
-0.96684
-0.96606
-0.96748
-0.96592
-0.9646
-0.96668
-0.96628
-0.96532
-0.96536
-0.96504
-0.96784
-0.96452
-0.96604
-0.96726
-0.96424
-0.9646
-0.96512
-0.96634
-0.96522
-0.9653
-0.96394
-0.96528
-0.96668
-0.96536
-0.96574
-0.96548
-0.96304
-0.9676
-0.96806
-0.9665
-0.96716
-0.96656
-0.96588
-0.96528
-0.96636
-0.96478
-0.96652
-0.96548
-0.9667
-0.96454
-0.96584
-0.96484
-0.96628
-0.96452
-0.96634
-0.96534
-0.9675
-0.9658
-0.96708
-0.96518
-0.9648
-0.9661
-0.96584
-0.96726
-0.96534
-0.96466
-0.96656
-0.9657
-0.96486
-0.96652
-0.9664
-0.96722
-0.96548
-0.9664
-0.96518
-0.96556
-0.96652
-0.96474
-0.96458
-0.96546
-0.96582
-0.96616
-0.96526
-0.96622
-0.96502
-0.96722
-0.96556
-0.9653
-0.96604
-0.9655
-0.96512
-0.96666
-0.96582
-0.96702
-0.96484
-0.9661
-0.966
-0.96572
-0.9661
-0.96442
-0.96576
-0.96672
-0.9668
-0.965
-0.96698
-0.96616
-0.96412
-0.9657
-0.96366
-0.96574
-0.96722
-0.9662
-0.96678
-0.96604
-0.96326
-0.96646
-0.96656
-0.96584
-0.96636
-0.96608
-0.96594
-0.96766
-0.96684
-0.96544
-0.96782
-0.9675
-0.96488
-0.9659
-0.96624
-0.96582
-0.96658
-0.96644
-0.9658
-0.96682
-0.96846
-0.96448
-0.9657
-0.96594
-0.9685
-0.96542
-0.96586
-0.96572
-0.96652
-0.9664
-0.9683
-0.96574
-0.96642
-0.96932
-0.9653
-0.96618
-0.96678
-0.96578
-0.9648
-0.9668
-0.96614
-0.96376
-0.96698
-0.96572
-0.96736
-0.96474
-0.96396
-0.96598
-0.96512
-0.96758
-0.96764
-0.96636
-0.96698
-0.96628
-0.96504
-0.96662
-0.96516
-0.96524
-0.96692
-0.96566
-0.96468
-0.96462
-0.96546
-0.96518
-0.96634
-0.96664
-0.96568
-0.9673
-0.96732
-0.96514
-0.96528
-0.96834
-0.9654
-0.96486
-0.96548
-0.96588
-0.96458
-0.9667
-0.96534
-0.96416
-0.9668
-0.96586
-0.96608
-0.9655
-0.96664
-0.96556
-0.96756
-0.96626
-0.96498
-0.96636
-0.9661
-0.96612
-0.96564
-0.96632
-0.9658
-0.96458
-0.96594
-0.96518
-0.96634
-0.9665
-0.96528
-0.96616
-0.96772
-0.96578
-0.96576
-0.96462
-0.96488
-0.9664
-0.96434
-0.96594
-0.96382
-0.96654
-0.96574
-0.96434
-0.9665
-0.9668
-0.96564
-0.96642
-0.9663
-0.96644
-0.96522
-0.96672
-0.96496
-0.9655
-0.96592
-0.96576
-0.96798
-0.96576
-0.96538
-0.96706
-0.96642
-0.9666
-0.96548
-0.96444
-0.96494
-0.96684
-0.96664
-0.967
-0.96678
-0.96732
-0.9656
-0.9668
-0.96566
-0.9664
-0.96662
-0.96636
-0.96458
-0.96716
-0.96556
-0.96484
-0.96664
-0.9667
-0.96616
-0.96556
-0.96434
-0.96484
-0.96574
-0.96514
-0.96556
-0.96534
-0.96724
-0.96482
-0.96626
-0.96586
-0.9641
-0.96686
-0.9662
-0.9657
-0.96552
-0.96562
-0.96316
-0.9646
-0.96498
-0.96588
-0.96632
-0.96588
-0.96606
-0.96558
-0.9667
-0.96584
-0.96722
-0.96672
-0.9672
-0.9663
-0.96524
-0.96764
-0.96688
-0.9657
-0.96642
-0.96686
-0.96656
-0.96424
-0.96732
-0.966
-0.96526
-0.96538
-0.96462
-0.9671
-0.96578
-0.96792
-0.96542
-0.96738
-0.96676
-0.96562
-0.96576
-0.96894
-0.96744
-0.96464
-0.9662
-0.96736
-0.96568
-0.9672
-0.96466
-0.96588
-0.96608
-0.96628
-0.96602
-0.96576
-0.96576
-0.96558
-0.96562
-0.9672
-0.96552
-0.96728
-0.96644
-0.96686
-0.96632
-0.96642
-0.9659
-0.96592
-0.9666
-0.9669
-0.96806
-0.96654
-0.96812
-0.96586
-0.9662
-0.966
-0.9664
-0.9653
-0.9668
-0.96478
-0.96536
-0.96714
-0.96618
-0.96536
-0.96546
-0.96714
-0.9656
-0.9663
-0.9655
-0.965
-0.96522
-0.96578
-0.96614
-0.9649
-0.96632
-0.96648
-0.96556
-0.96716
-0.96518
-0.967
-0.96508
-0.96582
-0.96784
-0.96542
-0.96476
-0.96484
-0.96624
-0.96482
-0.96584
-0.96804
-0.96696
-0.96684
-0.96628
-0.9659
-0.96412
-0.96394
-0.96478
-0.9662
-0.96504
-0.96368
-0.96564
-0.96472
-0.96474
-0.96528
-0.96698
-0.96548
-0.96468
-0.9665
-0.9664
-0.96694
-0.9648
-0.96802
-0.968
-0.96648
-0.96858
-0.9647
-0.9659
-0.96664
-0.9649
-0.96664
-0.9647
-0.96506
-0.96808
-0.9654
-0.9654
-0.96646
-0.96556
-0.96692
-0.96684
-0.9664
-0.96642
-0.9661
-0.96492
-0.96678
-0.96546
-0.96498
-0.9642
-0.96484
-0.96556
-0.9666
-0.96622
-0.96518
-0.96596
-0.96558
-0.96544
-0.9654
-0.9669
-0.9673
-0.96646
-0.96694
-0.96694
-0.9672
-0.96538
-0.96522
-0.96648
-0.96754
-0.96554
-0.96676
-0.96556
-0.96582
-0.96664
-0.96612
-0.96604
-0.96388
-0.96644
-0.96658
-0.96526
-0.96658
-0.96584
-0.96564
-0.96522
-0.96426
-0.96836
-0.96678
-0.96484
-0.96662
-0.96544
-0.96474
-0.96646
-0.96604
-0.96536
-0.9666
-0.96574
-0.96536
-0.96586
-0.96664
-0.9657
-0.96536
-0.96636
-0.96482
-0.96682
-0.96556
-0.9646
-0.96566
-0.96622
-0.9653
-0.96634
-0.96736
-0.96748
-0.96604
-0.96684
-0.96516
-0.96676
-0.96636
-0.96386
-0.96606
-0.96612
-0.96466
-0.96504
-0.96584
-0.96526
-0.96506
-0.96828
-0.96516
-0.9667
-0.96696
-0.96606
-0.96668
-0.96532
-0.96566
-0.96548
-0.96602
-0.96602
-0.96618
-0.96568
-0.96648
-0.96588
-0.96554
-0.96558
-0.96642
-0.9672
-0.96584
-0.9669
-0.964
-0.96538
-0.96506
-0.96622
-0.96708
-0.96708
-0.96386
-0.96428
-0.96586
-0.96658
-0.96552
-0.96484
-0.96484
-0.96548
-0.96598
-0.96688
-0.96528
-0.96494
-0.96632
-0.96652
-0.96394
-0.96436
-0.9662
-0.96712
-0.96566
-0.96792
-0.96536
-0.9654
-0.96676
-0.96534
-0.96648
-0.9659
-0.96508
-0.96564
-0.96648
-0.96472
-0.96514
-0.96614
-0.96732
-0.96576
-0.9657
-0.96592
-0.96636
-0.96592
-0.96602
-0.9658
-0.96728
-0.96656
-0.96542
-0.96562
-0.96566
-0.96384
-0.96488
-0.96592
-0.96534
-0.96612
-0.96496
-0.96766
-0.9665
-0.96638
-0.96518
-0.96536
-0.96592
-0.96686
-0.96684
-0.96652
-0.96742
-0.96508
-0.96514
-0.96484
-0.96476
-0.96548
-0.96686
-0.96742
-0.96718
-0.96694
-0.96698
-0.96588
-0.9638
-0.96722
-0.96516
-0.96642
-0.9659
-0.96534
-0.967
-0.967
-0.96616
-0.96758
-0.96508
-0.96558
-0.9666
-0.96666
-0.96492
-0.96706
-0.96568
-0.96518
-0.96642
-0.9674
-0.9657
-0.96446
-0.96478
-0.96662
-0.96648
-0.9665
-0.96592
-0.96614
-0.96634
-0.9642
-0.96698
-0.9657
-0.96464
-0.96656
-0.96418
-0.96546
-0.96696
-0.96578
-0.96524
-0.96736
-0.9668
-0.96748
-0.9672
-0.9671
-0.96788
-0.96528
-0.9663
-0.96596
-0.96568
-0.96502
-0.96614
-0.96714
-0.96612
-0.96502
-0.9653
-0.96622
-0.96738
-0.96494
-0.96474
-0.96728
-0.96558
-0.9651
-0.96608
-0.96568
-0.96678
-0.9663
-0.96596
-0.96488
-0.96572
-0.96836
-0.9664
-0.96614
-0.96808
-0.96536
-0.96644
-0.96524
-0.9654
-0.9653
-0.96598
-0.96516
-0.96478
-0.96582
-0.9665
-0.96682
-0.96628
-0.96616
-0.9657
-0.96446
-0.96614
-0.96618
-0.96646
-0.96654
-0.96402
-0.96818
-0.96448
-0.96472
-0.96602
-0.96566
-0.96566
-0.96676
-0.96534
-0.96522
-0.96552
-0.96416
-0.9658
-0.96734
-0.96684
-0.96762
-0.96564
-0.9674
-0.96604
-0.96682
-0.96494
-0.96594
-0.9654
-0.96604
-0.96626
-0.96512
-0.96716
-0.96664
-0.96692
-0.96556
-0.9667
-0.9682
-0.96642
-0.96642
-0.96694
-0.96608
-0.96572
-0.96592
-0.96452
-0.9678
-0.96546
-0.96646
-0.96654
-0.96628
-0.96578
-0.96742
-0.96692
-0.96602
-0.96538
-0.96634
-0.9664
-0.96664
-0.96576
-0.96856
-0.96604
-0.96756
-0.96732
-0.96464
-0.9654
-0.9663
-0.967
-0.9646
-0.96546
-0.96584
-0.96636
-0.96666
-0.96458
-0.966
-0.96644
-0.96682
-0.96576
-0.96292
-0.96514
-0.96578
-0.96568
-0.96542
-0.96392
-0.9673
-0.96546
-0.96592
-0.9667
-0.96408
-0.96548
-0.96568
-0.96556
-0.96588
-0.9674
-0.967
-0.9653
-0.96702
-0.96502
-0.96614
-0.96368
-0.9656
-0.96468
-0.96618
-0.96422
-0.96638
-0.96554
-0.966
-0.96602
-0.96658
-0.9659
-0.96626
-0.96486
-0.96712
-0.9646
-0.96592
-0.96664
-0.96716
-0.96434
-0.966
-0.96572
-0.9655
-0.96576
-0.96588
-0.96586
-0.96578
-0.96444
-0.96628
-0.96508
-0.96652
-0.9667
-0.9644
-0.96594
-0.96526
-0.96518
-0.96644
-0.96566
-0.96724
-0.96484
-0.96596
-0.96506
-0.96652
-0.9637
-0.966
-0.96488
-0.96678
-0.9661
-0.96442
-0.96554
-0.96536
-0.96702
-0.96716
-0.9651
-0.96672
-0.96612
-0.9655
-0.96646
-0.96668
-0.96636
-0.96524
-0.96688
-0.96652
-0.9663
-0.96676
-0.9663
-0.9655
-0.96574
-0.9669
-0.96548
-0.96548
-0.96578
-0.96438
-0.96524
-0.96542
-0.96732
-0.96654
-0.9646
-0.96682
-0.96428
-0.96598
-0.96588
-0.96586
-0.96568
-0.96572
-0.96646
-0.96642
-0.96542
-0.96746
-0.96724
-0.96512
-0.9672
-0.96586
-0.96526
-0.96522
-0.9657
-0.9661
-0.96706
-0.96564
-0.96698
-0.96468
-0.96552
-0.96688
-0.96468
-0.96558
-0.96454
-0.96564
-0.96536
-0.96518
-0.96626
-0.96544
-0.9645
-0.9672
-0.96602
-0.96654
-0.9653
-0.96802
-0.96706
-0.96518
-0.96622
-0.96626
-0.96514
-0.96446
-0.96442
-0.9653
-0.96724
-0.96616
-0.96778
-0.96622
-0.96398
-0.96674
-0.9651
-0.96704
-0.9637
-0.96644
-0.9661
-0.9654
-0.96652
-0.96636
-0.96548
-0.96626
-0.9647
-0.96534
-0.96458
-0.96572
-0.96662
-0.96594
-0.96566
-0.96674
-0.96634
-0.966
-0.96682
-0.96592
-0.96508
-0.966
-0.96742
-0.965
-0.96746
-0.96804
-0.96418
-0.96618
-0.96696
-0.96672
-0.96788
-0.96494
-0.9656
-0.96454
-0.96736
-0.9653
-0.96508
-0.96564
-0.96748
-0.9664
-0.96584
-0.96502
-0.96598
-0.96644
-0.96594
-0.96632
-0.96562
-0.96628
-0.96762
-0.96736
-0.96368
-0.96596
-0.96456
-0.96562
-0.96524
-0.96542
-0.96646
-0.96676
-0.96572
-0.96578
-0.96662
-0.96742
-0.96524
-0.96574
-0.9659
-0.96374
-0.9669
-0.96674
-0.96562
-0.96604
-0.96574
-0.96504
-0.96618
-0.96616
-0.96682
-0.96448
-0.9656
-0.96646
-0.9653
-0.9667
-0.96536
-0.96664
-0.96594
-0.9652
-0.96582
-0.96596
-0.96592
-0.96538
-0.9657
-0.9672
-0.96632
-0.96682
-0.96472
-0.9654
-0.96484
-0.96726
-0.9644
-0.9644
-0.96608
-0.96556
-0.96582
-0.96648
-0.96656
-0.96588
-0.96612
-0.96656
-0.96376
-0.9647
-0.96634
-0.96616
-0.9642
-0.96504
-0.96608
-0.96526
-0.96642
-0.9655
-0.9672
-0.96622
-0.96684
-0.96534
-0.9666
-0.96618
-0.96696
-0.9645
-0.96464
-0.96426
-0.96634
-0.96676
-0.9644
-0.96612
-0.96584
-0.96558
-0.96672
-0.96574
-0.96614
-0.96592
-0.9673
-0.96386
-0.96792
-0.96566
-0.9646
-0.96638
-0.96594
-0.96604
-0.96576
-0.96562
-0.96608
-0.96686
-0.96462
-0.9669
-0.9663
-0.96544
-0.96566
-0.96594
-0.96724
-0.9667
-0.96558
-0.96604
-0.96478
-0.96598
-0.96652
-0.96448
-0.96696
-0.96572
-0.96584
-0.96544
-0.96582
-0.96572
-0.96718
-0.96588
-0.96598
-0.96442
-0.96602
-0.96564
-0.9655
-0.96756
-0.9666
-0.96658
-0.96614
-0.96556
-0.96594
-0.96636
-0.96612
-0.96578
-0.96728
-0.96508
-0.96436
-0.96358
-0.96548
-0.96494
-0.96518
-0.96788
-0.96598
-0.96462
-0.96656
-0.96654
-0.96666
-0.96602
-0.96582
-0.96536
-0.96526
-0.9665
-0.96542
-0.96554
-0.9671
-0.96772
-0.96586
-0.9668
-0.9661
-0.96468
-0.96468
-0.96524
-0.96682
-0.96684
-0.9663
-0.96596
-0.96498
-0.96714
-0.96544
-0.96562
-0.96596
-0.96542
-0.9635
-0.96494
-0.96588
-0.96576
-0.9666
-0.96592
-0.96632
-0.96714
-0.96652
-0.9654
-0.96748
-0.9646
-0.96624
-0.9665
-0.96724
-0.96602
-0.96584
-0.96554
-0.96426
-0.96568
-0.964
-0.9655
-0.96528
-0.96674
-0.96546
-0.96524
-0.96622
-0.96528
-0.96628
-0.96738
-0.96682
-0.96612
-0.96468
-0.96584
-0.96612
-0.96508
-0.9669
-0.96496
-0.96474
-0.9674
-0.96682
-0.96676
-0.96448
-0.9665
-0.96636
-0.96594
-0.966
-0.9661
-0.9663
-0.96602
-0.96552
-0.96706
-0.96464
-0.9674
-0.96602
-0.96636
-0.96526
-0.96814
-0.96654
-0.96634
-0.96536
-0.96596
-0.96472
-0.9657
-0.96522
-0.96576
-0.96726
-0.96604
-0.96528
-0.9656
-0.96546
-0.96492
-0.96504
-0.96768
-0.96644
-0.96424
-0.9661
-0.96544
-0.96604
-0.9655
-0.9667
-0.96572
-0.96636
-0.9654
-0.9644
-0.96666
-0.96716
-0.9643
-0.96754
-0.96652
-0.96568
-0.9652
-0.96636
-0.96472
-0.9658
-0.96594
-0.96656
-0.96586
-0.96498
-0.96556
-0.96562
-0.96718
-0.96576
-0.96622
-0.96528
-0.96584
-0.96768
-0.9664
-0.96466
-0.96586
-0.96612
-0.96662
-0.96474
-0.96652
-0.96386
-0.96578
-0.96696
-0.96672
-0.96694
-0.9653
-0.96596
-0.96562
-0.96776
-0.96648
-0.9663
-0.9667
-0.96586
-0.96584
-0.96636
-0.96544
-0.96454
-0.96468
-0.96404
-0.96568
-0.96576
-0.96562
-0.96458
-0.9663
-0.96474
-0.96556
-0.96402
-0.96504
-0.96522
-0.96742
-0.9654
-0.96578
-0.96622
-0.96658
-0.96506
-0.96562
-0.96664
-0.96598
-0.96648
-0.96542
-0.9669
-0.96532
-0.96422
-0.96646
-0.9665
-0.9665
-0.96474
-0.96518
-0.96634
-0.96558
-0.96688
-0.96548
-0.96588
-0.9675
-0.96792
-0.96528
-0.96724
-0.96418
-0.96468
-0.96406
-0.96532
-0.96546
-0.96532
-0.96662
-0.96608
-0.96664
-0.96604
-0.96552
-0.96624
-0.9654
-0.96766
-0.96612
-0.96656
-0.96584
-0.96568
-0.9676
-0.966
-0.96616
-0.9677
-0.96418
-0.96486
-0.96574
-0.96528
-0.96614
-0.9661
-0.96412
-0.96796
-0.96634
-0.96576
-0.9675
-0.96556
-0.96576
-0.966
-0.96704
-0.96568
-0.96666
-0.96566
-0.96498
-0.9653
-0.9683
-0.96596
-0.96732
-0.9666
-0.96668
-0.96588
-0.96622
-0.96692
-0.96592
-0.96642
-0.96688
-0.96622
-0.96564
-0.96352
-0.96364
-0.9667
-0.96542
-0.96634
-0.96658
-0.96524
-0.96532
-0.96616
-0.96674
-0.96624
-0.96692
-0.9668
-0.96592
-0.96652
-0.96686
-0.96534
-0.9653
-0.96466
-0.96754
-0.96758
-0.9664
-0.9637
-0.96716
-0.96568
-0.96514
-0.96558
-0.96832
-0.9644
-0.96714
-0.96648
-0.96646
-0.96686
-0.96716
-0.96614
-0.96526
-0.96614
-0.96824
-0.96716
-0.9651
-0.96676
-0.96584
-0.96638
-0.96674
-0.96452
-0.96612
-0.96684
-0.96682
-0.96562
-0.96652
-0.96454
-0.96536
-0.96656
-0.96504
-0.96686
-0.96612
-0.96492
-0.9663
-0.96678
-0.96586
-0.9646
-0.96596
-0.96434
-0.9668
-0.9654
-0.9656
-0.96478
-0.96834
-0.96724
-0.96512
-0.96474
-0.96538
-0.9654
-0.96476
-0.9662
-0.96592
-0.96608
-0.96554
-0.96702
-0.96618
-0.96582
-0.9658
-0.96688
-0.96606
-0.96694
-0.9664
-0.96744
-0.96666
-0.9658
-0.96458
-0.96522
-0.9657
-0.96514
-0.96494
-0.96756
-0.96476
-0.96488
-0.96708
-0.96594
-0.96598
-0.96598
-0.96762
-0.9674
-0.96552
-0.96794
-0.96514
-0.96496
-0.9661
-0.96674
-0.96636
-0.9653
-0.96518
-0.96592
-0.9667
-0.96552
-0.96688
-0.96588
-0.96596
-0.96538
-0.96672
-0.96508
-0.96692
-0.9661
-0.96574
-0.96716
-0.96678
-0.96562
-0.96184
-0.96544
-0.96674
-0.96716
-0.96828
-0.96468
-0.96612
-0.96574
-0.96592
-0.9641
-0.9649
-0.96672
-0.96534
-0.96656
-0.96684
-0.96626
-0.96638
-0.96642
-0.96622
-0.96642
-0.96612
-0.96428
-0.96766
-0.96724
-0.96456
-0.96546
-0.96864
-0.96598
-0.964
-0.96486
-0.9657
-0.96786
-0.96834
-0.96406
-0.96472
-0.96722
-0.96496
-0.96558
-0.9647
-0.96556
-0.96574
-0.96572
-0.96706
-0.96572
-0.96618
-0.96522
-0.96606
-0.9656
-0.96714
-0.96734
-0.96558
-0.96456
-0.96588
-0.9662
-0.96644
-0.9672
-0.96522
-0.96718
-0.96572
-0.96554
-0.96538
-0.96646
-0.96742
-0.96632
-0.96624
-0.96452
-0.96624
-0.9657
-0.96654
-0.96582
-0.9661
-0.96666
-0.96746
-0.9649
-0.96504
-0.96482
-0.9657
-0.96612
-0.9654
-0.96376
-0.96558
-0.96552
-0.96614
-0.96732
-0.96444
-0.9664
-0.9664
-0.96606
-0.96572
-0.96716
-0.96598
-0.96606
-0.9662
-0.96484
-0.9662
-0.96594
-0.96762
-0.96708
-0.96656
-0.9647
-0.96554
-0.96546
-0.96428
-0.96746
-0.965
-0.96518
-0.967
-0.96526
-0.96594
-0.96676
-0.96586
-0.96788
-0.96556
-0.96614
-0.96572
-0.96638
-0.96546
-0.96682
-0.9685
-0.96526
-0.96792
-0.96572
-0.96644
-0.96594
-0.96666
-0.96782
-0.96398
-0.9665
-0.96588
-0.9657
-0.96638
-0.96604
-0.96578
-0.96706
-0.96394
-0.96474
-0.96404
-0.96726
-0.9665
-0.96544
-0.96736
-0.96692
-0.96536
-0.96614
-0.9663
-0.96494
-0.96628
-0.96648
-0.9651
-0.96458
-0.96608
-0.9664
-0.96606
-0.96526
-0.96604
-0.9679
-0.96508
-0.96634
-0.96678
-0.96662
-0.96594
-0.96698
-0.96802
-0.96578
-0.96468
-0.9664
-0.9668
-0.96446
-0.96684
-0.96608
-0.96546
-0.96656
-0.96618
-0.96496
-0.96634
-0.96652
-0.96608
-0.96646
-0.96598
-0.96704
-0.96594
-0.96378
-0.9653
-0.96692
-0.9653
-0.96608
-0.96658
-0.9664
-0.96414
-0.96632
-0.96568
-0.96634
-0.96632
-0.96574
-0.96526
-0.96574
-0.96586
-0.96654
-0.96612
-0.9664
-0.9654
-0.96642
-0.96608
-0.96504
-0.9661
-0.96634
-0.96486
-0.96498
-0.96654
-0.96512
-0.96544
-0.96656
-0.96444
-0.96634
-0.96634
-0.96572
-0.96496
-0.96644
-0.96764
-0.96486
-0.9641
-0.96622
-0.9646
-0.96608
-0.96564
-0.9666
-0.96474
-0.9661
-0.968
-0.96672
-0.96798
-0.96666
-0.96568
-0.96498
-0.96552
-0.9649
-0.96608
-0.96592
-0.96682
-0.9655
-0.96622
-0.96482
-0.96688
-0.96568
-0.96584
-0.96556
-0.96618
-0.9664
-0.96606
-0.96658
-0.968
-0.96646
-0.96434
-0.9673
-0.96484
-0.96594
-0.96636
-0.9672
-0.96588
-0.96614
-0.96498
-0.96532
-0.96638
-0.96562
-0.965
-0.9661
-0.9661
-0.96596
-0.96666
-0.96692
-0.96486
-0.96578
-0.96682
-0.96572
-0.9669
-0.96528
-0.9638
-0.96456
-0.96586
-0.96566
-0.9653
-0.96478
-0.96612
-0.96632
-0.96506
-0.96518
-0.96598
-0.96626
-0.96592
-0.96542
-0.9652
-0.9672
-0.96502
-0.9662
-0.96542
-0.9647
-0.9652
-0.9635
-0.96518
-0.96616
-0.96658
-0.9664
-0.96558
-0.96676
-0.96654
-0.96666
-0.9667
-0.9665
-0.96684
-0.9659
-0.96464
-0.96646
-0.96594
-0.96594
-0.9658
-0.96594
-0.9645
-0.9661
-0.96552
-0.9659
-0.96652
-0.9667
-0.96452
-0.96668
-0.96808
-0.9652
-0.966
-0.96668
-0.96512
-0.96712
-0.96502
-0.96602
-0.96596
-0.96476
-0.96558
-0.96572
-0.9648
-0.96492
-0.96616
-0.9654
-0.96534
-0.9657
-0.9661
-0.9644
-0.96516
-0.9642
-0.9671
-0.96614
-0.96606
-0.9656
-0.96684
-0.96712
-0.96602
-0.9672
-0.96504
-0.96602
-0.9663
-0.96748
-0.9667
-0.9653
-0.96736
-0.96628
-0.96478
-0.96656
-0.96728
-0.96636
-0.96502
-0.96726
-0.96584
-0.96682
-0.96606
-0.96694
-0.96492
-0.96644
-0.96592
-0.96682
-0.96656
-0.96716
-0.96512
-0.9673
-0.96584
-0.96724
-0.96708
-0.96616
-0.96442
-0.96662
-0.96536
-0.96536
-0.96512
-0.96616
-0.96522
-0.96704
-0.9648
-0.96762
-0.96716
-0.96628
-0.9652
-0.9653
-0.96558
-0.96592
-0.96842
-0.96712
-0.9672
-0.96656
-0.96548
-0.9645
-0.96456
-0.96614
-0.96748
-0.96432
-0.96474
-0.96622
-0.96528
-0.96542
-0.96636
-0.96622
-0.96754
-0.96548
-0.96676
-0.96672
-0.96704
-0.96554
-0.96684
-0.96552
-0.96594
-0.96486
-0.96588
-0.96388
-0.96608
-0.9666
-0.96622
-0.96564
-0.9673
-0.96612
-0.96474
-0.96678
-0.96768
-0.96734
-0.96584
-0.96542
-0.9673
-0.96554
-0.96588
-0.96596
-0.96494
-0.96492
-0.96524
-0.96706
-0.9647
-0.96676
-0.96522
-0.96794
-0.965
-0.9662
-0.9664
-0.96676
-0.96802
-0.96642
-0.96502
-0.96532
-0.96794
-0.96556
-0.96594
-0.96496
-0.96636
-0.96602
-0.96654
-0.96794
-0.96592
-0.9659
-0.96676
-0.9673
-0.96702
-0.96546
-0.96586
-0.9664
-0.9656
-0.96736
-0.96612
-0.96598
-0.96758
-0.966
-0.96436
-0.96506
-0.96568
-0.96726
-0.96636
-0.96624
-0.96582
-0.96446
-0.96706
-0.96694
-0.96458
-0.96544
-0.96606
-0.96634
-0.9671
-0.96476
-0.96684
-0.96434
-0.96526
-0.96528
-0.96522
-0.96644
-0.96442
-0.96576
-0.96584
-0.96766
-0.9652
-0.965
-0.9655
-0.96432
-0.96598
-0.96508
-0.96426
-0.96702
-0.96754
-0.96722
-0.96762
-0.9649
-0.96652
-0.96664
-0.96674
-0.96668
-0.96536
-0.96596
-0.96694
-0.96648
-0.966
-0.96536
-0.966
-0.96518
-0.96716
-0.96734
-0.96704
-0.96782
-0.9651
-0.964
-0.9666
-0.96544
-0.9649
-0.9656
-0.96684
-0.96722
-0.96454
-0.96408
-0.96506
-0.9657
-0.96724
-0.9666
-0.9668
-0.96932
-0.9659
-0.9645
-0.96548
-0.9657
-0.96418
-0.96466
-0.96572
-0.96594
-0.96442
-0.9665
-0.96654
-0.9665
-0.9663
-0.9658
-0.96482
-0.96556
-0.9665
-0.96554
-0.96594
