-0.226
-0.21938
-0.22868
-0.23336
-0.23076
-0.2325
-0.21496
-0.22786
-0.22696
-0.22268
-0.224
-0.2253
-0.2195
-0.22196
-0.22498
-0.21286
-0.22358
-0.22244
-0.21766
-0.22298
-0.23274
-0.21498
-0.22082
-0.214
-0.21794
-0.22062
-0.22116
-0.22708
-0.22174
-0.22414
-0.2262
-0.2254
-0.22958
-0.22034
-0.22018
-0.2301
-0.2281
-0.2256
-0.22394
-0.2347
-0.22466
-0.21544
-0.22906
-0.21722
-0.23104
-0.2208
-0.21976
-0.21954
-0.20968
-0.22144
-0.22392
-0.21638
-0.21342
-0.21718
-0.22666
-0.22182
-0.22628
-0.21096
-0.23244
-0.22404
-0.22406
-0.22182
-0.21622
-0.2199
-0.22522
-0.2141
-0.21496
-0.22882
-0.22042
-0.22246
-0.23526
-0.22538
-0.23196
-0.21548
-0.20642
-0.2247
-0.2217
-0.23278
-0.21726
-0.22234
-0.22552
-0.22078
-0.22508
-0.22606
-0.21748
-0.2101
-0.21252
-0.22302
-0.2237
-0.22292
-0.22588
-0.22732
-0.22914
-0.22368
-0.21586
-0.21526
-0.22676
-0.22186
-0.21992
-0.23588
-0.2391
-0.2245
-0.22424
-0.21118
-0.2222
-0.22788
-0.22586
-0.22512
-0.21838
-0.21516
-0.21694
-0.2331
-0.21836
-0.23244
-0.23224
-0.22708
-0.21458
-0.23156
-0.21428
-0.21918
-0.2286
-0.22732
-0.22326
-0.23104
-0.21712
-0.22098
-0.23212
-0.21678
-0.2254
-0.22188
-0.20584
-0.22456
-0.22152
-0.2284
-0.22934
-0.21512
-0.22144
-0.22382
-0.22132
-0.23436
-0.22316
-0.2317
-0.23016
-0.22624
-0.22984
-0.23112
-0.2291
-0.2244
-0.2302
-0.2209
-0.2229
-0.22288
-0.22302
-0.22314
-0.21378
-0.22508
-0.2252
-0.21748
-0.22202
-0.22192
-0.2299
-0.235
-0.22786
-0.22838
-0.22766
-0.22204
-0.22986
-0.22896
-0.22384
-0.23052
-0.22478
-0.2275
-0.22704
-0.21902
-0.23002
-0.22824
-0.22118
-0.22382
-0.22412
-0.22352
-0.22212
-0.23176
-0.23096
-0.2342
-0.21566
-0.22132
-0.23332
-0.23028
-0.21826
-0.22348
-0.21468
-0.20894
-0.21282
-0.23
-0.2286
-0.23904
-0.2184
-0.21746
-0.22698
-0.2205
-0.23134
-0.22446
-0.21968
-0.22504
-0.21164
-0.22696
-0.21528
-0.22716
-0.2223
-0.21844
-0.22978
-0.2242
-0.22112
-0.2234
-0.23038
-0.22798
-0.23072
-0.23596
-0.23256
-0.23488
-0.22414
-0.231
-0.21714
-0.21394
-0.22032
-0.22726
-0.21966
-0.2206
-0.21224
-0.21886
-0.2252
-0.21996
-0.22086
-0.2138
-0.22298
-0.2341
-0.22616
-0.22122
-0.22894
-0.22484
-0.2309
-0.22228
-0.22468
-0.2196
-0.22958
-0.23028
-0.22626
-0.23536
-0.22266
-0.21828
-0.23418
-0.2224
-0.21642
-0.21038
-0.23146
-0.24268
-0.22264
-0.22954
-0.22806
-0.22764
-0.2262
-0.21608
-0.22052
-0.2331
-0.2109
-0.21498
-0.21686
-0.22194
-0.23132
-0.2152
-0.21856
-0.21554
-0.2241
-0.23756
-0.21586
-0.21768
-0.22608
-0.2338
-0.23032
-0.21672
-0.21684
-0.22258
-0.21782
-0.22432
-0.2263
-0.2213
-0.22206
-0.22098
-0.22504
-0.22448
-0.2298
-0.2192
-0.21984
-0.217
-0.21538
-0.22394
-0.2191
-0.22532
-0.23022
-0.22566
-0.21114
-0.22228
-0.22472
-0.2226
-0.2351
-0.23632
-0.23028
-0.21746
-0.21756
-0.22536
-0.2211
-0.22236
-0.23198
-0.21954
-0.22598
-0.21942
-0.22582
-0.22146
-0.22224
-0.22224
-0.2256
-0.21996
-0.21428
-0.22838
-0.22996
-0.2162
-0.23526
-0.22704
-0.2272
-0.22462
-0.22718
-0.2276
-0.2151
-0.21946
-0.21696
-0.2262
-0.2278
-0.22176
-0.2282
-0.23078
-0.22374
-0.21304
-0.22316
-0.22014
-0.21242
-0.2192
-0.22744
-0.22164
-0.22108
-0.22432
-0.21904
-0.22344
-0.22578
-0.23022
-0.2224
-0.22462
-0.22244
-0.22262
-0.22342
-0.22338
-0.23636
-0.22202
-0.22168
-0.22326
-0.22354
-0.227
-0.22554
-0.23502
-0.23202
-0.22024
-0.2302
-0.22482
-0.21636
-0.22784
-0.22462
-0.21936
-0.22008
-0.22586
-0.2178
-0.22738
-0.21576
-0.22314
-0.2275
-0.2277
-0.22642
-0.23416
-0.22424
-0.21704
-0.21862
-0.21658
-0.21586
-0.2231
-0.22728
-0.22248
-0.21518
-0.2314
-0.22092
-0.21396
-0.22342
-0.22164
-0.2342
-0.23616
-0.22142
-0.22046
-0.22232
-0.2234
-0.21302
-0.22558
-0.22692
-0.23396
-0.23012
-0.21586
-0.20814
-0.2168
-0.23014
-0.2091
-0.22846
-0.22822
-0.22652
-0.22464
-0.22956
-0.21936
-0.21104
-0.22606
-0.22896
-0.21394
-0.22518
-0.24114
-0.22408
-0.20894
-0.22174
-0.22522
-0.22578
-0.21366
-0.21456
-0.22226
-0.21366
-0.2341
-0.22566
-0.21508
-0.2198
-0.22882
-0.2128
-0.22904
-0.2268
-0.21562
-0.22048
-0.22688
-0.23078
-0.22668
-0.22484
-0.23212
-0.2287
-0.2229
-0.2157
-0.22408
-0.22704
-0.21222
-0.2222
-0.22186
-0.22346
-0.22026
-0.22578
-0.22696
-0.22046
-0.22604
-0.22028
-0.21584
-0.23048
-0.22842
-0.21668
-0.2236
-0.22904
-0.22834
-0.22796
-0.21498
-0.21066
-0.2269
-0.22368
-0.21898
-0.2097
-0.21788
-0.22016
-0.22096
-0.2203
-0.22086
-0.22698
-0.21638
-0.2266
-0.22638
-0.2191
-0.21618
-0.21928
-0.22614
-0.22468
-0.2198
-0.22148
-0.22252
-0.2173
-0.21434
-0.22996
-0.21166
-0.22278
-0.22032
-0.22788
-0.22102
-0.2258
-0.23638
-0.22266
-0.22386
-0.2276
-0.21818
-0.22706
-0.21668
-0.22322
-0.22568
-0.2248
-0.2286
-0.22322
-0.21886
-0.2327
-0.22976
-0.22024
-0.2216
-0.2186
-0.2161
-0.22286
-0.22634
-0.21834
-0.2258
-0.2132
-0.23032
-0.2265
-0.23132
-0.22132
-0.2235
-0.2254
-0.21534
-0.21414
-0.2194
-0.2234
-0.22926
-0.22698
-0.21544
-0.22786
-0.2183
-0.21532
-0.21892
-0.21934
-0.22776
-0.23436
-0.221
-0.22844
-0.2184
-0.22482
-0.22286
-0.2298
-0.22372
-0.2256
-0.21428
-0.23184
-0.22568
-0.2249
-0.22816
-0.21746
-0.21548
-0.23156
-0.22524
-0.22582
-0.22756
-0.2344
-0.22436
-0.22854
-0.2206
-0.22446
-0.21988
-0.22616
-0.21678
-0.22586
-0.22582
-0.22538
-0.21546
-0.23646
-0.22602
-0.2303
-0.22686
-0.236
-0.23502
-0.22232
-0.22762
-0.22696
-0.22636
-0.23436
-0.2347
-0.23982
-0.23554
-0.23672
-0.22826
-0.22644
-0.22586
-0.22728
-0.21032
-0.21174
-0.21456
-0.23738
-0.22464
-0.21872
-0.2122
-0.22298
-0.22076
-0.22178
-0.22774
-0.21626
-0.21708
-0.21884
-0.21082
-0.22494
-0.23774
-0.22906
-0.22228
-0.22444
-0.22284
-0.22584
-0.22618
-0.23678
-0.23288
-0.22306
-0.23086
-0.22742
-0.22696
-0.22024
-0.2278
-0.23728
-0.22444
-0.24022
-0.22378
-0.22222
-0.21928
-0.21912
-0.2172
-0.22748
-0.22066
-0.23022
-0.2259
-0.23188
-0.22492
-0.22252
-0.21892
-0.2121
-0.21874
-0.22462
-0.23108
-0.22594
-0.22308
-0.22754
-0.22666
-0.22126
-0.21342
-0.21714
-0.22392
-0.22788
-0.22828
-0.23102
-0.2254
-0.22676
-0.2251
-0.22048
-0.2185
-0.2256
-0.21798
-0.23338
-0.22166
-0.22138
-0.23322
-0.22176
-0.21562
-0.22038
-0.23162
-0.23426
-0.22146
-0.22116
-0.22688
-0.21596
-0.21862
-0.22234
-0.2054
-0.22466
-0.22868
-0.23298
-0.22558
-0.23022
-0.22398
-0.2277
-0.23704
-0.22656
-0.2303
-0.22808
-0.23088
-0.23286
-0.21722
-0.21812
-0.22192
-0.22862
-0.2223
-0.22088
-0.21102
-0.20994
-0.23068
-0.21764
-0.21666
-0.21882
-0.22448
-0.2219
-0.2139
-0.21672
-0.2282
-0.2163
-0.22644
-0.22772
-0.2183
-0.21602
-0.21878
-0.21382
-0.21502
-0.2301
-0.22916
-0.2286
-0.22586
-0.2149
-0.22128
-0.21328
-0.22922
-0.22848
-0.21852
-0.21338
-0.22424
-0.2215
-0.22288
-0.22594
-0.22054
-0.23196
-0.23042
-0.22518
-0.23268
-0.22622
-0.2189
-0.2199
-0.20942
-0.22654
-0.2115
-0.21718
-0.22226
-0.22364
-0.22078
-0.21996
-0.2161
-0.2366
-0.23796
-0.2307
-0.2231
-0.23424
-0.22216
-0.22348
-0.22528
-0.21922
-0.22048
-0.22364
-0.22534
-0.22326
-0.22158
-0.22908
-0.22554
-0.22156
-0.21128
-0.20778
-0.22584
-0.22576
-0.22722
-0.21868
-0.21898
-0.22872
-0.22604
-0.23132
-0.22986
-0.239
-0.22694
-0.21956
-0.22078
-0.22642
-0.23272
-0.2285
-0.22938
-0.22868
-0.2229
-0.2201
-0.21352
-0.22222
-0.23242
-0.22216
-0.2132
-0.22482
-0.2324
-0.23292
-0.23006
-0.22236
-0.21586
-0.23168
-0.22782
-0.22194
-0.22352
-0.21846
-0.21592
-0.22698
-0.22534
-0.21752
-0.2108
-0.22228
-0.22718
-0.22066
-0.22432
-0.22734
-0.22708
-0.2136
-0.22412
-0.231
-0.22042
-0.23268
-0.22876
-0.232
-0.22784
-0.23496
-0.22888
-0.21512
-0.22236
-0.21892
-0.22036
-0.22908
-0.23058
-0.21702
-0.21446
-0.21324
-0.22176
-0.22796
-0.22604
-0.23254
-0.22822
-0.22228
-0.22566
-0.22734
-0.2285
-0.23318
-0.21914
-0.21954
-0.21848
-0.21644
-0.22116
-0.21952
-0.2193
-0.22546
-0.21854
-0.22534
-0.2216
-0.22812
-0.21342
-0.22274
-0.23014
-0.22128
-0.22804
-0.22896
-0.21936
-0.22022
-0.22426
-0.22876
-0.22818
-0.22394
-0.21886
-0.2233
-0.2236
-0.22786
-0.21624
-0.21112
-0.23044
-0.22782
-0.22572
-0.21966
-0.22334
-0.22226
-0.22216
-0.22832
-0.22614
-0.22224
-0.21738
-0.22936
-0.22538
-0.22902
-0.22538
-0.21914
-0.22242
-0.23374
-0.21984
-0.2314
-0.22272
-0.22596
-0.21334
-0.2293
-0.22398
-0.21938
-0.22358
-0.22202
-0.22452
-0.22954
-0.22912
-0.23394
-0.23216
-0.22596
-0.23264
-0.2211
-0.22208
-0.21966
-0.22204
-0.21766
-0.2167
-0.21858
-0.22096
-0.22992
-0.22512
-0.2196
-0.21976
-0.22314
-0.23608
-0.22426
-0.22842
-0.21812
-0.21172
-0.22434
-0.23388
-0.21782
-0.22532
-0.2163
-0.21778
-0.22572
-0.2272
-0.22344
-0.22338
-0.22174
-0.22752
-0.23214
-0.2336
-0.22694
-0.2239
-0.21978
-0.22696
-0.22932
-0.22288
-0.22696
-0.22152
-0.227
-0.22432
-0.219
-0.2425
-0.2359
-0.2315
-0.22156
-0.21832
-0.21994
-0.22364
-0.2274
-0.22392
-0.22752
-0.2242
-0.2191
-0.2254
-0.21786
-0.22538
-0.21794
-0.21088
-0.22
-0.2167
-0.21828
-0.21938
-0.22486
-0.2277
-0.22916
-0.23396
-0.22622
-0.21594
-0.22662
-0.21456
-0.23342
-0.2308
-0.22762
-0.22648
-0.22324
-0.23102
-0.2307
-0.2243
-0.2257
-0.2214
-0.22154
-0.23034
-0.23056
-0.23504
-0.24228
-0.22482
-0.22244
-0.23598
-0.22362
-0.21596
-0.2225
-0.22584
-0.23512
-0.23062
-0.22694
-0.22944
-0.22516
-0.22992
-0.22796
-0.21812
-0.22812
-0.22694
-0.2255
-0.22224
-0.22366
-0.21786
-0.23062
-0.23244
-0.22326
-0.21708
-0.22712
-0.23548
-0.2171
-0.21976
-0.22396
-0.21824
-0.22048
-0.23276
-0.22078
-0.21832
-0.21618
-0.21024
-0.23024
-0.21792
-0.21432
-0.226
-0.21822
-0.22312
-0.22288
-0.22346
-0.22922
-0.21946
-0.2217
-0.23078
-0.22514
-0.23396
-0.22366
-0.2202
-0.21986
-0.22276
-0.21504
-0.22688
-0.22054
-0.22206
-0.23304
-0.22176
-0.23432
-0.22708
-0.2247
-0.2308
-0.2265
-0.2248
-0.22396
-0.21902
-0.22558
-0.22806
-0.2318
-0.22612
-0.23036
-0.22364
-0.21896
-0.2223
-0.21468
-0.22644
-0.22838
-0.22154
-0.2187
-0.22972
-0.22826
-0.2281
-0.22586
-0.22158
-0.23408
-0.22232
-0.22484
-0.21978
-0.2171
-0.22904
-0.2284
-0.22614
-0.22294
-0.21434
-0.22144
-0.21844
-0.22256
-0.21744
-0.21536
-0.21728
-0.22794
-0.23712
-0.22496
-0.20892
-0.2249
-0.2164
-0.22742
-0.22214
-0.22124
-0.23036
-0.21932
-0.22204
-0.2168
-0.2222
-0.22518
-0.22094
-0.22012
-0.22032
-0.23
-0.2364
-0.23004
-0.24148
-0.22284
-0.22234
-0.2146
-0.2256
-0.22476
-0.22456
-0.23132
-0.21444
-0.23518
-0.23128
-0.23158
-0.22518
-0.22236
-0.22402
-0.23034
-0.22436
-0.2219
-0.23758
-0.22958
-0.22376
-0.23794
-0.21888
-0.2165
-0.21452
-0.21858
-0.22168
-0.234
-0.2378
-0.2207
-0.2185
-0.2286
-0.22996
-0.21994
-0.23122
-0.21356
-0.21228
-0.23058
-0.22078
-0.23382
-0.2242
-0.22242
-0.21156
-0.22204
-0.22064
-0.22746
-0.23126
-0.23298
-0.22466
-0.21252
-0.23342
-0.2251
-0.22664
-0.22564
-0.22468
-0.22692
-0.22742
-0.23086
-0.22038
-0.2244
-0.2291
-0.2245
-0.22024
-0.21598
-0.23246
-0.21324
-0.23136
-0.24132
-0.22334
-0.22424
-0.21876
-0.22166
-0.22766
-0.22264
-0.2237
-0.22186
-0.21028
-0.23044
-0.24108
-0.22514
-0.22592
-0.2237
-0.2097
-0.22388
-0.22844
-0.21386
-0.21784
-0.21618
-0.23144
-0.22946
-0.2307
-0.22896
-0.21244
-0.227
-0.21358
-0.22948
-0.23144
-0.2192
-0.22784
-0.22834
-0.23348
-0.21942
-0.2214
-0.21014
-0.2222
-0.22652
-0.22304
-0.2204
-0.24268
-0.22278
-0.21344
-0.23054
-0.21628
-0.22286
-0.23274
-0.22032
-0.22448
-0.2206
-0.222
-0.21526
-0.2244
-0.22488
-0.21868
-0.2268
-0.22974
-0.21918
-0.2219
-0.2285
-0.22132
-0.21952
-0.21872
-0.22292
-0.22366
-0.2263
-0.21672
-0.21486
-0.2169
-0.22496
-0.2268
-0.2268
-0.21616
-0.21376
-0.22604
-0.22498
-0.23086
-0.22114
-0.2212
-0.22626
-0.22022
-0.2262
-0.22232
-0.21918
-0.22472
-0.22032
-0.23016
-0.2286
-0.23706
-0.23444
-0.22422
-0.23034
-0.2261
-0.22322
-0.22822
-0.23284
-0.22398
-0.22196
-0.21668
-0.22244
-0.23082
-0.23826
-0.23394
-0.22774
-0.23722
-0.22538
-0.22594
-0.22384
-0.23002
-0.21834
-0.22674
-0.21876
-0.21592
-0.22914
-0.2213
-0.22444
-0.21534
-0.22674
-0.22634
-0.23108
-0.22678
-0.2211
-0.22208
-0.23094
-0.22062
-0.22514
-0.22064
-0.22302
-0.23526
-0.22644
-0.22732
-0.23082
-0.22432
-0.22354
-0.2273
-0.21382
-0.2288
-0.22066
-0.2163
-0.23768
-0.21946
-0.21466
-0.23216
-0.2152
-0.21904
-0.22418
-0.22644
-0.2287
-0.22394
-0.2309
-0.22588
-0.24254
-0.23044
-0.22976
-0.2259
-0.23712
-0.21282
-0.21876
-0.23354
-0.23618
-0.22754
-0.23072
-0.21886
-0.20962
-0.21792
-0.22066
-0.23378
-0.21124
-0.21904
-0.22264
-0.2283
-0.24072
-0.22892
-0.238
-0.22796
-0.22534
-0.22514
-0.22312
-0.2194
-0.21874
-0.20306
-0.22486
-0.22802
-0.23134
-0.22384
-0.22386
-0.22918
-0.22364
-0.22368
-0.22364
-0.22064
-0.21446
-0.23292
-0.23552
-0.22442
-0.22504
-0.2223
-0.21586
-0.2289
-0.22308
-0.22466
-0.21784
-0.22382
-0.23114
-0.21662
-0.22756
-0.2201
-0.21298
-0.22182
-0.22232
-0.22482
-0.22932
-0.22004
-0.22502
-0.22994
-0.22564
-0.2219
-0.22578
-0.22592
-0.22022
-0.22238
-0.22376
-0.22844
-0.22586
-0.23158
-0.22888
-0.22542
-0.22412
-0.22374
-0.2246
-0.21512
-0.2344
-0.22938
-0.23402
-0.22864
-0.23004
-0.22662
-0.2154
-0.21746
-0.22886
-0.22468
-0.22954
-0.22568
-0.22854
-0.22528
-0.22672
-0.22602
-0.22942
-0.22378
-0.2352
-0.22488
-0.21704
-0.221
-0.2184
-0.23756
-0.22688
-0.2263
-0.22618
-0.21728
-0.235
-0.218
-0.22482
-0.22294
-0.21034
-0.2189
-0.22182
-0.22614
-0.21536
-0.22062
-0.23168
-0.22228
-0.221
-0.22026
-0.22214
-0.22738
-0.22258
-0.22136
-0.21262
-0.2209
-0.22022
-0.22218
-0.21876
-0.22426
-0.22568
-0.23332
-0.22324
-0.21128
-0.21318
-0.2141
-0.22736
-0.22998
-0.23152
-0.23746
-0.22078
-0.22528
-0.22074
-0.2261
-0.22504
-0.21764
-0.23132
-0.22644
-0.23144
-0.22636
-0.2199
-0.23078
-0.22434
-0.22
-0.22994
-0.21778
-0.22896
-0.23382
-0.23194
-0.22784
-0.22004
-0.21328
-0.2263
-0.21258
-0.2288
-0.22436
-0.21642
-0.2238
-0.21616
-0.22032
-0.2301
-0.22664
-0.22104
-0.22846
-0.22936
-0.22048
-0.2219
-0.22252
-0.22432
-0.21114
-0.22916
-0.22496
-0.22588
-0.21016
-0.22776
-0.2267
-0.2214
-0.2293
-0.2255
-0.21482
-0.218
-0.21296
-0.21714
-0.22032
-0.2176
-0.23922
-0.22566
-0.22242
-0.2338
-0.23336
-0.22218
-0.2083
-0.21456
-0.22672
-0.2238
-0.22886
-0.22002
-0.23104
-0.22418
-0.22534
-0.21578
-0.21308
-0.21452
-0.22196
-0.22354
-0.2161
-0.23
-0.2225
-0.22314
-0.22588
-0.2177
-0.22598
-0.2286
-0.21838
-0.21848
-0.23536
-0.23028
-0.22544
-0.22322
-0.22508
-0.22114
-0.22008
-0.2166
-0.21798
-0.22058
-0.21554
-0.217
-0.22242
-0.22678
-0.22666
-0.22324
-0.2102
-0.23012
-0.22046
-0.21838
-0.21468
-0.22764
-0.22166
-0.2183
-0.21836
-0.23598
-0.22656
-0.23626
-0.2338
-0.22808
-0.2343
-0.2228
-0.22236
-0.22232
-0.2197
-0.21818
-0.21518
-0.22778
-0.22962
-0.22174
-0.2201
-0.22234
-0.2183
-0.2304
-0.22754
-0.21588
-0.22978
-0.2317
-0.22118
-0.20996
-0.22376
-0.2161
-0.22302
-0.21624
-0.21278
-0.22168
-0.21976
-0.21566
-0.22226
-0.22136
-0.23088
-0.21404
-0.22356
-0.23022
-0.22178
-0.21124
-0.23258
-0.2214
-0.21294
-0.22404
-0.21728
-0.21902
-0.21716
-0.22148
-0.21324
-0.2267
-0.23116
-0.21968
-0.22308
-0.22206
-0.22322
-0.22414
-0.22
-0.22112
-0.22922
-0.23086
-0.2212
-0.22854
-0.24066
-0.21516
-0.21672
-0.22356
-0.21158
-0.23054
-0.22962
-0.22514
-0.2214
-0.2308
-0.222
-0.22494
-0.22628
-0.22412
-0.22014
-0.2097
-0.21734
-0.21944
-0.23356
-0.22894
-0.2314
-0.22014
-0.22596
-0.21762
-0.21826
-0.21806
-0.21678
-0.21798
-0.21546
-0.22244
-0.22384
-0.22524
-0.21068
-0.22498
-0.22302
-0.22944
-0.2312
-0.2116
-0.23312
-0.22362
-0.22888
-0.23844
-0.22684
-0.21764
-0.23442
-0.22672
-0.22786
-0.2295
-0.23176
-0.22016
-0.20752
-0.208
-0.22782
-0.22654
-0.2189
-0.23096
-0.2306
-0.22784
-0.2239
-0.21746
-0.21428
-0.2163
-0.22076
-0.21742
-0.2181
-0.21984
-0.2196
-0.22424
-0.2314
-0.22108
-0.22634
-0.21878
-0.22006
-0.22358
-0.229
-0.22456
-0.22484
-0.22052
-0.21588
-0.2159
-0.21312
-0.22954
-0.21958
-0.21668
-0.21532
-0.22
-0.22224
-0.22334
-0.22846
-0.2261
-0.221
-0.2132
-0.22312
-0.21274
-0.22696
-0.21746
-0.22268
-0.22864
-0.21978
-0.22716
-0.2072
-0.21508
-0.2311
-0.2408
-0.21934
-0.22444
-0.226
-0.22538
-0.22622
-0.2203
-0.21916
-0.22338
-0.2191
-0.2236
-0.21962
-0.22128
-0.22054
-0.22266
-0.22402
-0.21818
-0.21982
-0.21692
-0.22128
-0.23032
-0.20846
-0.22722
-0.2205
-0.2172
-0.20988
-0.22094
-0.21262
-0.22264
-0.22704
-0.21482
-0.23
-0.23178
-0.21564
-0.22116
-0.22446
-0.22682
-0.21952
-0.23156
-0.2346
-0.22948
-0.22944
-0.22732
-0.23066
-0.228
-0.21844
-0.22604
-0.21942
-0.23354
-0.22516
-0.21456
-0.2252
-0.20492
-0.21518
-0.23108
-0.21488
-0.20812
-0.23012
-0.213
-0.21492
-0.22132
-0.22624
-0.23736
-0.23294
-0.22204
-0.2162
-0.20948
-0.21284
-0.21516
-0.21562
-0.22684
-0.22924
-0.2269
-0.22736
-0.22316
-0.22554
-0.2161
-0.20762
-0.22976
-0.21878
-0.21894
-0.21666
-0.21878
-0.22558
-0.2175
-0.21538
-0.22266
-0.22618
-0.2213
-0.21798
-0.22078
-0.23162
-0.2263
-0.22156
-0.23234
-0.2238
-0.23226
-0.22448
-0.22494
-0.22278
-0.218
-0.2308
-0.22374
-0.2332
-0.22394
-0.22854
-0.23414
-0.22548
-0.2241
-0.21778
-0.22608
-0.22296
-0.22468
-0.22478
-0.2343
-0.21706
-0.22326
-0.23422
-0.21922
-0.21756
-0.22518
-0.22554
-0.23028
-0.22314
-0.22408
-0.21834
-0.23046
-0.22364
-0.2277
-0.223
-0.2206
-0.23268
-0.22824
-0.22762
-0.2256
-0.22266
-0.22276
-0.22988
-0.22966
-0.22426
-0.22308
-0.22172
-0.22666
-0.22998
-0.22062
-0.21996
-0.21632
-0.22108
-0.22984
-0.23132
-0.22714
-0.22406
-0.22032
-0.22002
-0.22948
-0.21772
-0.22762
-0.22706
-0.22866
-0.21904
-0.2129
-0.21876
-0.22834
-0.23264
-0.22902
-0.2164
-0.2153
-0.22166
-0.22978
-0.22038
-0.22512
-0.21626
-0.23134
-0.21378
-0.22464
-0.2195
-0.21068
-0.2231
-0.22142
-0.22668
-0.2279
-0.21888
-0.23034
-0.22192
-0.22136
-0.21532
-0.20928
-0.24008
-0.22284
-0.21782
-0.22058
-0.22288
-0.22594
-0.22394
-0.23252
-0.22424
-0.23136
-0.21956
-0.22334
-0.21834
-0.2139
-0.22318
-0.22292
-0.23086
-0.22738
-0.22372
-0.2271
-0.22412
-0.22116
-0.23024
-0.2364
-0.22782
-0.22086
-0.22854
-0.23092
-0.22418
-0.23344
-0.22484
-0.22846
-0.22052
-0.21534
-0.22766
-0.2224
-0.22666
-0.22282
-0.23042
-0.2062
-0.21932
-0.22938
-0.21922
-0.23318
-0.22054
-0.21712
-0.23378
-0.22556
-0.22908
-0.22162
-0.22578
-0.22824
-0.2222
-0.22648
-0.22176
-0.22012
-0.21336
-0.22442
-0.21726
-0.231
-0.24032
-0.21514
-0.23186
-0.22844
-0.2297
-0.2339
-0.21948
-0.21982
-0.22964
-0.22672
-0.23662
-0.2221
-0.22498
-0.21546
-0.22802
-0.23856
-0.22062
-0.21078
-0.21102
-0.2205
-0.22308
-0.21178
-0.22152
-0.21298
-0.223
-0.2255
-0.22568
-0.22912
-0.22046
-0.21886
-0.21954
-0.22852
-0.23058
-0.23584
-0.23528
-0.22578
-0.2264
-0.22688
-0.2152
-0.2126
-0.22606
-0.21268
-0.22992
-0.21754
-0.23694
-0.23194
-0.22252
-0.22556
-0.22732
-0.2343
-0.23184
-0.2293
-0.23076
-0.21624
-0.23184
-0.22102
-0.23382
-0.22738
-0.23028
-0.2137
-0.2203
-0.23354
-0.23352
-0.23072
-0.22344
-0.22142
-0.22348
-0.2172
-0.22656
-0.2246
-0.22706
-0.22194
-0.21064
-0.21772
-0.22062
-0.22618
-0.2163
-0.23496
-0.23406
-0.22886
-0.22044
-0.21168
-0.22304
-0.21616
-0.2145
-0.22186
-0.22414
-0.21862
-0.227
-0.2234
-0.21312
-0.22014
-0.22784
-0.21734
-0.22072
-0.22454
-0.2277
-0.22408
-0.22432
-0.22404
-0.22488
-0.23002
-0.22276
-0.21716
-0.21718
-0.22856
-0.21562
-0.23132
-0.22356
-0.22598
-0.22288
-0.22598
-0.2213
-0.23422
-0.23646
-0.22134
-0.22898
-0.2229
-0.22446
-0.2298
-0.2195
-0.2319
-0.21272
-0.21908
-0.22586
-0.22238
-0.21284
-0.23254
-0.22426
-0.22588
-0.21556
-0.21692
-0.22116
-0.22446
-0.2124
-0.22564
-0.2295
-0.21858
-0.23326
-0.21946
-0.23188
-0.22702
-0.2245
-0.2227
-0.2156
-0.21922
-0.2312
-0.22794
-0.22742
-0.22134
-0.23642
-0.22534
-0.21922
-0.23664
-0.22436
-0.21378
-0.21802
-0.22316
-0.21554
-0.21978
-0.2285
-0.22492
-0.22514
-0.22578
-0.21938
-0.233
-0.22954
-0.22544
-0.22108
-0.23876
-0.23136
-0.22926
-0.22578
-0.2273
-0.22278
-0.2321
-0.22348
-0.21498
-0.21234
-0.22406
-0.2259
-0.22622
-0.22286
-0.22572
-0.21818
-0.22022
-0.2337
-0.22766
-0.22968
-0.23436
-0.22206
-0.21328
-0.2233
-0.22324
-0.21864
-0.22934
-0.24018
-0.22454
-0.22292
-0.22368
-0.22722
-0.22706
-0.21854
-0.22058
-0.22606
-0.2218
-0.2151
-0.22256
-0.21992
-0.22944
-0.22506
-0.21944
-0.21738
-0.21722
-0.22138
-0.21512
-0.23116
-0.21802
-0.22562
-0.22408
-0.2293
-0.21694
-0.23822
-0.23602
-0.23312
-0.21456
-0.22032
-0.2177
-0.2399
-0.22632
-0.23156
-0.21812
-0.21108
-0.23206
-0.21916
-0.21582
-0.21454
-0.21504
-0.21882
-0.21802
-0.23582
-0.2236
-0.21406
-0.23068
-0.22888
-0.2307
-0.2271
-0.22156
-0.23336
-0.22498
-0.22398
-0.22792
-0.2284
-0.23446
-0.21682
-0.21234
-0.21826
-0.21488
-0.2303
-0.2314
-0.2282
-0.21774
-0.2096
-0.22336
-0.22262
-0.23526
-0.21912
-0.23342
-0.2293
-0.22184
-0.22198
-0.21846
-0.22106
-0.22196
-0.23006
-0.2336
-0.24186
-0.22002
-0.22012
-0.22378
-0.21174
-0.22176
-0.2251
-0.21604
-0.22522
-0.22084
-0.2254
-0.2363
-0.22946
-0.2371
-0.23132
-0.22728
-0.22984
-0.2197
-0.22706
-0.22984
-0.23082
-0.22644
-0.21908
-0.2243
-0.2207
-0.22546
-0.22464
-0.21292
-0.20962
-0.22304
-0.21984
-0.228
-0.23092
-0.22556
-0.2209
-0.216
-0.20952
-0.22072
-0.22566
-0.21868
-0.2317
-0.2286
-0.21294
-0.21982
-0.22552
-0.23202
-0.22636
-0.22844
-0.22956
-0.22914
-0.21758
-0.21352
-0.22614
-0.2285
-0.2278
-0.22384
-0.22428
-0.23194
-0.22426
-0.2227
-0.23398
-0.2193
-0.22808
-0.22578
-0.22624
-0.21724
-0.22306
-0.21852
-0.22574
-0.21526
-0.22274
-0.21752
-0.23376
-0.22734
-0.2242
-0.22124
-0.22866
-0.22968
-0.21706
-0.23598
-0.231
-0.21648
-0.21902
-0.2177
-0.2181
-0.22082
-0.2227
-0.22106
-0.23324
-0.22066
-0.22848
-0.23436
-0.22868
-0.22274
-0.21938
-0.21884
-0.22872
-0.22412
-0.2428
-0.23568
-0.22478
-0.23434
-0.23526
-0.21588
-0.21824
-0.21268
-0.21272
-0.22404
-0.22414
-0.22102
-0.2288
-0.22586
-0.2332
-0.22818
-0.21552
-0.21568
-0.21868
-0.21914
-0.21656
-0.22362
-0.22678
-0.2213
-0.22784
-0.224
-0.21768
-0.22342
-0.21642
-0.2256
-0.224
-0.22674
-0.21702
-0.22986
-0.2241
-0.2362
-0.23334
-0.23524
-0.22926
-0.22702
-0.22088
-0.22774
-0.23984
-0.2252
-0.22648
-0.22358
-0.22446
-0.21694
-0.22544
-0.2128
-0.22952
-0.22718
-0.2285
-0.23402
-0.21536
-0.23294
-0.21854
-0.2188
-0.2297
-0.22518
-0.21932
-0.21346
-0.2212
-0.22788
-0.23088
-0.21368
-0.23164
-0.21106
-0.22608
-0.22662
-0.23122
-0.24054
-0.22288
-0.23068
-0.23268
-0.22272
-0.22468
-0.2209
-0.21746
-0.2202
-0.22364
-0.22398
-0.2257
-0.22866
-0.22046
-0.22222
-0.22362
-0.23164
-0.23044
-0.23274
-0.21496
-0.2207
-0.2314
-0.21906
-0.22466
-0.22078
-0.21544
-0.21734
-0.22976
-0.22338
-0.2182
-0.22296
-0.22274
-0.23384
-0.22594
-0.22322
-0.22794
-0.21896
-0.21628
-0.22168
-0.23606
-0.22886
-0.22886
-0.23064
-0.2275
-0.2287
-0.22506
-0.22858
-0.22042
-0.23644
-0.21852
-0.22336
-0.20524
-0.20884
-0.2244
-0.22858
-0.2231
-0.21296
-0.22234
-0.22134
-0.2156
-0.22094
-0.22508
-0.22434
-0.22514
-0.21974
-0.20758
-0.21904
-0.22544
-0.2308
-0.22562
-0.22898
-0.216
-0.23394
-0.22432
-0.22764
-0.21962
-0.22588
-0.22104
-0.21448
-0.21376
-0.2196
-0.21398
-0.22014
-0.21896
-0.22578
-0.2219
-0.23124
-0.2138
-0.21754
-0.21934
-0.2272
-0.2298
-0.22226
-0.23062
-0.22136
-0.22486
-0.2248
-0.22016
-0.23166
-0.22486
-0.21688
-0.22856
-0.2239
-0.22622
-0.22504
-0.23674
-0.21888
-0.22132
-0.22844
-0.21514
-0.22094
-0.22364
-0.21334
-0.22412
-0.23006
-0.22106
-0.22344
-0.219
-0.2338
-0.2197
-0.21578
-0.22322
-0.22616
-0.22072
-0.221
-0.23088
-0.21822
-0.21556
-0.22022
-0.23832
-0.22008
-0.21862
-0.2283
-0.22422
-0.21768
-0.22484
-0.22116
-0.2189
-0.2339
-0.2227
-0.2197
-0.21482
-0.22734
-0.22214
-0.23088
-0.22214
-0.21144
-0.21596
-0.2328
-0.23008
-0.23444
-0.22528
-0.22826
-0.24
-0.23814
-0.22412
-0.23396
-0.21582
-0.21252
-0.21698
-0.21818
-0.20966
-0.21306
-0.22528
-0.21398
-0.22134
-0.23694
-0.23146
-0.22582
-0.2237
-0.21506
-0.22052
-0.22602
-0.22014
-0.22706
-0.21468
-0.21626
-0.20988
-0.23052
-0.20778
-0.22786
-0.24026
-0.22598
-0.21476
-0.2131
-0.23044
-0.2281
-0.22246
-0.2285
-0.22126
-0.22412
-0.21604
-0.22186
-0.23176
-0.21524
-0.23182
-0.2155
-0.22254
-0.22976
-0.2332
-0.22302
-0.21974
-0.22422
-0.22672
-0.21678
-0.22108
-0.2225
-0.22028
-0.22276
-0.22422
-0.22614
-0.22006
-0.22652
-0.22376
-0.22738
-0.229
-0.22612
-0.22272
-0.23048
-0.22326
-0.22158
-0.20924
-0.23138
-0.22688
-0.24008
-0.2311
-0.221
-0.23216
-0.21954
-0.21734
-0.22514
-0.22226
-0.22624
-0.2279
-0.22426
-0.2226
-0.22258
-0.21658
-0.2224
-0.22064
-0.22042
-0.22868
-0.23656
-0.23094
-0.22932
-0.21864
-0.23044
-0.21262
-0.21098
-0.21538
-0.21548
-0.21724
-0.22198
-0.21942
-0.2298
-0.21966
-0.2255
-0.22062
-0.2141
-0.22134
-0.21692
-0.21758
-0.22246
-0.23368
-0.23434
-0.22842
-0.2258
-0.23436
-0.22308
-0.22868
-0.22468
-0.2207
-0.22658
-0.215
-0.22438
-0.2157
-0.23252
-0.2245
-0.21592
-0.22224
-0.23932
-0.22878
-0.22552
-0.22558
-0.2232
-0.21362
-0.22018
-0.2271
-0.23658
-0.2316
-0.23016
-0.23198
-0.22814
-0.22776
-0.2322
-0.20786
-0.2075
-0.2263
-0.23598
-0.22908
-0.22862
-0.22022
-0.21528
-0.23036
-0.22544
-0.22476
-0.22602
-0.2316
-0.21724
-0.2184
-0.22828
-0.22216
-0.22478
-0.22052
-0.2247
-0.21968
-0.2208
-0.22358
-0.22552
-0.22332
-0.22248
-0.22438
-0.22594
-0.22872
-0.2321
-0.22198
-0.22766
-0.23044
-0.2234
-0.20966
-0.22808
-0.2283
-0.2252
-0.22734
-0.2239
-0.22356
-0.23412
-0.2308
-0.22646
-0.2224
-0.22486
-0.21546
-0.22524
-0.21904
-0.23182
-0.22114
-0.23154
-0.23624
-0.22438
-0.23092
-0.21562
-0.22062
-0.22316
-0.22816
-0.22888
-0.2235
-0.2273
-0.22604
-0.22012
-0.22358
-0.22432
-0.22754
-0.22314
-0.21532
-0.22344
-0.22602
-0.23672
-0.2212
-0.2123
-0.22088
-0.2232
-0.21936
-0.23368
-0.2257
-0.22786
-0.22414
-0.22644
-0.22694
-0.2319
-0.22656
-0.23682
-0.22398
-0.21818
-0.21968
-0.2279
-0.2209
-0.2248
-0.234
-0.22212
-0.22846
-0.2309
-0.21672
-0.22526
-0.22424
-0.22842
-0.22518
-0.22118
-0.226
-0.21306
-0.21616
-0.21478
-0.22162
-0.23248
-0.22732
-0.21442
-0.22496
-0.22298
-0.23202
-0.2337
-0.21764
-0.21366
-0.2305
-0.22304
-0.22996
-0.22474
-0.22548
-0.22984
-0.2176
-0.21408
-0.23078
-0.22154
-0.23226
-0.23166
-0.22684
-0.21798
-0.22266
-0.21982
-0.22528
-0.2205
-0.22438
-0.23026
-0.22908
-0.21554
-0.23152
-0.23416
-0.22586
-0.22802
-0.22622
-0.23564
-0.22978
-0.23248
-0.23558
-0.22178
-0.2259
-0.22296
-0.22164
-0.21948
-0.21678
-0.22014
-0.21672
-0.224
-0.2256
-0.23488
-0.22784
-0.22848
-0.22436
-0.22114
-0.2245
-0.23242
-0.23332
-0.20802
-0.22286
-0.23006
-0.22756
-0.22274
-0.21604
-0.2214
-0.22002
-0.2214
-0.22708
-0.2252
-0.23656
-0.22058
-0.23406
-0.22566
-0.22544
-0.22298
-0.22936
-0.21646
-0.22756
-0.21242
-0.21508
-0.22876
-0.23058
-0.21934
-0.21114
-0.21584
-0.23302
-0.21888
-0.21652
-0.23626
-0.23298
-0.22334
-0.22436
-0.2252
-0.20706
-0.21122
-0.21896
-0.22614
-0.22968
-0.2149
-0.21852
-0.21636
-0.23246
-0.22592
-0.22602
-0.2137
-0.21868
-0.2198
-0.21878
-0.21626
-0.22338
-0.22874
-0.22186
-0.21508
-0.21818
-0.2375
-0.22518
-0.21858
-0.22516
-0.2264
-0.2222
-0.22244
-0.21866
-0.23062
-0.2285
-0.222
-0.23042
-0.20894
-0.22018
-0.23286
-0.22322
-0.2301
-0.22288
-0.22362
-0.22884
-0.2184
-0.2268
-0.22486
-0.22456
-0.22956
-0.21892
-0.2273
-0.23056
-0.2286
-0.22266
-0.234
-0.225
-0.2162
-0.22856
-0.23124
-0.2321
-0.21564
-0.22586
-0.2306
-0.22696
-0.2389
-0.23078
-0.23128
-0.22134
-0.22942
-0.22902
-0.22866
-0.23056
-0.22424
-0.2268
-0.2229
-0.23446
-0.2214
-0.212
-0.2228
-0.22248
-0.21576
-0.22432
-0.21974
-0.23164
-0.22218
-0.23182
-0.22824
-0.22464
-0.22854
-0.23018
-0.22448
-0.23554
-0.22342
-0.21454
-0.21694
-0.2213
-0.22588
-0.22244
-0.22446
-0.21956
-0.23152
-0.22112
-0.22228
-0.2148
-0.21658
-0.22236
-0.22888
-0.22114
-0.21738
-0.212
-0.22132
-0.2218
-0.2246
-0.23702
-0.22262
-0.22214
-0.21136
-0.21574
-0.22492
-0.21908
-0.21508
-0.21796
-0.23116
-0.21986
-0.21738
-0.22502
-0.21654
-0.21878
-0.23872
-0.23154
-0.23142
-0.23164
-0.23506
-0.2212
-0.22462
-0.22084
-0.21842
-0.22506
-0.22104
-0.22666
-0.22518
-0.22834
-0.22256
-0.23026
-0.21998
-0.22642
-0.22158
-0.21556
-0.21644
-0.22294
-0.22934
-0.23418
-0.2249
-0.22452
-0.21884
-0.22674
-0.21496
-0.22926
-0.22596
-0.21006
-0.2058
-0.22428
-0.22534
-0.22366
-0.2282
-0.22238
-0.22148
-0.21676
-0.21868
-0.23694
-0.20966
-0.22002
-0.22118
-0.233
-0.23098
-0.22674
-0.2297
-0.22396
-0.21798
-0.21142
-0.22508
-0.2236
-0.2262
-0.21698
-0.22408
-0.23014
-0.22722
-0.22234
-0.20728
-0.2184
-0.22164
-0.22614
-0.21568
-0.21588
-0.22144
-0.21724
-0.21864
-0.23138
-0.23304
-0.22758
-0.23188
-0.22648
-0.2192
-0.21562
-0.21256
-0.211
-0.22906
-0.21882
-0.22646
-0.22986
-0.22634
-0.22796
-0.22024
-0.22464
-0.22292
-0.2304
-0.22702
-0.21726
-0.223
-0.22822
-0.21756
-0.21584
-0.21074
-0.22002
-0.22056
-0.21992
-0.23802
-0.2276
-0.2217
-0.22108
-0.21328
-0.2379
-0.2314
-0.22302
-0.2167
-0.23102
-0.22544
-0.22538
-0.226
-0.21722
-0.2193
-0.22612
-0.22592
-0.2148
-0.21596
-0.22286
-0.22862
-0.22262
-0.22914
-0.23028
-0.22664
-0.21742
-0.21424
-0.21998
-0.23068
-0.23248
-0.22724
-0.2297
-0.21542
-0.21786
-0.22852
-0.2201
-0.23806
-0.22272
-0.2151
-0.20878
-0.22416
-0.2189
-0.20732
-0.2193
-0.22524
-0.2217
-0.23076
-0.23672
-0.22788
-0.23474
-0.22926
-0.22484
-0.22284
-0.2239
-0.22418
-0.22504
-0.23662
-0.2206
-0.22154
-0.2169
-0.22506
-0.22222
-0.22184
-0.23516
-0.23118
-0.21612
-0.21914
-0.21626
-0.21738
-0.22768
-0.23686
-0.21834
-0.21214
-0.21842
-0.2183
-0.22074
-0.22454
-0.2347
-0.2324
-0.22376
-0.22188
-0.22712
-0.22316
-0.22026
-0.22812
-0.22954
-0.23232
-0.2269
-0.22226
-0.22202
-0.2239
-0.2237
-0.2294
-0.22114
-0.2269
-0.22414
-0.22636
-0.23508
-0.21586
-0.21204
-0.23234
-0.22228
-0.20806
-0.22012
-0.2217
-0.2278
-0.22262
-0.23174
-0.23114
-0.22142
-0.21254
-0.21878
-0.22
-0.2193
-0.22038
-0.21652
-0.22436
-0.21402
-0.24012
-0.22562
-0.22882
-0.22752
-0.21742
-0.21394
-0.21542
-0.2277
-0.23668
-0.22346
-0.22946
-0.23186
-0.21624
-0.22862
-0.22552
-0.22046
-0.23432
-0.22336
-0.21386
-0.22156
-0.23228
-0.2233
-0.22986
-0.21778
-0.22914
-0.22894
-0.22526
-0.22674
-0.22282
-0.22568
-0.22312
-0.2284
-0.22724
-0.21622
-0.22014
-0.22704
-0.23118
-0.23584
-0.23342
-0.23874
-0.218
-0.22034
-0.22994
-0.22134
-0.22508
-0.22982
-0.2227
-0.2221
-0.2293
-0.23644
-0.21706
-0.22932
-0.22358
-0.22858
-0.2281
-0.22388
-0.21916
-0.21832
-0.21938
-0.20282
-0.21224
-0.23022
-0.22558
-0.22638
-0.23266
-0.23494
-0.21674
-0.23014
-0.23064
-0.2176
-0.20518
-0.21318
-0.21416
-0.21826
-0.22496
-0.2247
-0.2195
-0.21286
-0.21668
-0.22186
-0.214
-0.23794
-0.22938
-0.22146
-0.23804
-0.23746
-0.22198
-0.22416
-0.2266
-0.23776
-0.21298
-0.23676
-0.2217
-0.21684
-0.22182
-0.23068
-0.23582
-0.22354
-0.2276
-0.22122
-0.23034
-0.21816
-0.21812
-0.23286
-0.22288
-0.24092
-0.23268
-0.23066
-0.22952
-0.21054
-0.2251
-0.2217
-0.22746
-0.2215
-0.2225
-0.22556
-0.22922
-0.22368
-0.23056
-0.2347
-0.22914
-0.22094
-0.23166
-0.2169
-0.22526
-0.2171
-0.22954
-0.22702
-0.2171
-0.22078
-0.21774
-0.2186
-0.20982
-0.22556
-0.22806
-0.21948
-0.22008
-0.2386
-0.2169
-0.2235
-0.22576
-0.23096
-0.21908
-0.22026
-0.22872
-0.22348
-0.22516
-0.21666
-0.222
-0.22752
-0.2229
-0.23012
-0.22874
-0.21256
-0.21498
-0.2185
-0.23026
-0.2347
-0.22774
-0.22168
-0.21394
-0.21752
-0.21676
-0.21796
-0.22176
-0.22218
-0.2191
-0.21958
-0.23084
-0.2289
-0.22204
-0.21904
-0.22938
-0.22334
-0.23032
-0.22314
-0.22926
-0.2291
-0.22312
-0.21408
-0.23872
-0.23696
-0.22974
-0.2288
-0.22834
-0.22812
-0.22298
-0.21484
-0.22486
-0.2311
-0.23062
-0.21626
-0.21932
-0.22942
-0.22844
-0.2179
-0.2265
-0.2338
-0.22616
-0.22206
-0.23058
-0.23198
-0.22026
-0.2263
-0.2327
-0.23018
-0.21852
-0.21586
-0.22682
-0.23786
-0.2328
-0.2202
-0.20636
-0.2241
-0.21112
-0.23558
-0.21992
-0.22394
-0.22726
-0.2282
-0.22492
-0.22104
-0.21874
-0.2248
-0.22144
-0.22912
-0.22802
-0.21596
-0.23058
-0.21402
-0.21942
-0.22472
-0.22404
-0.22484
-0.22988
-0.236
-0.23608
-0.23396
-0.22898
-0.23442
-0.22934
-0.23094
-0.21618
-0.22634
-0.21756
-0.21604
-0.21558
-0.22308
-0.23416
-0.22032
-0.22532
-0.2274
-0.2192
-0.22394
-0.2257
-0.22274
-0.22092
-0.2199
-0.22348
-0.22604
-0.22408
-0.22508
-0.21846
-0.21754
-0.22504
-0.22118
-0.21112
-0.22878
-0.21076
-0.2244
-0.22574
-0.22944
-0.21882
-0.22882
-0.23404
-0.21808
-0.21666
-0.22338
-0.21376
-0.22792
-0.22784
-0.21536
-0.2252
-0.2291
-0.23436
-0.2196
-0.21494
-0.2224
-0.22128
-0.22528
-0.2161
-0.21652
-0.22876
-0.21416
-0.23564
-0.22962
-0.22368
-0.21356
-0.22474
-0.22188
-0.22628
-0.23206
-0.22852
-0.2254
-0.21928
-0.22216
-0.21898
-0.22696
-0.23214
-0.22742
-0.21718
-0.22228
-0.22074
-0.22894
-0.2214
-0.22664
-0.2296
-0.22338
-0.22876
-0.2342
-0.21868
-0.2172
-0.2162
-0.2067
-0.22286
-0.22192
-0.2243
-0.22826
-0.2356
-0.23666
-0.22522
-0.21766
-0.22128
-0.22048
-0.21946
-0.2279
-0.21666
-0.2176
-0.2147
-0.23076
-0.21746
-0.22114
-0.22398
-0.22198
-0.22474
-0.23756
-0.21904
-0.22186
-0.22488
-0.23116
-0.23502
-0.21408
-0.21972
-0.2272
-0.22014
-0.2143
-0.23744
-0.22516
-0.23334
-0.22694
-0.22936
-0.21828
-0.22056
-0.21616
-0.21308
-0.22528
-0.21994
-0.22192
-0.23016
-0.22252
-0.22566
-0.22218
-0.21188
-0.21666
-0.2221
-0.22458
-0.22136
-0.2207
-0.23054
-0.20174
-0.22024
-0.22508
-0.24094
-0.2289
-0.22822
-0.2222
-0.22518
-0.2223
-0.22766
-0.22956
-0.21564
-0.23452
-0.22194
-0.2323
-0.24264
-0.22548
-0.22682
-0.23346
-0.2332
-0.21956
-0.22814
-0.23178
-0.23886
-0.22108
-0.20828
-0.22098
-0.2113
-0.22382
-0.22894
-0.22688
-0.23352
-0.22078
-0.22968
-0.22486
-0.22354
-0.21688
-0.2246
-0.22426
-0.22632
-0.22588
-0.22182
-0.21822
-0.21568
-0.21954
-0.22186
-0.23472
-0.2242
-0.21632
-0.21394
-0.22292
-0.22898
-0.22824
-0.21796
-0.22768
-0.23358
-0.21972
-0.21976
-0.2263
-0.22616
-0.22404
-0.22804
-0.22784
-0.21834
-0.22044
-0.22972
-0.23614
-0.2247
-0.22122
-0.23264
-0.2179
-0.22588
-0.2274
-0.2221
-0.23212
-0.23654
-0.22248
-0.22368
-0.22892
-0.23494
-0.2285
-0.22968
-0.2142
-0.23674
-0.22674
-0.23078
-0.2263
-0.21774
-0.22786
-0.21992
-0.22676
-0.22156
-0.21424
-0.22178
-0.22456
-0.22328
-0.22016
-0.22518
-0.21834
-0.23354
-0.22326
-0.22222
-0.22628
-0.22042
-0.22594
-0.22062
-0.2295
-0.23502
-0.23132
-0.22158
-0.21984
-0.2153
-0.2216
-0.22882
-0.2365
-0.23012
-0.22582
-0.22446
-0.22036
-0.22046
-0.22996
-0.22454
-0.23672
-0.22424
-0.21746
-0.21212
-0.23788
-0.23668
-0.22594
-0.2179
-0.23108
-0.22856
-0.21754
-0.22332
-0.22156
-0.22272
-0.22206
-0.22768
-0.22784
-0.223
-0.22944
-0.22618
-0.23018
-0.216
-0.2134
-0.21562
-0.22734
-0.2256
-0.21516
-0.22942
-0.22098
-0.21426
-0.22198
-0.21282
-0.22538
-0.21992
-0.23418
-0.22076
-0.22412
-0.21612
-0.22908
-0.2131
-0.22554
-0.22484
-0.22146
-0.2237
-0.22882
-0.2329
-0.22946
-0.22134
-0.21458
-0.22096
-0.21802
-0.22826
-0.22902
-0.23024
-0.23302
-0.22448
-0.21742
-0.22278
-0.23468
-0.23344
-0.23268
-0.22604
-0.22512
-0.22616
-0.22144
-0.20856
-0.2215
-0.24038
-0.22898
-0.22498
-0.2286
-0.22802
-0.22562
-0.22556
-0.22246
-0.2216
-0.23512
-0.22596
-0.21864
-0.21578
-0.22386
-0.23182
-0.2239
-0.2238
-0.22616
-0.22986
-0.21482
-0.22062
-0.2184
-0.23196
-0.23028
-0.22894
-0.23428
-0.22186
-0.22364
-0.23538
-0.22442
-0.23552
-0.22618
-0.22616
-0.21816
-0.21998
-0.21898
-0.22862
-0.22154
-0.2257
-0.23438
-0.23666
-0.2222
-0.22782
-0.22422
-0.22226
-0.21486
-0.21528
-0.23048
-0.21072
-0.21852
-0.2356
-0.22828
-0.22564
-0.22692
-0.22908
-0.2122
-0.22052
-0.223
-0.21982
-0.22556
-0.22496
-0.23582
-0.2298
-0.21982
-0.22096
-0.23446
-0.21808
-0.22616
-0.22446
-0.22866
-0.21492
-0.22312
-0.23036
-0.22412
-0.2215
-0.23234
-0.21446
-0.23656
-0.2283
-0.22728
-0.22398
-0.2198
-0.23176
-0.21838
-0.22722
-0.22452
-0.22096
-0.21592
-0.22992
-0.23048
-0.21642
-0.2178
-0.22084
-0.21244
-0.21952
-0.22152
-0.24142
-0.2397
-0.21166
-0.22288
-0.22104
-0.214
-0.22186
-0.21924
-0.22526
-0.2208
-0.22282
-0.22034
-0.2143
-0.21554
-0.22346
-0.22314
-0.219
-0.21836
-0.22654
-0.22542
-0.2216
-0.22796
-0.23392
-0.2233
-0.21934
-0.22134
-0.21228
-0.22914
-0.21414
-0.21126
-0.23056
-0.22782
-0.21976
-0.21236
-0.206
-0.2203
-0.23224
-0.22568
-0.2331
-0.22042
-0.22532
-0.22832
-0.2144
-0.2239
