0.99508
0.99494
0.99456
0.99498
0.9957
0.99406
0.99454
0.99452
0.9949
0.99434
0.9954
0.99518
0.9944
0.99456
0.99452
0.99506
0.99428
0.99438
0.99524
0.99506
0.99506
0.9945
0.99478
0.99546
0.99444
0.99502
0.99504
0.99478
0.99516
0.99494
0.995
0.99418
0.99484
0.99514
0.9951
0.99444
0.99508
0.99502
0.9945
0.99486
0.99482
0.995
0.99514
0.99468
0.99536
0.99496
0.99486
0.99496
0.99476
0.9947
0.99512
0.99506
0.99436
0.9955
0.9943
0.9941
0.99516
0.99474
0.99466
0.99492
0.99506
0.9946
0.99494
0.99492
0.99502
0.99428
0.99466
0.99468
0.99476
0.99478
0.9951
0.9951
0.99498
0.99516
0.99456
0.99486
0.99552
0.99524
0.99474
0.99488
0.9949
0.9949
0.99432
0.99534
0.99476
0.99474
0.99512
0.9949
0.99464
0.99422
0.99458
0.99478
0.99546
0.99508
0.99492
0.99492
0.99502
0.99514
0.99514
0.99478
0.99534
0.9952
0.99494
0.99504
0.99504
0.99496
0.99446
0.99514
0.99444
0.99544
0.99458
0.9943
0.9947
0.99462
0.99462
0.99472
0.99412
0.99414
0.9947
0.99492
0.99484
0.99448
0.99578
0.99446
0.99472
0.9945
0.99452
0.99494
0.99418
0.99426
0.9939
0.99512
0.99458
0.99462
0.9946
0.9951
0.99522
0.99452
0.9948
0.9945
0.99504
0.99458
0.99474
0.99492
0.9946
0.99446
0.99448
0.99504
0.99428
0.99494
0.99542
0.99448
0.99472
0.99472
0.99482
0.99418
0.99488
0.99538
0.99496
0.99502
0.99478
0.99464
0.99474
0.9951
0.99504
0.9947
0.99444
0.99468
0.99494
0.99466
0.99482
0.99498
0.99508
0.99546
0.99502
0.99464
0.99538
0.99464
0.99482
0.9948
0.9946
0.99504
0.9944
0.99476
0.9952
0.9953
0.99516
0.99488
0.9952
0.9944
0.99472
0.99468
0.99502
0.99492
0.99422
0.99514
0.99458
0.99554
0.99482
0.99456
0.9944
0.99448
0.99516
0.99484
0.99506
0.99396
0.99468
0.9945
0.99534
0.99458
0.99484
0.99542
0.99488
0.99472
0.9947
0.99432
0.99488
0.99486
0.99498
0.9955
0.99408
0.99462
0.99492
0.99502
0.99464
0.99482
0.99454
0.99384
0.99492
0.99452
0.99538
0.9946
0.99462
0.99492
0.99522
0.99446
0.99514
0.99486
0.9949
0.99458
0.99498
0.99472
0.99472
0.99494
0.99448
0.9947
0.995
0.99434
0.99508
0.9949
0.99458
0.99476
0.9945
0.99442
0.99506
0.99426
0.99476
0.99484
0.99412
0.99464
0.99476
0.99458
0.9949
0.99494
0.9948
0.99456
0.99446
0.99432
0.99464
0.99448
0.99506
0.99464
0.99502
0.99494
0.99518
0.99478
0.99488
0.99528
0.99484
0.99486
0.99474
0.99466
0.99524
0.99464
0.99498
0.99492
0.9948
0.99394
0.99462
0.99476
0.9945
0.9951
0.9953
0.9944
0.99534
0.99436
0.99498
0.99488
0.9951
0.99472
0.99462
0.99376
0.995
0.99498
0.99506
0.99518
0.99488
0.99436
0.99448
0.99496
0.9948
0.99436
0.995
0.99508
0.99552
0.99508
0.99478
0.99492
0.99476
0.99472
0.99472
0.99444
0.99476
0.99422
0.9947
0.9946
0.99418
0.9948
0.99512
0.99414
0.99402
0.99418
0.99502
0.99538
0.9952
0.9949
0.99488
0.99522
0.99418
0.99548
0.99462
0.99462
0.99458
0.9944
0.99466
0.99484
0.99426
0.99488
0.99432
0.99458
0.99394
0.995
0.99542
0.99452
0.99454
0.9948
0.9947
0.99536
0.99422
0.99538
0.9948
0.99428
0.99426
0.99468
0.99382
0.99488
0.99418
0.99484
0.99486
0.99488
0.99472
0.99494
0.99434
0.99406
0.99456
0.99434
0.99524
0.9946
0.99534
0.99514
0.99532
0.99526
0.99502
0.99478
0.99412
0.995
0.99458
0.99476
0.99454
0.9949
0.99528
0.99432
0.99464
0.99494
0.99466
0.99468
0.9947
0.99482
0.9942
0.99434
0.9947
0.99428
0.99472
0.99476
0.99546
0.99518
0.9951
0.99474
0.99408
0.99456
0.99488
0.9942
0.99486
0.99452
0.9947
0.99404
0.99452
0.99492
0.99504
0.9948
0.99472
0.9952
0.99462
0.99486
0.99476
0.99558
0.99522
0.99488
0.99498
0.99458
0.9949
0.99506
0.99398
0.99466
0.99456
0.99512
0.99488
0.99546
0.99532
0.99476
0.995
0.99478
0.99494
0.99516
0.99498
0.99438
0.99474
0.99434
0.99472
0.99482
0.9947
0.99446
0.99468
0.99486
0.99508
0.99508
0.99492
0.99458
0.99516
0.99488
0.99514
0.9945
0.9947
0.9947
0.99506
0.99454
0.99452
0.99482
0.99434
0.99502
0.995
0.99454
0.99386
0.99464
0.99486
0.99544
0.99474
0.99494
0.99492
0.99494
0.99488
0.99498
0.99454
0.99502
0.9949
0.99474
0.99492
0.99496
0.99458
0.99528
0.99498
0.9952
0.99464
0.99472
0.99374
0.99504
0.99456
0.99498
0.99518
0.99496
0.99486
0.99556
0.99534
0.99486
0.99472
0.99468
0.9945
0.99452
0.9949
0.9947
0.99446
0.99476
0.99536
0.99468
0.99472
0.995
0.99442
0.99524
0.99458
0.99454
0.99464
0.99472
0.99534
0.99536
0.99498
0.99462
0.99472
0.9948
0.99444
0.9948
0.99492
0.99478
0.995
0.9948
0.9946
0.99464
0.99464
0.99456
0.99466
0.99458
0.99426
0.99492
0.99462
0.99478
0.99564
0.99554
0.99464
0.99424
0.99476
0.99408
0.99508
0.99438
0.9953
0.99426
0.99506
0.99502
0.99474
0.99426
0.995
0.99476
0.9949
0.99486
0.9941
0.99446
0.9946
0.99458
0.99478
0.99478
0.99458
0.99452
0.99562
0.9945
0.99446
0.99468
0.99504
0.995
0.99416
0.99516
0.99538
0.99484
0.99508
0.99524
0.99482
0.99498
0.99492
0.9943
0.99486
0.99482
0.99472
0.99538
0.99474
0.99428
0.99408
0.9952
0.99428
0.9953
0.99442
0.99524
0.99418
0.99386
0.99442
0.9945
0.99464
0.99502
0.99436
0.99468
0.99512
0.99454
0.9944
0.99454
0.99532
0.99458
0.99476
0.99546
0.99512
0.99458
0.99398
0.99514
0.99462
0.99436
0.99468
0.99514
0.99448
0.9949
0.99526
0.99436
0.9949
0.9942
0.99516
0.99526
0.99458
0.99472
0.99482
0.99558
0.99484
0.99502
0.99366
0.9952
0.99404
0.99476
0.99472
0.99448
0.99454
0.99498
0.99396
0.99468
0.99478
0.99454
0.99502
0.99428
0.9946
0.99448
0.99448
0.99442
0.99532
0.99504
0.9943
0.99534
0.9944
0.9945
0.99478
0.9952
0.99474
0.99478
0.99472
0.99456
0.99404
0.99476
0.99482
0.99468
0.99418
0.9946
0.99494
0.9949
0.9944
0.99468
0.99476
0.9947
0.9946
0.9939
0.99464
0.9946
0.99502
0.99462
0.9956
0.99448
0.99504
0.995
0.99476
0.99444
0.995
0.99516
0.99462
0.99516
0.99474
0.9945
0.99436
0.995
0.99446
0.99538
0.99528
0.99466
0.99464
0.99476
0.99568
0.99458
0.9944
0.99528
0.99434
0.9952
0.99464
0.99448
0.99522
0.99432
0.99468
0.99556
0.9943
0.9953
0.9948
0.99486
0.99462
0.99458
0.9946
0.99436
0.99488
0.99438
0.99484
0.9947
0.99524
0.995
0.9944
0.9951
0.99488
0.9952
0.9949
0.9941
0.99464
0.99432
0.99448
0.99424
0.99502
0.99462
0.99408
0.9951
0.9948
0.99484
0.99508
0.99454
0.99464
0.99468
0.99478
0.99456
0.99468
0.99492
0.99448
0.99452
0.99524
0.99452
0.99586
0.99486
0.99452
0.99432
0.9951
0.9945
0.99436
0.9952
0.99424
0.99456
0.99522
0.99424
0.99536
0.99498
0.9949
0.9948
0.99528
0.99492
0.99516
0.99536
0.9943
0.99506
0.99454
0.9952
0.99424
0.9949
0.99538
0.99476
0.99528
0.9952
0.99466
0.99408
0.99494
0.99508
0.99428
0.99492
0.99468
0.99514
0.99484
0.99478
0.9947
0.9951
0.99522
0.99476
0.995
0.99486
0.99476
0.99512
0.99472
0.99546
0.9953
0.9952
0.99484
0.99442
0.995
0.9949
0.99434
0.99516
0.99494
0.99446
0.99448
0.99518
0.99486
0.99452
0.99488
0.99496
0.99518
0.99468
0.99456
0.99486
0.99504
0.99524
0.99508
0.99454
0.99502
0.99514
0.99474
0.99488
0.99456
0.99502
0.99462
0.99464
0.99488
0.99412
0.99428
0.99514
0.99494
0.9948
0.99472
0.99454
0.99518
0.99462
0.99458
0.99482
0.99454
0.99452
0.99516
0.99432
0.99522
0.99484
0.99464
0.99454
0.99504
0.995
0.99438
0.99506
0.99516
0.99482
0.99504
0.99508
0.99424
0.9952
0.99474
0.99496
0.99474
0.9945
0.9952
0.99456
0.99448
0.99488
0.995
0.99446
0.99444
0.99424
0.99432
0.9943
0.99486
0.9948
0.99482
0.99456
0.994
0.9949
0.99522
0.99514
0.9942
0.99438
0.9951
0.99504
0.99474
0.9947
0.99482
0.99518
0.99514
0.99452
0.99548
0.9945
0.99516
0.99468
0.99518
0.99442
0.9945
0.9945
0.99414
0.99504
0.99472
0.99508
0.99506
0.99478
0.99442
0.99436
0.99486
0.99526
0.99424
0.9953
0.99564
0.99448
0.99494
0.99478
0.99482
0.9948
0.9948
0.99378
0.99472
0.99384
0.99468
0.9952
0.99498
0.99452
0.99508
0.99462
0.99534
0.99466
0.99412
0.9951
0.99486
0.99466
0.99498
0.99494
0.9951
0.99482
0.99486
0.99504
0.99468
0.9952
0.99416
0.99564
0.99434
0.99442
0.99414
0.99476
0.99456
0.99462
0.99506
0.99462
0.99506
0.99454
0.99476
0.99424
0.99444
0.99458
0.99446
0.99496
0.99488
0.99416
0.99458
0.99428
0.99464
0.99494
0.99482
0.99468
0.99482
0.99442
0.99392
0.99464
0.99502
0.99508
0.99484
0.9949
0.9948
0.9946
0.99454
0.99476
0.99522
0.99518
0.99468
0.99492
0.99538
0.99468
0.99504
0.99446
0.99502
0.99514
0.9943
0.99426
0.99502
0.99484
0.9952
0.99458
0.99478
0.99488
0.99536
0.99406
0.99436
0.99418
0.99432
0.9949
0.99512
0.99514
0.99488
0.99438
0.9945
0.99494
0.99522
0.99478
0.99518
0.9943
0.99516
0.99438
0.9947
0.99476
0.99524
0.9945
0.99478
0.99478
0.99464
0.9945
0.99528
0.99464
0.99558
0.9949
0.99476
0.99448
0.99514
0.99492
0.9943
0.99452
0.99412
0.9947
0.99504
0.99434
0.9951
0.99518
0.99468
0.99488
0.99472
0.9948
0.99448
0.99486
0.99426
0.99488
0.99424
0.99486
0.9951
0.9952
0.99498
0.99536
0.99502
0.99544
0.99526
0.99574
0.99478
0.99504
0.99446
0.99452
0.99464
0.99436
0.99444
0.99452
0.99418
0.99514
0.99508
0.9946
0.99484
0.99436
0.99536
0.99436
0.99398
0.99466
0.99502
0.99544
0.99472
0.99562
0.99482
0.99538
0.99506
0.99462
0.995
0.99494
0.9952
0.99524
0.99468
0.99508
0.9945
0.9947
0.9947
0.99506
0.99586
0.99492
0.99506
0.99504
0.9951
0.99506
0.99436
0.99474
0.9948
0.99426
0.99454
0.9943
0.99468
0.99406
0.99372
0.99506
0.99444
0.9953
0.9946
0.99442
0.9953
0.99438
0.99516
0.99484
0.99472
0.99508
0.99466
0.99514
0.9942
0.99454
0.9949
0.99428
0.99418
0.99454
0.99442
0.99448
0.99512
0.99498
0.99506
0.99448
0.9946
0.99498
0.99474
0.99534
0.99496
0.99476
0.9946
0.99416
0.99494
0.99428
0.9949
0.99498
0.99488
0.99416
0.99466
0.99484
0.99484
0.99476
0.99462
0.99506
0.99532
0.99506
0.9948
0.99462
0.99474
0.99448
0.99442
0.995
0.99582
0.99542
0.99434
0.99472
0.99418
0.9942
0.99482
0.99468
0.9947
0.99476
0.99512
0.99472
0.99428
0.99518
0.99482
0.99504
0.99438
0.99462
0.99512
0.99476
0.99442
0.99542
0.99464
0.99498
0.9951
0.99488
0.99474
0.99488
0.99474
0.99488
0.99504
0.99494
0.99422
0.99476
0.9946
0.99524
0.99416
0.99522
0.99526
0.99522
0.9947
0.99466
0.99528
0.99464
0.99458
0.99442
0.99468
0.99446
0.9945
0.99512
0.99412
0.9937
0.9957
0.99504
0.9943
0.99456
0.99454
0.99488
0.99484
0.99464
0.99518
0.99524
0.99488
0.99446
0.99524
0.99486
0.99492
0.9943
0.99468
0.99504
0.99444
0.99438
0.99402
0.99554
0.99458
0.99398
0.99488
0.99476
0.99514
0.99516
0.99406
0.99474
0.9939
0.9953
0.9949
0.99412
0.9941
0.99416
0.99526
0.995
0.9946
0.99456
0.99474
0.99494
0.99482
0.99522
0.995
0.99462
0.99434
0.99482
0.9953
0.99512
0.9951
0.99468
0.99512
0.9948
0.99454
0.99438
0.99474
0.99506
0.99434
0.99506
0.99482
0.99534
0.99432
0.99392
0.99446
0.99544
0.99454
0.99512
0.99498
0.99448
0.99476
0.99462
0.99482
0.99518
0.99488
0.9951
0.99466
0.99432
0.99468
0.99494
0.9947
0.99504
0.99442
0.99466
0.9946
0.99524
0.99448
0.99474
0.9946
0.99492
0.99428
0.9951
0.99528
0.99476
0.99478
0.9945
0.99408
0.99514
0.99462
0.9948
0.99524
0.99466
0.99502
0.99542
0.99454
0.99454
0.9955
0.9942
0.9947
0.99506
0.99476
0.99456
0.99456
0.99502
0.99464
0.99468
0.99446
0.99416
0.99482
0.99534
0.99474
0.9949
0.99478
0.99468
0.99478
0.99458
0.99462
0.99482
0.99482
0.99506
0.99546
0.9949
0.99426
0.9945
0.9949
0.99468
0.99464
0.99538
0.99398
0.99434
0.99438
0.99476
0.99434
0.99554
0.9949
0.99474
0.9943
0.99452
0.99422
0.99472
0.99504
0.99492
0.99552
0.99528
0.99498
0.9948
0.99496
0.99482
0.99482
0.99456
0.99482
0.9944
0.99524
0.99508
0.995
0.99518
0.99476
0.99544
0.99486
0.99482
0.9938
0.99546
0.99418
0.99564
0.99494
0.99492
0.99508
0.99442
0.99486
0.995
0.9948
0.9947
0.99472
0.99472
0.99402
0.9944
0.995
0.99416
0.99456
0.99504
0.99572
0.99492
0.99468
0.99536
0.99516
0.9943
0.99472
0.9954
0.99474
0.99474
0.99478
0.9951
0.99512
0.9952
0.9944
0.9956
0.99462
0.9949
0.9945
0.99464
0.99502
0.9951
0.99486
0.99476
0.99432
0.99482
0.99474
0.9952
0.99508
0.99536
0.99598
0.9949
0.99448
0.99468
0.99454
0.99486
0.99494
0.9949
0.99442
0.9947
0.99414
0.9949
0.99496
0.99466
0.99394
0.99506
0.99558
0.99464
0.99484
0.99478
0.99448
0.99532
0.99538
0.99442
0.9949
0.99514
0.99516
0.99564
0.99484
0.99492
0.99432
0.995
0.99418
0.9948
0.99424
0.99494
0.9944
0.99422
0.99462
0.99528
0.99454
0.99484
0.99516
0.99486
0.99508
0.99442
0.9945
0.9951
0.99448
0.99482
0.9941
0.99492
0.9951
0.99434
0.9948
0.99456
0.99462
0.99458
0.99492
0.99484
0.99488
0.99518
0.99472
0.99468
0.99394
0.99512
0.99516
0.99508
0.99484
0.99438
0.99384
0.9947
0.99488
0.99506
0.99474
0.99454
0.9947
0.9939
0.99416
0.99438
0.995
0.99458
0.99492
0.9944
0.99454
0.99418
0.99488
0.99506
0.99564
0.99482
0.9937
0.99472
0.9947
0.99448
0.99514
0.99498
0.99482
0.99428
0.9941
0.995
0.99416
0.99404
0.99432
0.99454
0.99468
0.99482
0.9945
0.99522
0.99468
0.995
0.99502
0.99442
0.9955
0.99466
0.99446
0.99524
0.99494
0.99524
0.99514
0.99474
0.9945
0.99486
0.99486
0.99466
0.99424
0.99504
0.99472
0.99516
0.9949
0.99438
0.99436
0.99478
0.99506
0.9945
0.99456
0.9947
0.99466
0.99416
0.9953
0.99508
0.9949
0.99484
0.99428
0.99436
0.99502
0.99454
0.99454
0.99512
0.99512
0.99468
0.99474
0.9948
0.99442
0.9948
0.99516
0.99538
0.99484
0.99532
0.99464
0.99502
0.99476
0.99464
0.99514
0.99484
0.99502
0.99494
0.99498
0.9945
0.99472
0.99432
0.99406
0.99474
0.99496
0.99476
0.99424
0.99508
0.99492
0.99458
0.99488
0.99514
0.99476
0.99502
0.99466
0.99496
0.99448
0.99512
0.99504
0.9946
0.99472
0.9952
0.99498
0.99466
0.99458
0.995
0.99456
0.9947
0.99488
0.99432
0.99452
0.99478
0.99486
0.99546
0.99468
0.99486
0.99472
0.99478
0.99472
0.99434
0.99502
0.9949
0.9944
0.99508
0.9949
0.99458
0.99524
0.99476
0.99458
0.99454
0.9943
0.99476
0.99508
0.9943
0.99476
0.99512
0.99458
0.9942
0.9944
0.99482
0.9945
0.99438
0.99432
0.9944
0.99486
0.99488
0.99514
0.99508
0.99384
0.99496
0.9951
0.9948
0.99504
0.99454
0.9943
0.99424
0.99492
0.99506
0.99444
0.9948
0.9949
0.99418
0.99492
0.9945
0.99456
0.99476
0.99524
0.99456
0.99446
0.9952
0.99466
0.9947
0.99506
0.99502
0.99488
0.99436
0.9945
0.9947
0.99388
0.99434
0.99514
0.99524
0.99492
0.9949
0.99442
0.9942
0.99508
0.99438
0.99428
0.99534
0.99488
0.99452
0.9948
0.9951
0.99414
0.99524
0.99434
0.99518
0.99508
0.99614
0.99458
0.99482
0.99406
0.99514
0.99512
0.99456
0.99528
0.99394
0.99494
0.99518
0.99464
0.99532
0.99432
0.99538
0.99458
0.99492
0.99472
0.99484
0.99472
0.99498
0.99488
0.99482
0.9945
0.99514
0.99442
0.99498
0.99448
0.99528
0.99392
0.99486
0.99508
0.9946
0.9947
0.99558
0.99438
0.99456
0.99562
0.9954
0.99522
0.99446
0.99492
0.9943
0.99486
0.99544
0.99526
0.99388
0.99524
0.99486
0.99406
0.99482
0.99496
0.99432
0.99462
0.99478
0.99508
0.9952
0.9949
0.9949
0.99538
0.9955
0.99532
0.99486
0.99498
0.99454
0.99476
0.9951
0.99488
0.99532
0.99526
0.99442
0.99516
0.99424
0.99488
0.99448
0.99464
0.99506
0.995
0.99492
0.99534
0.99458
0.99482
0.99494
0.99466
0.99512
0.9948
0.99454
0.99504
0.99492
0.99508
0.99556
0.99484
0.99478
0.99548
0.99464
0.99516
0.9949
0.995
0.9943
0.996
0.99562
0.99496
0.9946
0.99516
0.99554
0.99486
0.9938
0.9947
0.99352
0.99418
0.9948
0.99474
0.99466
0.99436
0.99452
0.9954
0.9948
0.99426
0.99484
0.9944
0.99434
0.99464
0.99468
0.99532
0.9949
0.99436
0.99464
0.9949
0.99528
0.99516
0.99496
0.99496
0.9949
0.99408
0.9951
0.9953
0.99456
0.99442
0.99538
0.9955
0.9947
0.9955
0.99374
0.99444
0.9945
0.99478
0.9942
0.99446
0.99514
0.99418
0.99522
0.99472
0.99474
0.99452
0.99542
0.99436
0.995
0.9947
0.99458
0.9943
0.99528
0.99496
0.9951
0.99422
0.99512
0.99508
0.99506
0.99514
0.995
0.99538
0.9945
0.99488
0.99414
0.99476
0.99474
0.9944
0.99444
0.99482
0.9948
0.99474
0.99522
0.99534
0.99478
0.99508
0.99486
0.99466
0.99496
0.99502
0.99562
0.99448
0.99428
0.9946
0.9944
0.99484
0.99476
0.99434
0.9953
0.9949
0.99504
0.9938
0.9952
0.99482
0.99428
0.99428
0.99436
0.99488
0.99484
0.99408
0.99464
0.99524
0.99476
0.99476
0.9947
0.995
0.99438
0.9952
0.99466
0.99506
0.99504
0.9948
0.99456
0.99508
0.99486
0.99446
0.99452
0.99448
0.99464
0.99476
0.99506
0.9949
0.99472
0.99526
0.99554
0.99462
0.9952
0.99528
0.99462
0.99378
0.99468
0.99538
0.99474
0.99494
0.99482
0.99524
0.99526
0.99412
0.99486
0.99408
0.99468
0.9953
0.99518
0.99452
0.99458
0.99508
0.99552
0.99472
0.99526
0.99522
0.99458
0.99468
0.99528
0.99418
0.99476
0.99426
0.99466
0.99418
0.99538
0.99508
0.99474
0.99456
0.99518
0.99442
0.99454
0.99442
0.99454
0.99482
0.99472
0.99478
0.99392
0.99466
0.99462
0.9947
0.99522
0.99442
0.99486
0.9949
0.99532
0.99496
0.99466
0.99482
0.99484
0.99546
0.99548
0.99432
0.99548
0.99488
0.99452
0.99428
0.99524
0.9944
0.99496
0.99508
0.99454
0.99486
0.99528
0.99466
0.99454
0.9948
0.99444
0.99442
0.99464
0.99494
0.995
0.99494
0.99494
0.99454
0.99532
0.99394
0.995
0.99524
0.99442
0.99462
0.99474
0.99488
0.99496
0.99462
0.99458
0.99426
0.99452
0.99506
0.99456
0.99476
0.9949
0.9946
0.99532
0.995
0.9946
0.99492
0.99498
0.99474
0.9946
0.995
0.99506
0.9947
0.99432
0.99412
0.99516
0.99468
0.99508
0.99436
0.9949
0.9953
0.99442
0.99456
0.99476
0.99432
0.99508
0.99542
0.99424
0.99452
0.99464
0.99456
0.99494
0.99522
0.9945
0.99464
0.9952
0.99464
0.99494
0.99534
0.9941
0.99434
0.99466
0.9955
0.99478
0.99474
0.99492
0.99508
0.99452
0.9946
0.99432
0.9947
0.9944
0.99524
0.99342
0.99496
0.99462
0.99468
0.99532
0.99478
0.99508
0.9951
0.9948
0.99498
0.99522
0.99536
0.9947
0.9945
0.99504
0.99516
0.99492
0.99468
0.99488
0.99456
0.99462
0.995
0.99458
0.99412
0.99464
0.99444
0.99534
0.99508
0.99514
0.99454
0.99518
0.9941
0.99434
0.9947
0.99514
0.99422
0.99492
0.99548
0.99528
0.99494
0.99524
0.99502
0.99482
0.99428
0.99478
0.99514
0.99478
0.99418
0.99552
0.99494
0.99498
0.99496
0.9953
0.99518
0.99506
0.9949
0.99466
0.99538
0.99468
0.99462
0.99486
0.99522
0.9943
0.9944
0.99408
0.99484
0.99454
0.99514
0.99412
0.99506
0.99494
0.99536
0.99488
0.99476
0.99514
0.9949
0.99446
0.99428
0.99452
0.99424
0.9943
0.99374
0.99532
0.99464
0.99396
0.99468
0.99436
0.99484
0.99466
0.9943
0.99484
0.99462
0.99382
0.99394
0.99498
0.9947
0.99436
0.9957
0.99494
0.99506
0.99464
0.99498
0.99484
0.99394
0.99474
0.99426
0.99496
0.99448
0.99448
0.9951
0.9945
0.99498
0.99526
0.99468
0.995
0.99514
0.99488
0.99508
0.99428
0.99478
0.99466
0.9941
0.99482
0.99472
0.9943
0.9944
0.99492
0.99496
0.99482
0.99466
0.99472
0.99534
0.99434
0.99524
0.99548
0.99508
0.99458
0.9953
0.99494
0.99498
0.99488
0.99514
0.99472
0.99462
0.99502
0.99434
0.99444
0.9943
0.99406
0.99456
0.99504
0.99496
0.99506
0.99468
0.99406
0.99452
0.99522
0.99448
0.99494
0.99476
0.99554
0.9945
0.9948
0.99508
0.99452
0.99496
0.9953
0.99514
0.99464
0.9946
0.99464
0.99458
0.99526
0.99446
0.9952
0.99492
0.99512
0.99468
0.9948
0.99476
0.99512
0.99454
0.99442
0.99448
0.99434
0.9953
0.99508
0.9939
0.99526
0.99466
0.99526
0.9944
0.99498
0.9946
0.9951
0.9944
0.9944
0.99506
0.99506
0.99536
0.9949
0.99462
0.99526
0.99454
0.99504
0.99546
0.99518
0.9947
0.99496
0.99528
0.99522
0.99414
0.99498
0.99526
0.99504
0.99362
0.99474
0.9949
0.99446
0.99534
0.99452
0.9953
0.99492
0.99464
0.9943
0.99524
0.9952
0.99496
0.9946
0.99488
0.99458
0.9946
0.99442
0.99532
0.99444
0.99426
0.99462
0.99508
0.99446
0.99488
0.9948
0.99508
0.99476
0.99456
0.9946
0.9941
0.99468
0.99452
0.99442
0.99508
0.9949
0.99542
0.9944
0.9956
0.99542
0.99414
0.9946
0.99522
0.99428
0.99544
0.9953
0.99484
0.99452
0.99488
0.99566
0.9946
0.99482
0.99448
0.99438
0.99474
0.99544
0.99518
0.99432
0.99444
0.99464
0.9951
0.99504
0.99508
0.99426
0.99538
0.99474
0.99456
0.9942
0.99524
0.99476
0.99438
0.9952
0.99476
0.9953
0.99522
0.9945
0.99524
0.99446
0.99404
0.99582
0.99468
0.99552
0.99562
0.99516
0.99474
0.9952
0.9946
0.9942
0.99452
0.99464
0.9948
0.9947
0.99482
0.99466
0.99486
0.99462
0.99432
0.9953
0.99518
0.99476
0.99512
0.995
0.99422
0.99446
0.9946
0.99518
0.99458
0.99522
0.99442
0.9944
0.99436
0.99428
0.9946
0.99464
0.99448
0.99474
0.995
0.99482
0.99562
0.99496
0.99458
0.995
0.99468
0.9949
0.9942
0.99504
0.9949
0.99454
0.99428
0.99456
0.99462
0.99474
0.9951
0.99466
0.9946
0.9943
0.99536
0.99494
0.99416
0.99458
0.99452
0.995
0.99434
0.99474
0.99394
0.9947
0.99456
0.99484
0.99422
0.99502
0.99516
0.99526
0.99486
0.99476
0.99422
0.9946
0.99438
0.99518
0.99436
0.99462
0.99552
0.99416
0.99478
0.99514
0.99428
0.99468
0.99482
0.99472
0.99526
0.9945
0.99488
0.99468
0.99502
0.99432
0.99448
0.99522
0.99476
0.99454
0.99508
0.99474
0.99434
0.99456
0.99356
0.99456
0.99456
0.99478
0.99458
0.9944
0.99476
0.99512
0.99442
0.99466
0.9954
0.99472
0.99486
0.99456
0.99442
0.9949
0.99486
0.99446
0.99452
0.9949
0.99454
0.9951
0.99518
0.99446
0.9949
0.99442
0.99452
0.99468
0.99494
0.99436
0.99364
0.995
0.99508
0.99426
0.99504
0.99422
0.99442
0.99466
0.99496
0.9952
0.99584
0.9946
0.99526
0.99476
0.99504
0.9953
0.99482
0.99468
0.9945
0.99442
0.99494
0.99472
0.9952
0.99536
0.99478
0.99436
0.99448
0.99434
0.99416
0.99482
0.99458
0.99466
0.99472
0.99498
0.99526
0.99474
0.99498
0.99476
0.99486
0.99474
0.9951
0.99486
0.99518
0.99496
0.99486
0.9949
0.99482
0.99464
0.99436
0.9946
0.9949
0.9948
0.99498
0.99498
0.99452
0.99472
0.99446
0.99478
0.99512
0.9945
0.99462
0.99498
0.9948
0.99444
0.99452
0.99434
0.99498
0.99476
0.99426
0.99472
0.99506
0.99474
0.99462
0.9951
0.99474
0.99512
0.99474
0.99458
0.99504
0.99496
0.99494
0.99502
0.9952
0.99482
0.99466
0.99466
0.99472
0.99508
0.99498
0.9943
0.9939
0.99464
0.99528
0.9955
0.99456
0.99484
0.99472
0.99522
0.9947
0.99478
0.99514
0.99518
0.99442
0.99442
0.99514
0.9948
0.9947
0.99414
0.9953
0.99458
0.99472
0.9949
0.99496
0.99432
0.99482
0.99472
0.99492
0.99514
0.99524
0.9949
0.99422
0.99428
0.99434
0.99526
0.99468
0.99444
0.99538
0.99478
0.99484
0.99496
0.99548
0.99584
0.99468
0.99454
0.99486
0.99502
0.9951
0.99494
0.99464
0.99476
0.9949
0.99408
0.99544
0.99406
0.99492
0.99374
0.99478
0.99478
0.9945
0.99472
0.99484
0.99496
0.99544
0.99476
0.99516
0.99442
0.995
0.99424
0.99454
0.99472
0.9949
0.99438
0.99428
0.99442
0.99528
0.99508
0.99436
0.994
0.99544
0.99506
0.99418
0.9953
0.99508
0.99438
0.99488
0.9947
0.99474
0.99434
0.99474
0.99532
0.99494
0.99378
0.99498
0.99446
0.9947
0.9953
0.99438
0.99494
0.99514
0.99482
0.9951
0.994
0.99458
0.9946
0.9945
0.9946
0.99442
0.9947
0.99494
0.99426
0.99506
0.9955
0.9954
0.99514
0.99546
0.99508
0.99494
0.99464
0.99498
0.99428
0.99542
0.99494
0.99488
0.99468
0.99428
0.99494
0.99456
0.99504
0.9943
0.99508
0.9947
0.99492
0.99476
0.99498
0.9949
0.9948
0.99536
0.99498
0.99476
0.99446
0.99432
0.99502
0.9948
0.99452
0.99468
0.99514
0.99434
0.99504
0.99466
0.99516
0.99434
0.99424
0.99478
0.9949
0.99508
0.9953
0.9947
0.99532
0.99484
0.99426
0.9943
0.99504
0.99492
0.99448
0.9948
0.99496
0.99454
0.9942
0.9943
0.99448
0.99464
0.99494
0.99462
0.9947
0.99472
0.99458
0.99496
0.99468
0.99496
0.99526
0.99446
0.99482
0.99586
0.99472
0.9949
0.99456
0.99516
0.99506
0.99468
0.99494
0.99424
0.9946
0.99466
0.99498
0.99466
0.9946
0.99496
0.99454
0.99418
0.99466
0.99498
0.99474
0.99456
0.9941
0.9943
0.99452
0.99508
0.99542
0.99504
0.99496
0.99478
0.9946
0.99492
0.99492
0.99518
0.9942
0.99454
0.9946
0.99464
0.99454
0.99496
0.9953
0.9947
0.99458
0.99476
0.99468
0.99502
0.9946
0.9952
0.99488
0.9953
0.995
0.99428
0.9951
0.99518
0.99518
0.99472
0.99456
0.9947
0.99512
0.99458
0.99448
0.99448
0.9945
0.9946
0.99432
0.99462
0.99496
0.9944
0.99472
0.99476
0.99452
0.99522
0.9949
0.9948
0.99532
0.99494
0.99436
0.99406
0.99468
0.99496
0.99452
0.99496
0.99464
0.99472
0.99508
0.99482
0.99464
0.99516
0.99482
0.9937
0.9951
0.99552
0.99462
0.99466
0.9951
0.99446
0.99456
0.99512
0.99476
0.99486
0.99512
0.99472
0.99496
0.99452
0.99514
0.99482
0.9949
0.99458
0.99494
0.99462
0.99504
0.99526
0.99482
0.99498
0.99466
0.99408
0.99504
0.99516
0.99382
0.99444
0.99474
0.9945
0.99426
0.99476
0.9947
0.9945
0.99526
0.99492
0.99568
0.99484
0.99508
0.9948
0.9943
0.9947
0.99426
0.99484
0.9945
0.99442
0.99504
0.9945
0.99502
0.99456
0.99494
0.99536
0.99454
0.99488
0.9949
0.99412
0.9945
0.99476
0.99464
0.9944
0.99482
0.99512
0.995
0.99456
0.9953
0.99502
0.9945
0.99476
0.99496
0.99496
0.99568
0.99462
0.99518
0.99496
0.99492
0.9942
0.99448
0.99414
0.995
0.99496
0.99466
0.99492
0.99442
0.99478
0.99452
0.99494
0.9946
0.99528
0.9948
0.99472
0.99492
0.99506
0.99544
0.99542
0.99516
0.99486
0.99446
0.99532
0.99456
0.99516
0.99476
0.99454
0.99446
0.99504
0.99474
0.99502
0.9947
0.99494
0.99478
0.99402
0.99504
0.9952
0.99568
0.9945
0.99486
0.9946
0.99486
0.99492
0.99464
0.99436
0.99426
0.99464
0.99532
0.99536
0.99482
0.99514
0.9949
0.99414
0.99498
0.99442
0.9945
0.99482
0.99504
0.99492
0.99454
0.9948
0.99442
0.9952
0.99486
0.99488
0.99486
0.99462
0.99484
0.99468
0.99394
0.99456
0.99472
0.9953
0.99464
0.99478
0.99486
0.99492
0.99512
0.99484
0.99474
0.99488
0.99568
0.99524
0.99496
0.99452
0.99494
0.99492
0.9942
0.99462
0.9947
0.99482
0.9947
0.99456
0.9943
0.99528
0.99484
0.99486
0.99476
0.9943
0.9949
0.99504
0.9954
0.99534
0.99486
0.99502
0.99518
0.9951
0.99446
0.99478
0.99422
0.9946
0.99424
0.99498
0.99474
0.99484
0.99526
0.99444
0.99486
0.99454
0.99476
0.99446
0.99486
0.99434
0.9952
0.99414
0.99546
0.99508
0.994
0.99476
0.99506
0.99504
0.99396
0.99468
0.99434
0.99522
0.99416
0.99472
0.99458
0.99472
0.9951
0.99436
0.99482
0.99498
0.99446
0.99462
0.99486
0.99494
0.99506
0.99434
0.99466
0.99482
0.99464
0.99524
0.99452
0.99478
0.99504
0.99468
0.9951
0.99444
0.9951
0.9946
0.99406
0.99482
0.99474
0.99428
0.99422
0.99474
0.9949
0.99478
0.99524
0.99416
0.99522
0.99506
0.9954
0.99488
0.9944
0.99488
0.99478
0.99522
0.99438
0.99498
0.9944
0.99488
0.99462
0.99524
0.99466
0.99482
0.99482
0.99518
0.99498
0.99446
0.9945
0.99412
0.99426
0.99494
0.99508
0.99474
0.99418
0.99374
0.99444
0.9954
0.99444
0.99516
0.99454
0.99486
0.99456
0.9945
0.9943
0.9946
0.99492
0.9942
0.99382
0.99492
0.99442
0.99486
0.99476
0.99442
0.99526
0.99474
0.99466
0.99418
0.99472
0.99514
0.99476
0.99464
0.99452
0.99498
0.99518
0.99458
0.9951
0.99428
0.99468
0.99422
0.99472
0.99452
0.99494
0.9948
0.99504
0.99434
0.99456
0.99506
0.99454
0.9947
0.99476
0.99472
0.99456
0.9948
0.99536
0.99478
0.99496
0.99466
0.99516
0.99438
0.99454
0.99488
0.9949
0.99546
0.99504
0.99492
0.99504
0.995
0.99466
0.9945
0.9953
0.99414
0.99498
0.9945
0.9946
0.99424
0.9949
0.99474
0.9949
0.99496
0.99498
0.99442
0.99524
0.99466
0.99478
0.99436
0.99444
0.99482
0.99474
0.99446
0.99466
0.99512
0.99452
0.9943
0.99548
0.9946
0.99452
0.99482
0.99528
0.99456
0.99492
0.99496
0.995
0.99508
0.99508
0.99424
0.99478
0.99476
0.99476
0.99434
0.99454
0.99452
0.99464
0.99444
0.99502
0.99458
0.9945
0.99498
0.99548
0.99454
0.99428
0.99502
0.99572
0.99486
0.99454
0.99498
0.9946
0.9945
0.9946
0.99482
0.99458
0.99502
0.99482
0.99454
0.99458
0.99444
0.99466
0.99536
0.99492
0.99448
0.99516
0.99462
0.99508
0.99438
0.99406
0.99452
0.99518
0.99452
0.9949
0.9946
0.9944
0.9944
0.99454
0.99512
0.99444
0.9946
0.99472
0.99452
0.99436
0.99404
0.99418
0.9944
0.99528
0.99514
0.99546
0.99468
0.99454
0.99494
0.99442
0.99496
0.99482
0.99438
0.99498
0.99454
0.99506
0.99502
0.9945
0.99516
0.99522
0.99486
0.99442
0.99478
0.9954
0.99466
0.99486
0.99484
0.99454
0.99534
0.9951
0.9949
0.99466
0.99528
0.99516
0.99488
0.99536
0.99528
0.99458
0.99514
0.995
0.99532
0.9951
0.99442
0.99432
0.99494
0.99448
0.99442
0.99434
0.99462
0.99466
0.99524
0.99474
0.99426
0.99472
0.9944
0.99478
0.99492
0.99494
0.99452
0.99478
0.995
0.99442
0.9944
0.99532
0.99448
0.99454
0.9942
0.99526
0.99498
0.995
0.99424
0.9946
0.99412
0.99534
0.9951
0.99422
0.99488
0.99454
0.99486
0.99528
0.99484
0.9955
0.99448
0.99466
0.99464
0.99468
0.99422
0.99504
0.99452
0.99522
0.99456
0.9954
0.99494
0.99486
0.99428
0.99444
0.9947
0.99478
0.99454
0.9952
0.99536
0.99496
0.99536
0.99414
0.99514
0.99376
0.99476
0.99424
0.99468
0.99492
0.99478
0.99512
0.99498
0.99454
0.99462
0.9948
0.9951
0.9936
0.99444
0.99486
0.99526
0.99442
0.99506
0.99502
0.99452
0.99454
0.9946
0.99534
0.99456
0.9953
0.9952
0.99466
0.99456
0.99494
0.99446
0.99518
0.99474
0.9949
0.99484
0.99528
0.9953
0.99464
0.99452
0.99518
0.99442
0.99492
0.99464
0.994
0.99486
0.99488
0.99488
0.99516
0.99482
0.99532
0.99496
0.99548
0.99524
0.99494
0.99508
0.99498
0.99482
0.99528
0.99494
0.9948
0.99448
0.99488
0.99434
0.99424
0.99444
0.99456
0.99452
0.99496
0.99486
0.99448
0.9952
0.9945
0.99496
0.9947
0.99424
0.99502
0.99462
0.9944
0.9942
0.99368
0.9952
0.9943
0.99536
0.99496
0.9945
0.9947
0.99526
0.9951
0.99506
0.99548
0.99478
0.99474
0.99446
0.99504
0.99468
0.99498
0.99496
0.9949
0.99484
0.9946
0.99372
0.99462
0.9947
0.9946
0.99472
0.99502
0.99438
0.99506
0.99554
0.9952
0.99458
0.99448
0.99442
0.9943
0.99464
0.9945
0.99416
0.99558
0.9947
0.99442
0.9945
0.99506
0.99468
0.99428
0.99484
0.99408
0.99484
0.99416
0.99466
0.99496
0.99406
0.99532
0.99394
0.99502
0.99454
0.9946
0.99486
0.99496
0.99408
0.99448
0.9946
0.99542
0.99508
0.99436
0.99454
0.99454
0.99404
0.99468
0.9951
0.99498
0.99518
0.994
0.99478
0.99492
0.9945
0.99478
0.99554
0.99478
0.99496
0.99418
0.99446
0.9953
0.99534
0.9946
0.9945
0.99468
0.9945
0.99436
0.9941
0.99448
0.99492
0.99492
0.995
0.99512
0.99446
0.99508
0.995
0.9954
0.99438
0.99472
0.9947
0.99444
0.99484
0.99512
0.99478
0.99482
0.9947
0.9942
0.99438
0.99532
0.9948
0.99474
0.9949
0.99446
0.99464
0.99442
0.99446
0.99446
0.99428
0.99402
0.99516
0.99502
0.99536
0.99492
0.9945
0.99422
0.99394
0.99496
0.99468
0.9946
0.99466
0.99454
0.99468
0.99474
0.99466
0.99458
0.9944
0.99436
0.99454
0.99462
0.99466
0.99492
0.99486
0.9949
0.9948
0.99458
0.9945
0.99488
0.99528
0.99484
0.9947
0.99422
0.99442
0.99406
0.99452
0.99452
0.99474
0.99468
0.99504
0.99458
0.99504
0.99506
0.99472
0.995
0.9947
0.99494
0.99488
0.99472
0.99514
0.99442
0.99458
0.99436
0.9947
0.99478
0.99474
0.99468
0.99452
0.9956
0.99526
0.99486
0.99492
0.99444
0.99502
0.99476
0.99476
0.99526
0.99466
0.9949
0.99472
0.99442
0.99488
0.99416
0.9942
0.9949
0.99476
0.99464
0.99472
0.99422
0.99406
0.9952
0.99494
0.99494
0.99448
0.99456
0.99494
0.99476
0.99502
0.9946
0.99526
0.99512
0.99472
0.99524
0.99534
0.9946
0.99418
0.99464
0.99496
0.99502
0.99446
0.9953
0.994
0.99536
0.99486
0.99436
0.99432
0.995
0.99506
0.99454
0.99496
0.99516
0.9947
0.99494
0.99536
0.99456
0.9949
0.99494
0.99536
0.99498
0.99466
0.99474
0.99446
0.99478
0.99468
0.99536
0.99426
0.99434
0.99528
0.99436
0.9951
0.99454
0.9943
0.99476
0.9947
0.9949
0.99498
0.9945
0.9953
0.9947
0.99412
0.99532
0.9947
0.99464
0.99482
0.99486
0.9954
0.99474
0.9945
0.9948
0.99432
0.99464
0.99498
0.99466
0.99492
0.99512
0.99436
0.99508
0.9951
0.9946
0.99522
0.9952
0.99488
0.99506
0.9949
0.99546
0.99444
0.99416
0.99466
0.99448
0.9951
0.99486
0.9951
0.99526
0.99498
0.99506
0.99478
0.9953
0.9945
0.9949
0.99512
0.9947
0.99466
0.99486
0.99462
0.99474
0.99484
0.99474
0.99508
0.99466
0.99492
0.99432
0.99478
0.99456
0.99468
0.9948
0.9941
0.99478
0.99438
0.99544
0.99514
0.9945
0.99508
0.99442
0.99472
0.99468
0.99522
0.99488
0.99424
0.9946
0.99482
0.99488
0.99486
0.99472
0.99496
0.99532
0.99478
0.99502
0.995
0.9954
0.99474
0.99492
0.99446
0.9945
0.99462
0.99442
0.99482
0.995
0.99454
0.99444
0.99468
0.99502
0.99492
0.99476
0.99482
0.9946
0.99432
0.99424
0.9947
0.99474
0.9947
0.9948
0.99456
0.99448
0.99492
0.99464
0.99508
0.9951
0.99474
0.99574
0.99452
0.9948
0.99484
0.99428
0.99462
0.9951
0.99442
0.9943
0.99506
0.99448
0.99432
0.9942
0.99536
0.99486
0.9949
0.9948
0.99456
0.99474
0.99452
0.99476
0.99462
0.99476
0.99468
0.99432
0.99398
0.99452
0.9944
0.99422
0.99518
0.99546
0.99404
0.99424
0.99502
0.9948
0.99474
0.9953
0.99452
0.99512
0.9943
0.99498
0.99496
0.99456
0.99406
0.9946
0.9946
0.995
0.99522
0.99412
0.99496
0.99522
0.99514
0.99386
0.99464
0.99532
0.99442
0.9954
0.9949
0.99476
0.9951
0.99472
0.99478
0.99446
0.99484
0.99434
0.99476
0.99508
0.99476
0.99466
0.99424
0.99484
0.99466
0.99438
0.99562
0.99442
0.99478
0.99546
0.99448
0.99434
0.99514
0.99528
0.99474
0.99512
0.99554
0.99466
0.99482
0.99512
0.9947
0.99454
0.99484
0.99476
0.99478
0.99476
0.99482
0.99408
0.99498
0.99488
0.99482
0.99502
0.9944
0.9952
0.99474
0.9949
0.99468
0.99454
0.99482
0.99464
0.9949
0.995
0.9946
0.99442
0.99532
0.99504
0.99516
0.99498
0.99508
0.99464
