0.9465
0.94614
0.94912
0.94762
0.9472
0.94842
0.94936
0.94646
0.94962
0.94906
0.94954
0.94946
0.95034
0.94756
0.94704
0.94738
0.94818
0.94846
0.9486
0.94882
0.94806
0.94886
0.95006
0.9473
0.94762
0.94948
0.94828
0.9493
0.94936
0.94666
0.94944
0.94814
0.9504
0.95048
0.94856
0.95016
0.95
0.94886
0.94898
0.94842
0.94996
0.94858
0.94848
0.94744
0.94946
0.9488
0.94794
0.95194
0.94982
0.94866
0.94756
0.95062
0.94748
0.94954
0.9532
0.94722
0.94828
0.9477
0.94922
0.9481
0.94996
0.94742
0.95052
0.94776
0.95038
0.94652
0.94964
0.94898
0.9483
0.94844
0.94886
0.94864
0.94672
0.9504
0.9502
0.94802
0.94926
0.94862
0.94784
0.94914
0.94952
0.94966
0.94834
0.94898
0.95076
0.94978
0.9477
0.94854
0.94712
0.94894
0.94892
0.9493
0.94666
0.94876
0.94952
0.94644
0.94942
0.94888
0.95076
0.94904
0.94804
0.94836
0.9505
0.95162
0.9494
0.94966
0.94844
0.949
0.95028
0.94768
0.94968
0.9496
0.94794
0.94946
0.9482
0.9501
0.95054
0.94864
0.94824
0.94848
0.94768
0.94772
0.94812
0.94648
0.9495
0.95086
0.94952
0.948
0.9511
0.94748
0.94842
0.94882
0.9489
0.94788
0.94898
0.94832
0.94788
0.94702
0.94878
0.94886
0.9481
0.9489
0.94552
0.94946
0.94776
0.9488
0.95022
0.94792
0.9494
0.94808
0.9492
0.95018
0.94576
0.94902
0.94682
0.95038
0.94976
0.94766
0.94856
0.94862
0.94772
0.9489
0.94784
0.95
0.94866
0.94926
0.94732
0.9489
0.94982
0.94872
0.94886
0.94568
0.94848
0.94566
0.95056
0.94956
0.94874
0.9502
0.94972
0.94944
0.94946
0.94916
0.94782
0.94962
0.949
0.94836
0.95028
0.94804
0.94762
0.94996
0.94858
0.95024
0.94856
0.9497
0.94848
0.94952
0.9499
0.94822
0.95004
0.94852
0.94944
0.94786
0.94874
0.9467
0.94944
0.95032
0.94792
0.9498
0.94972
0.94756
0.9465
0.94894
0.94938
0.94988
0.94832
0.9484
0.94914
0.94996
0.9508
0.95096
0.9493
0.9489
0.94696
0.94792
0.94676
0.94692
0.95002
0.9487
0.94806
0.9478
0.94874
0.94848
0.94818
0.94738
0.9498
0.94866
0.95052
0.94704
0.9485
0.9483
0.94872
0.9488
0.94776
0.94912
0.94842
0.95156
0.9486
0.94672
0.94882
0.95016
0.9505
0.94808
0.9476
0.9513
0.94774
0.94916
0.95054
0.94956
0.95
0.95024
0.9495
0.94956
0.94896
0.94748
0.94956
0.9497
0.94768
0.95066
0.94814
0.94754
0.94736
0.95008
0.94722
0.9497
0.94802
0.94886
0.94902
0.95054
0.94898
0.94934
0.94664
0.94884
0.94694
0.94884
0.947
0.95036
0.95096
0.9494
0.94902
0.94816
0.9486
0.94958
0.9481
0.94838
0.9488
0.94952
0.94912
0.94834
0.94828
0.94772
0.94552
0.94776
0.94868
0.94844
0.94976
0.94944
0.94904
0.94938
0.94716
0.94802
0.94854
0.94922
0.95036
0.94808
0.94932
0.95174
0.94884
0.9496
0.94974
0.94938
0.94512
0.94648
0.94558
0.94736
0.9474
0.94898
0.95014
0.94724
0.94932
0.94772
0.94824
0.95
0.94856
0.9476
0.94864
0.95032
0.94834
0.95062
0.94834
0.94768
0.9479
0.947
0.94844
0.94818
0.95044
0.94742
0.95078
0.94888
0.95024
0.95012
0.94898
0.94872
0.94802
0.94816
0.94914
0.94806
0.94912
0.95046
0.94954
0.9509
0.94808
0.94648
0.94908
0.94936
0.94868
0.94894
0.94786
0.9492
0.94806
0.94698
0.94902
0.94726
0.94696
0.94936
0.94986
0.95056
0.95218
0.94768
0.94934
0.94938
0.94826
0.94714
0.94972
0.94952
0.94662
0.94966
0.94916
0.94654
0.948
0.94922
0.94876
0.9502
0.94916
0.94714
0.9504
0.94884
0.9487
0.94664
0.94884
0.94964
0.95016
0.94902
0.94696
0.94804
0.94932
0.94848
0.94696
0.94886
0.95056
0.94988
0.95056
0.94786
0.94924
0.9462
0.94808
0.94818
0.9469
0.94802
0.94934
0.94906
0.9474
0.9474
0.95012
0.94794
0.94856
0.95094
0.94888
0.94898
0.94864
0.94592
0.94926
0.94702
0.94618
0.94944
0.94734
0.94894
0.94856
0.94762
0.94834
0.95092
0.94896
0.95016
0.94896
0.94912
0.94954
0.95
0.9496
0.94832
0.95006
0.94828
0.94788
0.94784
0.94828
0.95044
0.94808
0.94926
0.95234
0.94904
0.948
0.94914
0.9483
0.94954
0.94852
0.94676
0.94706
0.94686
0.94954
0.94756
0.951
0.94978
0.94878
0.95154
0.94846
0.94976
0.95214
0.94528
0.94896
0.94968
0.9494
0.94842
0.95138
0.94872
0.94938
0.94912
0.9481
0.94938
0.95112
0.94872
0.94712
0.94928
0.94912
0.94964
0.9483
0.94904
0.94834
0.94872
0.9485
0.94908
0.94978
0.94756
0.94854
0.94642
0.9481
0.94794
0.94964
0.94908
0.94834
0.94842
0.94984
0.9474
0.94886
0.94962
0.94662
0.94848
0.94872
0.94978
0.95108
0.94998
0.95156
0.94652
0.94826
0.94678
0.94798
0.94838
0.95018
0.94948
0.95052
0.94774
0.94958
0.94886
0.9477
0.947
0.95048
0.94868
0.95058
0.94906
0.94958
0.94838
0.94762
0.94888
0.94906
0.9479
0.94842
0.95038
0.9492
0.95054
0.94928
0.94584
0.9472
0.94834
0.94836
0.95284
0.94932
0.94968
0.94836
0.94874
0.94758
0.94888
0.94806
0.95054
0.9488
0.9481
0.9469
0.94826
0.9503
0.94992
0.94938
0.94814
0.94806
0.94786
0.9473
0.95132
0.94788
0.94948
0.94906
0.94844
0.94956
0.9478
0.94972
0.94846
0.95146
0.94972
0.94778
0.94636
0.94864
0.94868
0.94892
0.94918
0.94924
0.95078
0.94826
0.94738
0.9482
0.95056
0.9487
0.95112
0.95068
0.94936
0.94854
0.94714
0.94998
0.94882
0.95182
0.94874
0.94832
0.94844
0.9481
0.94906
0.94936
0.94718
0.95084
0.94888
0.94724
0.94662
0.9492
0.94808
0.95004
0.94744
0.9485
0.94786
0.94826
0.94666
0.94898
0.94872
0.94702
0.95088
0.94922
0.94674
0.94932
0.9476
0.94608
0.94878
0.94976
0.94672
0.94922
0.9469
0.94826
0.94842
0.94928
0.95064
0.95018
0.9489
0.9488
0.94764
0.94844
0.9475
0.94836
0.94948
0.94978
0.94898
0.94886
0.94996
0.94952
0.94644
0.9486
0.94846
0.94822
0.94968
0.94778
0.9485
0.94904
0.9475
0.94974
0.95078
0.94904
0.94714
0.94816
0.94988
0.94882
0.94896
0.94894
0.94886
0.95028
0.94942
0.95086
0.94958
0.9484
0.95036
0.9486
0.95
0.95008
0.94942
0.94878
0.94642
0.94866
0.94946
0.9504
0.94776
0.94754
0.94918
0.94764
0.94812
0.94974
0.94974
0.94944
0.94782
0.94792
0.9473
0.94992
0.94932
0.94944
0.94978
0.94788
0.94918
0.94824
0.95002
0.94852
0.94926
0.94856
0.94906
0.9486
0.94906
0.94758
0.95022
0.94982
0.9482
0.9475
0.95052
0.94964
0.94994
0.94762
0.95036
0.94672
0.94992
0.94794
0.94972
0.94762
0.94728
0.95006
0.9494
0.94788
0.95032
0.9485
0.9505
0.94852
0.9482
0.94934
0.94754
0.94882
0.94778
0.95006
0.94976
0.9501
0.9476
0.94934
0.94716
0.9478
0.94984
0.94736
0.94932
0.94756
0.94802
0.94698
0.94776
0.9484
0.94978
0.94998
0.94854
0.94878
0.9484
0.94864
0.95196
0.94844
0.9488
0.94932
0.94778
0.9518
0.95092
0.94934
0.95014
0.94946
0.94888
0.94992
0.94876
0.94988
0.95062
0.94646
0.94852
0.94784
0.94936
0.94756
0.94942
0.94844
0.94922
0.94984
0.94786
0.95114
0.94748
0.95006
0.94904
0.94846
0.94852
0.94656
0.94854
0.94814
0.94972
0.94752
0.9478
0.9485
0.95024
0.94824
0.9467
0.94792
0.9491
0.95032
0.94902
0.9501
0.94868
0.94698
0.94586
0.94748
0.94752
0.95046
0.94904
0.94916
0.94774
0.9476
0.94726
0.94692
0.94936
0.94898
0.94876
0.9491
0.94768
0.9503
0.94682
0.94838
0.95028
0.94948
0.9502
0.94758
0.95066
0.94852
0.94896
0.94824
0.94956
0.94848
0.9484
0.94948
0.94956
0.94922
0.94988
0.95022
0.94864
0.94918
0.94916
0.9486
0.94774
0.94682
0.94614
0.94938
0.94964
0.9483
0.94994
0.94756
0.94936
0.94926
0.94872
0.94922
0.94802
0.94732
0.9524
0.94764
0.9483
0.94838
0.94958
0.94958
0.95018
0.94882
0.94944
0.94886
0.9509
0.9487
0.94686
0.94926
0.94916
0.94714
0.95014
0.9487
0.94972
0.9487
0.94702
0.94662
0.949
0.94936
0.9493
0.9509
0.9489
0.95012
0.94766
0.94746
0.94714
0.9485
0.95008
0.94978
0.94928
0.94976
0.94892
0.94692
0.9502
0.94796
0.94772
0.94838
0.94862
0.94972
0.94878
0.94682
0.95004
0.94818
0.9484
0.94884
0.94862
0.94816
0.94742
0.94958
0.9504
0.94858
0.94784
0.94986
0.9477
0.9476
0.95044
0.94834
0.94832
0.94826
0.94768
0.9509
0.94868
0.94738
0.95066
0.9499
0.94744
0.94962
0.9475
0.9487
0.95048
0.94914
0.94984
0.94794
0.94936
0.94972
0.94998
0.94972
0.9487
0.94862
0.94912
0.94926
0.94896
0.9503
0.94914
0.94986
0.94894
0.94914
0.94828
0.95054
0.95024
0.94928
0.9476
0.94932
0.94752
0.9502
0.9492
0.94866
0.94846
0.951
0.9478
0.94718
0.94806
0.94706
0.94916
0.94786
0.94934
0.94878
0.9479
0.94908
0.94946
0.94896
0.94888
0.95014
0.95098
0.9492
0.94768
0.94846
0.9496
0.94988
0.94722
0.95078
0.9492
0.94738
0.94782
0.94892
0.94856
0.94804
0.94902
0.94798
0.9474
0.9482
0.9472
0.94716
0.94918
0.95068
0.94932
0.94656
0.9496
0.94784
0.9477
0.95042
0.94902
0.95074
0.94926
0.9475
0.94944
0.95022
0.94888
0.94948
0.94954
0.94938
0.94824
0.95098
0.94918
0.94768
0.94864
0.95026
0.94828
0.94986
0.94828
0.9497
0.94888
0.9498
0.94822
0.9487
0.9496
0.94636
0.94854
0.94946
0.95062
0.94892
0.95024
0.9483
0.9491
0.94838
0.9479
0.94686
0.94946
0.94836
0.94932
0.9503
0.94794
0.9477
0.94892
0.94878
0.94844
0.94882
0.94694
0.94608
0.94906
0.94914
0.95058
0.94786
0.94964
0.94862
0.9494
0.94828
0.948
0.95018
0.94654
0.9482
0.94762
0.94924
0.94564
0.94882
0.94968
0.9497
0.94964
0.9498
0.94896
0.94922
0.94912
0.94888
0.95058
0.94896
0.94724
0.94886
0.94892
0.94934
0.94958
0.9475
0.94742
0.94674
0.94668
0.9491
0.9504
0.9479
0.9495
0.94722
0.94966
0.94962
0.94558
0.94914
0.94956
0.9489
0.94752
0.94948
0.9494
0.9486
0.94694
0.9513
0.94918
0.94828
0.94906
0.95014
0.94702
0.94844
0.94986
0.9475
0.94932
0.9478
0.9501
0.9482
0.95016
0.95072
0.9484
0.9517
0.94906
0.94988
0.95114
0.94662
0.94754
0.948
0.9484
0.94962
0.94678
0.95094
0.9482
0.94808
0.94876
0.94774
0.9488
0.94756
0.94824
0.94798
0.94838
0.94972
0.9483
0.9483
0.94906
0.95072
0.9493
0.9481
0.94916
0.9483
0.94818
0.94938
0.94938
0.9485
0.95026
0.94944
0.94954
0.94898
0.94906
0.94876
0.94774
0.94914
0.94898
0.94868
0.949
0.94798
0.94946
0.9479
0.95074
0.94872
0.9483
0.949
0.94858
0.94988
0.9493
0.9493
0.95138
0.94934
0.9468
0.94858
0.94764
0.94994
0.94838
0.94846
0.94748
0.94832
0.95034
0.94862
0.94746
0.94814
0.95048
0.95048
0.94838
0.94984
0.95022
0.9487
0.94856
0.951
0.95074
0.94836
0.9485
0.94792
0.94964
0.94778
0.95114
0.94854
0.94892
0.94652
0.94812
0.9504
0.94968
0.95094
0.95048
0.94748
0.94924
0.94758
0.94888
0.94852
0.94924
0.95052
0.94962
0.94934
0.95032
0.94944
0.94902
0.94718
0.9476
0.94918
0.94844
0.95018
0.94834
0.94986
0.948
0.94702
0.9498
0.9488
0.94786
0.94732
0.9466
0.94904
0.95026
0.94838
0.95128
0.94838
0.94748
0.9484
0.94994
0.94654
0.94646
0.9478
0.94978
0.94878
0.94802
0.95042
0.94996
0.94796
0.94782
0.94738
0.94906
0.94876
0.94918
0.94804
0.94928
0.94966
0.94836
0.94728
0.94844
0.95082
0.94952
0.94946
0.94818
0.94998
0.9485
0.94988
0.94922
0.95044
0.94942
0.9498
0.9488
0.9491
0.95008
0.948
0.9489
0.94764
0.94656
0.94698
0.94752
0.94784
0.94958
0.94882
0.94878
0.94902
0.95086
0.95066
0.9471
0.94974
0.95
0.94838
0.94674
0.94716
0.95284
0.94766
0.94988
0.94996
0.95044
0.95176
0.94656
0.94842
0.94998
0.94972
0.94854
0.9469
0.94882
0.94932
0.9477
0.94744
0.94766
0.94896
0.94786
0.9489
0.94818
0.94926
0.95004
0.94862
0.95028
0.94996
0.94926
0.95036
0.94692
0.9484
0.9484
0.94608
0.94534
0.94794
0.95016
0.95054
0.94892
0.9491
0.9476
0.947
0.948
0.9485
0.9493
0.94724
0.9487
0.95136
0.94736
0.94818
0.94786
0.9481
0.94964
0.94912
0.95034
0.94856
0.94974
0.94972
0.9482
0.94808
0.94988
0.94878
0.9491
0.947
0.94892
0.94746
0.951
0.94732
0.94726
0.94912
0.94996
0.94702
0.95118
0.94702
0.94792
0.94812
0.94772
0.94832
0.94804
0.94728
0.94954
0.947
0.9503
0.94988
0.9495
0.94814
0.94878
0.94886
0.9467
0.94952
0.94832
0.94802
0.94876
0.94794
0.94864
0.94886
0.94912
0.94934
0.94974
0.95166
0.94712
0.94934
0.94818
0.94994
0.9493
0.95088
0.9477
0.95126
0.94998
0.94814
0.9497
0.94804
0.94888
0.9482
0.94802
0.94826
0.94978
0.94898
0.94836
0.95072
0.94884
0.94958
0.94762
0.9494
0.94698
0.94804
0.95014
0.94772
0.94734
0.9485
0.9505
0.94852
0.94954
0.9506
0.9497
0.9501
0.94994
0.94858
0.94872
0.95014
0.94892
0.94896
0.9492
0.94894
0.95004
0.95002
0.9502
0.95072
0.94932
0.94894
0.94832
0.95176
0.94808
0.94992
0.95062
0.94834
0.94698
0.94728
0.94946
0.94786
0.94774
0.9475
0.94996
0.94846
0.94874
0.94908
0.94872
0.94798
0.94776
0.94922
0.94934
0.9512
0.9483
0.94782
0.94528
0.94668
0.94906
0.94908
0.9486
0.94878
0.94996
0.94786
0.95016
0.94798
0.94732
0.94778
0.94862
0.94888
0.95008
0.94726
0.9488
0.94878
0.95102
0.95004
0.9495
0.94826
0.9498
0.94764
0.9494
0.9482
0.9492
0.95066
0.94864
0.9498
0.9483
0.95082
0.94862
0.9485
0.94882
0.95088
0.94734
0.9467
0.94896
0.94932
0.948
0.94818
0.94864
0.94862
0.94842
0.94838
0.94748
0.948
0.9491
0.9494
0.95
0.94896
0.9489
0.95004
0.9501
0.94858
0.95286
0.94784
0.94802
0.94692
0.95018
0.9462
0.94976
0.94866
0.94946
0.94902
0.94718
0.94802
0.94828
0.94992
0.94854
0.9465
0.94786
0.94828
0.94842
0.94804
0.94806
0.95074
0.9481
0.9475
0.94942
0.95002
0.94716
0.9485
0.94768
0.9476
0.94882
0.949
0.94958
0.94868
0.94734
0.94834
0.95272
0.9476
0.94734
0.94952
0.95002
0.9514
0.94498
0.94912
0.95074
0.94762
0.94854
0.94822
0.94972
0.95056
0.94948
0.9491
0.94742
0.94856
0.94994
0.94888
0.94978
0.9497
0.95072
0.94768
0.94832
0.95026
0.94764
0.95004
0.94968
0.95016
0.94866
0.94862
0.94858
0.94764
0.94974
0.94802
0.94812
0.95086
0.94864
0.95178
0.94898
0.94782
0.94776
0.95028
0.94792
0.94802
0.9469
0.94952
0.94662
0.9498
0.95012
0.94712
0.94886
0.94702
0.95164
0.94628
0.95002
0.9509
0.9478
0.94754
0.94986
0.9503
0.94694
0.94862
0.94836
0.95022
0.94716
0.94762
0.94818
0.9483
0.94922
0.9494
0.9469
0.94828
0.94994
0.94892
0.94676
0.9487
0.94772
0.94926
0.94886
0.95008
0.94796
0.94714
0.94756
0.94814
0.94802
0.94682
0.94828
0.94958
0.94902
0.94852
0.94914
0.94752
0.94982
0.94718
0.94818
0.9501
0.949
0.9491
0.94706
0.94768
0.94796
0.94836
0.9476
0.94912
0.9487
0.94832
0.94624
0.94826
0.95106
0.9514
0.94998
0.94902
0.95058
0.94634
0.94784
0.94834
0.94778
0.94842
0.9479
0.9493
0.9483
0.9478
0.94874
0.94938
0.9513
0.94822
0.94546
0.94952
0.94728
0.94826
0.95036
0.94894
0.95068
0.94828
0.94984
0.9483
0.94716
0.94796
0.94944
0.94852
0.94998
0.94874
0.94852
0.9495
0.94738
0.9464
0.94986
0.9482
0.94986
0.94924
0.9483
0.9491
0.94806
0.94734
0.94782
0.94764
0.95094
0.94768
0.94686
0.94588
0.94896
0.94806
0.94766
0.94814
0.94842
0.95026
0.9487
0.94936
0.94764
0.95034
0.9488
0.9495
0.9499
0.94782
0.95008
0.94764
0.94944
0.95216
0.94644
0.94806
0.94948
0.95038
0.94944
0.94786
0.9499
0.94952
0.94898
0.95166
0.9473
0.94916
0.95006
0.94838
0.9467
0.94956
0.94834
0.94882
0.94792
0.94842
0.94864
0.94844
0.94718
0.9484
0.94926
0.94542
0.94688
0.9477
0.94836
0.94812
0.94822
0.94946
0.949
0.94998
0.94962
0.94834
0.94818
0.9483
0.94864
0.94926
0.94814
0.94674
0.95074
0.9488
0.94872
0.9493
0.95026
0.9503
0.94702
0.94924
0.94896
0.94732
0.94628
0.94912
0.94784
0.95092
0.94882
0.9474
0.94866
0.94928
0.94646
0.94886
0.94904
0.94784
0.94854
0.95176
0.9474
0.94998
0.94936
0.94998
0.9488
0.9495
0.94898
0.94908
0.94846
0.9485
0.94898
0.94862
0.94964
0.94782
0.94728
0.94804
0.9498
0.94994
0.94796
0.94892
0.95012
0.94832
0.94956
0.94904
0.94834
0.94854
0.94808
0.9504
0.95174
0.94954
0.9471
0.9487
0.9525
0.94688
0.9508
0.94948
0.94894
0.94932
0.94838
0.9488
0.94534
0.94842
0.94892
0.94718
0.95008
0.94936
0.947
0.9495
0.94698
0.94946
0.94792
0.94768
0.94888
0.9496
0.94876
0.94844
0.94854
0.94734
0.9498
0.9489
0.94882
0.94706
0.95006
0.94726
0.94858
0.94828
0.94956
0.94804
0.94916
0.94974
0.9498
0.94738
0.94608
0.94904
0.94878
0.9468
0.94794
0.95124
0.94812
0.95004
0.95026
0.9474
0.94668
0.94782
0.94782
0.95078
0.94846
0.94902
0.94688
0.9484
0.94742
0.94622
0.9493
0.94744
0.95014
0.94834
0.94542
0.95024
0.948
0.95038
0.9474
0.94658
0.95
0.94992
0.9507
0.94746
0.9481
0.95088
0.95038
0.94872
0.94772
0.94888
0.94702
0.94868
0.9483
0.94768
0.95088
0.95026
0.94832
0.94956
0.9505
0.94752
0.95036
0.95016
0.9474
0.94954
0.95064
0.94788
0.94746
0.94734
0.94808
0.95046
0.9507
0.9497
0.94636
0.948
0.94784
0.94666
0.94818
0.95084
0.95006
0.94796
0.94604
0.94926
0.9488
0.9505
0.94704
0.94656
0.94822
0.94842
0.95114
0.94944
0.9487
0.9505
0.94984
0.94994
0.94792
0.94924
0.94848
0.94914
0.94972
0.94934
0.94794
0.94894
0.94844
0.94938
0.94758
0.9491
0.94902
0.94854
0.94778
0.9489
0.94756
0.94926
0.94712
0.94748
0.94918
0.9474
0.9472
0.94846
0.94794
0.94848
0.94802
0.94884
0.9484
0.94742
0.94628
0.94664
0.94912
0.94872
0.95074
0.94874
0.94834
0.94938
0.94768
0.94978
0.94668
0.94944
0.94848
0.94792
0.94904
0.95056
0.94904
0.94768
0.94874
0.95012
0.94788
0.95054
0.94816
0.9483
0.94984
0.94668
0.94914
0.9472
0.94872
0.9483
0.94722
0.94626
0.94934
0.9476
0.94804
0.94886
0.94818
0.94894
0.94906
0.94834
0.94784
0.94842
0.94978
0.94938
0.94822
0.948
0.9471
0.94956
0.94948
0.94944
0.94952
0.94836
0.95124
0.94814
0.94856
0.94798
0.949
0.95058
0.95024
0.94688
0.94956
0.94978
0.94826
0.95032
0.94974
0.95054
0.94792
0.9482
0.94934
0.94936
0.94838
0.9488
0.95024
0.94928
0.9515
0.94896
0.94852
0.95002
0.95002
0.94926
0.94864
0.94986
0.9507
0.94736
0.94894
0.94992
0.94844
0.94928
0.94852
0.94876
0.94994
0.94798
0.94926
0.94836
0.95016
0.94978
0.95046
0.94972
0.94752
0.94924
0.94912
0.9485
0.9496
0.94784
0.94958
0.94974
0.94872
0.9489
0.9486
0.94916
0.94952
0.95082
0.94904
0.94714
0.94872
0.94838
0.94924
0.94934
0.94922
0.94812
0.94712
0.94798
0.94846
0.94992
0.94888
0.94766
0.94692
0.94844
0.94802
0.951
0.94864
0.94852
0.95138
0.94722
0.94854
0.94986
0.94832
0.94866
0.95068
0.94888
0.94734
0.94816
0.9505
0.9503
0.9493
0.94912
0.94956
0.94958
0.9496
0.94872
0.94624
0.94792
0.94824
0.9504
0.94696
0.94844
0.94796
0.94982
0.94814
0.94768
0.94704
0.9488
0.94946
0.94926
0.94936
0.94904
0.94796
0.94802
0.94968
0.94788
0.9497
0.9488
0.94636
0.94798
0.9473
0.94888
0.94882
0.94916
0.94922
0.94792
0.9503
0.94894
0.94836
0.9488
0.94822
0.95068
0.94814
0.94726
0.94932
0.94868
0.95016
0.94938
0.949
0.94864
0.94912
0.94792
0.9495
0.94722
0.94726
0.94778
0.947
0.95008
0.9484
0.94686
0.94928
0.94952
0.9498
0.95138
0.9468
0.94796
0.94898
0.94974
0.9469
0.95038
0.94636
0.9486
0.94728
0.94878
0.94832
0.95054
0.94468
0.94764
0.94912
0.9496
0.94914
0.94812
0.94814
0.94872
0.94918
0.9481
0.94892
0.9491
0.94628
0.94862
0.94782
0.9478
0.94958
0.94794
0.9488
0.94956
0.94976
0.9482
0.94812
0.9483
0.9476
0.9515
0.9505
0.9491
0.94758
0.94844
0.94964
0.9485
0.95014
0.94912
0.94756
0.94838
0.9467
0.94978
0.94738
0.94816
0.9489
0.95036
0.94792
0.94992
0.94692
0.94928
0.94952
0.9509
0.94978
0.94852
0.94926
0.94866
0.94848
0.94736
0.95044
0.9467
0.94828
0.946
0.9498
0.94764
0.94772
0.94694
0.9483
0.94872
0.94916
0.9503
0.95076
0.95022
0.9489
0.9482
0.94918
0.94822
0.94926
0.94886
0.94914
0.94832
0.94668
0.94906
0.94914
0.94906
0.94652
0.94936
0.94686
0.94928
0.94906
0.9471
0.94608
0.94856
0.94926
0.9499
0.94992
0.9493
0.9483
0.94808
0.94832
0.94946
0.94772
0.95012
0.94682
0.94838
0.95026
0.94848
0.9496
0.94994
0.9497
0.94902
0.94658
0.95014
0.94656
0.94928
0.94646
0.95
0.94748
0.94956
0.94846
0.94942
0.94862
0.9481
0.94832
0.9483
0.94596
0.95032
0.94734
0.94966
0.94944
0.95098
0.9477
0.949
0.94746
0.9487
0.94802
0.94906
0.95026
0.94872
0.94904
0.9475
0.95098
0.94774
0.94826
0.94904
0.94838
0.94788
0.94662
0.9486
0.94686
0.94954
0.949
0.94962
0.9493
0.9476
0.94966
0.94794
0.94548
0.94788
0.94876
0.94908
0.94914
0.9494
0.94944
0.94836
0.95136
0.94848
0.95038
0.94748
0.94778
0.94858
0.94862
0.94952
0.94984
0.948
0.948
0.94896
0.9477
0.9495
0.94928
0.94894
0.94884
0.94804
0.94856
0.9499
0.94964
0.94892
0.94892
0.94894
0.95032
0.94886
0.94826
0.94842
0.94774
0.95114
0.94732
0.94666
0.94834
0.94728
0.95134
0.94726
0.9461
0.95052
0.94768
0.94958
0.94806
0.94866
0.94938
0.94832
0.94794
0.94874
0.95036
0.95156
0.94612
0.9469
0.94876
0.94928
0.94762
0.94916
0.94528
0.94774
0.94892
0.94866
0.94866
0.94862
0.95098
0.9477
0.9484
0.9506
0.9509
0.9495
0.95014
0.95018
0.95112
0.95018
0.94998
0.94698
0.94936
0.9475
0.9478
0.94942
0.94898
0.94996
0.9497
0.94842
0.94968
0.94738
0.94876
0.95022
0.9494
0.94894
0.94648
0.94932
0.9472
0.9483
0.95026
0.95104
0.94674
0.9507
0.9481
0.94902
0.94912
0.95
0.9495
0.94932
0.94854
0.94988
0.949
0.94866
0.94724
0.94772
0.94838
0.94886
0.94914
0.94862
0.94728
0.94758
0.94846
0.94978
0.95154
0.94996
0.94766
0.9489
0.9487
0.94894
0.94904
0.94858
0.94732
0.94768
0.953
0.94698
0.94664
0.9511
0.94788
0.94556
0.9477
0.94702
0.94966
0.94708
0.94728
0.94938
0.94976
0.94708
0.94882
0.95002
0.94742
0.949
0.94828
0.94694
0.94802
0.94804
0.94942
0.9479
0.9486
0.94926
0.9492
0.94876
0.95024
0.94716
0.94574
0.95034
0.95122
0.94834
0.94534
0.94944
0.94886
0.94852
0.9507
0.94894
0.94708
0.94954
0.9491
0.94906
0.94956
0.94906
0.94924
0.94892
0.94894
0.94588
0.94724
0.94892
0.9466
0.9505
0.94904
0.95018
0.9506
0.94952
0.94728
0.94832
0.9496
0.95096
0.94816
0.94884
0.94986
0.94856
0.94714
0.94938
0.9496
0.94946
0.9477
0.95016
0.94944
0.94844
0.94852
0.94712
0.9461
0.9491
0.94782
0.95078
0.94834
0.95026
0.94982
0.94872
0.94816
0.94838
0.94974
0.94956
0.95012
0.94722
0.94864
0.9509
0.95038
0.94912
0.94708
0.94932
0.94922
0.9501
0.94914
0.94776
0.94916
0.95006
0.94952
0.9486
0.94718
0.94904
0.94952
0.9497
0.94916
0.94804
0.94812
0.95022
0.94924
0.9467
0.94802
0.94862
0.9503
0.9486
0.94932
0.94934
0.9514
0.94874
0.94932
0.95004
0.94754
0.95014
0.94892
0.94956
0.95048
0.9477
0.94984
0.94986
0.94738
0.94884
0.94598
0.94996
0.94864
0.94888
0.94962
0.94814
0.94764
0.94814
0.95032
0.9498
0.94934
0.94944
0.94874
0.94944
0.9473
0.94958
0.94832
0.94966
0.94838
0.94942
0.94926
0.94802
0.94858
0.9478
0.94834
0.95032
0.94658
0.94836
0.94964
0.94872
0.94918
0.94806
0.94902
0.94798
0.94722
0.948
0.94728
0.94894
0.9472
0.94864
0.94798
0.9473
0.94702
0.9492
0.94704
0.95016
0.94856
0.95068
0.94768
0.94866
0.9499
0.94898
0.948
0.94804
0.94806
0.95116
0.94946
0.94986
0.95066
0.94884
0.94862
0.9491
0.94904
0.94872
0.94914
0.94684
0.9474
0.94814
0.94866
0.94612
0.94896
0.94844
0.94794
0.948
0.94954
0.94702
0.94736
0.95076
0.94722
0.94882
0.94716
0.9494
0.95038
0.94894
0.9477
0.94928
0.9478
0.95068
0.94896
0.95012
0.94706
0.9488
0.94766
0.94846
0.9461
0.9484
0.94854
0.94822
0.94966
0.94796
0.94822
0.94948
0.9499
0.94912
0.9473
0.94934
0.94948
0.94764
0.94634
0.95048
0.9495
0.94778
0.95016
0.9495
0.9486
0.94852
0.94912
0.94958
0.94926
0.9499
0.94916
0.94916
0.94928
0.948
0.9478
0.94714
0.95028
0.94746
0.9487
0.94758
0.94786
0.9515
0.94806
0.9483
0.94876
0.94836
0.9493
0.94928
0.94996
0.94922
0.94836
0.94688
0.95052
0.94954
0.94884
0.94864
0.9516
0.94812
0.9486
0.94778
0.9482
0.94884
0.94838
0.95038
0.9492
0.94858
0.95018
0.94836
0.9468
0.9484
0.95002
0.94792
0.94916
0.949
0.94996
0.9475
0.94922
0.9482
0.9503
0.94694
0.94776
0.9485
0.95042
0.9498
0.9493
0.94616
0.94928
0.9467
0.94814
0.94942
0.94598
0.94934
0.94712
0.94984
0.94932
0.94882
0.94918
0.94864
0.94684
0.94846
0.94918
0.9475
0.94936
0.9479
0.94754
0.95026
0.95056
0.9485
0.94808
0.94836
0.95146
0.9481
0.94922
0.94888
0.94694
0.94896
0.95076
0.94824
0.9485
0.94948
0.9488
0.94914
0.94834
0.9498
0.94996
0.94888
0.94886
0.94952
0.94812
0.9482
0.94876
0.94892
0.95004
0.94814
0.94884
0.95072
0.94788
0.94994
0.94982
0.94842
0.95012
0.95152
0.94912
0.94932
0.94762
0.94782
0.94916
0.9496
0.94892
0.94954
0.9483
0.94946
0.95002
0.94868
0.95044
0.94858
0.94846
0.9523
0.9501
0.95054
0.9492
0.9484
0.9475
0.94868
0.94966
0.94806
0.94742
0.94838
0.9484
0.94806
0.94764
0.949
0.94994
0.94778
0.94882
0.94806
0.94938
0.9498
0.94946
0.94826
0.94766
0.95088
0.94862
0.9492
0.94882
0.94906
0.9493
0.9477
0.94842
0.94932
0.94754
0.94782
0.95034
0.94652
0.9513
0.94948
0.94862
0.94616
0.94908
0.94798
0.94808
0.94786
0.94716
0.94612
0.94844
0.95098
0.94962
0.9487
0.94888
0.94926
0.94916
0.94962
0.94998
0.94768
0.9498
0.94892
0.95008
0.94822
0.94854
0.94776
0.94808
0.94852
0.94822
0.94844
0.94852
0.9484
0.95078
0.94724
0.95042
0.9489
0.95086
0.94918
0.9488
0.94964
0.95112
0.9489
0.9499
0.94852
0.94902
0.94604
0.95056
0.9481
0.94874
0.9496
0.94758
0.94822
0.94688
0.94804
0.95006
0.94846
0.94932
0.9486
0.94834
0.94724
0.94856
0.95042
0.9487
0.9502
0.9482
0.9479
0.94824
0.94858
0.94808
0.9478
0.9489
0.94726
0.95114
0.94954
0.94854
0.95052
0.94834
0.94992
0.94836
0.9472
0.94802
0.94748
0.94974
0.9482
0.94962
0.94838
0.94836
0.95058
0.94746
0.94718
0.9503
0.94846
0.9482
0.94818
0.94712
0.94792
0.95002
0.94808
0.94944
0.95066
0.94874
0.94738
0.94908
0.9477
0.94852
0.95032
0.94806
0.94602
0.95022
0.94828
0.94834
0.9519
0.95008
0.94712
0.94714
0.95162
0.9476
0.9537
0.94912
0.9511
0.9486
0.94786
0.9477
0.94662
0.94864
0.95004
0.94852
0.9488
0.94942
0.946
0.94964
0.94952
0.94824
0.94866
0.9499
0.94972
0.94758
0.94888
0.94714
0.94976
0.94776
0.94798
0.94914
0.9493
0.94814
0.94746
0.94948
0.9471
0.94826
0.94818
0.947
0.94764
0.9492
0.94812
0.94918
0.94838
0.95
0.95012
0.94968
0.94692
0.9506
0.94806
0.94888
0.94892
0.95028
0.94914
0.9483
0.94804
0.94784
0.9485
0.94842
0.94716
0.94762
0.94616
0.94752
0.94906
0.94854
0.94804
0.94764
0.9479
0.94974
0.9476
0.95156
0.94812
0.94836
0.94952
0.94948
0.9482
0.94916
0.94966
0.94964
0.95036
0.94776
0.94496
0.94668
0.9476
0.94604
0.94796
0.94654
0.9494
0.94802
0.94684
0.94804
0.94954
0.94958
0.94928
0.9473
0.94688
0.94806
0.95104
0.94802
0.94912
0.95174
0.94752
0.95
0.9484
0.9497
0.94902
0.95046
0.94916
0.94648
0.94814
0.95016
0.94744
0.94936
0.94552
0.94772
0.94726
0.94754
0.9501
0.94862
0.94846
0.94756
0.9491
0.95114
0.94646
0.94988
0.94732
0.94902
0.94914
0.94952
0.94834
0.9478
0.94902
0.9496
0.95016
0.9477
0.94716
0.94938
0.94912
0.95076
0.95142
0.9494
0.95118
0.95116
0.95004
0.94922
0.94756
0.94962
0.94928
0.9481
0.94826
0.94894
0.95022
0.9483
0.95014
0.9505
0.94944
0.94846
0.949
0.94864
0.94946
0.9468
0.94718
0.94862
0.94722
0.95034
0.94728
0.94586
0.94906
0.9477
0.94854
0.94692
0.9513
0.94708
0.94874
0.94696
0.94916
0.94724
0.94546
0.94964
0.94852
0.95076
0.9471
0.94902
0.94884
0.9507
0.94824
0.94772
0.94858
0.9492
0.9474
0.94686
0.95016
0.94728
0.94926
0.94844
0.94916
0.95084
0.9478
0.94668
0.94892
0.94832
0.9475
0.95052
0.94956
0.9489
0.9486
0.9496
0.95062
0.9485
0.9476
0.94736
0.94942
0.94896
0.94934
0.9493
0.94804
0.94946
0.9501
0.94612
0.94714
0.94876
0.94792
0.94884
0.94786
0.9489
0.94912
0.94862
0.95106
0.9501
0.94924
0.94824
0.94998
0.94922
0.94886
0.951
0.94918
0.94698
0.94854
0.94868
0.94742
0.94808
0.94976
0.9483
0.94824
0.94478
0.94802
0.94848
0.95072
0.94944
0.94946
0.94806
0.9465
0.94878
0.94702
0.94944
0.94986
0.94844
0.95052
0.94808
0.947
0.9503
0.94938
0.94904
0.94892
0.9501
0.94906
0.94964
0.94768
0.94862
0.94922
0.94736
0.9498
0.9477
0.94878
0.94838
0.9465
0.94922
0.94968
0.94766
0.9476
0.94818
0.95054
0.95092
0.95144
0.9497
0.94906
0.95014
0.9493
0.9501
0.94916
0.95062
0.94868
0.94852
0.95072
0.94648
0.94822
0.94986
0.94798
0.94826
0.94934
0.95036
0.94802
0.94718
0.94674
0.94762
0.94634
0.94744
0.94796
0.94706
0.94852
0.94872
0.95094
0.9498
0.94788
0.94676
0.9484
0.95002
0.94854
0.9462
0.94916
0.9468
0.94954
0.94574
0.94924
0.94838
0.94848
0.94788
0.94918
0.94854
0.94884
0.94858
0.94928
0.95024
0.94874
0.95054
0.94884
0.95098
0.94922
0.94926
0.9484
0.94844
0.9499
0.9481
0.94974
0.94938
0.94792
0.94948
0.94888
0.94814
0.9468
0.94824
0.949
0.94898
0.94764
0.948
0.94906
0.9479
0.94904
0.94744
0.9473
0.9503
0.94798
0.9476
0.9468
0.94994
0.94866
0.94638
0.94978
0.94784
0.94748
0.94992
0.94938
0.9487
0.9492
0.9481
0.9477
0.94726
0.94738
0.94954
0.94894
0.94956
0.94778
0.94974
0.94858
0.94788
0.94676
0.94684
0.9466
0.9475
0.94848
0.94986
0.94668
0.94934
0.94846
0.94834
0.94916
0.94764
0.94886
0.94722
0.95078
0.94636
0.94822
0.95034
0.94934
0.9476
0.9464
0.94936
0.94854
0.95026
0.95032
0.94734
0.94832
0.94676
0.9474
0.9467
0.94862
0.94792
0.94916
0.94776
0.9474
0.94886
0.94962
0.94992
0.94964
0.94844
0.94946
0.9504
0.94736
0.94984
0.94834
0.94832
0.94944
0.95056
0.94722
0.94954
0.95012
0.94844
0.94832
0.95098
0.94904
0.94822
0.9488
0.94936
0.94886
0.94634
0.94954
0.94904
0.9482
0.94942
0.95068
0.94886
0.9484
0.94816
0.94866
0.94638
0.94928
0.94928
0.9511
0.94668
0.94944
0.94926
0.94688
0.95046
0.94806
0.9494
0.94988
0.94852
0.94914
0.95064
0.95132
0.94646
0.94888
0.94802
0.94796
0.94894
0.94914
0.9494
0.94902
0.94688
0.9475
0.94718
0.94826
0.9491
0.94968
0.94802
0.9503
0.94894
0.9472
0.94748
0.94742
0.94988
0.9499
0.94964
0.94976
0.94928
0.94858
0.95044
0.94836
0.94838
0.94832
0.949
0.94902
0.94872
0.94774
0.94884
0.94926
0.9464
0.94944
0.94806
0.94978
0.94726
0.95212
0.94928
0.94928
0.94816
0.94966
0.94884
0.94914
0.95044
0.94802
0.94898
0.95056
0.94848
0.94866
0.94796
0.95072
0.94976
0.94876
0.94602
0.94826
0.95068
0.94708
0.94882
0.94838
0.94812
0.949
0.9502
0.94652
0.94644
0.94798
0.94924
0.9473
0.94874
0.94808
0.94782
0.95102
0.94834
0.94948
0.94732
0.94918
0.9502
0.94906
0.9491
0.94694
0.94824
0.94922
0.94984
0.94932
0.94832
0.94914
0.95076
0.9487
0.94934
0.9492
0.9496
0.94672
0.9491
0.95096
0.94958
0.95134
0.94814
0.9473
0.94842
0.9494
0.95056
0.94712
0.94932
0.94956
0.9478
0.94896
0.9489
0.9483
0.9485
0.95094
0.9482
0.94764
0.94812
0.94726
0.95022
0.9492
0.94846
0.94992
0.94856
0.94976
0.95086
0.94812
0.94892
0.94982
0.9467
0.95006
0.9491
0.94928
0.94874
0.94888
0.95094
0.94802
0.9478
0.9485
0.94672
0.94692
0.94738
0.95072
0.9495
0.94952
0.94822
0.9471
0.94826
0.94874
0.94804
0.94922
0.94812
0.94942
0.94786
0.94628
0.94966
0.94694
0.95084
0.9486
0.94906
0.94606
0.94938
0.94888
0.94806
0.95034
0.95028
0.94804
0.9496
0.95046
0.9502
0.94722
0.94898
0.94876
0.9507
0.94936
0.94786
0.9459
0.94972
0.95064
0.95038
0.94888
0.94834
0.94772
0.94846
0.94894
0.94856
0.94784
0.94886
0.94924
0.94808
0.94848
0.94758
0.95052
0.9491
0.94824
0.94694
0.94942
0.9483
0.94988
0.9482
0.94842
0.94844
0.95008
0.94828
0.9489
0.94742
0.9467
0.94712
0.94906
0.94876
0.94884
0.9478
0.94756
0.94908
0.9494
0.94954
0.94676
0.94842
0.95002
0.9477
0.94758
0.95064
0.9484
0.9485
0.94802
0.94844
0.95026
0.95126
0.94794
0.94708
0.95014
0.94848
0.94974
0.94788
0.9497
0.94752
0.94818
0.9482
0.9476
0.94774
0.9493
0.95014
0.9483
0.94714
0.94726
0.9486
0.94892
0.95112
0.94734
0.94694
0.9497
0.95006
0.94676
0.9478
0.94932
0.95008
0.9485
0.95022
0.94824
0.9488
0.94854
0.94786
0.9496
0.94814
0.94934
0.94838
0.9517
0.94792
0.94862
0.94688
0.94984
0.95036
0.9498
0.94886
0.95066
0.94746
0.94684
0.95008
0.94868
0.94984
0.94958
0.94856
0.94898
0.94724
0.94784
0.9472
0.94848
0.94756
0.94794
0.94838
0.95062
0.9486
0.94916
0.94842
0.94742
0.94982
0.94774
0.94926
0.94836
0.94832
0.9496
0.9465
0.94834
0.94952
0.9505
0.94936
0.9472
0.9484
0.94688
0.95184
0.94872
0.94694
0.9488
0.9485
0.94992
0.94852
0.94556
0.94822
0.95088
0.94986
0.95028
0.94814
0.94948
0.94976
0.9474
0.95074
0.9491
0.94966
0.95046
0.94968
0.95028
0.94726
0.94858
0.95088
0.94884
0.94676
0.94948
0.95038
0.9496
0.94736
0.94646
0.9492
0.94826
0.94642
0.94944
0.9473
0.94812
0.94982
0.94992
0.9488
0.95032
0.95046
0.94832
0.94914
0.94552
0.94822
0.94894
0.95054
0.94732
0.94908
0.94702
0.95118
0.94886
0.94884
0.94976
0.94932
0.9487
0.94996
0.9475
0.9481
0.94754
0.9501
0.9497
0.94974
0.94854
0.94732
0.9493
0.94804
0.95098
0.94732
0.94868
0.94882
0.94876
0.95144
0.94914
0.94944
0.94804
0.94804
0.9485
0.9489
0.94956
0.94674
0.94724
0.95054
0.94818
0.94896
0.949
0.94958
0.94946
0.94786
0.9502
0.95042
0.9491
0.94922
0.94798
0.95008
0.94822
0.94998
0.95002
0.95048
0.94814
0.94752
0.94952
0.94872
0.94878
0.94886
0.94776
0.9498
0.94896
0.94674
0.94776
0.94882
0.94804
0.95096
0.94702
0.94886
0.94752
0.94792
0.95024
0.95022
0.94908
0.95132
0.94938
0.94552
0.94814
0.95026
0.94958
0.94796
0.9508
0.94688
0.94632
0.94932
0.94832
0.94912
0.94828
0.94812
0.94786
0.94826
0.94866
0.94932
0.94662
0.94926
0.94908
0.94916
0.94912
0.94942
0.9478
0.94766
0.94712
0.9489
0.95006
0.95014
0.9488
0.94796
0.94834
0.95102
0.95192
0.94884
0.94826
0.94784
0.94918
0.95094
0.95004
0.94964
0.9487
0.95062
0.94792
0.94782
0.94942
0.94892
0.94934
0.94964
0.94894
0.94784
0.94888
0.9496
0.94656
0.94966
0.9495
0.9499
0.94828
0.94794
0.94942
0.9488
0.94888
0.94658
0.95004
0.94742
0.94726
0.95058
