0.58718
0.59628
0.58662
0.58628
0.58898
0.59696
0.59356
0.59464
0.59178
0.58912
0.5837
0.59934
0.5955
0.58956
0.59088
0.59226
0.59832
0.59322
0.59808
0.58956
0.59044
0.59524
0.59366
0.5869
0.58474
0.58836
0.58564
0.59468
0.58766
0.58974
0.58958
0.59264
0.59584
0.5955
0.58694
0.59696
0.59538
0.58806
0.59626
0.58894
0.59266
0.5943
0.592
0.59416
0.5822
0.5901
0.59558
0.59788
0.59628
0.59694
0.59574
0.59112
0.59114
0.58722
0.59486
0.5845
0.59378
0.60318
0.5901
0.59476
0.60132
0.59198
0.5944
0.58576
0.58542
0.58834
0.59054
0.589
0.5853
0.58566
0.58574
0.58758
0.58668
0.59742
0.59374
0.59936
0.58854
0.58922
0.59506
0.58764
0.59348
0.59222
0.58918
0.5921
0.5896
0.59506
0.5879
0.58792
0.58898
0.59048
0.5919
0.5851
0.59274
0.59548
0.59414
0.59032
0.58814
0.5889
0.58696
0.5822
0.59534
0.5937
0.59468
0.58728
0.58184
0.59118
0.5941
0.59356
0.5894
0.5891
0.59108
0.59364
0.59312
0.59364
0.59216
0.5895
0.59428
0.59614
0.594
0.5884
0.58984
0.58692
0.59818
0.59762
0.59194
0.59456
0.58794
0.598
0.5855
0.58816
0.59094
0.59154
0.59506
0.58874
0.59368
0.59066
0.58778
0.5968
0.59462
0.58772
0.58718
0.59422
0.58388
0.58848
0.59214
0.58672
0.58902
0.59746
0.59826
0.59134
0.59204
0.58378
0.58464
0.58768
0.59556
0.57942
0.5917
0.60112
0.58318
0.58896
0.59098
0.59052
0.59576
0.5912
0.5982
0.58848
0.58616
0.59786
0.5957
0.59328
0.59896
0.58472
0.5836
0.59648
0.58294
0.58442
0.58916
0.5865
0.5871
0.59222
0.58692
0.59146
0.59826
0.59722
0.5911
0.58806
0.59624
0.59686
0.59462
0.5946
0.5925
0.6024
0.5881
0.59068
0.58702
0.58654
0.58696
0.58496
0.58658
0.59678
0.58652
0.58932
0.58294
0.59142
0.57948
0.58896
0.58406
0.59468
0.58786
0.59552
0.59338
0.59336
0.59656
0.59688
0.59742
0.59068
0.59128
0.58978
0.58336
0.59658
0.5891
0.60008
0.58984
0.58816
0.58756
0.59368
0.59186
0.5889
0.59172
0.58572
0.5843
0.5851
0.58704
0.5952
0.5928
0.59482
0.58484
0.5916
0.58488
0.58992
0.59488
0.59508
0.59012
0.58904
0.59022
0.5845
0.59366
0.5853
0.58574
0.5875
0.59302
0.58984
0.59162
0.5825
0.5897
0.58872
0.58716
0.59184
0.5914
0.58502
0.58906
0.59298
0.59394
0.59542
0.59494
0.58884
0.58946
0.583
0.59262
0.59408
0.59614
0.58304
0.5859
0.5908
0.59642
0.59476
0.58936
0.59442
0.58754
0.5937
0.59736
0.59408
0.59274
0.58692
0.5893
0.58676
0.58936
0.59394
0.58716
0.5881
0.59652
0.59364
0.59502
0.58594
0.591
0.59772
0.5927
0.58986
0.59902
0.59596
0.58696
0.58656
0.57896
0.59396
0.58474
0.57916
0.59408
0.5866
0.5893
0.58756
0.59872
0.59526
0.58918
0.58436
0.59008
0.59034
0.58186
0.58812
0.59124
0.6009
0.59522
0.59072
0.59428
0.5893
0.59158
0.587
0.5896
0.58454
0.58738
0.59034
0.59688
0.5898
0.59672
0.5855
0.59266
0.5971
0.5876
0.59928
0.58576
0.58918
0.59388
0.58742
0.58576
0.59566
0.59686
0.59012
0.59142
0.5903
0.58766
0.58852
0.5903
0.5901
0.5841
0.59598
0.58802
0.59682
0.59538
0.58838
0.58932
0.59184
0.595
0.59732
0.58846
0.58422
0.59374
0.59538
0.59942
0.58682
0.58752
0.58658
0.58986
0.58468
0.59454
0.59446
0.59912
0.5934
0.58594
0.58632
0.5947
0.58766
0.59132
0.58682
0.5922
0.59096
0.58652
0.59568
0.59856
0.59154
0.59848
0.58596
0.58452
0.58696
0.58584
0.59428
0.58536
0.58838
0.58904
0.5836
0.58486
0.59106
0.5942
0.59178
0.59086
0.5851
0.59416
0.58278
0.5843
0.5823
0.59206
0.58994
0.59556
0.59252
0.58814
0.59776
0.5849
0.58778
0.58964
0.58386
0.59524
0.5799
0.59022
0.58804
0.58972
0.60322
0.59386
0.59744
0.5878
0.59856
0.5879
0.59634
0.59594
0.59692
0.5871
0.60048
0.58806
0.58098
0.588
0.58786
0.59026
0.59376
0.59232
0.5904
0.58878
0.5871
0.58734
0.5986
0.59312
0.58574
0.59742
0.5997
0.59352
0.58496
0.5877
0.58746
0.58616
0.59564
0.59276
0.58666
0.5903
0.58372
0.58234
0.59586
0.58976
0.59042
0.5884
0.5947
0.59468
0.587
0.59678
0.58734
0.58768
0.5829
0.59386
0.58514
0.5909
0.5896
0.583
0.59616
0.59594
0.58788
0.5911
0.5851
0.59036
0.58564
0.58886
0.58816
0.58826
0.5906
0.58494
0.59244
0.596
0.59238
0.58524
0.59314
0.59146
0.59668
0.5921
0.57886
0.58704
0.59484
0.58064
0.59378
0.59156
0.58852
0.58988
0.58922
0.5921
0.58988
0.59498
0.59482
0.5887
0.59264
0.58968
0.59564
0.5864
0.58738
0.5887
0.58554
0.5911
0.59634
0.58844
0.58834
0.58606
0.5925
0.59644
0.59668
0.59634
0.59258
0.59046
0.59106
0.58624
0.5904
0.6021
0.5823
0.59498
0.59112
0.58472
0.59052
0.5905
0.59058
0.59962
0.58962
0.59594
0.59612
0.59128
0.58708
0.58586
0.60216
0.59372
0.5885
0.59956
0.59424
0.5903
0.59164
0.5791
0.58976
0.5983
0.59268
0.58598
0.58576
0.58838
0.5926
0.5943
0.58916
0.59378
0.58758
0.59038
0.58112
0.58814
0.59048
0.59078
0.59026
0.5879
0.5954
0.58984
0.58934
0.59254
0.59274
0.58976
0.58704
0.58796
0.57932
0.59056
0.58286
0.58656
0.58726
0.58802
0.59156
0.60024
0.59596
0.5804
0.58916
0.59336
0.58676
0.58922
0.59646
0.59232
0.586
0.59358
0.59936
0.59444
0.588
0.5983
0.58784
0.58482
0.59352
0.59042
0.58736
0.58838
0.58594
0.59568
0.5878
0.59316
0.58744
0.58324
0.59028
0.58612
0.58882
0.59598
0.5989
0.59714
0.59266
0.58756
0.5867
0.59006
0.58872
0.5965
0.58656
0.58584
0.5867
0.58578
0.59872
0.59482
0.58918
0.58536
0.5856
0.59288
0.59494
0.58684
0.58812
0.59232
0.58938
0.59536
0.59484
0.5944
0.58404
0.58952
0.59234
0.58768
0.59058
0.5915
0.59354
0.58496
0.58978
0.59236
0.5882
0.5933
0.58758
0.5878
0.58544
0.5893
0.59384
0.58698
0.59436
0.58612
0.59536
0.59368
0.5929
0.59768
0.58594
0.58362
0.59192
0.59088
0.5937
0.59976
0.59764
0.5941
0.58784
0.58064
0.58764
0.59256
0.60038
0.59494
0.58732
0.5923
0.59034
0.58788
0.5919
0.58776
0.58808
0.5894
0.59046
0.5872
0.58788
0.59134
0.59844
0.5955
0.59922
0.58546
0.59058
0.59704
0.59512
0.5882
0.59182
0.58692
0.5885
0.59178
0.5908
0.59156
0.58782
0.5866
0.58378
0.59474
0.5941
0.58944
0.59528
0.58704
0.58372
0.58564
0.5904
0.59176
0.59666
0.59392
0.58794
0.58796
0.58764
0.58534
0.58544
0.59272
0.58818
0.59398
0.5989
0.59768
0.5981
0.59072
0.5904
0.5928
0.58982
0.59514
0.58652
0.58948
0.5894
0.59124
0.58942
0.59278
0.59676
0.59558
0.5854
0.58734
0.58846
0.58504
0.59418
0.59864
0.5936
0.5918
0.5848
0.59736
0.58432
0.58536
0.58588
0.58828
0.59838
0.59536
0.59188
0.59132
0.58938
0.59104
0.58634
0.59684
0.59142
0.59434
0.5909
0.58978
0.57496
0.59826
0.59234
0.58746
0.59676
0.59748
0.59144
0.59328
0.58926
0.58952
0.58216
0.59034
0.587
0.59018
0.59168
0.58324
0.59036
0.59096
0.59178
0.58986
0.58634
0.598
0.58578
0.59074
0.5835
0.594
0.58962
0.59074
0.58386
0.5911
0.58084
0.58812
0.5936
0.5901
0.59256
0.58802
0.5939
0.59246
0.58904
0.59514
0.58786
0.58838
0.58848
0.59576
0.59766
0.60004
0.5957
0.58902
0.58954
0.58784
0.59412
0.59128
0.58224
0.59216
0.59758
0.58972
0.587
0.58476
0.58892
0.593
0.58858
0.58168
0.58702
0.5848
0.5873
0.58894
0.5972
0.58378
0.58666
0.58722
0.5937
0.59416
0.58864
0.58618
0.59354
0.59202
0.59018
0.58544
0.58996
0.59316
0.59224
0.58618
0.59262
0.59314
0.59038
0.58216
0.58872
0.58794
0.5927
0.58726
0.5962
0.59344
0.58578
0.59192
0.58834
0.59286
0.59674
0.5849
0.58898
0.58506
0.5941
0.59648
0.60046
0.5927
0.59438
0.59194
0.59084
0.59102
0.59526
0.59286
0.59594
0.58992
0.59886
0.58972
0.60076
0.59248
0.58914
0.58456
0.59598
0.58814
0.59254
0.5872
0.59712
0.59048
0.59246
0.5935
0.5798
0.58082
0.59328
0.59748
0.58566
0.59644
0.58488
0.58622
0.5908
0.58816
0.59882
0.603
0.59112
0.592
0.58474
0.59702
0.5881
0.59026
0.59554
0.59046
0.59366
0.59244
0.58914
0.5914
0.594
0.59044
0.5861
0.58402
0.59242
0.5908
0.58572
0.60016
0.59078
0.59162
0.5867
0.59146
0.59406
0.59272
0.58792
0.59452
0.59502
0.58152
0.587
0.59144
0.59176
0.58652
0.58914
0.5945
0.59266
0.58468
0.5875
0.58724
0.5895
0.5882
0.58654
0.59596
0.58938
0.58742
0.58328
0.59468
0.58528
0.59184
0.59404
0.58626
0.59012
0.58538
0.59314
0.5888
0.59182
0.5897
0.58938
0.5887
0.58574
0.58902
0.59394
0.58892
0.60106
0.59166
0.5829
0.59566
0.58734
0.58382
0.59858
0.59606
0.5926
0.59412
0.59158
0.5932
0.58572
0.5989
0.59596
0.59428
0.59746
0.58878
0.5875
0.59562
0.59002
0.59416
0.58576
0.5961
0.58798
0.58494
0.58604
0.59334
0.58454
0.59414
0.58774
0.59538
0.5919
0.58812
0.586
0.58864
0.58856
0.5869
0.5854
0.58516
0.5913
0.5968
0.57984
0.594
0.593
0.59302
0.5923
0.58802
0.59436
0.59142
0.59088
0.57894
0.58922
0.5946
0.58976
0.58502
0.59066
0.58814
0.5934
0.58846
0.5982
0.58314
0.59142
0.59282
0.58902
0.58934
0.58902
0.58296
0.59176
0.59144
0.59658
0.59124
0.5898
0.58696
0.59324
0.59084
0.585
0.59406
0.58988
0.59026
0.59752
0.58448
0.58912
0.5943
0.5959
0.59436
0.59064
0.58602
0.58792
0.58766
0.5934
0.58986
0.58282
0.6028
0.59854
0.58914
0.59772
0.59014
0.58932
0.58666
0.59104
0.58942
0.5965
0.59204
0.5894
0.58576
0.59436
0.59558
0.59048
0.5979
0.59044
0.58486
0.58682
0.58352
0.5958
0.59248
0.58786
0.59494
0.59406
0.58622
0.5862
0.59678
0.5893
0.59272
0.5899
0.5879
0.59002
0.59736
0.59082
0.59202
0.58978
0.58618
0.588
0.58758
0.58608
0.59638
0.59736
0.59314
0.59026
0.58974
0.59786
0.59198
0.5906
0.59628
0.58838
0.59036
0.59244
0.58878
0.5957
0.589
0.58372
0.58862
0.5852
0.59026
0.59694
0.59466
0.58942
0.59416
0.58678
0.58824
0.58604
0.59778
0.59444
0.59266
0.59206
0.58898
0.585
0.59128
0.58446
0.58346
0.5932
0.59256
0.58492
0.5824
0.58788
0.59228
0.59288
0.59258
0.59552
0.58354
0.58294
0.59574
0.59022
0.58696
0.58784
0.59764
0.58994
0.5839
0.58604
0.59384
0.59718
0.58672
0.59354
0.58592
0.58514
0.59764
0.59658
0.5961
0.59018
0.59238
0.59144
0.58904
0.58688
0.58996
0.5944
0.58874
0.5912
0.59128
0.59222
0.58334
0.58426
0.58978
0.58296
0.59696
0.59522
0.5887
0.59164
0.59244
0.58758
0.5941
0.58422
0.58812
0.59424
0.58746
0.58582
0.58964
0.59076
0.5849
0.59834
0.59272
0.5894
0.58386
0.58172
0.58964
0.58298
0.59076
0.59276
0.5893
0.5848
0.59332
0.59334
0.59116
0.59394
0.5969
0.58832
0.59128
0.5894
0.5932
0.58674
0.58894
0.59432
0.59732
0.58258
0.59002
0.58048
0.58774
0.58374
0.5928
0.59392
0.58156
0.58728
0.5959
0.59466
0.59402
0.58534
0.59738
0.58504
0.59248
0.59166
0.58908
0.59248
0.59024
0.59566
0.58856
0.5938
0.59034
0.58516
0.589
0.59744
0.58782
0.58952
0.59158
0.58604
0.5918
0.58444
0.59738
0.5935
0.59084
0.58928
0.5835
0.59368
0.58496
0.58726
0.59246
0.58912
0.58696
0.59424
0.58326
0.58508
0.59166
0.58536
0.5874
0.58864
0.5838
0.59286
0.5949
0.5892
0.5883
0.59744
0.59112
0.58516
0.5894
0.58974
0.58092
0.588
0.59268
0.58446
0.59626
0.59686
0.58924
0.58404
0.58302
0.59088
0.59534
0.58846
0.59502
0.58734
0.58182
0.60082
0.58944
0.58918
0.59152
0.59084
0.59146
0.5966
0.5945
0.59224
0.60064
0.58466
0.59842
0.59572
0.59006
0.59604
0.5929
0.58932
0.59134
0.59098
0.59256
0.59204
0.58752
0.59252
0.59592
0.59298
0.59462
0.58602
0.58626
0.5951
0.58828
0.59066
0.59296
0.59896
0.59388
0.59176
0.59064
0.58532
0.59064
0.589
0.5955
0.58808
0.59426
0.59026
0.59048
0.58912
0.60092
0.59536
0.5896
0.5935
0.58908
0.5789
0.59222
0.59094
0.59704
0.5901
0.58162
0.5863
0.58338
0.59378
0.59534
0.5846
0.5832
0.59056
0.5893
0.58796
0.59946
0.58616
0.60012
0.59596
0.59148
0.58756
0.5947
0.5943
0.58926
0.58646
0.5836
0.59414
0.58922
0.59464
0.59652
0.60004
0.5843
0.58934
0.59634
0.58274
0.58902
0.59248
0.59512
0.58908
0.58788
0.59866
0.59066
0.58558
0.58828
0.59502
0.5878
0.58892
0.59004
0.5858
0.58634
0.5928
0.58242
0.58598
0.59344
0.5926
0.59576
0.59698
0.59946
0.5925
0.58036
0.58964
0.5915
0.58686
0.58666
0.59896
0.58204
0.59106
0.58394
0.58724
0.5887
0.59954
0.58828
0.59936
0.59012
0.58632
0.59356
0.592
0.59794
0.59642
0.58604
0.59392
0.59082
0.586
0.5932
0.5925
0.60096
0.58866
0.58654
0.5907
0.58636
0.58286
0.58508
0.59228
0.58322
0.59162
0.59584
0.59026
0.58754
0.59524
0.59188
0.59708
0.59214
0.58536
0.58918
0.58678
0.58672
0.59114
0.59258
0.5943
0.5937
0.59204
0.59608
0.5867
0.59206
0.5923
0.59152
0.591
0.58832
0.59512
0.5908
0.58726
0.58494
0.58624
0.58624
0.59332
0.59144
0.59384
0.58956
0.5915
0.58384
0.59344
0.5853
0.58986
0.5882
0.58882
0.59044
0.59206
0.59164
0.59018
0.59158
0.59148
0.59496
0.58354
0.58582
0.58244
0.58998
0.58274
0.59144
0.58662
0.59124
0.58752
0.59482
0.587
0.595
0.59244
0.58748
0.5903
0.58922
0.59212
0.58446
0.58454
0.58022
0.59218
0.58618
0.59204
0.5933
0.58546
0.59764
0.58638
0.59702
0.59092
0.59068
0.59226
0.58858
0.59416
0.588
0.58724
0.59316
0.59146
0.5955
0.58848
0.58752
0.58578
0.5918
0.58256
0.5879
0.59236
0.59426
0.58844
0.58688
0.58742
0.58996
0.5853
0.59818
0.5945
0.59214
0.58752
0.59208
0.58294
0.58682
0.58956
0.58568
0.58516
0.59742
0.59746
0.59858
0.59334
0.59178
0.59332
0.59842
0.59716
0.58882
0.58628
0.59826
0.58456
0.59092
0.58814
0.59252
0.5773
0.58416
0.58974
0.59482
0.58698
0.59084
0.594
0.5903
0.5896
0.58598
0.58222
0.58364
0.5894
0.5917
0.59428
0.5898
0.59672
0.5859
0.58322
0.59384
0.59656
0.59438
0.58454
0.58934
0.57998
0.59622
0.59226
0.6014
0.59194
0.58968
0.58722
0.59008
0.5908
0.58546
0.58822
0.59292
0.59662
0.58468
0.59484
0.59246
0.59144
0.589
0.59102
0.59668
0.59526
0.58788
0.58868
0.5983
0.5937
0.59354
0.58484
0.5943
0.5883
0.59078
0.59328
0.60056
0.59436
0.59898
0.5954
0.58796
0.5908
0.60114
0.5864
0.58756
0.58688
0.59126
0.5875
0.58604
0.58196
0.58476
0.59116
0.58416
0.58992
0.59014
0.59314
0.58592
0.59224
0.5948
0.5892
0.5907
0.59962
0.58706
0.58414
0.59186
0.59002
0.59606
0.59744
0.58576
0.59136
0.59668
0.58674
0.58476
0.58364
0.59652
0.58816
0.598
0.6003
0.59466
0.59402
0.58536
0.59552
0.59004
0.58948
0.5839
0.59102
0.58858
0.58878
0.5917
0.58402
0.58246
0.59198
0.59144
0.59164
0.59
0.59178
0.5928
0.59236
0.59354
0.5969
0.59428
0.58058
0.58788
0.59286
0.59472
0.59742
0.58436
0.59506
0.58674
0.58636
0.5874
0.5959
0.59272
0.5938
0.59312
0.59336
0.5909
0.59558
0.58942
0.5924
0.58922
0.58662
0.591
0.59342
0.58818
0.59104
0.59336
0.59632
0.59586
0.58806
0.59136
0.59114
0.58208
0.59016
0.58412
0.589
0.59316
0.58852
0.59586
0.58326
0.58326
0.58796
0.5934
0.59174
0.58478
0.6012
0.5894
0.58754
0.58912
0.60208
0.5905
0.58976
0.5928
0.5896
0.58578
0.59214
0.59082
0.58864
0.59392
0.59412
0.58998
0.59148
0.5939
0.58826
0.5897
0.58958
0.58624
0.58724
0.59964
0.59276
0.58896
0.59512
0.59304
0.58952
0.58144
0.59152
0.58948
0.59746
0.58398
0.58494
0.59744
0.59402
0.5857
0.58056
0.58976
0.58684
0.59128
0.58498
0.59712
0.59014
0.586
0.58618
0.5889
0.58874
0.59526
0.59214
0.59042
0.58722
0.59086
0.60324
0.58802
0.59266
0.58984
0.59048
0.58598
0.58506
0.5924
0.59838
0.58814
0.59724
0.588
0.59616
0.58772
0.5908
0.5846
0.5978
0.59718
0.59726
0.59806
0.59112
0.5946
0.5921
0.5978
0.59688
0.58652
0.59526
0.58734
0.59208
0.58732
0.59538
0.58718
0.59182
0.58922
0.58712
0.59858
0.58852
0.59524
0.58802
0.58886
0.59196
0.59106
0.58728
0.58474
0.5885
0.5918
0.59128
0.58142
0.59362
0.5912
0.59002
0.59264
0.5946
0.58774
0.59392
0.59208
0.59272
0.58332
0.58968
0.59586
0.58988
0.58962
0.5882
0.58936
0.59224
0.59396
0.58652
0.58548
0.5822
0.58696
0.58662
0.58922
0.58672
0.59764
0.58814
0.5953
0.59064
0.5949
0.59046
0.59068
0.58848
0.58564
0.58996
0.5909
0.58654
0.59128
0.58808
0.58622
0.5813
0.5872
0.58852
0.58342
0.59232
0.58896
0.598
0.59012
0.5939
0.58614
0.59054
0.59166
0.58956
0.587
0.5891
0.58706
0.58514
0.58782
0.59454
0.59256
0.5959
0.5852
0.5884
0.58636
0.59008
0.58984
0.59508
0.58722
0.58722
0.59628
0.59268
0.5911
0.59224
0.5919
0.5909
0.59144
0.58964
0.59902
0.58836
0.5962
0.59018
0.58664
0.58374
0.59222
0.59364
0.58504
0.58428
0.5819
0.58836
0.59096
0.59512
0.59158
0.59604
0.5936
0.589
0.58978
0.57708
0.58924
0.59226
0.59502
0.59668
0.58352
0.59092
0.59336
0.59038
0.59446
0.58888
0.59064
0.58774
0.59614
0.59394
0.58682
0.59402
0.59294
0.58932
0.58738
0.59584
0.59114
0.58908
0.59612
0.58016
0.59418
0.59494
0.59006
0.58258
0.5923
0.58724
0.58904
0.6017
0.5854
0.59444
0.58012
0.5914
0.58588
0.59206
0.57926
0.59198
0.58686
0.58922
0.59756
0.59246
0.5894
0.58812
0.5854
0.59028
0.5851
0.5903
0.58664
0.59172
0.59282
0.59192
0.58772
0.58566
0.59782
0.58966
0.59686
0.59212
0.58572
0.59054
0.58904
0.5929
0.5862
0.59066
0.58676
0.59294
0.58864
0.58478
0.58726
0.58954
0.5914
0.58744
0.58576
0.59538
0.59212
0.59472
0.59126
0.58922
0.59038
0.58838
0.59842
0.5899
0.58682
0.5912
0.59006
0.5913
0.59462
0.5859
0.59526
0.58782
0.58814
0.5924
0.58712
0.58814
0.59644
0.597
0.59012
0.58698
0.59098
0.59406
0.59338
0.59514
0.59258
0.59182
0.58756
0.58982
0.58668
0.5931
0.5909
0.58138
0.58362
0.59352
0.58522
0.58742
0.58724
0.59208
0.59012
0.58744
0.58968
0.58882
0.5895
0.59684
0.59546
0.59528
0.58928
0.59636
0.57538
0.58108
0.58734
0.594
0.58762
0.57968
0.58982
0.58978
0.59232
0.593
0.59324
0.592
0.5973
0.59288
0.59152
0.58904
0.58422
0.5886
0.59106
0.59902
0.59168
0.5901
0.58872
0.58298
0.59112
0.59008
0.58902
0.59944
0.59122
0.59146
0.58876
0.59216
0.58886
0.59668
0.59166
0.58942
0.591
0.59516
0.59066
0.59148
0.5821
0.59172
0.59466
0.59454
0.59712
0.5921
0.58818
0.5994
0.58882
0.58898
0.58782
0.59438
0.58488
0.58528
0.59244
0.58602
0.59258
0.5875
0.58938
0.58508
0.5942
0.5882
0.5905
0.5898
0.58976
0.58436
0.5875
0.58736
0.58416
0.59458
0.58976
0.58656
0.5878
0.59322
0.59554
0.58744
0.59298
0.5941
0.59354
0.59712
0.58194
0.58998
0.5842
0.593
0.58886
0.59448
0.5945
0.59446
0.5964
0.59474
0.59046
0.59982
0.59532
0.58984
0.59736
0.5865
0.58608
0.58944
0.58906
0.59752
0.60162
0.58672
0.59308
0.58564
0.5844
0.5906
0.58822
0.58842
0.59286
0.58822
0.58534
0.59188
0.58838
0.59164
0.58924
0.59484
0.58486
0.59362
0.5905
0.59086
0.59208
0.5921
0.58482
0.59054
0.58616
0.58758
0.59582
0.5966
0.59492
0.58872
0.58978
0.5906
0.58566
0.59774
0.59334
0.5852
0.58674
0.5908
0.59374
0.58534
0.58988
0.5893
0.59336
0.60308
0.58728
0.59448
0.58868
0.58358
0.59736
0.59636
0.59504
0.58824
0.59132
0.59526
0.58712
0.59314
0.57992
0.58894
0.587
0.5837
0.59094
0.59282
0.59232
0.59584
0.5787
0.58492
0.58786
0.58854
0.58536
0.58922
0.59042
0.58698
0.59378
0.58918
0.59016
0.58212
0.59686
0.5914
0.58364
0.59012
0.58936
0.58842
0.60014
0.58732
0.59892
0.58354
0.59016
0.59422
0.59154
0.59088
0.59436
0.58788
0.59566
0.59618
0.59268
0.5854
0.59498
0.59426
0.59414
0.59476
0.5856
0.58872
0.5878
0.58608
0.59326
0.59298
0.59058
0.5921
0.59464
0.58806
0.58666
0.58702
0.59534
0.58286
0.59486
0.5925
0.59296
0.59156
0.5922
0.58966
0.59544
0.5883
0.59436
0.58932
0.58422
0.58976
0.58682
0.59186
0.58956
0.58954
0.59188
0.58888
0.59038
0.5938
0.58524
0.58724
0.5876
0.5898
0.5896
0.5899
0.58202
0.59034
0.59586
0.59558
0.58318
0.58762
0.58552
0.59142
0.59262
0.60066
0.58814
0.58928
0.59078
0.59034
0.59674
0.59348
0.5908
0.59876
0.59804
0.58656
0.59836
0.58814
0.5924
0.59958
0.58986
0.59072
0.5828
0.59874
0.59886
0.57704
0.58894
0.59138
0.5944
0.59042
0.59254
0.58864
0.586
0.5919
0.58578
0.58766
0.5895
0.59164
0.5924
0.59732
0.5961
0.58842
0.58548
0.58146
0.58948
0.59216
0.58996
0.58584
0.59968
0.58868
0.5892
0.59076
0.58652
0.5916
0.59688
0.59456
0.59652
0.58466
0.59692
0.58162
0.5913
0.59054
0.59388
0.59364
0.59138
0.58772
0.59276
0.5856
0.5868
0.5882
0.5888
0.59304
0.59174
0.5878
0.59412
0.59592
0.59662
0.58998
0.5851
0.59034
0.5992
0.59218
0.58732
0.59896
0.59146
0.58334
0.59642
0.59996
0.58788
0.59528
0.59258
0.58478
0.59294
0.59022
0.59218
0.59432
0.58572
0.58968
0.58774
0.58976
0.5899
0.59196
0.58184
0.58758
0.5946
0.5918
0.58818
0.5938
0.58652
0.58952
0.59328
0.59156
0.58742
0.58966
0.58988
0.58636
0.59014
0.59314
0.59162
0.5889
0.59524
0.58872
0.5912
0.5911
0.59158
0.59046
0.5927
0.59362
0.59834
0.58998
0.5902
0.58768
0.59172
0.59004
0.58766
0.59618
0.58966
0.5867
0.59314
0.59706
0.59704
0.59248
0.60198
0.58826
0.59364
0.59396
0.59022
0.59342
0.58366
0.58898
0.58656
0.59388
0.58794
0.5904
0.58646
0.59336
0.59046
0.58786
0.58576
0.59246
0.59172
0.59
0.59254
0.58882
0.5878
0.5929
0.59052
0.59114
0.58374
0.59684
0.59014
0.59514
0.5951
0.59192
0.5894
0.59376
0.5976
0.58742
0.58516
0.58968
0.59096
0.58698
0.58662
0.58954
0.60028
0.5983
0.59796
0.58354
0.58988
0.58958
0.59406
0.57762
0.59222
0.5853
0.59268
0.58762
0.59094
0.59226
0.58798
0.59378
0.5957
0.59264
0.58752
0.58688
0.59272
0.59002
0.5911
0.5836
0.58858
0.5935
0.59534
0.5921
0.59128
0.5921
0.58718
0.5916
0.58802
0.59104
0.5862
0.58724
0.58876
0.58486
0.5872
0.59082
0.59634
0.59342
0.59424
0.58904
0.59194
0.59084
0.58882
0.5889
0.5872
0.58668
0.58458
0.58782
0.5899
0.58788
0.5865
0.58852
0.59324
0.59572
0.5867
0.58718
0.59062
0.59436
0.59148
0.59678
0.59246
0.5919
0.59202
0.60178
0.59288
0.59162
0.59446
0.58952
0.60264
0.59298
0.59066
0.5966
0.58658
0.59422
0.59254
0.58182
0.5879
0.58818
0.59324
0.59314
0.58736
0.5879
0.58374
0.5857
0.59422
0.58728
0.58636
0.59042
0.5932
0.5936
0.59532
0.5898
0.589
0.59154
0.57492
0.58886
0.58388
0.58886
0.59394
0.59326
0.59454
0.5873
0.59008
0.59414
0.58846
0.59386
0.59322
0.5885
0.59048
0.59416
0.58972
0.58448
0.59208
0.59324
0.58626
0.59172
0.58704
0.58924
0.58876
0.58606
0.59058
0.58768
0.59562
0.59326
0.58152
0.59674
0.58888
0.5916
0.59056
0.60126
0.5854
0.5931
0.58704
0.59956
0.58696
0.58828
0.59302
0.58418
0.58614
0.58926
0.59366
0.59614
0.59024
0.59226
0.5882
0.59228
0.58704
0.5948
0.59202
0.58446
0.58826
0.59076
0.59398
0.59086
0.59564
0.58762
0.58582
0.59056
0.5944
0.59164
0.59096
0.5955
0.59398
0.59138
0.59054
0.59238
0.59436
0.59006
0.59424
0.58654
0.58864
0.58966
0.58948
0.5972
0.58966
0.58872
0.59314
0.59598
0.5926
0.58664
0.58536
0.58638
0.59506
0.58782
0.59082
0.59236
0.5944
0.58904
0.58954
0.59784
0.59124
0.59246
0.58886
0.58824
0.58738
0.59646
0.583
0.58676
0.59288
0.59176
0.59156
0.58892
0.59002
0.5884
0.59114
0.60556
0.59464
0.59224
0.58904
0.59242
0.5845
0.58936
0.58676
0.59468
0.59638
0.58896
0.58476
0.5859
0.58364
0.58162
0.58316
0.59388
0.59188
0.59732
0.5865
0.58874
0.5976
0.59256
0.58736
0.59018
0.58648
0.5876
0.59828
0.58936
0.57856
0.59238
0.58954
0.58842
0.58242
0.5935
0.5896
0.59228
0.59066
0.58764
0.5872
0.58114
0.58658
0.58948
0.58416
0.58622
0.59446
0.59304
0.59486
0.58718
0.59282
0.58094
0.58862
0.58702
0.5881
0.59216
0.59086
0.58544
0.59376
0.5936
0.59146
0.58706
0.58814
0.59406
0.59448
0.585
0.58876
0.58764
0.59108
0.59018
0.593
0.59896
0.5897
0.5907
0.5855
0.59062
0.59146
0.58266
0.59106
0.59632
0.59564
0.59426
0.5911
0.58998
0.59186
0.59024
0.59598
0.59236
0.59412
0.58336
0.58812
0.59132
0.59406
0.58802
0.59178
0.58662
0.58756
0.59362
0.5897
0.59094
0.58638
0.5967
0.58874
0.59312
0.5879
0.58976
0.59014
0.5965
0.58902
0.59608
0.5915
0.58972
0.59682
0.58622
0.59462
0.59572
0.5863
0.58732
0.59368
0.58696
0.59402
0.58386
0.58964
0.59484
0.59282
0.59536
0.59924
0.59264
0.59262
0.5876
0.58754
0.6045
0.59124
0.59644
0.59604
0.58154
0.59696
0.59376
0.5909
0.59122
0.5909
0.59186
0.5807
0.59344
0.59044
0.58734
0.59398
0.59394
0.59232
0.5972
0.59262
0.58818
0.5891
0.594
0.59432
0.58876
0.59438
0.5936
0.58802
0.59412
0.5942
0.59392
0.59104
0.59854
0.59358
0.59178
0.59088
0.58794
0.59242
0.59342
0.5834
0.58814
0.60146
0.58812
0.59264
0.58708
0.59492
0.58242
0.5876
0.59056
0.59044
0.5864
0.59798
0.58326
0.59326
0.58692
0.58814
0.59274
0.6018
0.59634
0.59702
0.5907
0.58838
0.58962
0.5936
0.5933
0.5878
0.59518
0.587
0.585
0.59126
0.58842
0.58864
0.58946
0.5966
0.58548
0.59486
0.59752
0.58672
0.58296
0.58804
0.59034
0.58214
0.5959
0.5997
0.59044
0.58858
0.58634
0.5921
0.59222
0.58934
0.58836
0.58824
0.58454
0.59642
0.59172
0.59492
0.59506
0.59422
0.59234
0.59876
0.59446
0.5837
0.58964
0.5863
0.59306
0.58574
0.58864
0.58666
0.59216
0.59226
0.58942
0.59562
0.58832
0.60148
0.59938
0.5933
0.59038
0.5955
0.60246
0.58934
0.58564
0.58486
0.58714
0.59128
0.58896
0.59526
0.59256
0.58762
0.59084
0.5949
0.59008
0.59552
0.5975
0.59382
0.58686
0.5952
0.58368
0.5904
0.59524
0.59248
0.58968
0.591
0.59448
0.59292
0.58506
0.59528
0.58412
0.58796
0.6006
0.58612
0.59374
0.58954
0.59496
0.59176
0.59426
0.58958
0.59098
0.58918
0.5934
0.584
0.58616
0.59402
0.58152
0.5878
0.59482
0.5918
0.58628
0.59334
0.59486
0.59228
0.59364
0.58516
0.5887
0.59324
0.59066
0.59234
0.58774
0.59108
0.59192
0.59396
0.5844
0.592
0.59392
0.58852
0.59498
0.58462
0.58912
0.59186
0.58886
0.59426
0.59596
0.59074
0.59466
0.59396
0.59222
0.58346
0.58906
0.59042
0.59564
0.59788
0.59554
0.59134
0.5836
0.59098
0.58586
0.59004
0.5951
0.59144
0.58472
0.59018
0.58636
0.59698
0.59088
0.58882
0.59658
0.58538
0.59102
0.58752
0.57468
0.58388
0.58954
0.58402
0.59356
0.58862
0.58504
0.6026
0.5891
0.59766
0.5888
0.58632
0.5851
0.58354
0.58146
0.58956
0.58972
0.59672
0.58946
0.5932
0.58982
0.58942
0.5899
0.59368
0.59176
0.59742
0.59542
0.58992
0.58912
0.58798
0.5966
0.59354
0.59384
0.59806
0.58778
0.60074
0.579
0.58924
0.59288
0.59448
0.59218
0.5877
0.5917
0.58596
0.59426
0.58992
0.58528
0.59546
0.59354
0.58576
0.59404
0.59764
0.59026
0.60046
0.5893
0.58842
0.58476
0.59126
0.58968
0.5867
0.59462
0.59242
0.5918
0.59244
0.58124
0.59202
0.5852
0.5919
0.5884
0.59242
0.59834
0.59178
0.5921
0.58548
0.58914
0.5879
0.59322
0.58952
0.58786
0.5914
0.58332
0.58678
0.59622
0.59386
0.58504
0.59386
0.58678
0.58522
0.59286
0.58614
0.59552
0.59172
0.58206
0.59688
0.58918
0.5927
0.59348
0.58994
0.59008
0.58884
0.58108
0.5922
0.5928
0.58772
0.58358
0.5899
0.59336
0.59746
0.59078
0.58538
0.59604
0.59226
0.58468
0.59498
0.5897
0.59266
0.59312
0.5883
0.59252
0.59616
0.5902
0.59044
0.58768
0.59074
0.58932
0.5927
0.59176
0.5909
0.59146
0.58578
0.59606
0.59154
0.5904
0.5889
0.58804
0.59348
0.58148
0.58756
0.5836
0.5925
0.59242
0.59982
0.587
0.58882
0.58614
0.59542
0.59374
0.58914
0.59308
0.59266
0.59674
0.59572
0.5967
0.59184
0.59404
0.59168
0.5947
0.5898
0.59616
0.59932
0.5914
0.58978
0.59564
0.59048
0.59106
0.59476
0.5884
0.5875
0.5982
0.58992
0.5837
0.59176
0.5891
0.59852
0.59196
0.59156
0.588
0.5977
0.5847
0.59012
0.58776
0.59486
0.58968
0.58834
0.5846
0.59402
0.58732
0.59756
0.59332
0.592
0.59142
0.59028
0.59172
0.58346
0.59108
0.59264
0.58772
0.59408
0.586
0.59116
0.59206
0.58836
0.5898
0.5913
0.59082
0.59598
0.5878
0.58894
0.59332
0.5897
0.59
0.58956
0.5877
0.58894
0.58916
0.59514
0.59514
0.59366
0.59044
0.59654
0.585
0.5856
0.58366
0.58838
0.59686
0.5951
0.59126
0.5889
0.59546
0.58888
0.59348
0.5951
0.598
0.59064
0.59632
0.58764
0.59716
0.59464
0.5913
0.5925
0.5889
0.58868
0.59478
0.5903
0.59166
0.5889
0.58994
0.59174
0.59504
0.58214
0.58932
0.58696
0.59084
0.58578
0.58764
0.58794
0.5741
0.58428
0.58762
0.59072
0.58654
0.5823
0.59104
0.59416
0.58736
0.5891
0.5854
0.59578
0.5898
0.58964
0.58978
0.59368
0.59432
0.59166
0.5967
0.58802
0.59348
0.5875
0.59138
0.58786
0.58222
0.59378
0.59086
0.59286
0.58424
0.58946
0.59746
0.59716
0.57982
0.58634
0.57942
0.60084
0.5907
0.58824
0.5926
0.5897
0.59658
0.5874
0.58582
0.58762
0.59094
0.58732
0.5942
0.58794
0.58646
0.59026
0.59446
0.59594
0.59126
0.59532
0.58644
0.59424
0.58796
0.59096
0.58766
0.5807
0.5828
0.5884
0.58964
0.5876
0.58804
0.59424
0.58828
0.58868
0.59034
0.5886
0.58112
0.58664
0.58936
0.59264
0.5929
0.58992
0.58558
0.59276
0.58984
0.58958
0.59612
0.5966
0.5963
0.58698
0.5966
0.59244
0.58772
0.59476
0.59938
0.5892
0.59212
0.58422
0.59342
0.59664
0.5902
0.59814
0.58632
0.58826
0.5823
0.57988
0.58376
0.58852
0.58744
0.58954
0.58788
0.58176
0.5917
0.58574
0.58768
0.59208
0.5877
0.59248
0.58652
0.593
0.58102
0.5889
0.5901
0.58826
0.58386
0.59602
0.59812
0.58868
0.59838
0.59022
0.58938
0.58916
0.58992
0.58902
0.59178
0.59134
0.59322
0.58996
0.59274
0.58498
0.59344
0.59952
0.58686
0.58646
0.60132
0.59242
0.59086
0.59616
0.59516
0.5917
0.59124
0.59542
0.59596
0.5957
0.58594
0.5889
0.5863
0.59048
0.5901
0.58848
0.59788
0.59588
0.5922
0.58582
0.58756
0.5887
0.59188
0.59248
0.58774
0.58642
0.58728
0.59058
0.5957
0.58442
0.5901
0.5947
0.58726
0.5919
0.58632
0.59
0.5895
0.59024
0.59808
0.59258
0.59416
0.5905
0.5943
0.589
0.58964
0.58214
0.59536
0.58946
0.59002
0.59402
0.59048
0.5915
0.58838
0.58904
0.58794
0.59806
0.5945
0.57814
0.58698
0.6001
0.59312
0.58948
0.59118
0.58612
0.59048
0.58778
0.58452
0.59214
0.58934
0.58874
0.58256
0.58754
0.59588
0.59228
0.59282
0.58942
0.58804
0.58548
0.59392
0.59296
0.59982
0.59352
0.59218
0.59302
0.59232
0.586
0.58582
0.59122
0.5989
0.59298
0.59492
0.5949
0.58532
0.58512
0.59428
0.5978
0.59034
0.59666
0.59
0.596
0.58336
0.59088
0.58568
0.58884
0.60298
0.58806
0.59342
0.58928
0.59164
0.59374
0.59742
0.59784
0.59138
0.57586
0.58768
0.59048
0.59284
0.59096
0.58698
0.59478
0.5885
0.59452
0.59278
0.58552
0.5922
0.5964
0.5876
0.601
0.59238
0.5839
0.58932
0.59642
0.593
0.5889
0.5783
0.58
0.58902
0.59798
0.58612
0.58964
0.59062
0.5881
0.59118
0.58584
0.59718
0.58824
0.58878
0.59918
0.59682
0.58704
0.59534
0.59504
0.588
0.5857
0.59036
0.5911
0.58902
0.59608
0.5967
0.5915
0.59528
0.58524
0.588
0.5905
0.59166
0.58832
0.59344
0.5941
0.59872
0.59438
0.59056
0.58696
0.58466
0.59056
0.59526
0.59468
0.59276
0.58806
0.59118
0.59044
0.59154
0.58818
0.59426
0.59508
0.59374
0.59166
0.59042
0.59218
0.58284
0.5974
0.58872
0.58678
0.5822
0.59424
0.5952
0.58864
0.58786
0.58482
0.5868
0.59612
0.59532
0.59176
0.58582
0.59236
0.58754
0.5864
0.59456
0.5919
0.59152
0.59046
0.59314
0.59014
0.58326
0.59194
0.59526
0.59358
0.5897
0.58758
0.5915
0.5901
0.59504
0.59336
0.59342
0.59026
0.59754
0.59352
0.59364
0.59846
0.58902
0.59636
0.58858
0.5883
0.59018
0.58824
0.5922
0.59172
0.59084
0.59658
0.59548
0.58576
0.57998
0.59038
0.5881
0.58854
0.58822
0.57918
0.59204
0.58642
0.57786
0.5893
0.58462
0.59966
0.5859
0.59312
0.59008
0.59014
0.58988
0.5886
0.58924
0.58634
0.58876
0.58356
0.5907
0.59862
0.58852
0.58436
0.59308
0.59674
0.59234
0.59378
0.58506
0.58928
0.57186
0.58444
0.59266
0.59126
0.59516
0.60028
0.58964
0.58968
0.59352
0.58952
0.5865
0.59354
0.58954
0.59556
0.5884
0.59306
0.59098
0.5917
0.59634
0.59208
0.58932
0.5918
0.58712
0.59636
0.59466
0.5949
0.59042
0.5959
0.5927
0.59772
0.59426
0.58782
0.5956
0.59618
0.59566
0.58812
0.58586
0.5802
0.58462
0.59478
0.59378
0.58536
0.5852
0.59234
0.58902
0.59074
0.5883
0.58898
0.59096
0.59182
0.5971
0.58292
0.5952
0.58668
0.58808
0.5931
0.59714
0.58176
0.59678
0.59512
0.58218
0.5921
0.59008
0.59346
0.5915
0.58958
0.59528
0.59824
0.58884
0.5898
0.5859
0.59558
0.5903
0.59024
0.58676
0.59782
0.58972
0.60042
0.59546
0.58422
0.58686
0.59732
0.5893
0.5842
0.58748
0.58764
0.58848
0.58928
0.58948
0.5884
0.59376
0.58534
0.59498
0.595
0.58494
0.59228
0.59988
0.5893
0.58602
0.58592
0.59638
0.59066
0.59096
0.59272
0.58412
0.5847
0.60092
0.59478
0.59414
0.58472
0.59328
0.58538
0.58548
0.58936
0.59232
0.59104
0.591
0.58952
0.58584
0.59206
0.59038
0.58866
0.594
0.58696
0.59172
0.58858
0.59074
0.58806
0.588
0.58054
0.58398
0.58938
0.59054
0.57922
0.59026
0.58556
0.58196
0.59018
0.58176
0.59306
0.5852
0.58656
0.57984
0.58922
0.59246
0.58428
0.58816
0.58998
0.5866
0.58814
0.5852
0.58484
0.58986
0.58508
0.58546
0.58542
0.58892
0.58782
0.5902
0.58246
0.58768
0.59212
0.58954
0.59426
0.59376
0.58898
0.59316
0.5917
0.58926
0.5914
0.59182
0.5832
0.59046
0.59176
0.59606
0.59026
0.60238
0.58892
0.59116
0.58712
0.58622
0.58608
0.586
0.59156
0.59968
0.58998
0.58716
0.5848
0.59162
0.59884
0.59236
0.58936
0.58528
0.5856
0.58482
0.59178
0.58966
0.59716
0.59478
0.5849
0.58612
0.59482
0.59598
0.59682
0.60114
0.5941
0.59156
0.58688
0.59192
0.59104
0.59212
0.59028
0.59012
0.59624
0.58318
0.59758
0.5894
0.5936
0.5889
0.59138
0.59474
0.5855
0.59134
0.59728
0.59328
0.59812
0.59022
0.59406
0.60012
0.5853
0.59502
0.59884
0.58804
0.58116
0.59346
0.59062
0.59142
0.59252
0.59386
0.59538
0.59226
0.59884
0.58408
0.58852
0.59468
0.58998
0.58928
0.59508
0.5888
0.59188
0.5908
0.58994
0.58672
0.5888
0.59198
0.5867
0.58882
0.59294
0.5836
0.59142
0.5892
0.59006
0.58002
0.59034
0.58748
0.58232
0.59268
0.59204
0.58726
0.5882
0.58422
0.58784
0.5971
0.58194
0.58968
0.59054
0.58906
0.59042
0.59058
0.58124
0.59336
0.59236
0.59072
0.58324
0.5868
0.5893
0.59046
