0.80242
0.81
0.80854
0.80556
0.80658
0.80486
0.8078
0.80836
0.81116
0.81144
0.80688
0.80684
0.80782
0.81078
0.80186
0.81144
0.80748
0.807
0.81072
0.8068
0.80782
0.81162
0.81396
0.80882
0.80918
0.80772
0.80752
0.80754
0.8087
0.81092
0.811
0.808
0.80512
0.80976
0.80646
0.80798
0.80964
0.81226
0.80534
0.80946
0.81026
0.81054
0.80578
0.80734
0.81054
0.811
0.81024
0.80984
0.80556
0.80212
0.81028
0.80906
0.81178
0.81644
0.80618
0.80724
0.80796
0.80686
0.80888
0.80636
0.80738
0.80756
0.80878
0.80676
0.80328
0.81
0.80908
0.81334
0.80804
0.81048
0.80624
0.80442
0.8077
0.80704
0.80608
0.80756
0.80748
0.81084
0.80744
0.80554
0.80644
0.80886
0.8092
0.8098
0.80972
0.81144
0.80812
0.81112
0.81086
0.80748
0.8077
0.80626
0.80588
0.80646
0.8132
0.80756
0.81178
0.8072
0.8103
0.80598
0.8075
0.80462
0.80528
0.80946
0.80658
0.81182
0.80954
0.81016
0.80732
0.80824
0.80872
0.80778
0.80638
0.80498
0.81136
0.81058
0.80914
0.80708
0.80864
0.81028
0.81018
0.81066
0.81006
0.8164
0.80774
0.8073
0.81236
0.81054
0.80856
0.80472
0.80282
0.80312
0.80458
0.79388
0.81068
0.80804
0.80698
0.80876
0.8092
0.80822
0.80814
0.80706
0.8082
0.80738
0.8094
0.80466
0.80798
0.80742
0.80556
0.8074
0.80972
0.80852
0.81094
0.80664
0.81056
0.80838
0.80636
0.81128
0.8062
0.80772
0.81554
0.80786
0.80884
0.80568
0.80918
0.80536
0.80504
0.80692
0.8089
0.8085
0.80714
0.80856
0.80782
0.80438
0.81132
0.80922
0.80772
0.80604
0.81192
0.80706
0.80736
0.80816
0.80372
0.80844
0.81208
0.8124
0.8098
0.80396
0.80506
0.80632
0.80194
0.80618
0.80608
0.80782
0.80216
0.80392
0.80854
0.8074
0.8111
0.81176
0.8058
0.80518
0.80636
0.80556
0.80856
0.80802
0.802
0.80918
0.80876
0.8092
0.81344
0.80566
0.80584
0.80728
0.80184
0.80772
0.8085
0.809
0.8103
0.8133
0.80958
0.80724
0.80788
0.80852
0.80726
0.8069
0.80788
0.80768
0.80444
0.81158
0.80794
0.80762
0.8109
0.8059
0.79924
0.80704
0.81184
0.81142
0.80966
0.80402
0.80902
0.80922
0.80952
0.8109
0.81106
0.80648
0.81222
0.8066
0.80868
0.81304
0.80412
0.8046
0.81114
0.80994
0.811
0.80466
0.8057
0.80618
0.80494
0.81162
0.80646
0.80708
0.80722
0.81342
0.80626
0.80534
0.80878
0.81224
0.81016
0.8111
0.80706
0.80794
0.8103
0.80848
0.80798
0.8047
0.8084
0.8078
0.80592
0.80816
0.8057
0.81356
0.81116
0.80922
0.8077
0.80368
0.80302
0.81312
0.80906
0.80444
0.80472
0.80688
0.80602
0.8063
0.80658
0.81028
0.808
0.80928
0.80396
0.80604
0.80826
0.80818
0.81166
0.80806
0.80504
0.807
0.80682
0.8053
0.81006
0.8063
0.80992
0.80826
0.80638
0.80578
0.8089
0.8056
0.80946
0.81112
0.80696
0.80736
0.80948
0.80996
0.80456
0.8087
0.8051
0.80172
0.81082
0.80396
0.80812
0.81048
0.81016
0.805
0.81028
0.80496
0.80762
0.81024
0.80904
0.80802
0.81116
0.81152
0.80436
0.80666
0.80836
0.80382
0.81066
0.81026
0.80964
0.80762
0.80672
0.8087
0.80878
0.80928
0.80484
0.80182
0.81202
0.80726
0.80434
0.8053
0.8145
0.81364
0.81022
0.8081
0.80744
0.80728
0.80746
0.80676
0.80764
0.8103
0.80984
0.80884
0.80856
0.80608
0.8079
0.80558
0.80798
0.80842
0.80598
0.8075
0.80688
0.80558
0.80152
0.80198
0.8062
0.80396
0.80868
0.8059
0.80154
0.80798
0.80398
0.80844
0.80594
0.80256
0.80906
0.8063
0.8101
0.80754
0.8107
0.80864
0.80032
0.81138
0.80934
0.80518
0.80946
0.8093
0.80696
0.80584
0.8063
0.80394
0.80556
0.80192
0.80642
0.80834
0.81168
0.80912
0.80296
0.81212
0.81224
0.8072
0.81152
0.80292
0.80644
0.80832
0.80458
0.80408
0.8065
0.81252
0.80994
0.8066
0.80756
0.81092
0.812
0.81044
0.80298
0.81038
0.80364
0.80714
0.80952
0.80608
0.80944
0.81156
0.80568
0.80602
0.80868
0.80482
0.81012
0.80626
0.80538
0.80406
0.80756
0.81048
0.80532
0.80612
0.8098
0.81008
0.80606
0.8075
0.81078
0.80706
0.80596
0.8049
0.81002
0.80934
0.81274
0.8072
0.80506
0.80718
0.80752
0.80148
0.80582
0.80708
0.8075
0.81146
0.81152
0.80336
0.81142
0.80534
0.80378
0.81302
0.8054
0.807
0.8047
0.8034
0.80734
0.80538
0.80576
0.81038
0.80786
0.8008
0.81158
0.80374
0.80778
0.80988
0.807
0.80504
0.8122
0.80766
0.81326
0.80704
0.808
0.80322
0.81128
0.79784
0.80966
0.80572
0.80964
0.8066
0.80398
0.80728
0.80546
0.80364
0.80612
0.80694
0.80366
0.8047
0.80498
0.81004
0.80482
0.80824
0.80852
0.80304
0.80996
0.8049
0.80764
0.8065
0.80816
0.80644
0.80742
0.80642
0.80472
0.80814
0.80686
0.81012
0.80874
0.80828
0.80756
0.80934
0.81446
0.80464
0.8137
0.80998
0.81006
0.81344
0.80684
0.81118
0.80942
0.8081
0.8078
0.8081
0.80804
0.80528
0.80764
0.80918
0.8114
0.80512
0.8069
0.81254
0.80784
0.81088
0.80928
0.80718
0.80834
0.8099
0.80222
0.80426
0.81126
0.80668
0.8093
0.81106
0.80806
0.81032
0.80358
0.80536
0.80712
0.80984
0.81032
0.80988
0.80824
0.80636
0.80688
0.80928
0.809
0.80816
0.80532
0.80884
0.80574
0.80336
0.80568
0.81322
0.80822
0.81106
0.80916
0.81096
0.80856
0.80652
0.80886
0.80778
0.8099
0.80272
0.80858
0.80654
0.8092
0.80574
0.8029
0.80396
0.8055
0.8031
0.81238
0.80972
0.80714
0.8116
0.8092
0.81004
0.81162
0.81204
0.80316
0.80564
0.80682
0.80766
0.81602
0.80402
0.8067
0.80746
0.80474
0.80698
0.80986
0.8089
0.80644
0.80986
0.81012
0.80466
0.80866
0.8097
0.80804
0.8122
0.8096
0.80976
0.80754
0.80866
0.80638
0.8118
0.80438
0.80358
0.8039
0.81372
0.8076
0.80886
0.813
0.80884
0.80218
0.80482
0.80776
0.8088
0.80806
0.80944
0.80544
0.80486
0.8107
0.80686
0.80068
0.80994
0.80702
0.80824
0.8132
0.80768
0.81008
0.80698
0.80642
0.8104
0.80944
0.80786
0.8051
0.80716
0.80868
0.80552
0.80446
0.8086
0.80608
0.81144
0.80372
0.8068
0.81022
0.80822
0.80378
0.80696
0.80618
0.80614
0.81458
0.80986
0.80624
0.80514
0.80778
0.80646
0.80744
0.81094
0.81046
0.80602
0.80342
0.80322
0.80842
0.80874
0.80922
0.80616
0.80536
0.8078
0.80776
0.80782
0.8068
0.80548
0.80762
0.81286
0.80656
0.80886
0.8066
0.80834
0.8075
0.80794
0.81238
0.80672
0.811
0.80678
0.80642
0.8146
0.80738
0.80862
0.80204
0.80634
0.80748
0.80596
0.80942
0.80836
0.80794
0.80448
0.80754
0.80804
0.80876
0.8035
0.81012
0.79926
0.81184
0.80522
0.80494
0.79694
0.80752
0.80252
0.80858
0.80948
0.80806
0.80734
0.8166
0.80864
0.81034
0.80996
0.80872
0.8059
0.8017
0.8126
0.80834
0.8087
0.80604
0.80494
0.8073
0.80486
0.803
0.8054
0.81328
0.81136
0.8099
0.80138
0.80912
0.80844
0.80496
0.80484
0.81076
0.8054
0.81086
0.80838
0.80758
0.81006
0.80682
0.80466
0.80258
0.80728
0.80996
0.81044
0.8036
0.81066
0.81152
0.80774
0.80636
0.80622
0.8096
0.8075
0.81326
0.80782
0.81104
0.8081
0.8076
0.81432
0.80644
0.81186
0.80988
0.80698
0.81234
0.80594
0.80604
0.80908
0.80874
0.8024
0.80514
0.80488
0.80792
0.80526
0.81032
0.80846
0.80396
0.80314
0.80464
0.80884
0.80934
0.81206
0.80926
0.81016
0.80616
0.80876
0.80766
0.8103
0.81362
0.80692
0.81268
0.8078
0.81016
0.802
0.80962
0.81002
0.81384
0.80932
0.80938
0.81328
0.8085
0.81144
0.81152
0.81014
0.8067
0.80872
0.8065
0.81302
0.80868
0.8038
0.80406
0.80562
0.80838
0.80706
0.80928
0.8084
0.80546
0.80102
0.80892
0.80556
0.80664
0.8049
0.8046
0.80662
0.81004
0.81224
0.8118
0.80638
0.8095
0.80256
0.80806
0.80806
0.80496
0.80594
0.80728
0.8052
0.80556
0.80908
0.80918
0.80354
0.80566
0.80636
0.80456
0.81364
0.81036
0.8105
0.80016
0.8125
0.8076
0.80322
0.80692
0.81082
0.8122
0.80744
0.80864
0.81044
0.8068
0.81346
0.8049
0.80274
0.80996
0.81238
0.81492
0.80598
0.80978
0.80524
0.81286
0.81042
0.80174
0.80988
0.80356
0.80624
0.80714
0.80828
0.8049
0.80726
0.80762
0.80936
0.80632
0.80428
0.80786
0.80862
0.80664
0.81272
0.80592
0.80722
0.80948
0.80614
0.8081
0.8067
0.80666
0.80966
0.80422
0.81194
0.8055
0.81102
0.80544
0.80158
0.81046
0.80816
0.80876
0.8125
0.8066
0.80876
0.81174
0.80916
0.80728
0.80914
0.80724
0.80746
0.81012
0.81214
0.80826
0.80982
0.8078
0.80606
0.80984
0.80454
0.80324
0.80654
0.80802
0.80762
0.80532
0.81012
0.81122
0.81048
0.81516
0.81066
0.81084
0.81008
0.81084
0.80734
0.8077
0.80522
0.80434
0.81094
0.8099
0.81124
0.80478
0.80718
0.80694
0.81086
0.80658
0.80586
0.80758
0.80058
0.80918
0.80954
0.81372
0.80832
0.80834
0.8118
0.80628
0.81038
0.80676
0.80876
0.80532
0.8082
0.80764
0.81414
0.81228
0.80822
0.80602
0.80606
0.81096
0.8073
0.80844
0.80834
0.80948
0.80492
0.80088
0.807
0.80228
0.80494
0.81308
0.80492
0.80772
0.80464
0.80786
0.80414
0.80986
0.8081
0.8135
0.80658
0.80902
0.80854
0.80988
0.80534
0.80532
0.80722
0.80774
0.80918
0.8078
0.8032
0.80482
0.80584
0.8076
0.80714
0.80458
0.80458
0.80788
0.8091
0.81334
0.80644
0.80628
0.81514
0.8079
0.80898
0.8095
0.80558
0.80808
0.81114
0.81126
0.81288
0.80822
0.8096
0.80974
0.80412
0.804
0.80972
0.80688
0.80894
0.80882
0.80346
0.80978
0.80996
0.80882
0.80602
0.80784
0.80792
0.8068
0.80854
0.80916
0.80278
0.80782
0.80456
0.80884
0.80272
0.80794
0.80928
0.80966
0.8067
0.81096
0.80606
0.8042
0.8074
0.80618
0.8031
0.80864
0.81056
0.80504
0.81366
0.8103
0.80846
0.80768
0.80566
0.81054
0.8094
0.80748
0.80598
0.8042
0.80502
0.81082
0.80562
0.80954
0.81266
0.80564
0.80528
0.80612
0.80514
0.8096
0.80656
0.80682
0.8056
0.81148
0.80852
0.81012
0.8056
0.8043
0.80784
0.80508
0.81104
0.80608
0.80998
0.81102
0.8078
0.81008
0.81024
0.80688
0.80578
0.81014
0.80646
0.80148
0.81064
0.81142
0.80818
0.80608
0.8082
0.8043
0.8067
0.81004
0.80908
0.8098
0.80738
0.80848
0.80152
0.80706
0.80616
0.80766
0.80318
0.80536
0.80708
0.80656
0.80396
0.80482
0.80972
0.81488
0.8041
0.80284
0.80416
0.80426
0.80872
0.80812
0.8112
0.80928
0.80576
0.80758
0.80646
0.80872
0.803
0.80856
0.80938
0.80828
0.80828
0.80618
0.81298
0.8073
0.8045
0.8097
0.8053
0.80342
0.811
0.80776
0.80714
0.80726
0.80358
0.806
0.81062
0.80752
0.80672
0.80996
0.80688
0.80362
0.80994
0.80906
0.80914
0.80754
0.80608
0.80844
0.81008
0.80548
0.8048
0.80372
0.80538
0.8151
0.8093
0.8076
0.80656
0.8025
0.81166
0.81264
0.80678
0.80584
0.80748
0.81058
0.80336
0.80592
0.80672
0.80758
0.80896
0.80658
0.80792
0.8036
0.80756
0.80616
0.80818
0.80918
0.80372
0.81154
0.80816
0.80408
0.80926
0.80588
0.81202
0.80808
0.8086
0.80324
0.80948
0.806
0.80722
0.81058
0.80452
0.80424
0.8074
0.81074
0.80568
0.80524
0.80742
0.8076
0.81028
0.80862
0.80942
0.80946
0.80352
0.81076
0.8051
0.80748
0.80752
0.7997
0.80794
0.80606
0.80566
0.8088
0.80938
0.81174
0.80938
0.81386
0.80736
0.8091
0.80722
0.80944
0.80856
0.80554
0.8074
0.80736
0.80566
0.8073
0.81052
0.80906
0.80748
0.80782
0.8068
0.8071
0.8071
0.80784
0.80832
0.81292
0.80122
0.81144
0.80552
0.81428
0.81196
0.81272
0.8091
0.80962
0.80454
0.80472
0.80842
0.80652
0.80592
0.80896
0.81204
0.80514
0.8054
0.80204
0.81172
0.80946
0.809
0.81152
0.8126
0.80972
0.8016
0.80462
0.81226
0.80598
0.80734
0.8031
0.80988
0.80902
0.80788
0.80808
0.80412
0.80988
0.80904
0.80676
0.80988
0.8123
0.80834
0.80974
0.80238
0.80738
0.81154
0.80978
0.8101
0.80478
0.80682
0.80596
0.80132
0.81114
0.80834
0.80612
0.80618
0.80522
0.80434
0.81038
0.808
0.80626
0.80674
0.80052
0.8062
0.80872
0.80864
0.80668
0.81196
0.81156
0.81052
0.80798
0.81186
0.80914
0.8054
0.80358
0.80432
0.80762
0.8106
0.80984
0.80764
0.80662
0.81124
0.80572
0.80782
0.8081
0.80608
0.80504
0.80862
0.80844
0.80948
0.80822
0.80538
0.80634
0.8085
0.8059
0.80396
0.80722
0.8084
0.81
0.80792
0.81068
0.81204
0.8082
0.80618
0.80234
0.8096
0.8105
0.80648
0.80736
0.80854
0.80962
0.80614
0.80658
0.81078
0.80582
0.80218
0.80694
0.8066
0.8102
0.80962
0.80562
0.80496
0.80944
0.80552
0.81266
0.8054
0.80992
0.80732
0.80982
0.81114
0.80738
0.8073
0.80914
0.80194
0.80378
0.80752
0.80628
0.811
0.8049
0.81204
0.80922
0.80594
0.80524
0.80216
0.80798
0.80726
0.80566
0.80816
0.80696
0.80386
0.80592
0.80832
0.80664
0.81046
0.8023
0.80756
0.81104
0.80886
0.80472
0.80962
0.80486
0.80946
0.8071
0.80846
0.81014
0.80634
0.81162
0.80622
0.8057
0.80752
0.80596
0.80716
0.81032
0.80794
0.80954
0.81338
0.80834
0.8109
0.80842
0.8113
0.8087
0.80882
0.8103
0.80736
0.80992
0.80918
0.8055
0.809
0.81052
0.80872
0.8097
0.80162
0.80622
0.81202
0.80886
0.80946
0.80206
0.8042
0.80946
0.80682
0.80822
0.80542
0.81024
0.80854
0.80842
0.8037
0.80584
0.80802
0.80896
0.8067
0.81134
0.80856
0.80834
0.80558
0.80656
0.80952
0.81012
0.80786
0.80756
0.80028
0.80628
0.80734
0.81224
0.8064
0.80862
0.80706
0.80726
0.80458
0.8054
0.8122
0.80672
0.80762
0.81222
0.80472
0.80998
0.81078
0.80668
0.81128
0.81112
0.81704
0.80486
0.80794
0.81132
0.81042
0.80742
0.80864
0.80888
0.8094
0.8089
0.80624
0.80742
0.8061
0.8077
0.81088
0.80582
0.8051
0.8111
0.80524
0.80554
0.80528
0.80478
0.80678
0.80464
0.80854
0.80574
0.80292
0.80748
0.81294
0.80782
0.80948
0.80672
0.80654
0.81026
0.80522
0.80544
0.80554
0.8072
0.8081
0.80498
0.81162
0.8119
0.81672
0.80546
0.80926
0.8081
0.80578
0.80868
0.81164
0.8117
0.81178
0.80564
0.81136
0.81042
0.80566
0.80518
0.8087
0.81054
0.8094
0.80726
0.80176
0.8032
0.80504
0.80802
0.80596
0.81128
0.80512
0.81422
0.80822
0.81318
0.80986
0.80444
0.80388
0.81206
0.80818
0.80986
0.80314
0.80792
0.80976
0.81324
0.80494
0.80658
0.80846
0.80796
0.80386
0.81254
0.80876
0.80496
0.80988
0.8033
0.80166
0.80922
0.81098
0.80984
0.805
0.81006
0.81308
0.80408
0.80164
0.81116
0.80846
0.8067
0.80682
0.80524
0.80876
0.8104
0.8074
0.8068
0.8031
0.8112
0.81368
0.81764
0.80842
0.81214
0.8102
0.80766
0.81066
0.80776
0.80666
0.80474
0.8028
0.80722
0.81002
0.8061
0.80494
0.80366
0.8074
0.80646
0.80542
0.80686
0.81094
0.8073
0.80954
0.8125
0.80842
0.80588
0.80698
0.80792
0.80758
0.8138
0.79922
0.806
0.80642
0.80452
0.80958
0.80772
0.80564
0.80968
0.81302
0.80812
0.80706
0.8087
0.80466
0.81152
0.80846
0.80808
0.8073
0.81008
0.80278
0.8127
0.80848
0.8077
0.80058
0.8118
0.8076
0.80782
0.80128
0.81208
0.8072
0.8075
0.80914
0.80802
0.81106
0.80618
0.80842
0.81392
0.81142
0.80846
0.81146
0.8087
0.8049
0.8083
0.80908
0.80358
0.8068
0.809
0.8051
0.81072
0.80506
0.80578
0.80886
0.80636
0.80462
0.80596
0.80398
0.8066
0.8089
0.80802
0.81086
0.81172
0.80682
0.80198
0.80644
0.81136
0.80846
0.80998
0.80938
0.80988
0.81014
0.80636
0.80472
0.81338
0.80862
0.8084
0.80168
0.80796
0.8054
0.80132
0.80806
0.80942
0.8114
0.8089
0.80862
0.80192
0.81318
0.80398
0.81176
0.8103
0.80962
0.80936
0.80566
0.80822
0.81078
0.8098
0.80732
0.80524
0.81292
0.81368
0.80504
0.80798
0.80792
0.81136
0.80746
0.8147
0.8086
0.80874
0.81148
0.80852
0.80902
0.8076
0.8098
0.80696
0.80878
0.80426
0.81116
0.80834
0.80662
0.80968
0.80842
0.8095
0.80884
0.80642
0.81058
0.81228
0.80756
0.8063
0.80738
0.80234
0.80288
0.81106
0.81024
0.80552
0.80614
0.80844
0.80676
0.80506
0.81466
0.80864
0.80768
0.80646
0.80834
0.8085
0.8117
0.81208
0.81416
0.80642
0.80614
0.80056
0.80452
0.80748
0.80548
0.80676
0.81148
0.80934
0.80818
0.80646
0.80666
0.80568
0.8101
0.8099
0.80858
0.80854
0.8066
0.81368
0.80632
0.80554
0.80854
0.8073
0.81262
0.80936
0.8086
0.80998
0.81004
0.81224
0.80544
0.8046
0.8093
0.80752
0.8048
0.8041
0.809
0.80792
0.80538
0.80072
0.80778
0.81036
0.80754
0.80754
0.80968
0.80584
0.80654
0.80746
0.80922
0.81238
0.80224
0.80982
0.80906
0.81174
0.80644
0.80914
0.81432
0.80986
0.80688
0.81032
0.8116
0.80422
0.81444
0.8024
0.8086
0.80292
0.80764
0.80872
0.80642
0.80788
0.8072
0.81306
0.80942
0.80872
0.81262
0.80626
0.80924
0.81102
0.809
0.80626
0.8058
0.81008
0.80828
0.8073
0.80764
0.8113
0.80828
0.80456
0.80996
0.81334
0.81366
0.80492
0.79792
0.80746
0.80632
0.80506
0.80694
0.8119
0.81442
0.80266
0.8119
0.81118
0.8069
0.80768
0.80856
0.8132
0.80758
0.81006
0.8074
0.80608
0.81036
0.8071
0.80768
0.80554
0.80836
0.80662
0.80686
0.80692
0.80862
0.80984
0.8054
0.80856
0.80974
0.81172
0.80826
0.80116
0.81202
0.80826
0.80192
0.8056
0.80498
0.80528
0.80342
0.80646
0.80846
0.80896
0.8117
0.80582
0.80512
0.80726
0.80346
0.80718
0.81128
0.80384
0.80626
0.80572
0.80242
0.81006
0.81228
0.8098
0.80764
0.80472
0.8081
0.81258
0.80728
0.80314
0.8064
0.80988
0.8121
0.80726
0.80444
0.80514
0.80722
0.80236
0.80812
0.80404
0.8032
0.80756
0.80652
0.80698
0.80582
0.80784
0.80336
0.80534
0.80342
0.80944
0.80718
0.80246
0.8046
0.81084
0.81416
0.809
0.80876
0.80878
0.8096
0.8136
0.81002
0.80926
0.80438
0.81378
0.81178
0.80958
0.80896
0.80364
0.80364
0.81002
0.79926
0.81204
0.81254
0.80924
0.8151
0.80778
0.81292
0.80994
0.80546
0.81148
0.80598
0.80892
0.81036
0.80744
0.80836
0.80984
0.80752
0.80998
0.8097
0.80828
0.80384
0.80458
0.80768
0.8141
0.80512
0.81264
0.80836
0.80352
0.80598
0.81238
0.80476
0.81104
0.80666
0.80924
0.80322
0.808
0.80936
0.81388
0.80824
0.80624
0.81072
0.816
0.80902
0.809
0.80968
0.8076
0.80686
0.80754
0.8026
0.81078
0.81088
0.80362
0.80452
0.81226
0.80682
0.80916
0.8076
0.80754
0.80964
0.80946
0.81238
0.8072
0.80768
0.8102
0.80962
0.81204
0.80758
0.8108
0.8067
0.80712
0.80932
0.81112
0.8037
0.81102
0.80982
0.80732
0.80892
0.8097
0.809
0.80736
0.80668
0.80924
0.80898
0.80924
0.80882
0.81224
0.80694
0.80912
0.80728
0.81066
0.80954
0.81682
0.80852
0.8076
0.80628
0.81054
0.80768
0.81444
0.80296
0.80684
0.80952
0.80596
0.80928
0.80478
0.80948
0.80484
0.81036
0.80996
0.8085
0.80964
0.8078
0.8079
0.809
0.81282
0.802
0.81092
0.80898
0.81258
0.80836
0.80644
0.80552
0.81022
0.80642
0.80702
0.80258
0.80638
0.80936
0.81224
0.80718
0.80424
0.81176
0.80772
0.80874
0.81006
0.80862
0.8086
0.80362
0.81042
0.80326
0.80144
0.8073
0.8108
0.80864
0.80908
0.80446
0.81102
0.80738
0.809
0.80594
0.81218
0.80718
0.80864
0.80346
0.80718
0.80974
0.8093
0.81218
0.80832
0.81072
0.80002
0.80502
0.80418
0.80992
0.81216
0.80466
0.81048
0.8066
0.80162
0.80406
0.80598
0.81004
0.80816
0.80864
0.81008
0.80546
0.8039
0.80316
0.81076
0.81002
0.80834
0.81172
0.80788
0.80396
0.81258
0.81018
0.80896
0.80546
0.80646
0.80852
0.80864
0.80494
0.80782
0.8131
0.80256
0.80512
0.81288
0.80746
0.81034
0.81034
0.81124
0.80812
0.80934
0.80312
0.80798
0.80442
0.80762
0.81158
0.80908
0.80902
0.8027
0.80376
0.8052
0.81146
0.80414
0.81014
0.8106
0.8062
0.80652
0.80698
0.80964
0.8039
0.80626
0.80404
0.80742
0.80504
0.80984
0.80772
0.8095
0.80562
0.81252
0.8069
0.81014
0.8054
0.8062
0.80794
0.80638
0.80426
0.8085
0.8054
0.80962
0.80366
0.80446
0.80512
0.80478
0.80856
0.8091
0.80652
0.80722
0.80884
0.80936
0.80826
0.80432
0.8066
0.8115
0.80864
0.80496
0.81262
0.8131
0.80742
0.80428
0.80788
0.8067
0.80444
0.80946
0.8071
0.8127
0.80728
0.80908
0.81232
0.81108
0.80702
0.80858
0.80902
0.80386
0.81016
0.8063
0.805
0.80474
0.81042
0.8112
0.80326
0.80772
0.80874
0.80776
0.80904
0.80772
0.80878
0.80428
0.80552
0.8028
0.80264
0.81062
0.80362
0.80898
0.81116
0.80672
0.81142
0.80102
0.8103
0.81114
0.8052
0.80942
0.80594
0.80602
0.80626
0.81066
0.80808
0.81342
0.80878
0.81392
0.8127
0.80662
0.81106
0.81216
0.80758
0.80908
0.80926
0.81072
0.81182
0.80846
0.80476
0.80848
0.80616
0.80198
0.80832
0.80416
0.81298
0.80488
0.80334
0.80312
0.80456
0.80382
0.80768
0.8129
0.8041
0.81174
0.80268
0.80904
0.80696
0.80596
0.80406
0.8115
0.80364
0.80486
0.80326
0.80842
0.80884
0.80992
0.80842
0.80816
0.80278
0.80624
0.8042
0.80794
0.80412
0.80314
0.80254
0.8104
0.80076
0.81248
0.80452
0.80762
0.80876
0.80912
0.8071
0.80618
0.80922
0.8084
0.80668
0.8094
0.81458
0.80898
0.81086
0.80526
0.80898
0.80524
0.8069
0.806
0.80672
0.80886
0.80964
0.81088
0.80246
0.80818
0.80838
0.80558
0.8104
0.80486
0.81108
0.81236
0.80576
0.80122
0.81624
0.8095
0.80564
0.80646
0.8058
0.8083
0.80784
0.80858
0.80876
0.80604
0.80618
0.80602
0.8103
0.8046
0.80818
0.8107
0.8055
0.80726
0.80664
0.80872
0.81064
0.8049
0.8029
0.80596
0.81094
0.81016
0.8112
0.80574
0.80234
0.80518
0.80508
0.80602
0.80936
0.80922
0.80752
0.81034
0.81096
0.80932
0.80954
0.80844
0.80652
0.80594
0.81144
0.8032
0.80606
0.80842
0.80456
0.81286
0.80498
0.8091
0.80682
0.8055
0.8072
0.81144
0.80506
0.80658
0.80766
0.80304
0.80626
0.80718
0.80198
0.80702
0.80718
0.8096
0.81044
0.81252
0.80796
0.80942
0.8135
0.80494
0.80996
0.80744
0.8078
0.80866
0.8104
0.80816
0.8081
0.80382
0.80944
0.80728
0.80878
0.8103
0.80698
0.81206
0.80106
0.81136
0.80408
0.80786
0.80496
0.80412
0.80858
0.80924
0.80782
0.80996
0.81166
0.8097
0.81088
0.81388
0.807
0.80216
0.80844
0.8112
0.80982
0.80512
0.80828
0.80684
0.80456
0.8092
0.80712
0.80872
0.80674
0.8121
0.8083
0.80468
0.81244
0.80916
0.80272
0.80624
0.81018
0.80738
0.81028
0.8041
0.80946
0.80822
0.80684
0.8042
0.80538
0.81468
0.8061
0.8106
0.80848
0.80594
0.81426
0.80858
0.81166
0.80716
0.80922
0.80942
0.8082
0.805
0.8075
0.80854
0.8045
0.8107
0.80486
0.80184
0.81018
0.80924
0.80772
0.80718
0.80636
0.80956
0.8046
0.8006
0.80664
0.80668
0.80682
0.8039
0.80818
0.8136
0.8052
0.80874
0.80302
0.81114
0.80804
0.80266
0.80368
0.80294
0.81304
0.81056
0.80976
0.80152
0.81376
0.80916
0.80672
0.80506
0.80912
0.80732
0.80824
0.81188
0.8086
0.80172
0.80566
0.80418
0.80556
0.80524
0.80334
0.80714
0.80786
0.8091
0.8104
0.81
0.80646
0.80576
0.81454
0.81344
0.80476
0.8082
0.8063
0.80344
0.80736
0.80584
0.81294
0.7999
0.8063
0.81028
0.81208
0.80524
0.8098
0.80926
0.80664
0.80572
0.80838
0.8037
0.81118
0.80678
0.80914
0.80638
0.80868
0.8099
0.80706
0.8059
0.80668
0.80862
0.80298
0.80902
0.8068
0.80706
0.8084
0.80998
0.80868
0.80732
0.8045
0.8117
0.80748
0.80436
0.81166
0.81172
0.81162
0.80618
0.80932
0.80584
0.80566
0.80376
0.80798
0.8055
0.80646
0.80844
0.81264
0.80312
0.81048
0.81232
0.80792
0.80412
0.81374
0.80622
0.80642
0.80902
0.81302
0.80834
0.80656
0.79794
0.80866
0.80708
0.81606
0.80676
0.80458
0.80702
0.81092
0.8099
0.80716
0.80262
0.80516
0.81036
0.80844
0.80744
0.80458
0.80772
0.80796
0.81172
0.80766
0.80406
0.8057
0.80934
0.81434
0.8078
0.80452
0.80678
0.8094
0.80452
0.80856
0.81114
0.80908
0.81228
0.80678
0.80826
0.80404
0.81294
0.813
0.80794
0.81314
0.80136
0.80866
0.80696
0.80484
0.80606
0.803
0.80716
0.80996
0.81106
0.80508
0.8088
0.81354
0.81178
0.80358
0.8044
0.81376
0.8071
0.80412
0.80536
0.80754
0.81014
0.81324
0.80214
0.8088
0.8107
0.80786
0.80194
0.80582
0.8078
0.80694
0.80604
0.80654
0.80734
0.80488
0.80858
0.80522
0.80678
0.8057
0.8074
0.8025
0.80948
0.80704
0.80664
0.80706
0.80904
0.80696
0.80496
0.80602
0.8156
0.80406
0.80844
0.80418
0.81036
0.80802
0.8065
0.81026
0.81126
0.80804
0.81068
0.80894
0.80862
0.80676
0.80736
0.80482
0.8109
0.80498
0.80702
0.80674
0.80822
0.81124
0.8084
0.81018
0.807
0.80446
0.80818
0.79912
0.80726
0.80576
0.80766
0.8121
0.80746
0.80626
0.80644
0.80338
0.80776
0.80884
0.80264
0.8083
0.81308
0.80824
0.81066
0.80814
0.80702
0.80718
0.80712
0.80938
0.80594
0.80764
0.80412
0.80482
0.80598
0.80208
0.81402
0.80346
0.80704
0.80844
0.80752
0.80522
0.807
0.80762
0.81054
0.81194
0.81064
0.80292
0.80658
0.81328
0.80682
0.80856
0.8066
0.8028
0.80298
0.80308
0.80992
0.80738
0.80844
0.80372
0.81162
0.80806
0.80556
0.80992
0.81208
0.80918
0.80684
0.80426
0.80734
0.81118
0.81058
0.80692
0.80544
0.80782
0.80622
0.8082
0.8033
0.80924
0.81004
0.80086
0.80836
0.81258
0.80614
0.80512
0.80996
0.80804
0.81014
0.80734
0.8081
0.80768
0.8044
0.81056
0.80806
0.80958
0.80408
0.80994
0.81126
0.8049
0.80978
0.80902
0.80542
0.8044
0.80558
0.8118
0.80602
0.80422
0.8049
0.8084
0.81014
0.80552
0.81012
0.80678
0.80664
0.8148
0.80636
0.80562
0.81014
0.8066
0.80964
0.80646
0.81028
0.80738
0.80852
0.80658
0.81388
0.80902
0.80178
0.80796
0.80628
0.81322
0.80524
0.80946
0.80746
0.80222
0.80482
0.80996
0.81282
0.80956
0.8066
0.80568
0.81084
0.8077
0.80642
0.81068
0.80742
0.81018
0.81334
0.8089
0.80522
0.80744
0.80394
0.80586
0.80924
0.80876
0.80686
0.80368
0.80992
0.80634
0.80534
0.80322
0.81454
0.8079
0.80532
0.81224
0.80734
0.80804
0.80556
0.80718
0.81036
0.8117
0.81168
0.80462
0.81098
0.81194
0.81246
0.80688
0.80456
0.809
0.81018
0.80406
0.80388
0.81154
0.81252
0.81128
0.80686
0.8035
0.8141
0.80736
0.80816
0.80366
0.80816
0.80316
0.80406
0.8057
0.802
0.80336
0.80678
0.8046
0.81064
0.80684
0.80624
0.80494
0.80962
0.80664
0.80682
0.8114
0.80628
0.80638
0.80806
0.80738
0.8093
0.80914
0.80888
0.80116
0.80796
0.80948
0.81008
0.80844
0.80236
0.80878
0.81284
0.80988
0.80732
0.80874
0.8098
0.8065
0.80622
0.80298
0.8094
0.81048
0.80244
0.81366
0.81016
0.80612
0.80762
0.80632
0.8122
0.80618
0.80908
0.80902
0.80312
0.80774
0.8059
0.8069
0.80918
0.80684
0.80972
0.80642
0.80302
0.809
0.80452
0.81262
0.8049
0.81152
0.81088
0.80664
0.81024
0.80742
0.81148
0.80548
0.80688
0.80948
0.81004
0.811
0.80692
0.80528
0.80038
0.80652
0.80582
0.81106
0.80728
0.8086
0.80652
0.80446
0.8063
0.80746
0.80952
0.80222
0.80692
0.80716
0.80884
0.81048
0.80928
0.81166
0.80962
0.80886
0.81062
0.80902
0.81128
0.80618
0.80678
0.80172
0.81208
0.81114
0.81058
0.80404
0.81112
0.80434
0.80814
0.80468
0.8046
0.80796
0.80688
0.80616
0.8098
0.8059
0.80732
0.80852
0.80798
0.80794
0.80536
0.80714
0.81128
0.80978
0.80786
0.81004
0.80756
0.80718
0.8091
0.80504
0.8067
0.80734
0.80786
0.81124
0.8106
0.81112
0.80806
0.80628
0.80928
0.80548
0.80868
0.80942
0.81144
0.80564
0.8082
0.80822
0.8077
0.80926
0.8089
0.80744
0.80524
0.80684
0.81124
0.80548
0.81048
0.80292
0.80588
0.80488
0.80844
0.80714
0.80716
0.80756
0.80942
0.8081
0.80622
0.80986
0.80296
0.80882
0.80678
0.80852
0.79894
0.81784
0.80698
0.81414
0.80636
0.80792
0.80576
0.8089
0.80608
0.80848
0.80804
0.80504
0.81166
0.80424
0.8075
0.8083
0.80944
0.80454
0.80832
0.8086
0.80578
0.80808
0.80418
0.80788
0.81068
0.81094
0.81188
0.80528
0.80312
0.81056
0.80736
0.8095
0.81134
0.80658
0.80462
0.80552
0.80908
0.80768
0.81122
0.8088
0.80658
0.81208
0.80316
0.8097
0.8142
0.80918
0.80784
0.80546
0.81248
0.80524
0.81432
0.80814
0.80646
0.81078
0.81114
0.8055
0.80222
0.8111
0.80308
0.80972
0.81076
0.80658
0.80806
0.8049
0.80674
0.81204
0.8065
0.8102
0.80848
0.80514
0.8094
0.80776
0.81152
0.80756
0.80506
0.80898
0.80534
0.80718
0.80676
0.80724
0.80292
0.8056
0.80534
0.80752
0.80494
0.80886
0.80534
0.81156
0.80754
0.8107
0.80508
0.80274
0.81132
0.80308
0.80524
0.80588
0.80466
0.80968
0.81078
0.80822
0.80634
0.80696
0.8087
0.80872
0.80432
0.81156
0.80686
0.81182
0.80632
0.80744
0.81018
0.80996
0.80918
0.81472
0.80822
0.80704
0.8075
0.80776
0.81486
0.80906
0.80806
0.80672
0.81002
0.80736
0.80962
0.80254
0.80652
0.81402
0.80424
0.80738
0.80746
0.80608
0.81144
0.81136
0.80552
0.8064
0.8081
0.80164
0.80626
0.80616
0.80754
0.80868
0.8102
0.8065
0.80752
0.80982
0.80526
0.80546
0.80488
0.81094
0.80694
0.80858
0.81208
0.81112
0.81324
0.80762
0.80318
0.80308
0.81596
0.80488
0.80788
0.81062
0.80952
0.8062
0.81094
0.81046
0.80204
0.80612
0.80528
0.80832
0.8069
0.8079
0.80582
0.8058
0.80888
0.80802
0.80672
0.80816
0.8079
0.80594
0.80828
0.81438
0.80132
0.80992
0.80896
0.80938
0.80652
0.80792
0.80626
0.80578
0.80462
0.80986
0.81008
0.80562
0.80582
0.81
0.80756
0.80672
0.81078
0.80982
0.81096
0.8118
0.81012
0.80974
0.811
0.80826
0.81158
0.80702
0.8077
0.80208
0.8087
0.80348
0.8091
0.8056
0.81084
0.80162
0.8087
0.81014
0.80656
0.80618
0.80768
0.80566
0.80938
0.80746
0.81366
0.80616
0.80604
0.8099
0.8057
0.80482
0.811
0.81152
0.80554
0.8086
0.8069
0.80344
0.80768
0.81082
0.80916
0.80394
0.80536
0.80452
0.8105
0.80906
0.80332
0.8056
0.80298
0.808
0.81036
0.80536
0.80818
0.80696
0.81212
0.80904
0.81082
0.80462
0.8058
0.80584
0.8059
0.8074
0.80728
0.81134
0.8105
0.80484
0.80988
0.80746
0.80286
0.81066
0.8077
0.81138
0.80942
0.80572
0.80558
0.8121
0.81292
0.80532
0.8062
0.81352
0.80816
0.80706
0.80988
0.8086
0.80282
0.80582
0.80626
0.80512
0.80528
0.80642
0.80854
0.8107
0.80918
0.8135
0.80662
0.80122
0.81038
0.8093
0.81104
0.80658
0.80498
0.8096
0.80962
0.8036
0.80824
0.8054
0.8093
0.80822
0.80492
0.80296
0.80624
0.81286
0.80722
0.80236
0.80654
0.80768
0.80824
0.80664
0.81016
0.8075
0.80936
0.81324
0.80394
0.80992
0.8102
0.80408
0.8088
0.80518
0.80828
0.81216
0.8092
0.80882
0.8062
0.80372
0.80704
0.81018
0.80636
0.80074
0.81286
0.80942
0.81122
0.8076
0.8088
0.81354
0.80768
0.80976
0.8087
0.80452
0.807
0.80724
0.80582
0.81118
0.80914
0.80782
0.80678
0.80964
0.80592
0.80854
0.81288
0.80766
0.81046
0.80958
0.80978
0.80378
0.80418
0.8085
0.80774
0.81096
0.8046
0.8067
0.8053
0.80832
0.80122
0.80514
0.80962
0.80574
0.80952
0.80446
0.8067
0.81004
0.8049
0.80696
0.80908
0.80848
0.80694
0.80582
0.80476
0.80772
0.80692
0.80792
0.80772
0.80492
0.8085
0.81004
0.80438
0.80764
0.81172
0.8166
0.80616
0.8046
0.80724
0.80808
0.8039
0.80154
0.8083
0.80838
0.80854
0.8108
0.80882
0.80228
0.80874
0.8036
0.81104
0.80504
0.80364
0.80808
0.8102
0.80652
0.81094
0.81092
0.8069
0.81558
0.813
0.80494
0.80722
0.8099
0.80944
0.80932
0.81156
0.8124
0.80608
0.80904
0.8086
0.80354
0.80504
0.80424
0.81318
0.80962
0.8053
0.80936
0.80748
0.8089
0.80536
0.81168
0.81132
0.80518
0.80646
0.80682
0.80994
0.80918
0.80748
0.80572
0.80416
0.8141
0.80814
0.80842
0.80674
0.80298
0.80968
0.8099
0.81498
0.80906
0.8067
0.80846
0.81028
0.80848
0.80954
0.8111
0.8065
0.80792
0.80642
0.80748
0.80664
0.80426
0.81152
0.80644
0.81
0.8038
0.805
0.80706
0.8015
0.80708
0.80494
0.80878
0.80334
0.80234
0.80804
0.80604
0.80526
0.80808
0.80678
0.807
0.80984
0.80692
0.80514
0.80792
0.80608
0.80818
0.81394
0.81332
0.80402
0.8084
0.80778
0.8086
0.81156
0.80468
0.80846
0.8079
0.8131
0.80948
0.809
0.80642
0.80666
0.8113
0.8042
0.80992
0.81122
0.8096
0.80712
0.81028
0.80624
0.8108
0.80942
0.80792
0.80404
0.80738
0.80974
0.81016
0.80782
0.81396
0.80406
0.81088
0.81148
0.80816
0.80734
0.80244
0.80314
0.80764
0.80624
0.80824
0.80782
0.80526
0.8086
0.81306
0.80974
0.80628
0.80806
0.80612
0.80876
0.81042
0.8068
0.80662
0.81148
0.80662
0.81046
0.80852
0.80684
0.80734
0.8009
0.80588
0.81092
0.81486
0.80846
0.8126
0.8097
0.8057
0.80678
0.80988
0.81014
0.81146
0.80646
0.80504
0.80684
0.80894
0.80672
0.80944
0.80458
0.80694
0.8052
0.80554
0.80756
0.8053
0.80396
0.8043
0.81014
0.80472
0.81074
0.806
0.80816
0.80754
0.8115
0.80462
0.80234
0.80456
0.80852
0.80756
0.81064
0.80696
0.80978
0.8078
0.8082
0.80744
0.81004
0.81292
0.81076
0.80534
0.81262
0.80782
0.80842
0.80268
0.80062
0.80946
0.8106
0.80638
0.8096
0.80586
0.80494
0.80348
0.81372
0.81178
0.8067
0.80932
0.8062
0.80292
0.8054
0.81184
0.8052
0.80546
0.80478
0.81206
0.8081
0.8059
0.80346
0.80566
0.81074
0.80302
0.807
0.80358
0.80928
0.80846
0.81086
0.80452
0.80164
0.80608
0.8057
0.80814
0.81052
0.80624
0.80632
0.81098
0.80826
0.8054
0.8068
0.80824
0.80726
0.80576
0.80172
0.80454
0.80726
0.80878
0.80664
0.80872
0.80482
0.80518
0.80706
0.80838
0.80756
0.8093
0.80804
0.8076
0.80584
0.80624
0.809
0.80642
0.80654
0.8096
0.80498
0.80874
0.80398
0.80596
0.80334
0.8078
0.8037
0.80398
0.80736
0.8074
0.80726
0.80962
0.80768
0.80914
0.8095
0.80716
0.80752
0.80748
0.81348
0.80904
0.80624
0.80966
0.8073
0.80554
0.80308
0.80554
0.81108
0.81142
0.8093
0.80778
0.8098
0.80614
0.80576
0.8047
0.80754
0.807
0.81198
0.8087
0.81014
0.80532
0.80414
0.817
0.81196
0.80448
0.80586
0.81266
0.80564
0.80634
0.81078
0.80832
0.80344
0.80484
0.81128
0.80882
0.8097
0.80244
0.81378
0.81068
0.80702
0.80334
0.80952
0.80894
0.80524
0.80708
0.80568
0.80744
0.80554
0.80854
0.81006
0.8045
0.8082
0.80406
0.80344
0.80782
0.8064
0.80706
0.81152
0.80964
0.8082
0.81026
0.80688
0.80684
0.81102
0.80434
0.80414
0.81044
0.80564
0.80726
0.81014
0.8089
0.8069
0.80456
0.81044
0.80784
0.80396
0.8062
0.80286
0.8088
0.8098
0.80914
0.80496
0.80646
0.8077
0.80652
0.80542
0.80972
0.8075
0.80442
0.81282
0.8061
0.81018
0.80464
0.80556
0.8091
0.80812
0.80788
0.8043
0.80478
0.80526
0.80616
0.8103
0.80798
0.8107
0.80804
0.8042
0.8062
0.80998
0.8024
0.80746
0.81148
0.80444
0.81264
0.81086
0.81332
0.80866
0.80772
0.81126
0.80872
0.8092
0.80602
0.80662
0.80632
0.80776
0.80264
0.80868
0.81216
0.80962
0.80808
0.8057
0.81176
0.80744
0.80896
0.80526
0.8077
0.80628
0.80428
0.80868
0.80772
0.80032
0.80746
0.8108
0.80704
0.80542
0.8023
0.81058
0.81046
0.80892
0.80948
0.8107
0.81162
0.80894
0.80894
0.8071
0.8036
0.80536
0.8112
0.81024
0.8115
0.81072
0.81158
0.804
0.80438
0.8099
0.8115
0.8131
0.8089
0.80842
0.80794
0.81302
0.80966
0.8073
0.80668
0.813
0.8066
0.81212
0.81066
0.80704
0.81132
0.8047
0.8062
0.81002
0.81048
0.8093
0.80672
