-0.8822
-0.87166
-0.87496
-0.88196
-0.88266
-0.88224
-0.87736
-0.87744
-0.87608
-0.87628
-0.87372
-0.87584
-0.8736
-0.87864
-0.88462
-0.87924
-0.8813
-0.87932
-0.88054
-0.88166
-0.87892
-0.87908
-0.8862
-0.88626
-0.88076
-0.88074
-0.8777
-0.87528
-0.87494
-0.87694
-0.87746
-0.87866
-0.8834
-0.88584
-0.88632
-0.88058
-0.87808
-0.87836
-0.8819
-0.8756
-0.87758
-0.8788
-0.88386
-0.881
-0.88306
-0.882
-0.88078
-0.87808
-0.87566
-0.86892
-0.87588
-0.87342
-0.87462
-0.8796
-0.87826
-0.8751
-0.87886
-0.87646
-0.87612
-0.87514
-0.87336
-0.87918
-0.87508
-0.87386
-0.8788
-0.87868
-0.88102
-0.87906
-0.88198
-0.87712
-0.88074
-0.8789
-0.87996
-0.87658
-0.8774
-0.87784
-0.87514
-0.87294
-0.87596
-0.87406
-0.87752
-0.87634
-0.87372
-0.87818
-0.87556
-0.87476
-0.87218
-0.87428
-0.87648
-0.87672
-0.8777
-0.87694
-0.87756
-0.88058
-0.87912
-0.87902
-0.87994
-0.88498
-0.88564
-0.88432
-0.87886
-0.87956
-0.88004
-0.87884
-0.87998
-0.8831
-0.8763
-0.87886
-0.87752
-0.87358
-0.87758
-0.88232
-0.88064
-0.87576
-0.87774
-0.87338
-0.88232
-0.8782
-0.8832
-0.8767
-0.88164
-0.88816
-0.87934
-0.87714
-0.8798
-0.8805
-0.87914
-0.8764
-0.88216
-0.87646
-0.87946
-0.8782
-0.8802
-0.87774
-0.87106
-0.8765
-0.87118
-0.87576
-0.87412
-0.8721
-0.8777
-0.8742
-0.8727
-0.8783
-0.87732
-0.87968
-0.87782
-0.87268
-0.87456
-0.8799
-0.87398
-0.87944
-0.8749
-0.87536
-0.8739
-0.87398
-0.8803
-0.87998
-0.87664
-0.87854
-0.8778
-0.88254
-0.8799
-0.8788
-0.87422
-0.87762
-0.87748
-0.88056
-0.87844
-0.88254
-0.87562
-0.87288
-0.8752
-0.8749
-0.87326
-0.8713
-0.87366
-0.87006
-0.8763
-0.88242
-0.88006
-0.87714
-0.87864
-0.88302
-0.87944
-0.87264
-0.8759
-0.8692
-0.86622
-0.86906
-0.86864
-0.87828
-0.8748
-0.87294
-0.87186
-0.86932
-0.8702
-0.87292
-0.87802
-0.87576
-0.87482
-0.8763
-0.87884
-0.87084
-0.87658
-0.87668
-0.87848
-0.87636
-0.87612
-0.88098
-0.87536
-0.87512
-0.87436
-0.87952
-0.87654
-0.87644
-0.87522
-0.88
-0.87544
-0.87138
-0.87766
-0.87534
-0.8788
-0.87886
-0.8741
-0.87458
-0.87446
-0.8782
-0.87934
-0.87718
-0.87734
-0.8779
-0.87892
-0.87848
-0.87478
-0.87688
-0.8747
-0.87604
-0.87358
-0.87806
-0.87554
-0.87626
-0.8745
-0.87546
-0.87528
-0.87772
-0.88622
-0.87686
-0.87538
-0.87048
-0.8757
-0.88096
-0.8816
-0.8774
-0.88186
-0.88204
-0.87648
-0.87394
-0.8764
-0.88086
-0.87992
-0.87698
-0.87244
-0.86608
-0.8708
-0.87
-0.88216
-0.88
-0.87854
-0.87552
-0.88068
-0.87746
-0.88202
-0.87944
-0.87776
-0.8793
-0.87912
-0.88412
-0.88234
-0.88164
-0.88522
-0.87932
-0.88468
-0.87688
-0.87808
-0.87852
-0.87826
-0.8734
-0.87232
-0.88064
-0.87532
-0.87892
-0.87556
-0.87358
-0.87534
-0.87206
-0.87632
-0.87236
-0.8701
-0.86638
-0.86802
-0.87146
-0.87022
-0.87792
-0.87624
-0.87852
-0.88672
-0.88488
-0.8716
-0.8768
-0.88032
-0.87784
-0.87838
-0.87674
-0.87626
-0.88104
-0.87656
-0.88062
-0.87308
-0.87442
-0.87632
-0.87902
-0.8812
-0.87078
-0.87326
-0.87742
-0.87734
-0.87942
-0.87918
-0.87786
-0.87916
-0.8791
-0.87772
-0.88348
-0.87942
-0.87568
-0.8807
-0.87548
-0.87938
-0.8793
-0.87788
-0.86882
-0.8742
-0.8718
-0.8771
-0.87498
-0.87894
-0.8812
-0.87998
-0.87744
-0.87778
-0.87114
-0.87542
-0.88148
-0.87896
-0.8763
-0.87842
-0.8741
-0.87832
-0.8755
-0.8765
-0.87596
-0.87906
-0.87474
-0.8775
-0.87458
-0.88078
-0.87608
-0.87808
-0.87362
-0.87954
-0.87746
-0.87436
-0.87682
-0.8764
-0.87182
-0.87812
-0.87748
-0.8791
-0.87634
-0.87908
-0.87928
-0.87924
-0.88252
-0.8776
-0.87538
-0.87794
-0.87402
-0.87154
-0.87422
-0.86932
-0.87152
-0.87958
-0.87536
-0.87734
-0.87218
-0.8809
-0.87526
-0.87246
-0.87744
-0.87382
-0.8757
-0.87358
-0.872
-0.87964
-0.87716
-0.88206
-0.88442
-0.88126
-0.88066
-0.8854
-0.884
-0.87904
-0.87632
-0.87062
-0.87524
-0.87254
-0.87334
-0.87582
-0.8758
-0.88164
-0.87882
-0.87632
-0.8769
-0.8794
-0.87816
-0.8796
-0.87626
-0.87846
-0.88554
-0.88156
-0.8852
-0.88478
-0.88114
-0.87542
-0.87592
-0.87764
-0.87962
-0.87546
-0.8778
-0.87958
-0.87654
-0.87454
-0.87268
-0.87204
-0.8751
-0.88134
-0.87776
-0.87818
-0.87952
-0.87556
-0.87694
-0.87606
-0.8775
-0.87994
-0.8757
-0.88266
-0.88118
-0.88066
-0.8802
-0.87586
-0.87806
-0.87542
-0.8796
-0.87548
-0.8703
-0.87116
-0.87478
-0.87948
-0.87862
-0.87628
-0.87926
-0.87304
-0.87138
-0.87758
-0.87884
-0.88114
-0.87976
-0.88308
-0.88096
-0.87548
-0.8749
-0.87616
-0.87806
-0.88086
-0.87612
-0.87598
-0.87186
-0.87912
-0.87882
-0.876
-0.87706
-0.87478
-0.87578
-0.87948
-0.8787
-0.87902
-0.87784
-0.88148
-0.87898
-0.88116
-0.88466
-0.87108
-0.87584
-0.86796
-0.86872
-0.87052
-0.87756
-0.872
-0.86964
-0.87508
-0.87816
-0.87682
-0.87346
-0.8784
-0.87894
-0.88244
-0.88094
-0.88344
-0.87976
-0.88204
-0.87268
-0.86982
-0.87582
-0.8782
-0.8811
-0.87802
-0.87606
-0.87704
-0.8815
-0.88144
-0.88098
-0.88214
-0.87412
-0.88242
-0.87558
-0.87816
-0.8834
-0.8729
-0.8789
-0.87692
-0.87394
-0.87618
-0.87226
-0.87514
-0.8698
-0.87336
-0.87962
-0.87656
-0.87468
-0.88162
-0.88512
-0.8823
-0.88114
-0.88212
-0.88184
-0.87404
-0.87284
-0.87174
-0.87376
-0.8802
-0.8861
-0.87546
-0.8738
-0.87882
-0.8799
-0.87206
-0.87506
-0.87706
-0.88336
-0.88196
-0.87652
-0.87382
-0.87722
-0.8721
-0.87578
-0.87484
-0.8757
-0.87836
-0.8744
-0.8784
-0.88228
-0.87986
-0.8779
-0.88004
-0.8804
-0.87316
-0.87478
-0.8758
-0.87336
-0.87134
-0.87676
-0.87416
-0.8725
-0.86868
-0.86756
-0.87238
-0.87264
-0.86994
-0.8728
-0.87418
-0.8715
-0.87158
-0.8721
-0.87254
-0.87488
-0.87194
-0.87246
-0.87674
-0.8771
-0.87374
-0.87934
-0.87952
-0.87982
-0.88516
-0.88226
-0.88438
-0.87778
-0.87886
-0.8803
-0.87914
-0.87706
-0.87594
-0.87526
-0.87078
-0.87232
-0.87138
-0.8696
-0.87676
-0.87792
-0.87424
-0.87164
-0.8757
-0.87614
-0.87586
-0.87492
-0.87818
-0.88016
-0.8824
-0.87956
-0.8759
-0.88032
-0.87618
-0.8767
-0.87786
-0.87496
-0.87616
-0.87524
-0.88124
-0.87554
-0.88016
-0.87604
-0.87862
-0.8822
-0.88392
-0.88198
-0.8753
-0.87648
-0.87546
-0.8785
-0.87802
-0.8735
-0.8779
-0.8756
-0.87506
-0.874
-0.87376
-0.87884
-0.87056
-0.8778
-0.8729
-0.87594
-0.87828
-0.87598
-0.88058
-0.88292
-0.87092
-0.872
-0.87236
-0.87678
-0.87432
-0.87166
-0.8744
-0.87412
-0.87096
-0.87196
-0.8708
-0.87712
-0.87962
-0.87658
-0.87918
-0.87598
-0.87506
-0.87256
-0.86912
-0.88226
-0.87876
-0.87912
-0.87652
-0.8783
-0.8755
-0.87372
-0.87656
-0.87868
-0.8796
-0.88054
-0.87826
-0.87936
-0.87296
-0.87446
-0.87616
-0.88308
-0.87936
-0.87302
-0.8708
-0.8763
-0.87572
-0.87942
-0.8773
-0.88142
-0.874
-0.88224
-0.87672
-0.88132
-0.88132
-0.87752
-0.8752
-0.87498
-0.87554
-0.87952
-0.88156
-0.87438
-0.87976
-0.88328
-0.8749
-0.87952
-0.87752
-0.87754
-0.87826
-0.87722
-0.87332
-0.87804
-0.87978
-0.87914
-0.87482
-0.88154
-0.87738
-0.87858
-0.87094
-0.87836
-0.88038
-0.88306
-0.88062
-0.87536
-0.87728
-0.87672
-0.87716
-0.8767
-0.87452
-0.87418
-0.87428
-0.87664
-0.8766
-0.87662
-0.87814
-0.88062
-0.88168
-0.87906
-0.87914
-0.87616
-0.87996
-0.8795
-0.8762
-0.88262
-0.87676
-0.8719
-0.86878
-0.8717
-0.87292
-0.86928
-0.87536
-0.87414
-0.87294
-0.87546
-0.87204
-0.86982
-0.86928
-0.86882
-0.87208
-0.87596
-0.88044
-0.8758
-0.87424
-0.87912
-0.87308
-0.87894
-0.87614
-0.8776
-0.88372
-0.8798
-0.88088
-0.87688
-0.88194
-0.88214
-0.88132
-0.87984
-0.88286
-0.88008
-0.8779
-0.87362
-0.87944
-0.87336
-0.87294
-0.87672
-0.87702
-0.87638
-0.87794
-0.87848
-0.87818
-0.87502
-0.8813
-0.87798
-0.88402
-0.88086
-0.876
-0.8715
-0.87428
-0.86954
-0.87494
-0.87478
-0.8731
-0.87372
-0.8741
-0.87458
-0.87982
-0.87818
-0.87576
-0.87286
-0.87538
-0.87194
-0.87734
-0.8722
-0.87484
-0.87638
-0.87066
-0.8681
-0.87144
-0.86534
-0.8748
-0.87238
-0.87276
-0.86656
-0.88176
-0.87608
-0.87554
-0.86862
-0.87166
-0.87028
-0.87618
-0.87212
-0.8736
-0.87686
-0.8777
-0.876
-0.87628
-0.87466
-0.87546
-0.87076
-0.87572
-0.8739
-0.87698
-0.88296
-0.88234
-0.88152
-0.88354
-0.87718
-0.87924
-0.88152
-0.8803
-0.8819
-0.8786
-0.87742
-0.87342
-0.87784
-0.87976
-0.8784
-0.88178
-0.87752
-0.87376
-0.87488
-0.87776
-0.87768
-0.87908
-0.87654
-0.87888
-0.88034
-0.88386
-0.8835
-0.87912
-0.8762
-0.8797
-0.87926
-0.87044
-0.86956
-0.87928
-0.87612
-0.87482
-0.87758
-0.87954
-0.87906
-0.87382
-0.87352
-0.8729
-0.873
-0.87128
-0.87418
-0.87014
-0.87396
-0.87596
-0.878
-0.8724
-0.87396
-0.87124
-0.87422
-0.87106
-0.87412
-0.88152
-0.88086
-0.87648
-0.8741
-0.87332
-0.87196
-0.8712
-0.86748
-0.86632
-0.87278
-0.87544
-0.87256
-0.87024
-0.87636
-0.87782
-0.87752
-0.87508
-0.87334
-0.86674
-0.87446
-0.87244
-0.86746
-0.8735
-0.86842
-0.87
-0.88074
-0.87296
-0.87474
-0.87636
-0.878
-0.8791
-0.87802
-0.87968
-0.88058
-0.86774
-0.87256
-0.86698
-0.86952
-0.867
-0.87414
-0.8708
-0.87152
-0.87222
-0.87574
-0.87204
-0.87454
-0.87696
-0.88276
-0.87602
-0.8852
-0.88154
-0.8806
-0.87866
-0.87398
-0.87382
-0.88516
-0.87152
-0.87692
-0.87312
-0.87518
-0.87582
-0.8723
-0.87302
-0.87218
-0.87214
-0.87022
-0.87328
-0.87262
-0.87736
-0.87814
-0.87282
-0.87568
-0.87288
-0.8741
-0.87398
-0.87902
-0.87206
-0.87326
-0.87096
-0.87118
-0.87102
-0.87466
-0.87668
-0.87412
-0.87946
-0.87824
-0.8785
-0.87414
-0.87882
-0.8787
-0.87616
-0.8736
-0.87282
-0.87308
-0.8704
-0.86992
-0.8755
-0.87498
-0.87282
-0.87452
-0.87444
-0.87418
-0.87736
-0.87288
-0.87338
-0.8785
-0.87726
-0.87628
-0.8673
-0.86908
-0.86964
-0.86956
-0.86948
-0.86738
-0.8701
-0.8724
-0.87364
-0.88348
-0.88048
-0.87766
-0.87656
-0.87622
-0.87454
-0.87364
-0.87448
-0.87956
-0.8751
-0.87894
-0.87442
-0.8788
-0.87554
-0.87842
-0.87618
-0.87942
-0.8795
-0.8785
-0.8753
-0.87586
-0.87708
-0.87578
-0.8748
-0.87088
-0.87782
-0.87916
-0.87728
-0.87636
-0.87256
-0.87634
-0.87562
-0.8723
-0.87214
-0.87594
-0.87784
-0.87588
-0.88018
-0.87396
-0.87684
-0.87302
-0.87442
-0.87346
-0.87344
-0.88198
-0.87692
-0.87472
-0.87134
-0.87554
-0.87652
-0.87766
-0.87254
-0.88012
-0.88014
-0.87594
-0.87982
-0.88422
-0.8815
-0.87792
-0.87754
-0.8849
-0.87922
-0.88248
-0.88696
-0.87804
-0.88002
-0.87662
-0.8737
-0.87802
-0.87844
-0.87448
-0.87952
-0.88354
-0.87826
-0.87986
-0.87644
-0.88132
-0.8782
-0.87906
-0.8758
-0.87462
-0.87176
-0.86786
-0.87522
-0.87758
-0.88046
-0.8837
-0.88498
-0.88134
-0.88008
-0.87464
-0.87084
-0.8798
-0.87576
-0.87546
-0.87562
-0.8778
-0.88096
-0.88684
-0.8814
-0.88062
-0.88088
-0.8795
-0.88226
-0.87898
-0.87864
-0.87848
-0.87762
-0.87808
-0.87686
-0.88034
-0.873
-0.87694
-0.8786
-0.88028
-0.88488
-0.87826
-0.87598
-0.87798
-0.87808
-0.88018
-0.87738
-0.87784
-0.87768
-0.88146
-0.8816
-0.87878
-0.8782
-0.87638
-0.87714
-0.87956
-0.88068
-0.87834
-0.87864
-0.8799
-0.8839
-0.8798
-0.87822
-0.87892
-0.88104
-0.87828
-0.8797
-0.87722
-0.8776
-0.8809
-0.8803
-0.88262
-0.87788
-0.87744
-0.87626
-0.87682
-0.87872
-0.8822
-0.88426
-0.88398
-0.88262
-0.8831
-0.8799
-0.87686
-0.87532
-0.8782
-0.87968
-0.87254
-0.87602
-0.87786
-0.87624
-0.87246
-0.87552
-0.878
-0.87346
-0.8683
-0.86868
-0.87824
-0.87642
-0.88124
-0.87782
-0.88424
-0.88016
-0.87838
-0.87586
-0.8801
-0.88164
-0.87966
-0.88188
-0.87778
-0.87664
-0.87482
-0.86716
-0.87604
-0.87366
-0.87194
-0.87128
-0.87348
-0.87612
-0.87538
-0.88402
-0.88152
-0.88482
-0.88662
-0.87616
-0.88152
-0.88088
-0.87992
-0.87436
-0.86338
-0.87102
-0.87702
-0.8777
-0.87938
-0.88012
-0.88094
-0.87716
-0.87608
-0.87844
-0.87676
-0.87574
-0.86786
-0.87542
-0.86962
-0.87794
-0.8812
-0.87884
-0.87382
-0.87952
-0.87294
-0.87602
-0.86926
-0.86908
-0.8741
-0.87574
-0.87662
-0.86736
-0.87282
-0.87262
-0.8771
-0.88078
-0.88148
-0.8763
-0.87562
-0.88476
-0.88332
-0.87558
-0.87934
-0.87902
-0.87754
-0.87922
-0.8742
-0.87462
-0.87762
-0.8732
-0.87766
-0.87822
-0.87304
-0.87838
-0.87148
-0.8768
-0.87674
-0.8759
-0.88228
-0.87366
-0.87682
-0.87896
-0.87492
-0.87556
-0.8753
-0.87566
-0.8721
-0.86954
-0.87554
-0.86872
-0.87348
-0.87918
-0.87784
-0.8811
-0.8862
-0.88382
-0.88058
-0.87876
-0.87476
-0.88336
-0.8725
-0.87184
-0.8768
-0.8819
-0.87672
-0.87068
-0.87592
-0.87554
-0.87336
-0.88088
-0.88546
-0.88314
-0.88298
-0.87554
-0.8813
-0.87622
-0.879
-0.8819
-0.8793
-0.87664
-0.87544
-0.87038
-0.87786
-0.88064
-0.87984
-0.87456
-0.87844
-0.88148
-0.87898
-0.87542
-0.88214
-0.8742
-0.87278
-0.877
-0.87994
-0.87122
-0.87452
-0.8704
-0.87578
-0.86818
-0.871
-0.8784
-0.87608
-0.88358
-0.87726
-0.8726
-0.87178
-0.8658
-0.87158
-0.87648
-0.87538
-0.87346
-0.87894
-0.87604
-0.8819
-0.87948
-0.8814
-0.87816
-0.8765
-0.87316
-0.87702
-0.87838
-0.87454
-0.87978
-0.884
-0.87898
-0.87866
-0.87912
-0.87922
-0.88012
-0.8791
-0.88106
-0.88324
-0.87982
-0.88278
-0.87778
-0.87922
-0.87696
-0.87562
-0.87464
-0.87708
-0.8765
-0.8731
-0.8769
-0.88138
-0.87852
-0.8769
-0.87888
-0.87442
-0.87374
-0.87836
-0.87832
-0.87902
-0.8739
-0.87168
-0.88142
-0.87834
-0.8755
-0.87834
-0.87894
-0.87268
-0.87124
-0.86942
-0.86528
-0.8647
-0.86906
-0.87158
-0.87042
-0.87592
-0.88298
-0.8778
-0.88024
-0.87866
-0.87922
-0.87922
-0.87898
-0.87658
-0.88576
-0.88034
-0.88642
-0.87798
-0.87554
-0.87358
-0.87178
-0.87868
-0.87676
-0.88108
-0.87674
-0.87582
-0.87184
-0.87674
-0.87908
-0.87776
-0.88054
-0.87984
-0.87978
-0.87874
-0.87686
-0.8721
-0.87708
-0.87958
-0.8756
-0.87582
-0.87912
-0.87634
-0.8701
-0.87468
-0.88204
-0.8813
-0.87968
-0.87894
-0.8773
-0.87568
-0.87844
-0.88148
-0.87558
-0.87534
-0.87672
-0.87546
-0.88146
-0.88086
-0.88018
-0.87722
-0.87928
-0.87488
-0.87308
-0.87754
-0.87394
-0.88126
-0.88084
-0.88084
-0.8792
-0.88104
-0.87926
-0.88088
-0.87966
-0.87728
-0.88098
-0.88126
-0.87708
-0.88164
-0.88074
-0.87926
-0.87822
-0.87772
-0.87576
-0.87712
-0.87606
-0.8835
-0.8801
-0.87956
-0.88042
-0.87478
-0.87814
-0.87438
-0.87556
-0.87636
-0.8764
-0.8737
-0.8736
-0.88296
-0.88082
-0.8808
-0.87728
-0.87156
-0.87304
-0.87426
-0.87828
-0.87896
-0.87494
-0.8771
-0.88174
-0.87042
-0.87422
-0.87518
-0.8752
-0.87734
-0.88582
-0.87876
-0.87466
-0.87886
-0.87902
-0.87614
-0.87374
-0.87578
-0.87472
-0.87624
-0.87802
-0.88328
-0.87622
-0.87594
-0.87534
-0.87188
-0.86984
-0.87424
-0.87916
-0.87734
-0.87756
-0.8746
-0.87936
-0.8788
-0.87926
-0.87854
-0.8795
-0.88288
-0.87786
-0.87698
-0.8817
-0.87688
-0.87936
-0.87448
-0.87628
-0.88524
-0.8781
-0.87382
-0.87108
-0.8796
-0.87598
-0.87326
-0.8733
-0.87684
-0.88152
-0.88042
-0.8765
-0.87518
-0.87744
-0.87534
-0.8775
-0.87632
-0.8809
-0.88168
-0.87954
-0.87378
-0.8767
-0.87856
-0.87842
-0.87636
-0.87768
-0.87696
-0.88102
-0.87478
-0.86962
-0.87438
-0.8725
-0.87892
-0.88304
-0.87972
-0.88464
-0.8748
-0.88146
-0.8791
-0.88278
-0.87742
-0.87286
-0.8727
-0.8763
-0.87718
-0.87644
-0.87824
-0.88072
-0.8777
-0.88258
-0.87658
-0.88012
-0.87504
-0.87484
-0.87972
-0.88222
-0.8747
-0.87684
-0.87898
-0.8789
-0.88138
-0.8756
-0.87342
-0.87118
-0.86752
-0.8735
-0.87614
-0.87852
-0.8761
-0.87296
-0.86882
-0.87664
-0.87738
-0.87302
-0.87546
-0.8714
-0.88022
-0.8853
-0.8779
-0.88054
-0.87682
-0.87502
-0.87444
-0.87584
-0.87742
-0.87956
-0.87668
-0.87982
-0.88168
-0.87548
-0.87732
-0.87956
-0.87708
-0.8788
-0.8785
-0.87484
-0.86854
-0.87186
-0.87202
-0.87148
-0.87158
-0.87806
-0.8821
-0.8753
-0.87346
-0.87186
-0.8725
-0.87184
-0.87286
-0.87092
-0.87166
-0.874
-0.87964
-0.87478
-0.86724
-0.8694
-0.87582
-0.87526
-0.86992
-0.88082
-0.87768
-0.87788
-0.871
-0.87352
-0.8713
-0.87008
-0.87916
-0.87808
-0.87858
-0.88194
-0.88032
-0.8828
-0.88324
-0.87904
-0.87028
-0.87922
-0.87514
-0.8739
-0.8749
-0.87432
-0.8733
-0.87166
-0.87716
-0.8801
-0.88178
-0.8768
-0.8798
-0.87868
-0.88622
-0.87512
-0.88026
-0.8861
-0.88148
-0.88054
-0.8812
-0.8766
-0.87608
-0.8694
-0.87972
-0.87836
-0.87768
-0.87224
-0.87438
-0.87824
-0.8816
-0.88048
-0.88268
-0.8864
-0.88176
-0.877
-0.8767
-0.87574
-0.8809
-0.88524
-0.8794
-0.88148
-0.87666
-0.88434
-0.88452
-0.88542
-0.88446
-0.88548
-0.88258
-0.87732
-0.87826
-0.88326
-0.87956
-0.88578
-0.88018
-0.88016
-0.87998
-0.88396
-0.88388
-0.87748
-0.88158
-0.87872
-0.87808
-0.8783
-0.88132
-0.8753
-0.87486
-0.87128
-0.87576
-0.88006
-0.87278
-0.8712
-0.87546
-0.87544
-0.87938
-0.87536
-0.88106
-0.87766
-0.87456
-0.87932
-0.8754
-0.8787
-0.87472
-0.87144
-0.86968
-0.87218
-0.8745
-0.87536
-0.8777
-0.87544
-0.87626
-0.87252
-0.8777
-0.87522
-0.8754
-0.87642
-0.87504
-0.87754
-0.88206
-0.87536
-0.8801
-0.87844
-0.87398
-0.87806
-0.8782
-0.87608
-0.87678
-0.87918
-0.88124
-0.8813
-0.87848
-0.8798
-0.87674
-0.87894
-0.87894
-0.8806
-0.8805
-0.8735
-0.87712
-0.87774
-0.87458
-0.87756
-0.87908
-0.87712
-0.87322
-0.87222
-0.86882
-0.8699
-0.86842
-0.87192
-0.87102
-0.87632
-0.87272
-0.87462
-0.8794
-0.88276
-0.88042
-0.87776
-0.87454
-0.87124
-0.8782
-0.87712
-0.878
-0.8794
-0.883
-0.87758
-0.87428
-0.87588
-0.87792
-0.87388
-0.88144
-0.87302
-0.87576
-0.8764
-0.87756
-0.87686
-0.8746
-0.87652
-0.88192
-0.88048
-0.879
-0.88298
-0.87988
-0.87726
-0.87738
-0.8734
-0.8752
-0.87654
-0.88248
-0.87904
-0.87284
-0.88184
-0.88284
-0.87798
-0.87504
-0.87472
-0.88226
-0.88122
-0.87784
-0.8811
-0.87672
-0.8729
-0.87402
-0.87412
-0.87774
-0.87576
-0.87758
-0.8796
-0.87424
-0.8796
-0.88274
-0.88004
-0.87358
-0.8727
-0.87212
-0.87154
-0.87538
-0.87108
-0.87732
-0.8782
-0.8794
-0.87774
-0.87372
-0.87504
-0.87266
-0.86926
-0.87396
-0.87256
-0.86924
-0.87088
-0.87654
-0.8713
-0.87722
-0.87502
-0.87806
-0.88024
-0.8785
-0.8797
-0.8761
-0.87924
-0.8741
-0.8774
-0.87872
-0.87432
-0.87722
-0.88312
-0.88024
-0.875
-0.87534
-0.87466
-0.8704
-0.87968
-0.87454
-0.87884
-0.8788
-0.87114
-0.87352
-0.86996
-0.87254
-0.87514
-0.8824
-0.87966
-0.88006
-0.87922
-0.88198
-0.88322
-0.89012
-0.88296
-0.88094
-0.87938
-0.8832
-0.88008
-0.87856
-0.87472
-0.87754
-0.87176
-0.87944
-0.87334
-0.87952
-0.87634
-0.87206
-0.87168
-0.87126
-0.87962
-0.87738
-0.88056
-0.88174
-0.88224
-0.87698
-0.8809
-0.8841
-0.88312
-0.88278
-0.88042
-0.8773
-0.87886
-0.87744
-0.8717
-0.8723
-0.876
-0.87856
-0.87876
-0.87272
-0.87656
-0.87684
-0.87998
-0.88058
-0.87836
-0.88138
-0.88024
-0.87912
-0.88278
-0.8751
-0.87072
-0.87312
-0.87714
-0.87836
-0.87296
-0.87448
-0.8809
-0.88164
-0.88074
-0.882
-0.87638
-0.88444
-0.882
-0.87728
-0.87606
-0.8744
-0.87126
-0.87836
-0.87968
-0.88494
-0.88024
-0.88192
-0.87714
-0.8848
-0.88108
-0.8812
-0.88374
-0.88336
-0.88008
-0.8756
-0.8723
-0.8715
-0.87466
-0.87078
-0.87368
-0.87452
-0.87688
-0.87728
-0.87204
-0.86964
-0.87612
-0.87716
-0.87848
-0.873
-0.87946
-0.87722
-0.87856
-0.87624
-0.87942
-0.87794
-0.87642
-0.87628
-0.87284
-0.87166
-0.87472
-0.87446
-0.87518
-0.87062
-0.87658
-0.8761
-0.8789
-0.87404
-0.87126
-0.87648
-0.8778
-0.87736
-0.87198
-0.87104
-0.86968
-0.87242
-0.88114
-0.88342
-0.8794
-0.87868
-0.87862
-0.8737
-0.87328
-0.87628
-0.87954
-0.87634
-0.87852
-0.87942
-0.87138
-0.87374
-0.87944
-0.87968
-0.88252
-0.87584
-0.87374
-0.8754
-0.87524
-0.87688
-0.87576
-0.87686
-0.87104
-0.88012
-0.8804
-0.87466
-0.87334
-0.87078
-0.87506
-0.87142
-0.87482
-0.86868
-0.87516
-0.87224
-0.87242
-0.87038
-0.87494
-0.87892
-0.8777
-0.87814
-0.87386
-0.8798
-0.87788
-0.87372
-0.87724
-0.87424
-0.8781
-0.8693
-0.88014
-0.87822
-0.87118
-0.8745
-0.86768
-0.87346
-0.87112
-0.878
-0.87412
-0.87628
-0.8753
-0.87322
-0.87416
-0.8772
-0.87918
-0.88358
-0.88066
-0.88574
-0.88584
-0.87824
-0.87668
-0.87764
-0.87458
-0.87566
-0.87314
-0.87148
-0.87918
-0.87286
-0.87522
-0.88582
-0.88024
-0.87948
-0.87872
-0.8742
-0.87404
-0.87422
-0.87502
-0.88058
-0.88062
-0.88244
-0.87968
-0.87536
-0.8783
-0.87526
-0.87572
-0.87788
-0.87778
-0.8755
-0.87352
-0.87336
-0.87734
-0.88076
-0.87486
-0.88212
-0.87842
-0.88268
-0.8845
-0.88314
-0.88106
-0.87916
-0.88376
-0.87662
-0.88214
-0.87764
-0.87852
-0.87808
-0.87748
-0.87014
-0.87306
-0.8765
-0.87434
-0.8764
-0.87812
-0.87672
-0.8759
-0.87584
-0.87832
-0.88058
-0.87338
-0.8692
-0.86908
-0.8741
-0.86792
-0.86768
-0.86416
-0.86554
-0.86632
-0.86886
-0.87222
-0.87174
-0.87114
-0.87392
-0.87816
-0.8758
-0.88474
-0.88626
-0.882
-0.87606
-0.88102
-0.88592
-0.8811
-0.88042
-0.87986
-0.87796
-0.87998
-0.88046
-0.8791
-0.882
-0.87328
-0.87706
-0.87596
-0.87588
-0.88218
-0.87656
-0.87422
-0.8859
-0.8788
-0.88388
-0.87476
-0.8826
-0.88276
-0.87656
-0.8783
-0.87682
-0.87406
-0.87506
-0.87434
-0.86712
-0.8784
-0.87536
-0.87702
-0.87268
-0.87562
-0.87948
-0.8762
-0.86694
-0.8723
-0.86842
-0.87066
-0.8758
-0.87164
-0.87854
-0.8761
-0.87676
-0.875
-0.87342
-0.87338
-0.8761
-0.87654
-0.8769
-0.8747
-0.8793
-0.87962
-0.87614
-0.8778
-0.87636
-0.87516
-0.87468
-0.87764
-0.87824
-0.8795
-0.8793
-0.88484
-0.87826
-0.87956
-0.87732
-0.87944
-0.88238
-0.88084
-0.8823
-0.88142
-0.88058
-0.8753
-0.87524
-0.8751
-0.88554
-0.88144
-0.87992
-0.87812
-0.87468
-0.87348
-0.87762
-0.87702
-0.87608
-0.88178
-0.88146
-0.87664
-0.87184
-0.87166
-0.86748
-0.87446
-0.86596
-0.87536
-0.87532
-0.8726
-0.87026
-0.87118
-0.87362
-0.8794
-0.884
-0.87794
-0.87708
-0.87564
-0.87334
-0.87028
-0.87276
-0.87266
-0.87098
-0.87858
-0.87852
-0.87002
-0.8734
-0.87522
-0.87996
-0.87944
-0.87794
-0.87732
-0.87914
-0.87716
-0.87984
-0.8759
-0.882
-0.87608
-0.87484
-0.87744
-0.8784
-0.88246
-0.87236
-0.8758
-0.88046
-0.88074
-0.8763
-0.87394
-0.87938
-0.87946
-0.88166
-0.88144
-0.8752
-0.87992
-0.87306
-0.87632
-0.87692
-0.88308
-0.87616
-0.86872
-0.87206
-0.87596
-0.87582
-0.87294
-0.8758
-0.88098
-0.87654
-0.87562
-0.87884
-0.8803
-0.88402
-0.88538
-0.87922
-0.87644
-0.87856
-0.8783
-0.87314
-0.87418
-0.88098
-0.8763
-0.88078
-0.88422
-0.88096
-0.8842
-0.883
-0.87596
-0.877
-0.87996
-0.88482
-0.88356
-0.87768
-0.87628
-0.87566
-0.8772
-0.879
-0.8804
-0.88484
-0.8855
-0.87836
-0.87542
-0.87494
-0.8758
-0.87826
-0.87762
-0.87896
-0.87708
-0.87206
-0.87134
-0.87478
-0.87084
-0.8754
-0.87554
-0.88556
-0.88368
-0.8757
-0.87804
-0.87412
-0.87202
-0.87774
-0.87588
-0.88198
-0.87722
-0.8755
-0.8755
-0.87496
-0.88224
-0.87694
-0.87454
-0.8796
-0.87794
-0.87738
-0.88208
-0.88194
-0.88264
-0.87606
-0.87502
-0.87812
-0.87738
-0.87414
-0.87718
-0.8734
-0.87166
-0.87224
-0.87528
-0.87596
-0.87144
-0.87306
-0.87812
-0.87658
-0.87722
-0.87574
-0.88224
-0.88204
-0.8784
-0.8804
-0.8808
-0.87948
-0.88334
-0.87806
-0.87328
-0.87252
-0.87532
-0.87636
-0.8788
-0.8771
-0.87798
-0.87098
-0.87664
-0.87726
-0.87998
-0.87628
-0.87808
-0.87834
-0.8772
-0.8757
-0.87398
-0.8766
-0.8766
-0.86686
-0.86704
-0.86898
-0.86952
-0.87152
-0.8717
-0.87696
-0.87676
-0.87316
-0.87534
-0.87358
-0.87302
-0.87666
-0.87798
-0.88348
-0.8807
-0.87764
-0.87598
-0.87692
-0.87642
-0.8749
-0.87982
-0.8836
-0.8835
-0.87924
-0.87528
-0.88088
-0.8771
-0.87412
-0.87514
-0.86854
-0.87118
-0.87086
-0.8785
-0.87462
-0.87712
-0.87744
-0.87508
-0.87346
-0.87512
-0.87212
-0.8673
-0.8731
-0.87444
-0.87004
-0.87158
-0.87774
-0.8789
-0.88334
-0.87886
-0.87954
-0.88258
-0.87796
-0.87396
-0.87796
-0.87834
-0.87642
-0.87324
-0.87908
-0.88078
-0.87666
-0.87312
-0.8763
-0.8874
-0.88318
-0.87942
-0.8789
-0.87376
-0.87678
-0.87708
-0.86836
-0.87332
-0.87174
-0.87548
-0.87728
-0.86928
-0.87482
-0.87456
-0.8754
-0.87446
-0.87148
-0.87576
-0.88144
-0.87936
-0.8803
-0.88108
-0.87514
-0.88182
-0.8731
-0.87734
-0.8811
-0.88196
-0.88234
-0.8792
-0.88074
-0.88226
-0.8801
-0.8755
-0.87552
-0.87966
-0.87722
-0.87382
-0.87324
-0.8739
-0.87282
-0.86838
-0.87262
-0.87516
-0.87046
-0.87108
-0.8748
-0.87462
-0.87218
-0.87968
-0.8792
-0.8793
-0.87898
-0.87268
-0.87308
-0.87732
-0.87566
-0.87762
-0.87836
-0.87396
-0.87876
-0.8814
-0.8749
-0.87668
-0.87354
-0.8763
-0.8748
-0.87954
-0.87694
-0.87396
-0.87966
-0.88074
-0.87818
-0.8847
-0.88248
-0.8817
-0.87988
-0.87998
-0.87632
-0.87992
-0.87418
-0.8732
-0.87312
-0.87268
-0.87444
-0.8732
-0.87332
-0.87308
-0.8725
-0.87686
-0.8823
-0.87936
-0.8755
-0.87946
-0.87602
-0.88032
-0.87994
-0.87056
-0.87146
-0.87002
-0.87558
-0.87322
-0.87418
-0.87324
-0.87206
-0.87744
-0.8778
-0.87324
-0.87596
-0.8766
-0.8776
-0.88206
-0.87998
-0.87936
-0.87234
-0.875
-0.87446
-0.86962
-0.87058
-0.8744
-0.87526
-0.87398
-0.87878
-0.8708
-0.87184
-0.87238
-0.87442
-0.87566
-0.87354
-0.8758
-0.87206
-0.87632
-0.87618
-0.87706
-0.87636
-0.87538
-0.87394
-0.87362
-0.86858
-0.8725
-0.87268
-0.8712
-0.87368
-0.87828
-0.86916
-0.87348
-0.87014
-0.8729
-0.87342
-0.87542
-0.87994
-0.87588
-0.87614
-0.87066
-0.86918
-0.87204
-0.86808
-0.87706
-0.87792
-0.88358
-0.87924
-0.88414
-0.87316
-0.87732
-0.88278
-0.87774
-0.88228
-0.87698
-0.87326
-0.8777
-0.88084
-0.88422
-0.87946
-0.87628
-0.88108
-0.8789
-0.87512
-0.88214
-0.88478
-0.87724
-0.88014
-0.88516
-0.88376
-0.88126
-0.88398
-0.87882
-0.8745
-0.87978
-0.87456
-0.87846
-0.87914
-0.8761
-0.87682
-0.88014
-0.88118
-0.87564
-0.8736
-0.87942
-0.88006
-0.87628
-0.87334
-0.86512
-0.87278
-0.86684
-0.86808
-0.87104
-0.87228
-0.86892
-0.87078
-0.87628
-0.87418
-0.87808
-0.8771
-0.87748
-0.87822
-0.87444
-0.87824
-0.87972
-0.87596
-0.87038
-0.87016
-0.87426
-0.8777
-0.87642
-0.87402
-0.87614
-0.87796
-0.8774
-0.87902
-0.87554
-0.87474
-0.87794
-0.883
-0.87992
-0.88046
-0.88214
-0.87626
-0.87208
-0.86944
-0.88202
-0.881
-0.88028
-0.87956
-0.87924
-0.87196
-0.87626
-0.87912
-0.87788
-0.87392
-0.8751
-0.87348
-0.87314
-0.87806
-0.8802
-0.88084
-0.88476
-0.8835
-0.88098
-0.88354
-0.88344
-0.87944
-0.8753
-0.87528
-0.8817
-0.88092
-0.88068
-0.8808
-0.87682
-0.87884
-0.88246
-0.88484
-0.88436
-0.88634
-0.87896
-0.88324
-0.87882
-0.8726
-0.87624
-0.87918
-0.87576
-0.87882
-0.87708
-0.87598
-0.87548
-0.87054
-0.87076
-0.8765
-0.87642
-0.8823
-0.88226
-0.87612
-0.8769
-0.87888
-0.87752
-0.87858
-0.8776
-0.8737
-0.8789
-0.87808
-0.87808
-0.87266
-0.87834
-0.88718
-0.878
-0.879
-0.88026
-0.87726
-0.87532
-0.87496
-0.8702
-0.87866
-0.87328
-0.87446
-0.87568
-0.8755
-0.8751
-0.8772
-0.87974
-0.87168
-0.87972
-0.87532
-0.8794
-0.87784
-0.87602
-0.87394
-0.87856
-0.88132
-0.88278
-0.87878
-0.88368
-0.87974
-0.88262
-0.88216
-0.879
-0.88194
-0.88432
-0.88646
-0.88552
-0.88266
-0.88306
-0.88098
-0.87732
-0.88084
-0.87902
-0.8795
-0.87926
-0.87618
-0.87526
-0.87564
-0.87416
-0.87516
-0.87402
-0.8735
-0.87056
-0.87494
-0.87674
-0.8766
-0.8774
-0.87766
-0.87554
-0.87728
-0.87874
-0.88048
-0.8834
-0.87594
-0.87558
-0.87886
-0.87598
-0.87956
-0.8748
-0.87462
-0.87158
-0.87526
-0.8724
-0.86894
-0.86784
-0.87492
-0.8751
-0.88064
-0.8687
-0.86888
-0.87764
-0.87774
-0.86984
-0.8745
-0.87194
-0.87524
-0.87524
-0.87364
-0.87584
-0.87904
-0.87818
-0.87176
-0.88016
-0.8763
-0.88102
-0.8756
-0.8772
-0.86668
-0.86834
-0.8719
-0.88168
-0.87134
-0.87678
-0.8745
-0.87142
-0.8768
-0.8729
-0.87098
-0.8745
-0.87244
-0.86686
-0.87216
-0.872
-0.87738
-0.86964
-0.8727
-0.874
-0.87656
-0.87708
-0.87842
-0.87518
-0.87724
-0.87346
-0.87632
-0.87946
-0.88028
-0.87712
-0.87516
-0.87496
-0.88248
-0.8767
-0.87512
-0.87168
-0.87412
-0.874
-0.87374
-0.87304
-0.87438
-0.88014
-0.87944
-0.87486
-0.87824
-0.8789
-0.88472
-0.87982
-0.88288
-0.88344
-0.87826
-0.8728
-0.88038
-0.8803
-0.87974
-0.87746
-0.8802
-0.87364
-0.87618
-0.87228
-0.87072
-0.8687
-0.8718
-0.87226
-0.86824
-0.86536
-0.8691
-0.8713
-0.87416
-0.86982
-0.86972
-0.87624
-0.86954
-0.86774
-0.87396
-0.88064
-0.8799
-0.87448
-0.87954
-0.88428
-0.8838
-0.87846
-0.87734
-0.87328
-0.87524
-0.87396
-0.87984
-0.88136
-0.87644
-0.87318
-0.87398
-0.87614
-0.8699
-0.87724
-0.87726
-0.87502
-0.88006
-0.87804
-0.87614
-0.87346
-0.87526
-0.8753
-0.88742
-0.88372
-0.87448
-0.87724
-0.8789
-0.87358
-0.87226
-0.87806
-0.8774
-0.87784
-0.88158
-0.8836
-0.87474
-0.87168
-0.87456
-0.87708
-0.87744
-0.87716
-0.87826
-0.87462
-0.87574
-0.87186
-0.87358
-0.87432
-0.87444
-0.87654
-0.87716
-0.87608
-0.8787
-0.8821
-0.87286
-0.8767
-0.87474
-0.87996
-0.8784
-0.87604
-0.86978
-0.87276
-0.87266
-0.87426
-0.8821
-0.87958
-0.87908
-0.87668
-0.87148
-0.8749
-0.87376
-0.87362
-0.86858
-0.87722
-0.87794
-0.87636
-0.87754
-0.88384
-0.87558
-0.87522
-0.87702
-0.86834
-0.87612
-0.88062
-0.87382
-0.8739
-0.8778
-0.87618
-0.87568
-0.87742
-0.87116
-0.87954
-0.8745
-0.87572
-0.88288
-0.88148
-0.87898
-0.88206
-0.87698
-0.87794
-0.87546
-0.87986
-0.88058
-0.87886
-0.881
-0.88402
-0.88186
-0.87478
-0.87398
-0.88228
-0.8706
-0.87506
-0.87836
-0.87924
-0.88156
-0.88282
-0.87654
-0.87456
-0.86976
-0.87444
-0.87878
-0.87962
-0.87974
-0.876
-0.8757
-0.87032
-0.8697
-0.87256
-0.87932
-0.88016
-0.88044
-0.87658
-0.88356
-0.88522
-0.88196
-0.87966
-0.87362
-0.88026
-0.8743
-0.87706
-0.8751
-0.86996
-0.86608
-0.86934
-0.8781
-0.87802
-0.87802
-0.8731
-0.87494
-0.87654
-0.87998
-0.8757
-0.88252
-0.8753
-0.87774
-0.8745
-0.8741
-0.87136
-0.87968
-0.8799
-0.87702
-0.87176
-0.87234
-0.87192
-0.876
-0.87372
-0.87664
-0.8832
-0.874
-0.8691
-0.87266
-0.88018
-0.8776
-0.87532
-0.87508
-0.87698
-0.87602
-0.88232
-0.87778
-0.88022
-0.88564
-0.88434
-0.87656
-0.87312
-0.87416
-0.87496
-0.87532
-0.87714
-0.87346
-0.8755
-0.88022
-0.87848
-0.87532
-0.87414
-0.86904
-0.86938
-0.87524
-0.87696
-0.87038
-0.87592
-0.87232
-0.871
-0.88208
-0.87538
-0.87406
-0.87374
-0.87326
-0.87346
-0.87454
-0.87126
-0.8708
-0.8723
-0.87304
-0.87414
-0.87252
-0.87
-0.87436
-0.87716
-0.87636
-0.87586
-0.87222
-0.87202
-0.87102
-0.87106
-0.8738
-0.8808
-0.87858
-0.8791
-0.8804
-0.88026
-0.88406
-0.87768
-0.87756
-0.88138
-0.87868
-0.87668
-0.88242
-0.8773
-0.88042
-0.87614
-0.87962
-0.87808
-0.87862
-0.88496
-0.88084
-0.88028
-0.87904
-0.88046
-0.87948
-0.88346
-0.88558
-0.87914
-0.87428
-0.87498
-0.8716
-0.88074
-0.8769
-0.8792
-0.88014
-0.8819
-0.8747
-0.87602
-0.8776
-0.88144
-0.88008
-0.88264
-0.87744
-0.8762
-0.87466
-0.8758
-0.87126
-0.87142
-0.8705
-0.87216
-0.87322
-0.87124
-0.86552
-0.8667
-0.87002
-0.87666
-0.87292
-0.86804
-0.86818
-0.87
-0.87002
-0.87084
-0.87582
-0.8758
-0.87906
-0.88368
-0.87608
-0.87848
-0.8743
-0.8695
-0.87684
-0.87658
-0.87092
-0.87468
-0.87436
-0.86702
-0.86694
-0.8744
-0.87392
-0.87732
-0.87416
-0.87298
-0.87712
-0.88012
-0.87334
-0.87322
-0.8714
-0.87068
-0.87422
-0.87516
-0.8737
-0.87382
-0.87204
-0.87184
-0.86736
-0.86972
-0.87088
-0.87054
-0.875
-0.88496
-0.88022
-0.87284
-0.8752
-0.87822
-0.87768
-0.87656
-0.8795
-0.877
-0.87424
-0.87602
-0.8783
-0.88042
-0.87744
-0.8762
-0.87212
-0.87814
-0.87366
-0.87128
-0.86586
-0.86956
-0.87624
-0.87666
-0.87532
-0.87782
-0.87478
-0.8728
-0.87244
-0.8816
-0.8753
-0.8713
-0.8747
-0.88056
-0.88272
-0.87778
-0.87636
-0.8792
-0.88288
-0.87174
-0.87618
-0.88118
-0.87712
-0.88104
-0.87902
-0.87998
-0.88152
-0.87774
-0.86884
-0.8781
-0.88042
-0.87994
-0.88448
-0.8792
-0.87752
-0.8793
-0.87936
-0.88312
-0.8813
-0.87642
-0.87558
-0.87308
-0.87602
-0.8762
-0.88256
-0.87844
-0.88084
-0.87868
-0.88002
-0.88376
-0.87666
-0.87854
-0.87506
-0.87962
-0.87684
-0.87802
-0.87414
-0.87866
-0.87566
-0.87932
-0.88002
-0.87842
-0.8804
-0.88618
-0.8788
-0.87802
-0.87396
-0.87262
-0.8725
-0.87618
-0.87616
-0.87948
-0.87336
-0.87396
-0.87136
-0.87308
-0.8773
-0.87476
-0.87166
-0.87906
-0.87564
-0.87416
-0.8728
-0.87292
-0.8734
-0.87588
-0.88138
-0.87676
-0.87554
-0.87932
-0.8737
-0.873
-0.87152
-0.8714
-0.87868
-0.87414
-0.87624
-0.88164
-0.87794
-0.87544
-0.8752
-0.87034
-0.8744
-0.86962
-0.87326
-0.87278
-0.87484
-0.87796
-0.87954
-0.87278
-0.87308
-0.875
-0.87116
-0.88002
-0.87768
-0.8791
-0.8788
-0.8777
-0.87368
-0.87154
-0.8812
-0.87596
-0.8773
-0.87424
-0.87366
-0.88188
-0.88252
-0.88176
-0.87834
-0.8795
-0.87838
-0.88
-0.88096
-0.87886
-0.87394
-0.8772
-0.87564
-0.86996
-0.8739
-0.87466
-0.87156
-0.87366
-0.8696
-0.87664
-0.87666
-0.87734
-0.8781
-0.87596
-0.87842
-0.87528
-0.87646
-0.86686
-0.87284
-0.87686
-0.87352
-0.87472
-0.8806
-0.8823
-0.87786
-0.88452
-0.88162
-0.88126
-0.87776
-0.8751
-0.87342
-0.87954
-0.87894
-0.87926
-0.8749
-0.87078
-0.87918
-0.87942
-0.87974
-0.88402
-0.87912
-0.88204
-0.87728
-0.87704
-0.88122
-0.8802
-0.88416
-0.87472
-0.8819
-0.88418
-0.88332
-0.88268
-0.87988
-0.88276
-0.87902
-0.88252
-0.88078
-0.87956
-0.87384
-0.8769
-0.88322
-0.88196
-0.88036
-0.87542
-0.88294
-0.87414
-0.87818
-0.87724
-0.88166
-0.8751
-0.87434
-0.87188
-0.8727
-0.87854
-0.87876
-0.8797
-0.87644
-0.87836
-0.8788
-0.87858
-0.87718
-0.8746
-0.87184
-0.87452
-0.87628
-0.88134
-0.88348
-0.88088
-0.88214
-0.88326
-0.88118
-0.87408
-0.87762
-0.87734
-0.88396
-0.87746
-0.87726
-0.87814
-0.87444
-0.87456
-0.87806
-0.8803
-0.88202
-0.88086
-0.8793
-0.8777
-0.87804
-0.8806
-0.87882
-0.88168
-0.8816
-0.8774
-0.87644
-0.87542
-0.87414
-0.87524
-0.87586
-0.88092
-0.88068
-0.87854
-0.87546
-0.88028
-0.8757
-0.87882
-0.87512
-0.87446
-0.86994
-0.87684
-0.87936
-0.87196
-0.87518
-0.87602
-0.8678
-0.86852
-0.85866
-0.8703
-0.87124
-0.87542
-0.86698
-0.86864
-0.86714
-0.86962
-0.87098
-0.8744
-0.87852
-0.8711
-0.87672
-0.88206
-0.87706
-0.8735
-0.881
-0.88222
-0.87936
-0.87828
-0.87878
-0.88168
-0.88162
-0.87974
-0.87626
-0.88026
-0.88478
-0.87908
-0.87892
-0.88002
-0.88374
-0.88376
-0.87968
-0.87862
-0.8782
-0.88218
-0.87758
-0.87704
-0.87616
-0.87156
-0.8751
-0.87832
-0.88126
-0.88178
-0.88562
-0.87588
-0.87526
-0.87674
-0.87496
-0.87644
-0.87252
-0.87188
-0.87116
-0.87894
-0.8758
-0.8768
-0.87738
-0.87802
-0.8753
-0.87578
-0.87318
-0.87282
-0.87376
-0.8746
-0.87764
-0.8801
-0.873
-0.87878
-0.87992
-0.88186
-0.87538
-0.87628
-0.87506
-0.87678
-0.87932
-0.8791
-0.87816
-0.87784
-0.88232
-0.88072
-0.87976
-0.8818
-0.8786
-0.8766
-0.87842
-0.88164
-0.87726
-0.87936
-0.87188
-0.87312
-0.87574
-0.87824
-0.86974
-0.86834
-0.86912
-0.8747
-0.86888
-0.8724
-0.86986
-0.87474
-0.8705
-0.87096
-0.87516
-0.87482
-0.87496
-0.87522
-0.8771
-0.87268
-0.87398
-0.87146
-0.87076
-0.87792
-0.87566
-0.87656
-0.8782
-0.87498
-0.8803
-0.88072
-0.87542
-0.88222
-0.88034
-0.88376
-0.87956
-0.88452
-0.88078
-0.87574
-0.88118
-0.87932
-0.88114
-0.87912
-0.881
-0.8767
-0.8829
-0.87946
-0.88206
-0.87672
-0.87616
-0.87088
-0.87318
-0.86684
-0.87228
-0.87428
-0.87788
-0.87662
-0.88062
-0.87456
-0.88066
-0.87752
-0.87402
-0.8765
-0.8786
-0.87976
-0.87276
-0.88092
-0.884
-0.87916
-0.87776
-0.8729
-0.87462
-0.86958
-0.8772
-0.87502
-0.87754
-0.87794
-0.8775
-0.87896
-0.86846
-0.87488
-0.87306
-0.8773
-0.88096
-0.88032
-0.87592
-0.8778
-0.87572
-0.8816
-0.87324
-0.87088
-0.8799
-0.87918
-0.87752
-0.87946
-0.87442
-0.87966
-0.87716
-0.88022
-0.87704
-0.87924
-0.87502
-0.8789
-0.8798
-0.8793
-0.87792
-0.87772
-0.87772
-0.87624
-0.87352
-0.87072
-0.87262
-0.88124
-0.87614
-0.87244
-0.8739
-0.87376
-0.87792
-0.88034
-0.87494
-0.87544
-0.87338
-0.86984
-0.86846
-0.87242
-0.87204
-0.8693
-0.8629
-0.8752
-0.87594
-0.87446
-0.87418
-0.87434
-0.88018
-0.8789
-0.8758
-0.87658
-0.87942
-0.87532
-0.8772
-0.87768
-0.87838
-0.87732
-0.87846
-0.8787
-0.88054
-0.87446
-0.87856
-0.87774
-0.87988
-0.88296
-0.87928
-0.87352
-0.87556
-0.8784
-0.87688
-0.87842
-0.87516
-0.87612
-0.87918
-0.87748
-0.87616
-0.87338
-0.87404
-0.87626
-0.87608
-0.87256
-0.87268
-0.87708
-0.87232
-0.87716
-0.8796
-0.87498
-0.8763
-0.86786
-0.87044
-0.87574
-0.87104
-0.87314
-0.8767
-0.87616
-0.87632
-0.87816
-0.87522
-0.87594
-0.86926
-0.87442
-0.87624
-0.87246
-0.87662
-0.87794
-0.87904
-0.8841
-0.88154
-0.88076
-0.88184
-0.8704
-0.87372
-0.86598
-0.869
-0.87246
-0.8702
-0.87268
-0.8725
-0.8742
-0.87642
-0.87234
-0.87288
-0.8804
-0.87954
-0.87594
-0.87608
-0.8777
-0.88074
-0.8758
-0.8781
-0.88382
-0.8752
-0.87672
-0.87354
-0.88038
-0.87714
-0.87736
-0.88704
-0.87638
-0.8809
-0.87796
-0.8772
-0.87496
-0.87022
-0.87652
-0.87186
-0.87112
-0.87496
-0.86864
-0.87722
-0.88196
-0.87868
-0.8794
-0.87778
-0.87476
-0.87664
-0.87522
-0.8769
-0.87392
-0.88074
-0.87884
-0.8791
-0.88408
-0.87598
-0.877
-0.8804
-0.88348
-0.87888
-0.88232
-0.88146
-0.88022
-0.87548
-0.8776
-0.87964
-0.87992
-0.88136
-0.88182
-0.88046
-0.88142
-0.872
-0.87922
-0.87428
-0.87974
-0.87776
-0.87628
-0.88004
-0.87774
-0.88216
-0.87798
-0.88178
-0.88296
-0.87652
