-0.89582
-0.89324
-0.89416
-0.8916
-0.89182
-0.8907
-0.8933
-0.89462
-0.89366
-0.89294
-0.8964
-0.89158
-0.89118
-0.89014
-0.8914
-0.89088
-0.89282
-0.89572
-0.89512
-0.89212
-0.89446
-0.89294
-0.89418
-0.89382
-0.89402
-0.89386
-0.89384
-0.89318
-0.89336
-0.89566
-0.89438
-0.89638
-0.89196
-0.89234
-0.89374
-0.89528
-0.8959
-0.89152
-0.89602
-0.89332
-0.8955
-0.89182
-0.89534
-0.88988
-0.89142
-0.89238
-0.89522
-0.89566
-0.89002
-0.89208
-0.89362
-0.89388
-0.8945
-0.8929
-0.89446
-0.8933
-0.89478
-0.89636
-0.89798
-0.89422
-0.89504
-0.8943
-0.89402
-0.8938
-0.89446
-0.89754
-0.89544
-0.8942
-0.89318
-0.89186
-0.89244
-0.8919
-0.89246
-0.89354
-0.88936
-0.89096
-0.89116
-0.89564
-0.89624
-0.89376
-0.88778
-0.89404
-0.89018
-0.8955
-0.89272
-0.89252
-0.89212
-0.8922
-0.89408
-0.8959
-0.89258
-0.89008
-0.89586
-0.8932
-0.89518
-0.89426
-0.89252
-0.89276
-0.89302
-0.88844
-0.89622
-0.89344
-0.89412
-0.89602
-0.89384
-0.89302
-0.89288
-0.89576
-0.89368
-0.89542
-0.89636
-0.89266
-0.8964
-0.89384
-0.89196
-0.89504
-0.8921
-0.89228
-0.89542
-0.896
-0.89224
-0.8919
-0.89516
-0.89416
-0.8973
-0.89212
-0.89528
-0.8902
-0.89566
-0.89174
-0.89152
-0.89326
-0.89322
-0.8949
-0.8914
-0.89564
-0.88994
-0.89248
-0.89086
-0.89586
-0.89334
-0.893
-0.89142
-0.89108
-0.8952
-0.89576
-0.89036
-0.8964
-0.89316
-0.89314
-0.892
-0.89152
-0.89278
-0.89566
-0.8882
-0.8947
-0.8935
-0.891
-0.89404
-0.89354
-0.8942
-0.89348
-0.8933
-0.88984
-0.89234
-0.89334
-0.8942
-0.89298
-0.89192
-0.89156
-0.89388
-0.89386
-0.89446
-0.89364
-0.89438
-0.89576
-0.8923
-0.89344
-0.89464
-0.89514
-0.89394
-0.89734
-0.89516
-0.89328
-0.89388
-0.8865
-0.8923
-0.89484
-0.8937
-0.89306
-0.89456
-0.89686
-0.8922
-0.8936
-0.89492
-0.89704
-0.89384
-0.89746
-0.89504
-0.89642
-0.89304
-0.89598
-0.89272
-0.89404
-0.89494
-0.89642
-0.8902
-0.89318
-0.8939
-0.8951
-0.89442
-0.89524
-0.8949
-0.89358
-0.88852
-0.89444
-0.89556
-0.89542
-0.8926
-0.89008
-0.89502
-0.89038
-0.89382
-0.89168
-0.89468
-0.889
-0.89342
-0.89042
-0.89318
-0.89226
-0.8917
-0.89304
-0.89302
-0.89178
-0.89246
-0.89304
-0.89466
-0.89536
-0.89114
-0.89164
-0.89438
-0.89154
-0.89566
-0.89544
-0.89264
-0.89596
-0.89538
-0.89782
-0.89422
-0.89248
-0.89498
-0.89776
-0.89566
-0.89162
-0.89336
-0.89652
-0.89606
-0.89376
-0.89134
-0.89022
-0.89182
-0.89238
-0.8936
-0.89342
-0.89602
-0.89258
-0.89382
-0.89488
-0.89468
-0.89214
-0.89338
-0.89322
-0.8917
-0.89352
-0.89562
-0.897
-0.89006
-0.89072
-0.89414
-0.89458
-0.89366
-0.89582
-0.89196
-0.89622
-0.8938
-0.88988
-0.89364
-0.89472
-0.89664
-0.897
-0.8941
-0.89578
-0.89584
-0.89126
-0.8945
-0.89176
-0.89518
-0.89474
-0.89272
-0.89354
-0.89344
-0.89622
-0.89016
-0.89524
-0.89474
-0.89452
-0.89334
-0.89396
-0.89334
-0.89166
-0.88886
-0.89282
-0.89176
-0.89464
-0.8913
-0.89498
-0.89504
-0.89548
-0.89178
-0.8933
-0.89296
-0.89106
-0.89388
-0.8958
-0.89442
-0.8897
-0.89308
-0.89324
-0.89516
-0.89064
-0.89662
-0.895
-0.89208
-0.8937
-0.88974
-0.89288
-0.89046
-0.89202
-0.8931
-0.8914
-0.89366
-0.8965
-0.89226
-0.89476
-0.89488
-0.89414
-0.89052
-0.89524
-0.89102
-0.89264
-0.89264
-0.89732
-0.89476
-0.89552
-0.89238
-0.8932
-0.89622
-0.8939
-0.89092
-0.89336
-0.895
-0.89462
-0.89472
-0.89572
-0.8926
-0.891
-0.89746
-0.89716
-0.89388
-0.89274
-0.8945
-0.89272
-0.89096
-0.89652
-0.89136
-0.89302
-0.89328
-0.89392
-0.89164
-0.89334
-0.89528
-0.8945
-0.89252
-0.89412
-0.89462
-0.88872
-0.8913
-0.89354
-0.89398
-0.89398
-0.89404
-0.89296
-0.89528
-0.89598
-0.8958
-0.8984
-0.89256
-0.89408
-0.89612
-0.89312
-0.8923
-0.8941
-0.8959
-0.89742
-0.89406
-0.89148
-0.89586
-0.89482
-0.89382
-0.89362
-0.89696
-0.89396
-0.89102
-0.89748
-0.8918
-0.89302
-0.89514
-0.89076
-0.89072
-0.8927
-0.89606
-0.893
-0.89572
-0.89384
-0.8937
-0.89382
-0.89358
-0.89322
-0.8963
-0.8963
-0.88966
-0.89226
-0.89338
-0.89484
-0.89258
-0.89648
-0.89566
-0.89712
-0.89092
-0.8925
-0.8939
-0.89406
-0.89362
-0.8963
-0.89202
-0.8948
-0.89658
-0.89482
-0.89328
-0.8943
-0.89666
-0.8917
-0.89084
-0.8955
-0.89442
-0.89536
-0.8922
-0.89516
-0.89698
-0.89554
-0.89276
-0.89262
-0.89214
-0.89286
-0.89176
-0.89682
-0.89438
-0.8952
-0.89172
-0.89298
-0.89722
-0.89376
-0.89442
-0.89474
-0.89426
-0.8932
-0.89144
-0.89286
-0.8919
-0.89172
-0.89346
-0.89096
-0.89126
-0.89292
-0.89202
-0.89184
-0.88868
-0.88972
-0.89414
-0.89242
-0.8946
-0.89068
-0.89046
-0.8938
-0.89324
-0.89824
-0.89376
-0.89496
-0.89522
-0.8899
-0.89392
-0.89328
-0.8944
-0.8946
-0.89492
-0.89394
-0.89328
-0.8927
-0.89214
-0.88922
-0.89436
-0.89474
-0.89232
-0.89276
-0.89184
-0.89658
-0.89404
-0.89514
-0.8955
-0.89378
-0.89378
-0.89816
-0.89632
-0.8936
-0.89682
-0.88982
-0.89288
-0.89336
-0.89168
-0.89578
-0.89354
-0.89372
-0.89454
-0.89616
-0.89472
-0.89566
-0.89282
-0.89694
-0.89686
-0.89174
-0.89288
-0.894
-0.89384
-0.8948
-0.89756
-0.89784
-0.89568
-0.89094
-0.89386
-0.89176
-0.89178
-0.89112
-0.89376
-0.89226
-0.89582
-0.89126
-0.8943
-0.89432
-0.89672
-0.88746
-0.89122
-0.89112
-0.8914
-0.89292
-0.89086
-0.89608
-0.89
-0.89108
-0.89366
-0.8907
-0.8917
-0.89212
-0.89504
-0.89602
-0.892
-0.8944
-0.89182
-0.8951
-0.8925
-0.89198
-0.89322
-0.8955
-0.89516
-0.89428
-0.89324
-0.89542
-0.89156
-0.89122
-0.88978
-0.8918
-0.8949
-0.893
-0.89192
-0.89186
-0.89594
-0.89708
-0.89242
-0.89424
-0.89454
-0.89342
-0.89198
-0.89618
-0.89386
-0.8926
-0.89162
-0.89278
-0.89062
-0.89226
-0.89314
-0.89402
-0.88994
-0.89404
-0.89338
-0.89192
-0.8954
-0.89586
-0.89344
-0.89392
-0.89404
-0.89594
-0.89526
-0.89306
-0.89198
-0.89358
-0.8925
-0.89178
-0.89454
-0.89308
-0.89038
-0.88984
-0.8949
-0.89382
-0.89594
-0.89302
-0.8912
-0.8921
-0.89128
-0.8935
-0.88942
-0.89434
-0.8899
-0.89234
-0.89274
-0.89454
-0.89386
-0.89506
-0.89396
-0.89568
-0.89126
-0.89462
-0.89234
-0.893
-0.89152
-0.89096
-0.89546
-0.88902
-0.89456
-0.8932
-0.8937
-0.89604
-0.89356
-0.89516
-0.89366
-0.89218
-0.89442
-0.89844
-0.89598
-0.89396
-0.89422
-0.89398
-0.893
-0.89274
-0.89744
-0.89192
-0.89566
-0.89338
-0.89332
-0.89634
-0.89344
-0.89592
-0.89268
-0.89376
-0.89304
-0.88886
-0.89662
-0.89358
-0.8952
-0.89106
-0.89424
-0.89258
-0.89316
-0.891
-0.89194
-0.89952
-0.89202
-0.89324
-0.89422
-0.89376
-0.89254
-0.89598
-0.89452
-0.8933
-0.89226
-0.89246
-0.89564
-0.89466
-0.89134
-0.8949
-0.89668
-0.89346
-0.8945
-0.8927
-0.8939
-0.8943
-0.88874
-0.89006
-0.89596
-0.89138
-0.89348
-0.89444
-0.88996
-0.89606
-0.89324
-0.8934
-0.89004
-0.89204
-0.8939
-0.89318
-0.89584
-0.89334
-0.895
-0.89646
-0.89614
-0.89578
-0.89208
-0.89202
-0.89376
-0.89236
-0.89666
-0.8964
-0.8912
-0.89328
-0.89208
-0.89554
-0.89444
-0.89464
-0.8927
-0.89686
-0.89546
-0.89378
-0.89204
-0.89594
-0.89214
-0.89306
-0.893
-0.89014
-0.89548
-0.89408
-0.89446
-0.89418
-0.89234
-0.89288
-0.88976
-0.8948
-0.8954
-0.89318
-0.8979
-0.89124
-0.89322
-0.89424
-0.89706
-0.8938
-0.89464
-0.89462
-0.89174
-0.89128
-0.8967
-0.89412
-0.8963
-0.89254
-0.89212
-0.89444
-0.89366
-0.89246
-0.89372
-0.89428
-0.8959
-0.89104
-0.89482
-0.89418
-0.89506
-0.89124
-0.89074
-0.8923
-0.89472
-0.8917
-0.895
-0.89358
-0.894
-0.89416
-0.89622
-0.89192
-0.89152
-0.89338
-0.89096
-0.89524
-0.89334
-0.89364
-0.89156
-0.894
-0.89386
-0.8933
-0.89392
-0.89366
-0.89414
-0.8922
-0.89386
-0.89236
-0.8901
-0.89686
-0.8941
-0.8956
-0.8944
-0.89458
-0.89466
-0.89528
-0.89476
-0.89324
-0.8922
-0.89288
-0.89282
-0.89246
-0.89306
-0.89036
-0.89316
-0.89368
-0.8949
-0.89252
-0.8917
-0.89128
-0.89438
-0.89486
-0.89528
-0.8957
-0.89206
-0.89396
-0.89536
-0.89206
-0.89266
-0.89438
-0.89282
-0.89502
-0.89604
-0.89306
-0.8961
-0.893
-0.89008
-0.89334
-0.8939
-0.89392
-0.89282
-0.89242
-0.89414
-0.89396
-0.89502
-0.893
-0.89464
-0.8946
-0.89832
-0.89682
-0.89144
-0.89304
-0.8962
-0.8954
-0.89462
-0.8944
-0.89252
-0.89176
-0.89342
-0.89486
-0.89444
-0.89498
-0.89434
-0.89398
-0.89486
-0.88932
-0.8942
-0.89226
-0.8903
-0.8931
-0.8918
-0.89398
-0.8926
-0.89022
-0.89278
-0.89262
-0.89272
-0.8949
-0.89614
-0.89672
-0.89616
-0.89474
-0.8951
-0.89548
-0.89482
-0.89396
-0.8937
-0.89516
-0.898
-0.89604
-0.8978
-0.89228
-0.89392
-0.89506
-0.89234
-0.89302
-0.89198
-0.89488
-0.89206
-0.89114
-0.89564
-0.89326
-0.89318
-0.89476
-0.89442
-0.8947
-0.89312
-0.89382
-0.88984
-0.8922
-0.8955
-0.89094
-0.89324
-0.89336
-0.89404
-0.89146
-0.89554
-0.89448
-0.89528
-0.8943
-0.8904
-0.89278
-0.89418
-0.89166
-0.89496
-0.89296
-0.88828
-0.8964
-0.89202
-0.89346
-0.8926
-0.88998
-0.895
-0.89392
-0.89024
-0.8937
-0.89272
-0.89076
-0.89364
-0.89236
-0.89344
-0.89438
-0.894
-0.89466
-0.89566
-0.89834
-0.8949
-0.89612
-0.8935
-0.8945
-0.89112
-0.89238
-0.89618
-0.89132
-0.895
-0.89036
-0.89526
-0.8935
-0.89374
-0.89316
-0.89594
-0.8963
-0.8926
-0.89306
-0.8904
-0.89008
-0.89492
-0.89276
-0.89218
-0.89378
-0.89496
-0.8956
-0.89294
-0.89284
-0.89056
-0.895
-0.89262
-0.89268
-0.89104
-0.8955
-0.89562
-0.89392
-0.89502
-0.8905
-0.8937
-0.89212
-0.89194
-0.89346
-0.89402
-0.89538
-0.89338
-0.89488
-0.89594
-0.8946
-0.8944
-0.89678
-0.89318
-0.89298
-0.8979
-0.89602
-0.8946
-0.89634
-0.89596
-0.89302
-0.89716
-0.89232
-0.89364
-0.8875
-0.89728
-0.89304
-0.89346
-0.89722
-0.89288
-0.89488
-0.89154
-0.88986
-0.89376
-0.89498
-0.89072
-0.898
-0.89372
-0.89154
-0.89254
-0.8941
-0.89608
-0.89178
-0.89178
-0.89208
-0.89198
-0.8931
-0.89554
-0.89342
-0.8936
-0.89222
-0.8948
-0.89442
-0.89422
-0.89484
-0.89492
-0.89482
-0.89362
-0.89316
-0.89128
-0.89564
-0.8935
-0.89468
-0.8935
-0.8934
-0.8931
-0.89382
-0.89298
-0.89304
-0.89076
-0.89552
-0.8946
-0.89556
-0.89544
-0.89222
-0.89582
-0.8931
-0.89248
-0.89568
-0.89436
-0.8927
-0.89416
-0.89306
-0.8905
-0.89296
-0.89418
-0.89522
-0.89354
-0.89342
-0.89928
-0.8949
-0.89414
-0.89472
-0.89108
-0.89724
-0.89512
-0.8959
-0.8938
-0.8923
-0.89428
-0.89418
-0.89398
-0.89596
-0.89594
-0.89654
-0.8922
-0.89308
-0.89268
-0.89262
-0.89168
-0.8937
-0.89584
-0.89662
-0.8947
-0.89402
-0.8956
-0.89246
-0.8915
-0.89502
-0.89472
-0.89342
-0.8901
-0.89318
-0.89346
-0.89246
-0.89594
-0.8949
-0.89314
-0.89686
-0.89312
-0.89088
-0.89552
-0.89282
-0.89602
-0.89282
-0.89334
-0.89588
-0.89062
-0.89296
-0.88994
-0.89748
-0.89474
-0.89098
-0.89364
-0.89078
-0.8952
-0.89452
-0.89604
-0.89488
-0.89388
-0.89382
-0.895
-0.89386
-0.88992
-0.89442
-0.89356
-0.89602
-0.89332
-0.89358
-0.89114
-0.89388
-0.89228
-0.8924
-0.89462
-0.8967
-0.8918
-0.8944
-0.89228
-0.89578
-0.89592
-0.8928
-0.8916
-0.89492
-0.89008
-0.89468
-0.89236
-0.89304
-0.89288
-0.8947
-0.89414
-0.89326
-0.89336
-0.8938
-0.89176
-0.89072
-0.89098
-0.89626
-0.89498
-0.89232
-0.89578
-0.8931
-0.89544
-0.89724
-0.89422
-0.89246
-0.8941
-0.89404
-0.89602
-0.89384
-0.89452
-0.89042
-0.89432
-0.89182
-0.89076
-0.89614
-0.89578
-0.89482
-0.89164
-0.89774
-0.89876
-0.89086
-0.88664
-0.89292
-0.8933
-0.89272
-0.8947
-0.89606
-0.89522
-0.88946
-0.89186
-0.89466
-0.88988
-0.89334
-0.88996
-0.89666
-0.89452
-0.89462
-0.89386
-0.89642
-0.8949
-0.89722
-0.89406
-0.8958
-0.89324
-0.8946
-0.8932
-0.89396
-0.89616
-0.88976
-0.896
-0.8919
-0.89534
-0.89516
-0.89214
-0.89498
-0.89182
-0.89062
-0.89486
-0.89254
-0.88856
-0.89328
-0.89356
-0.89384
-0.89228
-0.89414
-0.89184
-0.89378
-0.89516
-0.89508
-0.89268
-0.8968
-0.89224
-0.89336
-0.89202
-0.89172
-0.8946
-0.89368
-0.89636
-0.89404
-0.8924
-0.891
-0.8971
-0.89182
-0.89424
-0.89432
-0.89444
-0.8906
-0.89688
-0.8921
-0.89286
-0.88838
-0.89498
-0.89084
-0.89646
-0.89348
-0.89568
-0.8931
-0.89582
-0.8937
-0.8925
-0.89534
-0.89414
-0.89612
-0.89154
-0.8962
-0.89346
-0.8922
-0.89362
-0.8913
-0.89344
-0.8934
-0.89528
-0.8926
-0.89386
-0.89344
-0.89286
-0.89484
-0.89376
-0.89634
-0.89452
-0.89632
-0.89538
-0.89498
-0.89544
-0.89278
-0.89468
-0.89306
-0.89202
-0.89298
-0.89488
-0.8927
-0.8934
-0.89544
-0.8946
-0.8955
-0.89218
-0.8928
-0.89532
-0.89064
-0.89606
-0.89634
-0.89304
-0.89416
-0.89152
-0.8925
-0.89486
-0.89622
-0.89496
-0.89402
-0.89484
-0.89512
-0.89014
-0.89288
-0.89168
-0.8942
-0.89576
-0.89072
-0.892
-0.89292
-0.89566
-0.89562
-0.89074
-0.89282
-0.89132
-0.89534
-0.89476
-0.89594
-0.89348
-0.89624
-0.88988
-0.89478
-0.89312
-0.89346
-0.89296
-0.8922
-0.89556
-0.8973
-0.8972
-0.8909
-0.89512
-0.8945
-0.89512
-0.89574
-0.89458
-0.8927
-0.89372
-0.89046
-0.8936
-0.89186
-0.89608
-0.892
-0.89732
-0.89312
-0.89212
-0.89322
-0.8942
-0.8935
-0.89218
-0.8957
-0.89204
-0.89356
-0.89438
-0.89208
-0.89554
-0.89694
-0.89182
-0.89194
-0.89426
-0.89274
-0.89342
-0.89302
-0.89188
-0.89208
-0.89292
-0.8967
-0.89316
-0.89512
-0.89756
-0.89298
-0.89558
-0.89086
-0.89248
-0.89142
-0.89262
-0.8939
-0.89138
-0.89498
-0.8931
-0.89278
-0.8986
-0.89184
-0.8928
-0.89526
-0.89426
-0.89052
-0.8946
-0.89226
-0.89414
-0.89476
-0.8923
-0.89484
-0.89338
-0.89258
-0.89412
-0.89488
-0.89166
-0.8921
-0.89606
-0.89366
-0.89674
-0.8937
-0.8922
-0.89184
-0.89502
-0.89332
-0.88792
-0.89546
-0.8894
-0.89662
-0.89582
-0.8935
-0.89392
-0.89328
-0.8929
-0.88946
-0.8941
-0.89584
-0.89266
-0.89184
-0.89634
-0.89384
-0.89868
-0.89654
-0.89496
-0.8905
-0.89766
-0.89478
-0.89186
-0.89198
-0.89572
-0.89376
-0.89498
-0.89512
-0.89306
-0.89624
-0.89354
-0.89212
-0.89174
-0.89418
-0.89518
-0.89322
-0.89406
-0.89564
-0.89296
-0.8928
-0.89324
-0.89448
-0.89268
-0.89438
-0.89072
-0.89344
-0.89508
-0.8962
-0.89242
-0.89296
-0.89444
-0.88958
-0.89138
-0.89214
-0.89322
-0.89126
-0.89032
-0.89124
-0.89304
-0.89234
-0.89262
-0.89332
-0.894
-0.89448
-0.8908
-0.8918
-0.896
-0.8921
-0.8954
-0.89338
-0.89482
-0.89448
-0.89732
-0.89054
-0.89506
-0.89714
-0.89744
-0.89388
-0.89512
-0.89228
-0.89154
-0.89584
-0.89234
-0.8894
-0.89508
-0.8948
-0.89342
-0.89436
-0.89282
-0.8925
-0.89274
-0.8903
-0.89262
-0.89478
-0.891
-0.89014
-0.89182
-0.896
-0.89304
-0.89488
-0.8932
-0.891
-0.8917
-0.89682
-0.89346
-0.89282
-0.89372
-0.89508
-0.89388
-0.89184
-0.89384
-0.89456
-0.89416
-0.89496
-0.89284
-0.8948
-0.89012
-0.89478
-0.89672
-0.89292
-0.89338
-0.895
-0.89704
-0.88974
-0.89504
-0.89756
-0.89042
-0.8926
-0.8938
-0.8954
-0.89274
-0.89334
-0.8909
-0.89236
-0.8942
-0.89328
-0.89542
-0.89416
-0.89358
-0.89146
-0.89224
-0.89276
-0.89464
-0.89392
-0.8905
-0.891
-0.8963
-0.89128
-0.89352
-0.8912
-0.89198
-0.8912
-0.8908
-0.89448
-0.89012
-0.89404
-0.89382
-0.8943
-0.89062
-0.89284
-0.89496
-0.8928
-0.89302
-0.893
-0.89288
-0.89304
-0.8972
-0.89416
-0.89344
-0.89796
-0.8912
-0.88826
-0.89786
-0.89264
-0.89604
-0.89308
-0.89158
-0.89624
-0.89572
-0.89634
-0.89396
-0.895
-0.89318
-0.8935
-0.89368
-0.8921
-0.89662
-0.89418
-0.8941
-0.89466
-0.88852
-0.89438
-0.8981
-0.8951
-0.89374
-0.8955
-0.8916
-0.89346
-0.89108
-0.8962
-0.89676
-0.89232
-0.89454
-0.89432
-0.8907
-0.89572
-0.89192
-0.89688
-0.89354
-0.89678
-0.89508
-0.89656
-0.891
-0.89226
-0.8948
-0.89222
-0.89182
-0.89442
-0.88758
-0.8885
-0.89464
-0.8966
-0.8921
-0.89256
-0.89478
-0.89246
-0.8933
-0.89128
-0.89224
-0.89134
-0.89216
-0.89532
-0.89632
-0.8936
-0.8975
-0.89392
-0.89382
-0.8945
-0.89312
-0.89354
-0.89076
-0.89182
-0.8919
-0.89526
-0.89008
-0.89556
-0.88954
-0.89402
-0.89496
-0.89464
-0.89286
-0.89658
-0.89742
-0.8931
-0.8943
-0.8966
-0.89494
-0.89312
-0.89032
-0.89122
-0.8944
-0.89536
-0.89398
-0.89534
-0.8946
-0.89022
-0.89468
-0.89098
-0.89598
-0.89222
-0.89744
-0.89378
-0.89488
-0.89204
-0.89504
-0.8924
-0.89216
-0.89168
-0.89638
-0.89614
-0.89484
-0.8924
-0.8945
-0.89362
-0.89132
-0.89562
-0.89124
-0.8941
-0.89002
-0.8945
-0.89506
-0.88934
-0.89264
-0.89414
-0.8953
-0.89452
-0.89398
-0.8936
-0.89358
-0.89404
-0.89614
-0.89308
-0.89262
-0.8917
-0.89196
-0.89362
-0.8912
-0.89088
-0.89124
-0.89316
-0.89346
-0.89618
-0.89664
-0.89192
-0.89306
-0.8938
-0.8946
-0.89248
-0.89496
-0.89348
-0.8952
-0.89312
-0.89262
-0.89588
-0.89536
-0.8939
-0.89614
-0.89428
-0.89222
-0.89048
-0.89424
-0.89762
-0.8949
-0.89248
-0.89478
-0.89386
-0.89564
-0.8916
-0.89456
-0.8982
-0.89398
-0.895
-0.8932
-0.88944
-0.88942
-0.89492
-0.89554
-0.89504
-0.89298
-0.88942
-0.89398
-0.89518
-0.89642
-0.89148
-0.89216
-0.89498
-0.89506
-0.89228
-0.89414
-0.8939
-0.89508
-0.89226
-0.8941
-0.8947
-0.89056
-0.89106
-0.89494
-0.89362
-0.89212
-0.89408
-0.89196
-0.89488
-0.89678
-0.89328
-0.89256
-0.89462
-0.89054
-0.89184
-0.896
-0.89358
-0.89426
-0.89472
-0.89458
-0.89724
-0.8972
-0.8915
-0.89166
-0.89346
-0.89492
-0.89222
-0.89478
-0.89316
-0.89436
-0.89098
-0.89164
-0.89408
-0.88992
-0.8899
-0.89006
-0.89336
-0.89274
-0.89232
-0.89614
-0.89328
-0.89636
-0.89408
-0.8948
-0.89252
-0.89418
-0.89582
-0.89518
-0.89294
-0.89506
-0.90082
-0.89028
-0.89144
-0.89316
-0.89498
-0.89302
-0.89572
-0.89232
-0.89372
-0.89248
-0.89256
-0.89426
-0.89584
-0.89128
-0.89294
-0.89324
-0.88962
-0.89558
-0.89254
-0.89626
-0.8958
-0.8934
-0.89226
-0.88776
-0.8985
-0.89344
-0.89572
-0.89372
-0.89408
-0.8917
-0.89402
-0.89574
-0.89578
-0.89596
-0.89424
-0.89364
-0.89238
-0.89518
-0.89196
-0.89034
-0.89684
-0.89304
-0.89478
-0.89298
-0.8942
-0.8936
-0.89358
-0.89376
-0.89142
-0.89534
-0.89636
-0.89628
-0.89292
-0.89632
-0.89214
-0.89528
-0.89348
-0.89066
-0.8932
-0.88834
-0.8917
-0.89664
-0.89604
-0.89404
-0.89472
-0.89364
-0.89162
-0.89194
-0.89342
-0.89108
-0.89684
-0.89842
-0.89764
-0.89254
-0.89092
-0.89468
-0.89748
-0.89356
-0.89086
-0.89686
-0.89116
-0.8944
-0.89344
-0.89194
-0.89428
-0.89678
-0.8932
-0.88976
-0.89276
-0.89606
-0.8926
-0.89234
-0.89408
-0.89396
-0.89474
-0.89412
-0.89338
-0.89278
-0.89622
-0.89314
-0.89482
-0.89052
-0.89278
-0.89316
-0.89298
-0.89526
-0.89372
-0.89742
-0.89698
-0.89138
-0.89154
-0.8922
-0.89578
-0.89492
-0.8931
-0.8974
-0.8939
-0.8943
-0.89338
-0.89046
-0.89554
-0.895
-0.89586
-0.89624
-0.89422
-0.89368
-0.89168
-0.89632
-0.89376
-0.89042
-0.89472
-0.89386
-0.89594
-0.89616
-0.89404
-0.89438
-0.89394
-0.89184
-0.89406
-0.89296
-0.89438
-0.8944
-0.8927
-0.89472
-0.89546
-0.89404
-0.89092
-0.8952
-0.89398
-0.89418
-0.89386
-0.89328
-0.89476
-0.89422
-0.89446
-0.89358
-0.89412
-0.89512
-0.89748
-0.89528
-0.894
-0.89544
-0.89188
-0.89362
-0.88968
-0.8913
-0.89328
-0.89636
-0.89428
-0.89606
-0.89578
-0.8933
-0.89308
-0.8927
-0.89334
-0.89298
-0.89404
-0.88934
-0.89316
-0.89378
-0.89694
-0.89434
-0.8949
-0.89378
-0.89478
-0.8951
-0.89224
-0.89082
-0.89414
-0.89098
-0.89398
-0.8967
-0.8929
-0.89408
-0.89322
-0.89428
-0.89512
-0.89594
-0.90052
-0.89566
-0.89358
-0.89364
-0.89358
-0.8899
-0.8928
-0.89848
-0.89578
-0.89544
-0.89038
-0.89436
-0.89534
-0.89234
-0.89548
-0.8934
-0.89336
-0.89302
-0.8967
-0.89618
-0.89366
-0.8977
-0.89396
-0.89472
-0.89032
-0.90162
-0.89584
-0.89236
-0.8954
-0.89666
-0.8943
-0.89702
-0.89282
-0.893
-0.89362
-0.89304
-0.89452
-0.89314
-0.8951
-0.89262
-0.8928
-0.89396
-0.89382
-0.8953
-0.89156
-0.8931
-0.89356
-0.8977
-0.89622
-0.89496
-0.89446
-0.89476
-0.89262
-0.89558
-0.89322
-0.89304
-0.8955
-0.89484
-0.89056
-0.89448
-0.89528
-0.8922
-0.89164
-0.89262
-0.8977
-0.89248
-0.89356
-0.89196
-0.89386
-0.89562
-0.89578
-0.89524
-0.89482
-0.8939
-0.89516
-0.8943
-0.89108
-0.89188
-0.89606
-0.89418
-0.89492
-0.89222
-0.89206
-0.89354
-0.89292
-0.89208
-0.89312
-0.8997
-0.89846
-0.89064
-0.89312
-0.89324
-0.8924
-0.89574
-0.88932
-0.89396
-0.89464
-0.89282
-0.89492
-0.89202
-0.89284
-0.89334
-0.89342
-0.89356
-0.89252
-0.89416
-0.89192
-0.89132
-0.89672
-0.8904
-0.8951
-0.89108
-0.8943
-0.89506
-0.89542
-0.89126
-0.89104
-0.8953
-0.89556
-0.89424
-0.89408
-0.89452
-0.89244
-0.8955
-0.89612
-0.891
-0.88932
-0.89266
-0.89146
-0.89378
-0.89326
-0.8981
-0.89212
-0.88866
-0.8941
-0.89524
-0.89492
-0.89494
-0.89648
-0.89296
-0.89498
-0.8934
-0.8933
-0.89452
-0.89476
-0.8945
-0.89202
-0.89802
-0.89338
-0.89318
-0.89254
-0.89554
-0.89478
-0.89628
-0.892
-0.8936
-0.8933
-0.89218
-0.8993
-0.89394
-0.89236
-0.89304
-0.89506
-0.89238
-0.89256
-0.89322
-0.89048
-0.89546
-0.89558
-0.89388
-0.89726
-0.89456
-0.89524
-0.89348
-0.89436
-0.89222
-0.89538
-0.89582
-0.89164
-0.89114
-0.89224
-0.89376
-0.89422
-0.89474
-0.8956
-0.89574
-0.89766
-0.89344
-0.89488
-0.89424
-0.89456
-0.89248
-0.89318
-0.89606
-0.89388
-0.89318
-0.89492
-0.89384
-0.8935
-0.89438
-0.89388
-0.8932
-0.89554
-0.8918
-0.8942
-0.8976
-0.89128
-0.89616
-0.89262
-0.8947
-0.8944
-0.89128
-0.89468
-0.89718
-0.8943
-0.893
-0.89412
-0.89396
-0.89346
-0.89312
-0.895
-0.89152
-0.89344
-0.89704
-0.89252
-0.89316
-0.89386
-0.89632
-0.89168
-0.89592
-0.89218
-0.89214
-0.89562
-0.8924
-0.89562
-0.89302
-0.89226
-0.89272
-0.89236
-0.89654
-0.89382
-0.89438
-0.89894
-0.89388
-0.89064
-0.8902
-0.89498
-0.89324
-0.89504
-0.89312
-0.89512
-0.89546
-0.89434
-0.89312
-0.89066
-0.89408
-0.89444
-0.89488
-0.8943
-0.8928
-0.89272
-0.8876
-0.89362
-0.89338
-0.88968
-0.89554
-0.89496
-0.892
-0.89486
-0.89378
-0.89108
-0.89598
-0.89138
-0.89184
-0.89744
-0.89132
-0.89304
-0.89274
-0.89536
-0.88866
-0.89482
-0.89654
-0.89192
-0.8889
-0.89352
-0.89348
-0.8902
-0.89366
-0.88946
-0.89422
-0.89344
-0.88942
-0.88986
-0.88868
-0.89288
-0.8942
-0.89412
-0.89294
-0.8954
-0.89466
-0.89064
-0.8967
-0.89644
-0.89086
-0.8944
-0.89528
-0.88974
-0.89152
-0.89362
-0.893
-0.89492
-0.8943
-0.89424
-0.89298
-0.89494
-0.89474
-0.89228
-0.89204
-0.89526
-0.89554
-0.89522
-0.89194
-0.8947
-0.8974
-0.89372
-0.8931
-0.89206
-0.89054
-0.89336
-0.89566
-0.89466
-0.89026
-0.8955
-0.89482
-0.89592
-0.89262
-0.89308
-0.89628
-0.89044
-0.89282
-0.8942
-0.89126
-0.89698
-0.89566
-0.8938
-0.89402
-0.89118
-0.89322
-0.8947
-0.89386
-0.89376
-0.89262
-0.89282
-0.89436
-0.89442
-0.8956
-0.89082
-0.89136
-0.8948
-0.89372
-0.8964
-0.89332
-0.89134
-0.89884
-0.89362
-0.89428
-0.89156
-0.8946
-0.8929
-0.8966
-0.89052
-0.89572
-0.8916
-0.88918
-0.89364
-0.89288
-0.89156
-0.89302
-0.89118
-0.89044
-0.89334
-0.8941
-0.8953
-0.8943
-0.89276
-0.88904
-0.89362
-0.89196
-0.88968
-0.89232
-0.89326
-0.89342
-0.89156
-0.8973
-0.89254
-0.89092
-0.89246
-0.89762
-0.89566
-0.89436
-0.891
-0.89286
-0.89594
-0.89086
-0.89186
-0.89236
-0.89478
-0.8932
-0.8943
-0.89376
-0.89436
-0.89528
-0.89128
-0.89682
-0.89394
-0.896
-0.89232
-0.8926
-0.89272
-0.89346
-0.89262
-0.89248
-0.89308
-0.89608
-0.88884
-0.8925
-0.89234
-0.89464
-0.89426
-0.89144
-0.89456
-0.89484
-0.89304
-0.89288
-0.89674
-0.89226
-0.89522
-0.89562
-0.89254
-0.8921
-0.8938
-0.89406
-0.89448
-0.89122
-0.8948
-0.89304
-0.8982
-0.89734
-0.89382
-0.89762
-0.896
-0.89476
-0.89156
-0.8953
-0.89164
-0.89078
-0.8945
-0.89792
-0.89636
-0.89594
-0.89114
-0.89634
-0.89322
-0.89602
-0.89308
-0.89466
-0.89694
-0.89126
-0.8918
-0.89444
-0.8947
-0.89418
-0.8943
-0.89648
-0.89602
-0.89694
-0.8954
-0.8904
-0.88882
-0.89266
-0.89432
-0.89436
-0.89272
-0.89346
-0.89376
-0.89242
-0.89208
-0.8931
-0.8965
-0.89298
-0.8923
-0.89276
-0.89032
-0.89318
-0.89218
-0.89144
-0.89348
-0.89334
-0.89234
-0.8961
-0.89498
-0.89738
-0.89314
-0.89376
-0.89196
-0.89128
-0.89518
-0.89426
-0.89538
-0.89304
-0.89262
-0.89302
-0.89392
-0.89292
-0.8914
-0.89508
-0.89382
-0.89302
-0.8962
-0.8948
-0.8967
-0.8921
-0.89488
-0.89162
-0.89348
-0.89666
-0.89116
-0.89428
-0.89106
-0.89472
-0.89334
-0.89246
-0.89244
-0.89558
-0.89674
-0.89306
-0.89312
-0.8951
-0.89562
-0.8934
-0.8911
-0.8923
-0.8903
-0.89634
-0.8945
-0.8927
-0.89138
-0.89208
-0.89378
-0.89536
-0.89956
-0.8901
-0.89168
-0.89374
-0.89512
-0.89458
-0.8956
-0.89408
-0.88992
-0.89856
-0.8951
-0.89202
-0.89318
-0.89492
-0.89356
-0.89188
-0.89218
-0.8936
-0.89564
-0.89602
-0.89382
-0.89576
-0.89526
-0.8937
-0.89052
-0.89378
-0.88864
-0.8952
-0.89506
-0.89068
-0.89528
-0.89822
-0.891
-0.8923
-0.89204
-0.89552
-0.89296
-0.89614
-0.8966
-0.89204
-0.89452
-0.89478
-0.89442
-0.89454
-0.89564
-0.89384
-0.89588
-0.8973
-0.8934
-0.89574
-0.89282
-0.89282
-0.89212
-0.89152
-0.89676
-0.89364
-0.89408
-0.89646
-0.89632
-0.8923
-0.88988
-0.8959
-0.89316
-0.89472
-0.89076
-0.89292
-0.89268
-0.89644
-0.8956
-0.8967
-0.8913
-0.8922
-0.89496
-0.88962
-0.89276
-0.8951
-0.89418
-0.8959
-0.8951
-0.89064
-0.89784
-0.89548
-0.89204
-0.8926
-0.89178
-0.8958
-0.89468
-0.89314
-0.89604
-0.89682
-0.89172
-0.89434
-0.89406
-0.8947
-0.89622
-0.89498
-0.89284
-0.8904
-0.89234
-0.89424
-0.8953
-0.89412
-0.89466
-0.89576
-0.89446
-0.89268
-0.89346
-0.89418
-0.89458
-0.89702
-0.8936
-0.89178
-0.89486
-0.89512
-0.89494
-0.89232
-0.89464
-0.89304
-0.8926
-0.89132
-0.89178
-0.89124
-0.89724
-0.89418
-0.89438
-0.89146
-0.89582
-0.8936
-0.88922
-0.8955
-0.89214
-0.89318
-0.89428
-0.89408
-0.89268
-0.89678
-0.89206
-0.89346
-0.8998
-0.89104
-0.90078
-0.89372
-0.8894
-0.8943
-0.89384
-0.89312
-0.89354
-0.89292
-0.89082
-0.89332
-0.89392
-0.89844
-0.89248
-0.89458
-0.89666
-0.89462
-0.89372
-0.89266
-0.88996
-0.89564
-0.89158
-0.89156
-0.8922
-0.88888
-0.89328
-0.89184
-0.8948
-0.8972
-0.89622
-0.8951
-0.89372
-0.89286
-0.89506
-0.89318
-0.88974
-0.89474
-0.89312
-0.89498
-0.89338
-0.89416
-0.89308
-0.89394
-0.88978
-0.88968
-0.89462
-0.89522
-0.89188
-0.89206
-0.89418
-0.89354
-0.8905
-0.89036
-0.89276
-0.89486
-0.89714
-0.89432
-0.89224
-0.89312
-0.8902
-0.89156
-0.89584
-0.89386
-0.89524
-0.8934
-0.89326
-0.89636
-0.89514
-0.89368
-0.8961
-0.89306
-0.89532
-0.89318
-0.89524
-0.89272
-0.8921
-0.8962
-0.89576
-0.89038
-0.89198
-0.89368
-0.8947
-0.89158
-0.8947
-0.89392
-0.89494
-0.89492
-0.8904
-0.89158
-0.89346
-0.89468
-0.89224
-0.896
-0.89196
-0.89526
-0.89458
-0.8923
-0.89486
-0.89442
-0.8934
-0.8943
-0.8908
-0.89686
-0.89478
-0.8964
-0.89524
-0.89422
-0.89288
-0.89448
-0.89702
-0.8933
-0.89376
-0.89596
-0.89276
-0.89412
-0.89604
-0.8929
-0.89358
-0.89472
-0.8948
-0.89276
-0.89666
-0.89224
-0.893
-0.89462
-0.89752
-0.8933
-0.89216
-0.8934
-0.89418
-0.89288
-0.89034
-0.89338
-0.89424
-0.89306
-0.89234
-0.89052
-0.89168
-0.89446
-0.89362
-0.8961
-0.89554
-0.89314
-0.89446
-0.8954
-0.89536
-0.8918
-0.8906
-0.891
-0.89098
-0.89502
-0.89576
-0.89406
-0.89272
-0.89498
-0.89288
-0.89404
-0.89608
-0.8954
-0.89798
-0.89332
-0.89592
-0.89352
-0.89602
-0.89308
-0.89552
-0.89336
-0.89196
-0.8934
-0.89574
-0.8939
-0.8924
-0.89542
-0.89144
-0.8955
-0.8907
-0.89456
-0.89108
-0.89436
-0.89402
-0.89506
-0.8949
-0.88906
-0.89474
-0.89296
-0.89288
-0.89408
-0.89478
-0.89324
-0.8926
-0.89122
-0.89014
-0.89048
-0.89354
-0.89474
-0.89186
-0.89304
-0.89306
-0.894
-0.89282
-0.8945
-0.89526
-0.89364
-0.89404
-0.89232
-0.8916
-0.89334
-0.89576
-0.89262
-0.89324
-0.89084
-0.89198
-0.89208
-0.89508
-0.8901
-0.89442
-0.89306
-0.89202
-0.89474
-0.89674
-0.892
-0.89686
-0.89356
-0.89416
-0.8972
-0.89152
-0.89508
-0.89128
-0.89782
-0.89316
-0.89322
-0.89506
-0.89256
-0.89206
-0.89358
-0.89456
-0.89524
-0.89786
-0.89698
-0.89858
-0.89274
-0.88896
-0.89806
-0.89256
-0.8963
-0.89266
-0.89492
-0.89198
-0.89214
-0.89558
-0.89434
-0.89326
-0.89502
-0.8931
-0.89604
-0.89184
-0.89352
-0.8942
-0.8977
-0.8935
-0.89628
-0.8939
-0.89422
-0.89266
-0.89456
-0.892
-0.89732
-0.89058
-0.89372
-0.8956
-0.89578
-0.8952
-0.89344
-0.89178
-0.89356
-0.8916
-0.89424
-0.89584
-0.89394
-0.89432
-0.89394
-0.89582
-0.89302
-0.8958
-0.8918
-0.8942
-0.89262
-0.89552
-0.8941
-0.89442
-0.89396
-0.89554
-0.89676
-0.894
-0.8903
-0.8953
-0.8913
-0.8917
-0.89304
-0.8935
-0.89486
-0.89742
-0.89366
-0.89016
-0.89052
-0.89284
-0.89252
-0.8923
-0.89658
-0.89354
-0.89104
-0.89416
-0.89412
-0.89614
-0.8959
-0.8919
-0.89286
-0.8925
-0.89276
-0.8905
-0.89564
-0.89286
-0.89286
-0.89412
-0.89602
-0.89338
-0.89684
-0.89502
-0.8932
-0.89372
-0.89306
-0.89466
-0.89624
-0.89382
-0.89632
-0.8925
-0.89214
-0.89562
-0.89596
-0.8941
-0.89502
-0.89214
-0.89524
-0.89786
-0.89856
-0.89516
-0.88894
-0.89326
-0.89212
-0.89236
-0.89216
-0.89394
-0.89838
-0.8908
-0.8958
-0.89104
-0.89434
-0.89208
-0.89068
-0.89436
-0.89442
-0.89094
-0.89298
-0.89098
-0.8916
-0.89178
-0.89338
-0.8919
-0.89544
-0.89592
-0.8919
-0.89216
-0.8938
-0.8911
-0.89442
-0.89318
-0.89478
-0.89666
-0.89418
-0.8934
-0.89724
-0.89342
-0.8911
-0.89002
-0.89614
-0.89292
-0.89268
-0.89806
-0.89316
-0.89206
-0.89236
-0.89598
-0.89298
-0.88996
-0.89106
-0.89308
-0.89576
-0.89514
-0.8947
-0.8942
-0.88978
-0.89384
-0.89164
-0.89438
-0.89076
-0.89176
-0.89624
-0.89484
-0.8918
-0.89572
-0.8898
-0.89236
-0.8939
-0.88962
-0.8972
-0.89256
-0.89332
-0.89332
-0.89112
-0.89364
-0.89154
-0.89504
-0.89482
-0.89682
-0.89152
-0.89276
-0.89248
-0.8957
-0.89232
-0.89558
-0.89222
-0.89204
-0.89446
-0.89744
-0.89172
-0.89206
-0.89026
-0.88986
-0.894
-0.89256
-0.89348
-0.8917
-0.8911
-0.89388
-0.89806
-0.89462
-0.89246
-0.8962
-0.89592
-0.89518
-0.89176
-0.89286
-0.89598
-0.8935
-0.89394
-0.88714
-0.89328
-0.89508
-0.89374
-0.89674
-0.89112
-0.89256
-0.89078
-0.89546
-0.89596
-0.8913
-0.89342
-0.89122
-0.89204
-0.89166
-0.89304
-0.89384
-0.89406
-0.89394
-0.89376
-0.89238
-0.89414
-0.8935
-0.88914
-0.89094
-0.89366
-0.89516
-0.89408
-0.89136
-0.89408
-0.89356
-0.89056
-0.89374
-0.89336
-0.89552
-0.89148
-0.88956
-0.8926
-0.89356
-0.89438
-0.89414
-0.89336
-0.89396
-0.8947
-0.89012
-0.8905
-0.89296
-0.89556
-0.89456
-0.89148
-0.89556
-0.8918
-0.89284
-0.88912
-0.8955
-0.89146
-0.8925
-0.89184
-0.89
-0.89384
-0.89556
-0.89442
-0.89532
-0.89294
-0.89308
-0.89464
-0.8881
-0.89786
-0.8958
-0.89278
-0.89346
-0.89262
-0.88932
-0.89738
-0.89496
-0.89404
-0.89288
-0.89738
-0.89244
-0.89472
-0.89498
-0.89308
-0.89608
-0.8946
-0.8918
-0.89404
-0.89188
-0.8929
-0.89036
-0.89116
-0.89496
-0.89512
-0.89502
-0.89216
-0.89134
-0.88998
-0.89634
-0.89326
-0.89638
-0.89564
-0.89426
-0.89198
-0.89318
-0.89854
-0.8913
-0.89504
-0.89338
-0.88942
-0.89592
-0.89346
-0.8952
-0.89222
-0.89382
-0.89246
-0.89872
-0.89496
-0.89334
-0.89272
-0.89284
-0.89274
-0.89316
-0.89544
-0.89454
-0.89462
-0.89462
-0.89504
-0.89154
-0.89394
-0.89302
-0.89284
-0.89504
-0.89058
-0.89474
-0.89296
-0.8969
-0.8929
-0.89122
-0.89366
-0.89422
-0.89404
-0.89338
-0.89412
-0.89084
-0.89326
-0.89196
-0.89362
-0.89128
-0.89168
-0.8939
-0.89386
-0.89438
-0.89514
-0.89274
-0.89478
-0.89604
-0.89494
-0.89408
-0.8941
-0.89508
-0.8919
-0.89006
-0.89556
-0.89576
-0.89514
-0.89628
-0.89344
-0.89352
-0.893
-0.89306
-0.89532
-0.89402
-0.89286
-0.89374
-0.89462
-0.89112
-0.89318
-0.89158
-0.89612
-0.8941
-0.8916
-0.89526
-0.89232
-0.89258
-0.89358
-0.89434
-0.89118
-0.89102
-0.89252
-0.89502
-0.89588
-0.89218
-0.8949
-0.89696
-0.89472
-0.8939
-0.89392
-0.89094
-0.89308
-0.89446
-0.89198
-0.89516
-0.89118
-0.8907
-0.89674
-0.89316
-0.8962
-0.8937
-0.89274
-0.89472
-0.8919
-0.89558
-0.89492
-0.89316
-0.89188
-0.89312
-0.89636
-0.89178
-0.89336
-0.89246
-0.89194
-0.89742
-0.89718
-0.89288
-0.89638
-0.89146
-0.89394
-0.89428
-0.8984
-0.89112
-0.89388
-0.89032
-0.89258
-0.89616
-0.89324
-0.89416
-0.8909
-0.89456
-0.89634
-0.89146
-0.8906
-0.89438
-0.89044
-0.8937
-0.89042
-0.89588
-0.8944
-0.89174
-0.89492
-0.89252
-0.89198
-0.89104
-0.89138
-0.8926
-0.89148
-0.89212
-0.89244
-0.89352
-0.8959
-0.8958
-0.8932
-0.89216
-0.89182
-0.8951
-0.88862
-0.89518
-0.89642
-0.8944
-0.89418
-0.89204
-0.89434
-0.89326
-0.89444
-0.89184
-0.89326
-0.8936
-0.89624
-0.8959
-0.8945
-0.89268
-0.89288
-0.89406
-0.89442
-0.89578
-0.89448
-0.8971
-0.89066
-0.8971
-0.8903
-0.89152
-0.89304
-0.89228
-0.89408
-0.8932
-0.89474
-0.89502
-0.89496
-0.89554
-0.89348
-0.89326
-0.88972
-0.89384
-0.89434
-0.89132
-0.89208
-0.89372
-0.8919
-0.89312
-0.89508
-0.8945
-0.89122
-0.8963
-0.89354
-0.88882
-0.89232
-0.89258
-0.89444
-0.8945
-0.89482
-0.89414
-0.89428
-0.89308
-0.89228
-0.89272
-0.89148
-0.89086
-0.89306
-0.89312
-0.89742
-0.89448
-0.89256
-0.89448
-0.89574
-0.89434
-0.89284
-0.88914
-0.89514
-0.89498
-0.8937
-0.89668
-0.89188
-0.89404
-0.89448
-0.89292
-0.89478
-0.89296
-0.8908
-0.89278
-0.8944
-0.89416
-0.89394
-0.89058
-0.89254
-0.89456
-0.89016
-0.89492
-0.89214
-0.89308
-0.89272
-0.89416
-0.89344
-0.89432
-0.89388
-0.896
-0.892
-0.89522
-0.89686
-0.89236
-0.89332
-0.89204
-0.89592
-0.893
-0.89086
-0.89306
-0.89342
-0.89344
-0.89232
-0.8926
-0.89442
-0.88988
-0.89252
-0.89546
-0.89272
-0.89264
-0.89612
-0.89318
-0.89326
-0.89158
-0.892
-0.89118
-0.89342
-0.89454
-0.8928
-0.8934
-0.89614
-0.8966
-0.89392
-0.89634
-0.89104
-0.88914
-0.89144
-0.89286
-0.89626
-0.89282
-0.8916
-0.8957
-0.89376
-0.894
-0.89154
-0.89376
-0.89182
-0.8962
-0.8942
-0.89282
-0.8909
-0.89462
-0.89216
-0.89342
-0.89464
-0.8904
-0.89048
-0.89052
-0.89474
-0.89636
-0.89364
-0.89598
-0.88988
-0.89284
-0.89216
-0.89392
-0.89172
-0.89478
-0.89358
-0.89556
-0.89542
-0.89252
-0.8951
-0.8933
-0.89576
-0.89588
-0.89376
-0.89068
-0.8949
-0.89622
-0.8924
-0.89622
-0.89146
-0.89302
-0.89438
-0.89242
-0.89444
-0.89526
-0.89392
-0.89218
-0.8953
-0.89512
-0.89438
-0.89294
-0.89236
-0.8935
-0.89442
-0.89424
-0.8903
-0.88996
-0.89266
-0.89426
-0.89424
-0.89572
-0.89244
-0.8938
-0.89628
-0.89488
-0.89244
-0.89446
-0.89336
-0.89252
-0.89636
-0.89226
-0.89566
-0.89216
-0.8946
-0.89114
-0.89456
-0.89312
-0.89254
-0.89428
-0.89404
-0.89282
-0.89634
-0.89364
-0.89466
-0.88994
-0.8938
-0.89514
-0.89502
-0.8978
-0.8923
-0.89242
-0.8927
-0.89828
-0.89338
-0.89322
-0.89134
-0.89418
-0.89604
-0.8962
-0.8932
-0.8926
-0.89052
-0.89078
-0.89458
-0.8942
-0.89786
-0.89464
-0.8905
-0.89112
-0.89334
-0.89192
-0.89394
-0.89446
-0.89636
-0.8935
-0.89406
-0.89356
-0.8915
-0.8914
-0.89096
-0.89378
-0.89308
-0.89182
-0.89288
-0.89358
-0.8927
-0.89542
-0.89324
-0.89342
-0.89404
-0.89648
-0.89732
-0.89488
-0.89548
-0.8919
-0.89298
-0.8926
-0.8929
-0.89628
-0.89496
-0.89536
-0.89626
-0.89278
-0.89368
-0.89178
-0.90028
-0.89446
-0.89428
-0.89404
-0.8936
-0.8969
-0.89424
-0.89292
-0.89666
-0.89522
-0.89688
-0.89496
-0.89658
-0.89654
-0.8903
-0.89544
-0.89264
-0.89258
-0.89476
-0.89346
-0.8954
-0.89352
-0.89108
-0.89352
-0.89338
-0.89348
-0.89488
-0.89196
-0.89436
-0.89046
-0.89596
-0.89556
-0.89258
-0.89132
-0.8935
-0.8933
-0.8926
-0.89506
-0.89656
-0.89224
-0.89092
-0.89118
-0.8952
-0.89152
-0.89312
-0.89988
-0.89318
-0.8931
-0.89652
-0.8965
-0.89142
-0.89508
-0.89226
-0.8953
-0.89468
-0.89636
-0.88944
-0.89444
-0.89198
-0.8927
-0.89032
-0.89228
-0.8944
-0.89128
-0.8971
-0.89452
-0.89696
-0.89662
-0.89214
-0.89556
-0.89216
-0.89606
-0.89466
-0.88814
-0.89648
-0.89134
-0.8951
-0.89248
-0.8944
-0.89712
-0.88962
-0.89586
-0.89482
-0.8881
-0.89088
-0.89202
-0.89512
-0.89502
-0.8934
-0.89226
-0.89886
-0.89062
-0.89534
-0.89554
-0.89574
-0.89054
-0.8933
-0.89398
-0.89292
-0.89322
-0.88886
-0.88944
-0.8933
-0.89
-0.89302
-0.89316
-0.89732
-0.8925
-0.89374
-0.89656
-0.89594
-0.89296
-0.89514
-0.89314
-0.89514
-0.89214
-0.89162
-0.8941
-0.8913
-0.89258
-0.8929
-0.89488
-0.89528
-0.89392
-0.89944
-0.8917
-0.89414
-0.89222
-0.89396
-0.89532
-0.89372
-0.89536
-0.891
-0.8913
-0.8927
-0.89346
-0.89166
-0.89182
-0.8925
-0.89344
-0.8949
-0.89194
-0.89424
-0.89264
-0.8909
-0.89698
-0.89262
-0.89418
-0.8962
-0.89186
-0.89318
-0.89296
-0.8907
-0.89574
-0.89432
-0.89634
-0.89254
-0.8945
-0.89398
-0.89312
-0.89632
-0.89576
-0.89328
-0.89218
-0.89482
-0.89446
-0.89164
-0.89088
-0.89452
-0.89252
-0.89376
-0.89574
-0.89354
-0.8965
-0.89388
-0.89266
-0.8928
-0.89728
-0.89232
-0.89398
-0.8967
-0.88928
-0.89104
-0.88984
-0.89102
-0.8922
-0.89234
-0.89194
-0.89212
-0.89346
-0.8961
-0.89046
-0.89304
-0.89244
-0.89296
-0.89382
-0.8963
-0.89752
-0.89392
-0.89494
-0.89438
-0.89426
-0.89336
-0.89616
-0.89004
-0.8948
-0.89216
-0.89528
-0.89654
-0.8877
-0.89382
-0.89674
-0.89452
-0.89062
-0.89208
-0.89354
-0.89166
-0.89304
-0.89542
-0.89198
-0.89296
-0.89402
-0.89492
-0.89372
-0.89468
-0.89248
-0.89522
-0.89444
-0.89436
-0.89298
-0.89402
-0.89566
-0.89374
-0.8936
-0.89238
-0.89348
-0.8938
-0.8951
-0.89518
-0.90012
-0.89194
-0.89278
-0.89462
-0.89118
-0.89264
-0.89498
