0.4296
0.43084
0.42892
0.42606
0.42862
0.43642
0.4308
0.4296
0.43386
0.42356
0.41802
0.42584
0.42294
0.43234
0.4285
0.43954
0.43558
0.4231
0.4254
0.42422
0.42356
0.42884
0.43056
0.4321
0.4299
0.42376
0.42658
0.42174
0.43376
0.42772
0.42998
0.42458
0.4123
0.4168
0.42612
0.43638
0.4209
0.4248
0.41604
0.42786
0.42218
0.41914
0.43138
0.42722
0.43494
0.43848
0.435
0.43158
0.42082
0.42504
0.41962
0.42962
0.4268
0.4243
0.42268
0.43678
0.42758
0.43002
0.43178
0.42552
0.43054
0.4261
0.42734
0.43916
0.41636
0.43658
0.4289
0.42812
0.42582
0.42386
0.4335
0.43208
0.42848
0.42998
0.42632
0.42716
0.43438
0.4222
0.42678
0.4338
0.4246
0.42004
0.4196
0.42646
0.41872
0.42446
0.42316
0.43044
0.42666
0.41848
0.42302
0.42752
0.42674
0.43012
0.43172
0.42676
0.4273
0.42416
0.41892
0.41446
0.43902
0.42966
0.42834
0.42372
0.42536
0.42044
0.43208
0.43402
0.419
0.4239
0.42034
0.43182
0.4233
0.42408
0.42188
0.41916
0.43364
0.42358
0.42726
0.42934
0.42408
0.42408
0.43768
0.42756
0.43046
0.4218
0.42338
0.4347
0.42796
0.41886
0.42496
0.4303
0.43808
0.4307
0.43032
0.42516
0.4283
0.41918
0.43414
0.42294
0.42048
0.42778
0.43096
0.42842
0.423
0.43174
0.4229
0.43186
0.4268
0.43342
0.42896
0.44478
0.43408
0.42324
0.42718
0.4325
0.42704
0.43248
0.43316
0.43
0.42976
0.422
0.4257
0.42768
0.4228
0.4234
0.41478
0.42302
0.42496
0.43144
0.42708
0.42492
0.42834
0.43654
0.42206
0.42392
0.42404
0.42958
0.43214
0.4304
0.43424
0.43378
0.4281
0.42496
0.42828
0.4325
0.43076
0.4274
0.43248
0.428
0.42726
0.41656
0.42752
0.42846
0.43444
0.43094
0.43238
0.41822
0.42592
0.42202
0.42176
0.42032
0.42286
0.42698
0.42842
0.42352
0.42484
0.42376
0.42712
0.42846
0.42334
0.43452
0.42552
0.41924
0.4278
0.42662
0.42844
0.42884
0.4198
0.42128
0.41272
0.42988
0.4286
0.4261
0.43638
0.4332
0.42562
0.43054
0.41986
0.42128
0.41898
0.42206
0.43152
0.42874
0.4283
0.4254
0.4268
0.4297
0.42988
0.4188
0.42968
0.43526
0.42722
0.43242
0.4178
0.4188
0.42286
0.42876
0.43244
0.42638
0.42162
0.4221
0.41926
0.43204
0.42954
0.42806
0.42972
0.43314
0.43428
0.43202
0.42734
0.42718
0.42152
0.43128
0.43296
0.4245
0.4228
0.42598
0.43184
0.43144
0.4267
0.43226
0.43148
0.42522
0.42832
0.42632
0.43108
0.42344
0.4228
0.42226
0.42278
0.4258
0.42726
0.42294
0.4258
0.43564
0.42266
0.4344
0.42224
0.4246
0.42282
0.43614
0.42792
0.42436
0.42436
0.4285
0.43314
0.43326
0.42632
0.42402
0.4302
0.43048
0.42466
0.4265
0.42054
0.42728
0.43172
0.42164
0.4263
0.4288
0.42186
0.42938
0.42292
0.4324
0.41676
0.4315
0.42018
0.4193
0.42184
0.43224
0.43146
0.43166
0.43436
0.42612
0.4303
0.42228
0.43152
0.42596
0.42938
0.41222
0.42122
0.42868
0.41672
0.43162
0.43222
0.42132
0.4204
0.42878
0.43036
0.4259
0.42822
0.43176
0.42834
0.43168
0.42598
0.4228
0.43044
0.42234
0.42914
0.42974
0.42952
0.41726
0.42856
0.427
0.43136
0.42436
0.42716
0.42502
0.4341
0.42504
0.4253
0.41726
0.42688
0.41882
0.42776
0.42872
0.43088
0.42554
0.4347
0.4226
0.42644
0.4263
0.4258
0.42322
0.42822
0.42898
0.43106
0.42408
0.42992
0.4299
0.42212
0.43504
0.43306
0.43782
0.43828
0.42964
0.4383
0.4297
0.42332
0.42484
0.43218
0.42136
0.42398
0.427
0.42492
0.42768
0.42434
0.422
0.42254
0.42176
0.42602
0.4183
0.4293
0.42248
0.43326
0.42066
0.43598
0.41964
0.42298
0.42412
0.42688
0.43452
0.42376
0.42696
0.42986
0.42554
0.42562
0.43342
0.42506
0.42032
0.42712
0.42862
0.4251
0.43586
0.41916
0.4347
0.42956
0.43016
0.44344
0.4329
0.42368
0.42776
0.43572
0.4366
0.42018
0.42832
0.4242
0.42664
0.41976
0.42022
0.42466
0.43396
0.4288
0.42706
0.43484
0.4253
0.41762
0.41672
0.42948
0.42736
0.42856
0.431
0.4319
0.42312
0.42232
0.42666
0.43254
0.41912
0.42362
0.42986
0.4284
0.4247
0.42072
0.43244
0.42316
0.4205
0.42776
0.42412
0.42226
0.42726
0.43222
0.42798
0.42078
0.42136
0.4379
0.42454
0.41996
0.4318
0.42638
0.4239
0.42444
0.4262
0.42522
0.42638
0.42706
0.42654
0.42926
0.42736
0.4298
0.42348
0.43444
0.43126
0.42876
0.4227
0.4292
0.43092
0.42798
0.42268
0.43202
0.42872
0.43124
0.42918
0.43478
0.42948
0.42466
0.43302
0.42684
0.41596
0.42434
0.4306
0.43078
0.42538
0.42902
0.42176
0.42152
0.42562
0.42246
0.43602
0.4152
0.4315
0.42484
0.42
0.42752
0.4282
0.42252
0.42084
0.43168
0.43684
0.42362
0.42648
0.42646
0.42016
0.4246
0.42464
0.42356
0.44198
0.43002
0.4222
0.43246
0.43318
0.42532
0.42522
0.4224
0.41894
0.43134
0.42758
0.42148
0.42368
0.42508
0.41776
0.4219
0.42988
0.42268
0.42252
0.42372
0.43162
0.42246
0.43332
0.41808
0.42674
0.42804
0.42398
0.42234
0.43106
0.42538
0.4254
0.43092
0.42638
0.42934
0.42422
0.4298
0.42782
0.43698
0.41778
0.42828
0.42822
0.42406
0.42862
0.42018
0.42296
0.42302
0.43936
0.42502
0.42378
0.42366
0.42846
0.43494
0.42674
0.42146
0.42994
0.4295
0.42458
0.43748
0.42164
0.42736
0.4303
0.43188
0.42414
0.42728
0.42744
0.42726
0.4221
0.43036
0.42256
0.42676
0.43346
0.43116
0.4261
0.42072
0.42936
0.41948
0.42872
0.43078
0.4245
0.43024
0.41742
0.43232
0.4305
0.43472
0.42784
0.42286
0.4239
0.42816
0.4215
0.42114
0.42124
0.43094
0.41968
0.42034
0.43632
0.4207
0.42914
0.43512
0.43138
0.4281
0.43348
0.42622
0.43176
0.42598
0.4306
0.42214
0.44386
0.4274
0.42984
0.42578
0.41934
0.43428
0.42744
0.43102
0.42628
0.42246
0.42176
0.43148
0.4171
0.4239
0.43048
0.42878
0.43156
0.42336
0.43104
0.43748
0.42934
0.43184
0.43646
0.4229
0.42936
0.43224
0.424
0.43052
0.42314
0.4234
0.4254
0.4279
0.42268
0.42754
0.41856
0.43002
0.42244
0.41926
0.42604
0.4216
0.4174
0.4238
0.43246
0.42234
0.42832
0.43444
0.42702
0.42544
0.42696
0.42386
0.4166
0.42592
0.42736
0.42298
0.42472
0.41454
0.41178
0.42626
0.42932
0.42728
0.42514
0.43208
0.42838
0.4175
0.42968
0.4288
0.42672
0.4314
0.42748
0.42948
0.42708
0.42448
0.42424
0.42096
0.42444
0.43016
0.42778
0.4221
0.41476
0.4245
0.42668
0.41748
0.4354
0.4291
0.42458
0.4241
0.42234
0.4249
0.42612
0.42032
0.4262
0.42128
0.4246
0.41988
0.43242
0.427
0.4331
0.4346
0.42854
0.42812
0.42294
0.43186
0.4258
0.42654
0.42648
0.42764
0.4265
0.42734
0.43674
0.4294
0.42584
0.42846
0.42586
0.42776
0.41982
0.42234
0.43232
0.43306
0.42624
0.42654
0.42388
0.42652
0.4293
0.42882
0.43962
0.42302
0.43126
0.42904
0.4321
0.42358
0.42634
0.42756
0.4387
0.4257
0.42868
0.43612
0.4249
0.42628
0.42504
0.42576
0.4305
0.432
0.41428
0.43242
0.42994
0.41838
0.43318
0.43096
0.4289
0.4281
0.43092
0.4253
0.4265
0.42666
0.42468
0.4252
0.42592
0.42776
0.4308
0.43188
0.4317
0.42556
0.43074
0.42772
0.42858
0.43288
0.42758
0.4298
0.42916
0.42922
0.4281
0.43258
0.429
0.42896
0.42598
0.42756
0.42494
0.4276
0.4242
0.4342
0.42926
0.4215
0.42536
0.42302
0.41936
0.4202
0.42836
0.41804
0.41878
0.42802
0.43028
0.42376
0.4237
0.4276
0.42716
0.42478
0.4224
0.42248
0.42116
0.42682
0.42682
0.42104
0.42552
0.42972
0.4254
0.42162
0.42368
0.42372
0.42938
0.4235
0.4179
0.42274
0.42416
0.42824
0.4239
0.43292
0.41832
0.42992
0.43022
0.42678
0.42606
0.42598
0.42378
0.4338
0.42268
0.42536
0.4322
0.43066
0.42558
0.4211
0.42616
0.4208
0.42568
0.42506
0.42802
0.42444
0.42082
0.42942
0.42238
0.43172
0.42316
0.42768
0.4233
0.42586
0.43178
0.42594
0.42176
0.4258
0.42498
0.42662
0.42476
0.4195
0.4157
0.42724
0.4268
0.4288
0.42678
0.42922
0.42862
0.42052
0.41974
0.42834
0.42218
0.43646
0.431
0.4252
0.4281
0.42338
0.42584
0.41976
0.4224
0.43346
0.4362
0.43118
0.42306
0.42864
0.43608
0.43996
0.4369
0.4234
0.4255
0.43228
0.43728
0.43244
0.42564
0.42666
0.4275
0.43086
0.42806
0.4286
0.42704
0.4308
0.43396
0.42544
0.43634
0.42286
0.42522
0.42706
0.4306
0.42442
0.42814
0.43602
0.43112
0.42954
0.42458
0.42958
0.43528
0.43536
0.42136
0.41768
0.4344
0.41866
0.43538
0.42452
0.4202
0.43348
0.42786
0.42636
0.43566
0.42464
0.4277
0.43428
0.42162
0.42878
0.42448
0.42356
0.42226
0.42978
0.4215
0.41682
0.43244
0.42892
0.42078
0.42166
0.42288
0.42782
0.42366
0.43022
0.43412
0.42978
0.42468
0.4278
0.41274
0.42604
0.43816
0.41868
0.42192
0.42952
0.42728
0.417
0.429
0.4261
0.418
0.42284
0.41966
0.42524
0.42526
0.41994
0.42878
0.42734
0.43298
0.43238
0.43162
0.43124
0.41826
0.4283
0.43272
0.4327
0.42432
0.41682
0.43636
0.42884
0.43246
0.43286
0.43922
0.4336
0.428
0.42584
0.43302
0.43492
0.42772
0.42196
0.42438
0.4209
0.41684
0.43144
0.43426
0.42172
0.42604
0.42516
0.42718
0.42566
0.4287
0.42364
0.42856
0.42614
0.43166
0.4337
0.4305
0.42762
0.42964
0.42982
0.42276
0.4272
0.43776
0.43222
0.43266
0.43072
0.4298
0.4237
0.42796
0.4357
0.42454
0.43628
0.42658
0.43222
0.42012
0.4255
0.42952
0.42358
0.43166
0.4355
0.42654
0.4243
0.4283
0.42754
0.42642
0.418
0.43046
0.43236
0.42014
0.43138
0.4301
0.42312
0.42706
0.4296
0.4389
0.4332
0.43176
0.43242
0.4231
0.42846
0.42074
0.43206
0.4155
0.42556
0.42576
0.42404
0.4277
0.43214
0.43002
0.4334
0.43122
0.4319
0.42282
0.41588
0.42462
0.4299
0.43068
0.42948
0.42464
0.42374
0.4282
0.42654
0.42022
0.4264
0.42462
0.43022
0.4267
0.4257
0.42812
0.42876
0.4266
0.4316
0.42734
0.43586
0.42404
0.42626
0.42368
0.43168
0.43542
0.4339
0.4249
0.42502
0.42368
0.42782
0.4275
0.43156
0.42736
0.42032
0.42022
0.42452
0.43714
0.42354
0.42946
0.42584
0.42
0.42284
0.42474
0.43734
0.43188
0.44124
0.42468
0.42876
0.43158
0.4339
0.42412
0.43702
0.42814
0.42532
0.4288
0.43552
0.42362
0.4277
0.43216
0.42878
0.42722
0.42684
0.42778
0.42544
0.42824
0.41952
0.4292
0.42216
0.42266
0.42404
0.42282
0.42594
0.4258
0.4245
0.42192
0.42716
0.42884
0.42172
0.42504
0.42504
0.42596
0.42666
0.42292
0.42378
0.4217
0.42306
0.42434
0.4343
0.42614
0.41446
0.42932
0.42418
0.43058
0.43406
0.42314
0.43408
0.42414
0.42602
0.4366
0.4205
0.41992
0.42562
0.42368
0.41772
0.41754
0.42786
0.42154
0.42244
0.43682
0.42336
0.4298
0.42944
0.43806
0.42684
0.42214
0.4228
0.42822
0.42672
0.42032
0.4269
0.43152
0.41926
0.4165
0.42252
0.4252
0.42842
0.42722
0.42772
0.42448
0.42754
0.4205
0.42914
0.43072
0.42348
0.42212
0.42368
0.4224
0.43352
0.43018
0.4226
0.43116
0.42752
0.42846
0.4327
0.41996
0.4205
0.4271
0.43054
0.42238
0.42008
0.42242
0.42668
0.43588
0.42372
0.42632
0.42306
0.42718
0.41496
0.4272
0.42706
0.42934
0.42094
0.42142
0.43134
0.42444
0.42108
0.42452
0.4289
0.43184
0.42122
0.42388
0.4281
0.42036
0.42008
0.42232
0.42802
0.42334
0.43322
0.42764
0.42386
0.43182
0.42434
0.4335
0.43196
0.43324
0.42142
0.43288
0.42646
0.42266
0.431
0.42148
0.4282
0.43394
0.42968
0.42482
0.4212
0.429
0.42416
0.4243
0.41904
0.42628
0.42694
0.42232
0.42766
0.43474
0.42686
0.4288
0.42004
0.43436
0.43144
0.42646
0.42892
0.4263
0.4256
0.4248
0.42326
0.4242
0.43052
0.42306
0.41994
0.42886
0.42194
0.42514
0.42752
0.42806
0.42532
0.4315
0.42622
0.43456
0.42478
0.4193
0.42488
0.43762
0.43766
0.42794
0.42094
0.42642
0.4335
0.43088
0.41854
0.42264
0.42296
0.42362
0.4259
0.43492
0.41794
0.431
0.43158
0.42836
0.41476
0.43104
0.41938
0.42026
0.41744
0.43106
0.4321
0.4265
0.42684
0.4232
0.41936
0.42128
0.42784
0.43306
0.43112
0.42528
0.42942
0.43372
0.4306
0.41756
0.42762
0.43434
0.42552
0.42808
0.4269
0.43604
0.43306
0.41802
0.42008
0.4296
0.41786
0.421
0.42226
0.43354
0.4235
0.4236
0.43092
0.4283
0.42358
0.43176
0.4278
0.4285
0.42588
0.43486
0.42854
0.42372
0.42778
0.42078
0.42598
0.42714
0.42512
0.42144
0.41782
0.43642
0.42204
0.42382
0.42118
0.42734
0.4242
0.41266
0.42256
0.42448
0.43044
0.4332
0.43018
0.41932
0.42866
0.42406
0.42888
0.42892
0.41676
0.42126
0.4262
0.4273
0.43076
0.43264
0.4218
0.4313
0.41802
0.42256
0.42238
0.42796
0.42808
0.43284
0.42412
0.42382
0.4283
0.43
0.4288
0.4246
0.42698
0.4152
0.42334
0.42482
0.42252
0.4281
0.41484
0.42422
0.42862
0.41992
0.42078
0.4282
0.41624
0.42698
0.43224
0.43228
0.42054
0.43004
0.43026
0.4259
0.43086
0.42626
0.43744
0.42486
0.4209
0.42444
0.42204
0.428
0.43272
0.4178
0.43336
0.43102
0.4268
0.42502
0.41444
0.42784
0.42318
0.43224
0.42924
0.42754
0.42284
0.41966
0.42992
0.42484
0.42644
0.41638
0.42796
0.41346
0.42352
0.42484
0.4292
0.42788
0.42238
0.42444
0.42894
0.43206
0.42764
0.43552
0.43808
0.42814
0.42156
0.42096
0.43234
0.42692
0.42796
0.4334
0.42984
0.43224
0.42664
0.42752
0.43296
0.42134
0.42644
0.43042
0.43474
0.42364
0.41904
0.42084
0.43266
0.4238
0.43282
0.42666
0.42768
0.42172
0.4264
0.43312
0.41994
0.42636
0.42522
0.4242
0.4268
0.42358
0.4296
0.43348
0.4204
0.41328
0.4176
0.42012
0.42924
0.42608
0.42878
0.44074
0.42568
0.42304
0.42726
0.42536
0.4275
0.4341
0.41826
0.4216
0.42544
0.43434
0.42824
0.42448
0.41926
0.42454
0.42752
0.42852
0.42664
0.42738
0.4232
0.42552
0.41918
0.43794
0.43886
0.42006
0.43216
0.42896
0.43086
0.42234
0.42922
0.4212
0.42346
0.42532
0.43256
0.42916
0.42434
0.42022
0.42772
0.4302
0.43236
0.4279
0.42596
0.42486
0.41886
0.42044
0.4206
0.42386
0.42532
0.42192
0.43086
0.42848
0.4313
0.42256
0.42568
0.42432
0.42186
0.4289
0.42782
0.43458
0.43262
0.41634
0.4226
0.42224
0.435
0.43514
0.43506
0.42526
0.42224
0.4182
0.43062
0.41734
0.43414
0.42394
0.4258
0.4171
0.42892
0.42946
0.4253
0.42504
0.41802
0.42506
0.41522
0.4269
0.42748
0.42944
0.41698
0.42744
0.42868
0.42482
0.42156
0.42172
0.43974
0.43494
0.4273
0.41746
0.42884
0.42454
0.42836
0.43146
0.43152
0.42222
0.42864
0.42188
0.43286
0.42288
0.42766
0.43512
0.4281
0.43392
0.438
0.4284
0.4293
0.4267
0.42724
0.42782
0.42928
0.41744
0.42468
0.42514
0.42066
0.42738
0.4315
0.43834
0.43456
0.42006
0.43332
0.43428
0.42148
0.43126
0.42102
0.42684
0.42486
0.42834
0.42824
0.42414
0.42618
0.4255
0.42408
0.43788
0.42898
0.428
0.43228
0.42794
0.42546
0.42878
0.4332
0.42934
0.4224
0.42496
0.42974
0.42648
0.42564
0.42276
0.4307
0.43094
0.42126
0.43018
0.43098
0.43282
0.43136
0.42822
0.41696
0.42708
0.42428
0.42424
0.43386
0.42484
0.43134
0.42906
0.42642
0.43206
0.43252
0.42802
0.43068
0.4262
0.42676
0.43154
0.42478
0.42382
0.41998
0.41698
0.42604
0.43562
0.42506
0.41888
0.41948
0.42574
0.43254
0.42902
0.42988
0.4332
0.42874
0.42218
0.42638
0.4277
0.42998
0.41978
0.42722
0.42738
0.42826
0.4275
0.43636
0.4236
0.41366
0.43874
0.42832
0.43268
0.42692
0.41928
0.42432
0.41998
0.43814
0.43664
0.43486
0.42838
0.42434
0.42338
0.42338
0.42334
0.42698
0.43136
0.4284
0.43042
0.42492
0.42768
0.42996
0.42604
0.42512
0.42282
0.43734
0.42748
0.42408
0.43738
0.42696
0.41956
0.41792
0.43758
0.42646
0.424
0.43164
0.4216
0.42756
0.42012
0.43578
0.42836
0.4227
0.41734
0.41814
0.42122
0.42804
0.42678
0.43094
0.43126
0.42428
0.4271
0.42622
0.42816
0.41086
0.42186
0.42864
0.42394
0.41918
0.42252
0.42844
0.42728
0.42802
0.43628
0.43404
0.41804
0.42486
0.4271
0.42778
0.42658
0.432
0.43268
0.42018
0.42584
0.41638
0.42692
0.4252
0.42218
0.4167
0.41982
0.42572
0.43244
0.42446
0.42788
0.4369
0.43158
0.42274
0.4166
0.42646
0.42236
0.42438
0.42782
0.42214
0.42752
0.4349
0.42442
0.41914
0.42912
0.42854
0.43372
0.43148
0.42732
0.433
0.42888
0.4238
0.42576
0.41358
0.42286
0.4309
0.43224
0.42758
0.42358
0.42898
0.42588
0.42704
0.42342
0.42574
0.41654
0.4209
0.4277
0.4146
0.42738
0.42774
0.42858
0.43348
0.41886
0.42862
0.43094
0.43364
0.42972
0.42632
0.41478
0.4167
0.43086
0.43628
0.42496
0.42792
0.42542
0.43574
0.43
0.42578
0.43244
0.4157
0.42614
0.42884
0.43232
0.42822
0.416
0.42548
0.43166
0.42838
0.4265
0.42608
0.42874
0.43486
0.43428
0.42476
0.42472
0.42666
0.42896
0.43414
0.42642
0.4246
0.42916
0.42764
0.42734
0.4312
0.43632
0.4305
0.42312
0.42518
0.4301
0.41252
0.42824
0.43836
0.4279
0.43668
0.42904
0.42108
0.43066
0.42102
0.42178
0.4222
0.42824
0.41822
0.42674
0.42726
0.43416
0.4231
0.42778
0.42756
0.43106
0.42834
0.42986
0.42432
0.42804
0.43216
0.42346
0.42432
0.42192
0.43782
0.42294
0.43234
0.42084
0.4278
0.42008
0.42424
0.42126
0.42512
0.42536
0.4275
0.4322
0.43466
0.42194
0.42648
0.42424
0.4287
0.42912
0.42692
0.42572
0.42318
0.42116
0.42882
0.4332
0.43212
0.4201
0.42658
0.4331
0.4363
0.42986
0.43086
0.4347
0.43156
0.42474
0.42504
0.42684
0.41654
0.42798
0.43168
0.42638
0.42386
0.42724
0.42798
0.42214
0.42452
0.4252
0.42966
0.42518
0.42396
0.43752
0.42892
0.42862
0.41948
0.4314
0.43586
0.4341
0.4276
0.42168
0.41964
0.43084
0.42348
0.42734
0.4295
0.431
0.43134
0.43206
0.42582
0.4209
0.41918
0.43624
0.42578
0.43406
0.42498
0.43366
0.42624
0.43486
0.42292
0.42938
0.43204
0.42908
0.43082
0.42242
0.42612
0.42278
0.43536
0.42014
0.4293
0.42462
0.4253
0.42448
0.4291
0.42264
0.4063
0.424
0.43412
0.42508
0.4242
0.42988
0.43128
0.42222
0.42836
0.42686
0.42322
0.42874
0.42762
0.43538
0.4259
0.43088
0.44046
0.43152
0.42374
0.43354
0.42558
0.43002
0.4229
0.43476
0.4307
0.42638
0.4266
0.4247
0.42532
0.42584
0.4234
0.419
0.42328
0.43014
0.42258
0.42584
0.42618
0.42182
0.41968
0.43392
0.434
0.42926
0.42534
0.42514
0.42874
0.4286
0.43168
0.42938
0.41826
0.43022
0.43192
0.41936
0.42084
0.417
0.42536
0.43248
0.43058
0.4278
0.4207
0.43358
0.42148
0.42176
0.43364
0.43036
0.42684
0.42156
0.42654
0.43124
0.4231
0.41884
0.4232
0.4322
0.42546
0.42638
0.42108
0.42122
0.43048
0.42196
0.43388
0.4338
0.42454
0.434
0.42382
0.42106
0.4231
0.42776
0.42172
0.43202
0.4216
0.4224
0.42574
0.43078
0.4334
0.4166
0.41774
0.42932
0.42768
0.4331
0.4297
0.42314
0.42656
0.42524
0.42562
0.42796
0.43088
0.42972
0.42782
0.42798
0.42382
0.42824
0.42276
0.43366
0.41596
0.42526
0.41898
0.42292
0.42564
0.4295
0.42932
0.43094
0.43718
0.4352
0.43136
0.41884
0.42566
0.42644
0.42782
0.43388
0.43094
0.42508
0.42028
0.4346
0.4267
0.42488
0.42904
0.42574
0.43146
0.42908
0.42528
0.42958
0.42988
0.42994
0.42138
0.42566
0.426
0.42236
0.42662
0.4218
0.4301
0.43048
0.4356
0.42518
0.42458
0.43604
0.4315
0.43428
0.4338
0.42508
0.4276
0.4278
0.43122
0.42518
0.42638
0.42072
0.42526
0.42652
0.41994
0.4185
0.42554
0.41894
0.42692
0.4265
0.42174
0.4246
0.41942
0.42022
0.43174
0.42782
0.43086
0.43116
0.42844
0.43308
0.43212
0.42422
0.42676
0.43112
0.41904
0.41914
0.42402
0.42384
0.42344
0.43136
0.42372
0.43166
0.42412
0.42826
0.43972
0.43366
0.41758
0.41532
0.42646
0.42728
0.4282
0.4362
0.43212
0.43064
0.43208
0.42096
0.42374
0.43456
0.42828
0.42524
0.41896
0.42118
0.4314
0.42324
0.4189
0.42264
0.42796
0.4216
0.42522
0.42834
0.42778
0.42344
0.4268
0.42378
0.4325
0.43142
0.43246
0.43324
0.43172
0.42714
0.43144
0.4227
0.41916
0.42396
0.42988
0.42642
0.42782
0.42992
0.42526
0.43024
0.42772
0.41774
0.42772
0.4254
0.42622
0.4303
0.42352
0.41962
0.42754
0.43098
0.43284
0.43394
0.42666
0.43068
0.43256
0.43494
0.42748
0.43116
0.43166
0.42326
0.42874
0.43108
0.42596
0.42584
0.42396
0.42432
0.4185
0.42134
0.42726
0.4305
0.4235
0.4309
0.43252
0.4184
0.43056
0.42498
0.42504
0.42994
0.41728
0.42754
0.41804
0.42718
0.42394
0.4325
0.43106
0.42112
0.42484
0.42778
0.43532
0.42954
0.43488
0.42494
0.42238
0.43458
0.43732
0.43088
0.43032
0.42364
0.42396
0.42742
0.42598
0.42772
0.41476
0.42854
0.43078
0.4246
0.4297
0.42908
0.41764
0.42
0.42956
0.4234
0.42946
0.4265
0.42998
0.43344
0.42482
0.42614
0.43684
0.42856
0.42596
0.4304
0.41762
0.42054
0.42786
0.4345
0.43624
0.42902
0.4345
0.41742
0.4183
0.43696
0.43436
0.42898
0.42922
0.42268
0.43218
0.42448
0.4322
0.42742
0.42884
0.43002
0.43602
0.43416
0.4242
0.43218
0.42466
0.42112
0.42272
0.42916
0.42004
0.42796
0.4272
0.42786
0.4222
0.41374
0.42948
0.42514
0.42648
0.42802
0.42546
0.42868
0.43012
0.42422
0.42708
0.43054
0.42386
0.42716
0.4341
0.42698
0.43296
0.43324
0.43286
0.43106
0.43522
0.42472
0.42022
0.42806
0.42426
0.42858
0.42558
0.42672
0.43476
0.43278
0.42498
0.4223
0.42604
0.42164
0.42324
0.42524
0.4203
0.42058
0.43188
0.42548
0.42354
0.43184
0.42054
0.4247
0.42496
0.42888
0.43212
0.43288
0.42678
0.4302
0.43182
0.42672
0.43372
0.4263
0.43546
0.43702
0.42138
0.42744
0.42114
0.42236
0.42402
0.43726
0.43272
0.43074
0.42656
0.42696
0.41946
0.42036
0.42574
0.41796
0.42316
0.4254
0.43062
0.42882
0.42836
0.42
0.42136
0.42924
0.42328
0.42732
0.43336
0.42676
0.43896
0.4288
0.42704
0.42522
0.42574
0.43284
0.42678
0.42658
0.4326
0.42422
0.41502
0.42744
0.43656
0.43268
0.4279
0.4246
0.41892
0.43154
0.4373
0.43248
0.42732
0.43458
0.42686
0.42728
0.4266
0.42848
0.42998
0.4304
0.42498
0.4315
0.42866
0.43088
0.42688
0.42856
0.42568
0.4302
0.42684
0.4257
0.42876
0.42514
0.42638
0.42386
0.43606
0.42356
0.42536
0.42432
0.41414
0.42364
0.42812
0.42316
0.42664
0.43782
0.43258
0.43514
0.43342
0.43024
0.42038
0.43074
0.42524
0.43224
0.43914
0.4228
0.43272
0.4258
0.42152
0.42976
0.41818
0.41836
0.4299
0.42162
0.42538
0.42656
0.42484
0.43166
0.42824
0.42638
0.42648
0.42518
0.43636
0.43062
0.43176
0.42854
0.42188
0.4225
0.42912
0.42606
0.43016
0.4375
0.4233
0.42422
0.43136
0.42168
0.42002
0.42846
0.42952
0.43098
0.42762
0.42678
0.42996
0.42878
0.42822
0.43266
0.4213
0.43228
0.41872
0.42192
0.42328
0.42324
0.43304
0.432
0.42844
0.42934
0.43172
0.43106
0.4259
0.428
0.42514
0.42352
0.42558
0.42694
0.43652
0.42004
0.41878
0.4193
0.43306
0.43432
0.42998
0.43306
0.43048
0.42612
0.42874
0.42854
0.43084
0.42202
0.4215
0.426
0.43162
0.4262
0.42514
0.42092
0.42498
0.4279
0.42842
0.42322
0.42986
0.42604
0.4255
0.41546
0.43098
0.42844
0.41188
0.41962
0.42234
0.42136
0.43218
0.4366
0.4231
0.42752
0.42976
0.42782
0.4379
0.41878
0.42542
0.43032
0.4275
0.42978
0.42236
0.4251
0.42054
0.43378
0.42326
0.42826
0.42666
0.4294
0.42542
0.43012
0.42444
0.42268
0.42826
0.42984
0.42726
0.43186
0.42606
0.4252
0.42404
0.4245
0.43128
0.42938
0.42874
0.41992
0.42428
0.42748
0.42848
0.42898
0.4296
0.42894
0.4151
0.42326
0.42644
0.43174
0.4275
0.42414
0.4278
0.4197
0.42336
0.4278
0.42688
0.43434
0.43212
0.41668
0.4217
0.4234
0.42752
0.4261
0.42576
0.42736
0.43052
0.42034
0.43706
0.43022
0.4316
0.42222
0.4212
0.41808
0.42444
0.4216
0.4295
0.43742
0.42838
0.42444
0.42932
0.43504
0.42878
0.42852
0.42846
0.43034
0.42192
0.43708
0.42632
0.42432
0.42868
0.43348
0.42334
0.43258
0.4282
0.43104
0.42398
0.4202
0.43408
0.43468
0.42966
0.42582
0.43624
0.43002
0.43978
0.43182
0.43304
0.42724
0.43294
0.43136
0.43556
0.42424
0.4354
0.42976
0.43054
0.42874
0.42954
0.4319
0.42692
0.42918
0.4238
0.44008
0.42698
0.42908
0.4276
0.43042
0.42956
0.42448
0.42614
0.42312
0.43066
0.42818
0.42678
0.43308
0.42908
0.4308
0.42718
0.42832
0.42992
0.42568
0.421
0.42826
0.41416
0.42184
0.42132
0.43324
0.42748
0.4262
0.42406
0.42422
0.42714
0.4222
0.42302
0.42124
0.43244
0.4275
0.42494
0.41952
0.4191
0.4299
0.43056
0.41772
0.42594
0.42526
0.4323
0.42882
0.43022
0.4301
0.4318
0.42338
0.4206
0.42534
0.41212
0.42466
0.42186
0.42496
0.42592
0.42434
0.43352
0.42212
0.4235
0.4309
0.4247
0.42536
0.42096
0.42428
0.42694
0.41804
0.4333
0.42626
0.4309
0.42764
0.42426
0.43334
0.42774
0.4216
0.43304
0.42598
0.43708
0.4222
0.43486
0.43182
0.4317
0.4166
0.4298
0.42416
0.43888
0.4189
0.43002
0.4303
0.43174
0.43172
0.4346
0.43268
0.42698
0.42728
0.423
0.4271
0.43276
0.42054
0.42848
0.42012
0.4221
0.41784
0.42312
0.42192
0.42284
0.42554
0.43576
0.43902
0.42852
0.42662
0.43142
0.42192
0.41896
0.4169
0.43014
0.42548
0.43312
0.43756
0.4383
0.43232
0.42456
0.43112
0.42122
0.43132
0.42074
0.42828
0.4278
0.42798
0.43534
0.41572
0.42254
0.42554
0.4298
0.42066
0.42578
0.4224
0.42382
0.43328
0.42362
0.42684
0.41986
0.42296
0.42594
0.42268
0.42396
0.43654
0.42698
0.428
0.42044
0.42396
0.42898
0.41862
0.423
0.42674
0.42496
0.42096
0.4318
0.43396
0.41778
0.41602
0.43132
0.42076
0.4312
0.42924
0.43156
0.42872
0.43032
0.42982
0.42058
0.43108
0.42902
0.43408
0.43216
0.42158
0.42464
0.4199
0.43466
0.4295
0.42766
0.43688
0.43012
0.42204
0.43748
0.43024
0.42316
0.42148
0.4212
0.43526
0.42246
0.43012
0.42592
0.42202
0.43438
0.4337
0.4287
0.42824
0.4245
0.41582
0.43028
0.4279
0.42572
0.4213
0.42424
0.4309
0.43468
0.42654
0.42516
0.4245
0.43278
0.4286
0.4276
0.4243
0.43078
0.42558
0.42962
0.43556
0.42762
0.42348
0.43088
0.42346
0.43794
0.42138
0.42114
0.42856
0.43832
0.428
0.43334
0.42982
0.4207
0.42674
0.42192
0.42194
0.42626
0.43758
0.42426
0.42758
0.42402
0.42502
0.41782
0.4281
0.43408
0.4235
0.42066
0.42386
0.42752
0.4317
0.43246
0.4263
0.4251
0.42414
0.42226
0.41852
0.42648
0.42426
0.43098
0.42434
0.42932
0.42188
0.43218
0.43744
0.43398
0.43104
0.4268
0.42154
0.42974
0.4342
0.42556
0.41946
0.424
0.43096
0.43242
0.42342
0.426
0.43112
0.43262
0.43234
0.42654
0.42382
0.42476
0.42702
0.43532
0.42656
0.42022
0.4238
0.42682
0.43108
0.43042
0.42516
0.42902
0.42048
0.42486
0.43364
0.41296
0.428
0.43132
0.42158
0.42802
0.4191
0.42366
0.42288
0.42568
0.42752
0.42264
0.42094
0.43176
0.41548
0.42728
0.42768
0.43536
0.42306
0.43144
0.42538
0.41848
0.41958
0.42736
0.425
0.43446
0.42754
0.4319
0.42336
0.42578
0.42968
0.4214
0.42276
0.43592
0.43438
0.42902
0.42112
0.43604
0.42362
0.4207
0.4238
0.43316
0.4229
0.42272
0.42972
0.42828
0.43266
0.4263
0.4244
0.42152
0.42732
0.43244
0.44176
0.4209
0.42666
0.42808
0.4244
0.42514
0.42904
0.42572
0.41708
0.43264
0.42722
0.42954
0.42644
0.4163
0.43394
0.42076
0.42332
0.42202
0.43734
0.43276
0.42416
0.42746
0.42554
0.42432
0.43274
0.42546
0.4253
0.43378
0.42838
0.42918
0.43138
0.42956
0.4273
0.42978
0.43134
0.42296
0.42488
0.42222
0.42704
0.42868
0.43366
0.43102
0.41836
0.43694
0.42364
0.41842
0.42738
0.42628
0.42554
0.42916
0.42992
0.43414
0.4212
0.42498
0.42828
0.43198
0.42062
0.43334
0.43294
0.432
0.42218
0.42608
0.43126
0.42552
0.42254
0.42988
0.43066
0.4316
0.42682
0.42294
0.432
0.42114
0.41818
0.41888
0.42764
0.4339
0.42382
0.42916
0.42454
0.42318
0.4333
0.42878
0.42016
0.4285
0.42354
0.42678
0.41938
0.42922
0.41912
0.43324
0.43848
0.43176
0.42654
0.43062
0.42734
0.42644
0.42666
0.42242
0.41636
0.43772
0.42224
0.4242
0.42158
0.42292
0.4188
0.4301
0.43334
0.42118
0.42418
0.4264
0.43162
0.42616
0.42386
0.42076
0.42714
0.42678
0.42416
0.427
0.42654
0.4305
0.43564
0.42704
0.42446
0.4209
0.41884
0.42
0.4266
0.42438
0.4277
0.41804
0.42702
0.43064
0.43286
0.42458
0.43502
0.42748
0.42406
0.42794
0.42494
0.43068
0.43492
0.42216
0.4318
0.42318
0.42476
0.42816
0.4178
0.44172
0.4255
0.42812
0.41928
0.42986
0.4254
0.41962
0.42478
0.4302
0.43552
0.42534
0.42574
0.42636
0.42584
0.42464
0.43334
0.42546
0.43472
0.42448
0.42302
0.42084
0.42042
0.43116
0.43106
0.42976
0.43828
0.42372
0.43114
0.4305
0.43908
0.43162
0.43038
0.42592
0.42884
0.4227
0.42624
0.41846
0.42756
0.42896
0.43126
0.4239
0.42312
0.42316
0.42584
0.42714
0.432
0.43162
0.42234
0.42032
0.43066
0.4287
0.43134
0.42702
0.41888
0.42458
0.42874
0.4199
0.4272
0.43178
0.43004
0.43222
0.42714
0.43066
0.43416
0.4352
0.4285
0.42558
0.4242
0.43142
0.41644
0.42094
0.4253
0.43976
0.41586
0.43584
0.43064
0.4118
0.42486
0.41922
0.41892
0.4359
0.43308
0.4264
0.4285
0.42232
0.42598
0.42758
0.42712
0.42958
0.43692
0.43062
0.43154
0.4286
0.43668
0.43202
0.41992
0.41702
0.42856
0.42278
0.42906
0.42746
0.43258
0.42762
0.43504
0.4224
0.42738
0.42814
0.42204
0.4186
0.4313
0.42156
0.42284
0.42796
0.4259
0.42808
0.42776
0.43186
0.41782
0.4228
0.42254
0.42982
0.42128
0.42702
0.4267
0.4198
0.42412
0.42536
0.41864
0.41514
0.42374
0.43044
0.42576
0.42076
0.42382
0.42632
0.43498
0.42702
0.4351
0.42924
0.4239
0.43198
0.42614
0.42134
0.42698
0.42844
0.42704
0.43456
0.42598
0.43026
0.41372
0.42762
0.4309
0.42858
0.41442
0.43122
0.42872
0.42588
0.43176
0.42688
0.42556
0.42878
0.43232
0.4207
0.42402
0.41856
0.42392
0.42486
0.42098
0.42736
0.42476
0.41922
0.41698
0.4199
0.42738
0.42394
0.42424
0.4258
0.42642
0.43176
0.43286
0.428
0.4343
0.42498
0.42446
0.42302
0.42046
0.4282
0.4248
0.42434
0.4233
0.4302
0.42868
0.4273
0.4204
0.4311
0.42906
0.43416
0.42982
0.42856
0.42812
0.42318
0.42418
0.43526
0.42984
0.41912
0.42648
0.4288
0.42198
0.42406
0.42496
0.42026
0.42454
0.42084
0.41878
0.43356
0.43108
0.4224
0.4206
0.42972
0.43282
0.42674
0.42636
0.43156
0.42188
0.43216
0.41764
0.42836
0.43056
0.42426
0.43008
0.42942
0.43216
0.42982
0.43164
0.41856
0.4351
0.43002
0.4231
0.42868
0.4239
0.43424
0.42436
0.42552
0.4355
0.41856
0.4243
0.4213
0.4296
0.42842
0.43844
0.41842
0.42724
0.42842
0.4303
0.428
0.42238
0.43048
0.4145
0.43626
0.43178
0.42838
0.43166
0.42644
0.42616
0.43268
0.4225
0.43012
0.42628
0.4312
0.4363
0.43304
0.42692
0.42672
0.43212
0.42568
0.42364
0.42612
0.42468
0.43106
0.4223
0.4295
0.42406
0.41878
0.42852
0.42562
0.42328
0.42286
0.42796
0.42514
0.41852
0.42822
0.42608
0.43034
0.42956
0.42134
0.4205
0.429
0.42724
0.43396
0.42624
0.42696
0.41832
0.42482
0.42242
0.42944
0.42162
0.42036
0.42888
0.42164
0.42186
0.42666
0.42754
0.42824
0.42854
0.4224
0.4265
0.42334
0.43166
0.4365
0.42822
0.4208
0.42252
0.4224
0.43046
0.42552
0.43288
0.4213
0.42542
0.42914
0.4315
0.43256
0.43132
0.4258
0.4229
0.42334
0.43864
0.42266
0.41674
0.41974
0.42836
0.42498
0.4175
0.43546
0.42488
0.43114
0.42302
0.4321
0.42778
0.42632
0.42098
0.42338
0.43964
0.43302
0.4308
0.4231
0.43002
0.423
0.43052
0.42662
0.42542
0.41858
0.43432
0.4166
0.42512
0.42316
0.43496
0.42712
0.43918
0.42286
0.42702
0.42992
0.42588
0.43044
0.42784
0.42254
0.42654
0.42604
0.43134
0.42214
0.42172
0.43376
0.43108
0.42418
0.4114
0.42244
0.43396
0.43084
0.43214
0.42746
0.42186
0.41776
0.42066
0.43196
0.43164
0.42522
0.42606
0.42642
0.43118
0.4253
0.42352
0.43424
0.4304
0.42548
0.42814
0.42586
0.4162
0.42242
0.42876
0.4334
0.43136
0.41944
0.42422
0.42886
0.43282
0.43064
0.4258
0.4373
0.42996
0.4326
0.42226
0.42534
0.41826
0.42504
0.42076
0.4243
0.43222
0.43284
0.43442
0.42476
0.43128
0.4242
0.4304
0.42062
0.43044
0.42846
0.43258
0.43574
0.42546
0.425
0.42836
0.42992
0.42176
0.42912
0.4284
0.4278
0.4329
0.4242
0.43252
0.43728
0.4325
0.43354
0.4267
0.4275
0.42342
0.42342
0.4267
0.42796
0.42688
0.4325
0.42764
0.42594
0.4276
0.42476
0.4304
0.4334
0.43
0.42458
0.43168
0.4213
0.41724
0.42366
0.4359
0.42348
0.42072
0.42644
0.42182
0.4309
0.43982
0.42098
0.42742
0.4389
0.43046
0.43254
0.42986
0.42752
0.43502
0.43122
0.42312
0.43494
0.42472
0.43126
0.42856
0.43002
0.42884
0.42598
0.42702
0.42672
0.4264
0.42598
0.43198
0.43478
0.4165
0.42542
0.43114
0.4221
0.43764
0.42028
0.42374
0.42768
0.42444
0.43094
0.42598
0.42392
0.4264
0.42024
0.42368
0.42578
0.42668
0.42912
0.42254
0.43588
0.4264
0.42654
0.43576
0.42476
0.43142
0.43346
0.42818
0.42456
0.42906
0.42444
0.42134
0.42392
0.42286
0.43878
0.42744
0.4175
0.43174
0.43424
0.42928
0.42376
0.4284
0.44022
0.42516
0.4312
0.4223
0.42952
0.42896
0.43124
0.43424
0.42064
0.42838
0.42976
0.42728
0.42274
0.42754
0.42778
0.41994
0.42434
0.42328
0.42446
0.42974
0.41318
0.4215
0.42332
0.41966
0.42308
0.43088
0.42938
0.42136
0.42892
0.42944
0.43378
0.4247
0.42832
0.42496
0.42114
0.42946
0.43364
0.42834
0.4296
0.41838
0.42692
0.4317
0.42954
0.42054
0.42948
0.42266
0.4166
0.42266
0.41844
0.43132
0.4258
0.42766
0.42774
0.43296
0.42768
0.43094
0.43592
0.433
0.42992
0.43472
0.42828
0.42762
0.42382
0.42984
0.42096
0.42402
0.42408
0.43832
0.42538
0.42966
0.4212
0.42932
0.43212
0.42764
0.42562
0.4298
0.4253
0.43676
0.42804
0.43218
0.41634
0.4227
0.42322
0.41628
0.43056
0.43004
0.43414
0.41882
0.42952
0.42852
0.42616
0.4275
0.4295
0.43154
0.42394
0.42184
0.42922
0.4276
0.4253
0.4265
0.4261
0.43502
0.4298
0.42858
0.42482
0.4276
0.42754
0.42874
0.43136
0.42802
0.42084
0.42562
0.42584
0.43156
0.43082
0.42666
0.4274
0.42448
0.4275
0.43172
0.4268
0.4196
0.42424
0.42102
0.426
0.42924
0.42354
0.43276
0.43124
0.42826
0.42652
0.42458
0.42838
0.42604
0.42972
0.43412
0.42468
0.43032
0.42054
0.42644
0.42886
0.42952
0.42526
0.432
0.42758
0.42794
0.43526
0.43952
0.42718
0.41864
0.42702
0.42522
0.42864
0.42092
0.4253
0.42428
0.42814
0.43458
0.42334
0.42894
0.43446
0.42868
0.42036
0.42792
0.4273
0.42464
0.42742
0.43268
0.4306
0.42654
0.4336
0.42824
0.43216
0.43592
0.4278
0.42508
0.43012
0.43602
0.42504
0.4262
0.43892
0.42622
0.43156
0.43714
0.42278
0.42338
0.41888
0.43052
0.43512
0.42396
0.4262
0.42772
0.4304
0.4274
0.4217
0.42588
0.41932
0.4301
0.41798
0.43084
0.42692
0.42558
0.42046
0.42992
0.41736
0.42934
0.422
0.4306
0.42208
0.4293
0.42582
0.43538
0.42802
0.43422
0.42094
0.4224
0.42388
0.43376
0.43352
0.42974
0.4356
0.42556
0.43002
0.42066
0.42114
0.4297
