0.18324
0.18314
0.19642
0.18652
0.19448
0.18844
0.18312
0.18778
0.19548
0.2056
0.2116
0.21892
0.22902
0.22594
0.2293
0.21052
0.20628
0.19528
0.1901
0.1766
0.176
0.19138
0.20046
0.20404
0.20638
0.20512
0.2125
0.21778
0.21272
0.22598
0.23064
0.2337
0.22794
0.23326
0.2161
0.22324
0.22562
0.22154
0.23502
0.23084
0.23064
0.24214
0.2457
0.25898
0.25414
0.25502
0.25352
0.25384
0.2526
0.2604
0.24974
0.2451
0.24764
0.25928
0.26096
0.26174
0.28342
0.2708
0.26658
0.26284
0.26576
0.27106
0.26448
0.27108
0.2765
0.29256
0.28596
0.28154
0.26476
0.24824
0.25184
0.24104
0.23698
0.23346
0.22488
0.2223
0.22842
0.234
0.22958
0.23236
0.23338
0.22148
0.23018
0.23124
0.24664
0.2474
0.24702
0.23212
0.22698
0.20958
0.2132
0.20648
0.21288
0.2105
0.20728
0.19546
0.20692
0.19962
0.19708
0.19804
0.20186
0.2068
0.22708
0.22374
0.22148
0.2229
0.21048
0.21272
0.20712
0.21832
0.21982
0.21744
0.2198
0.22386
0.2304
0.22908
0.22362
0.23114
0.23728
0.22882
0.23148
0.23862
0.24106
0.24084
0.23834
0.24354
0.23194
0.23274
0.24018
0.24556
0.25434
0.24978
0.24688
0.25728
0.24436
0.25472
0.25758
0.25244
0.26014
0.26328
0.2641
0.2508
0.25088
0.25184
0.26242
0.26464
0.27602
0.26786
0.2621
0.26672
0.25966
0.2564
0.2465
0.22812
0.23138
0.23664
0.23712
0.22928
0.22838
0.25132
0.26074
0.25524
0.26386
0.27414
0.27476
0.27304
0.28128
0.2774
0.28498
0.28362
0.27576
0.27058
0.27048
0.26078
0.27362
0.27744
0.27036
0.2584
0.24208
0.22768
0.2227
0.22048
0.21492
0.22458
0.21252
0.22024
0.20518
0.20754
0.21188
0.21448
0.21522
0.21696
0.21524
0.2124
0.21538
0.20282
0.19554
0.19878
0.20608
0.20838
0.20432
0.2014
0.202
0.19704
0.19758
0.21264
0.21368
0.20202
0.21258
0.20098
0.20562
0.20308
0.1936
0.20582
0.19814
0.21406
0.21554
0.2052
0.21286
0.2084
0.2138
0.21752
0.21596
0.22774
0.22564
0.21336
0.21432
0.2104
0.19296
0.19014
0.20016
0.21024
0.21424
0.21636
0.21682
0.20942
0.20786
0.2087
0.2296
0.23144
0.24008
0.24008
0.23966
0.24342
0.24624
0.24304
0.23964
0.26406
0.25912
0.25636
0.2678
0.2588
0.25166
0.25202
0.25134
0.25544
0.25588
0.25732
0.25364
0.25108
0.24464
0.24942
0.24536
0.2428
0.23038
0.24446
0.24574
0.24564
0.232
0.23258
0.22432
0.22136
0.2235
0.22578
0.2184
0.21928
0.2095
0.22514
0.22732
0.22738
0.2369
0.23844
0.24374
0.24206
0.23218
0.24066
0.23506
0.23424
0.22848
0.22614
0.2225
0.2471
0.23764
0.23356
0.23822
0.24484
0.2402
0.22656
0.2241
0.22288
0.22208
0.21554
0.20688
0.20812
0.20654
0.20982
0.20704
0.19934
0.18148
0.17482
0.19182
0.2023
0.19258
0.19206
0.19438
0.20086
0.20274
0.19926
0.219
0.21006
0.20474
0.20454
0.19714
0.19998
0.209
0.21436
0.21434
0.2279
0.23658
0.24742
0.24794
0.24434
0.2501
0.2588
0.25604
0.25738
0.24946
0.2453
0.24468
0.24748
0.23468
0.2514
0.24458
0.25248
0.26006
0.2601
0.26806
0.2637
0.26256
0.26696
0.29238
0.29032
0.29544
0.28524
0.27796
0.28042
0.26048
0.26392
0.26076
0.26264
0.248
0.24646
0.24166
0.25866
0.25294
0.25032
0.25308
0.26332
0.25378
0.24724
0.24448
0.2377
0.24132
0.24954
0.25686
0.25514
0.2662
0.26714
0.25714
0.27254
0.2669
0.27144
0.26668
0.26404
0.2648
0.26536
0.26202
0.26286
0.24924
0.24646
0.24456
0.24192
0.24166
0.23276
0.24064
0.25416
0.25224
0.25426
0.2576
0.25864
0.26642
0.26324
0.24522
0.23956
0.23596
0.23718
0.25472
0.26606
0.2594
0.26304
0.27454
0.27384
0.26422
0.26218
0.25818
0.25882
0.247
0.25744
0.2593
0.25904
0.2629
0.26466
0.26926
0.26638
0.26504
0.26864
0.26744
0.26464
0.26422
0.25606
0.24146
0.24286
0.23272
0.22956
0.22814
0.23762
0.2507
0.25554
0.25624
0.23968
0.2507
0.23666
0.2382
0.23018
0.2251
0.22386
0.22708
0.2417
0.23178
0.21588
0.21092
0.20438
0.20874
0.20348
0.21564
0.2148
0.21902
0.21848
0.20938
0.22926
0.23908
0.2415
0.25282
0.23958
0.23456
0.2377
0.23112
0.23404
0.2434
0.21944
0.22642
0.22142
0.21682
0.21024
0.20864
0.21934
0.22972
0.24362
0.25472
0.25902
0.24766
0.25296
0.24186
0.23812
0.24992
0.24942
0.25406
0.261
0.25598
0.26588
0.2507
0.25526
0.26144
0.25594
0.2603
0.2613
0.26718
0.26384
0.26154
0.25678
0.25674
0.2474
0.2505
0.26062
0.25182
0.2445
0.23504
0.24742
0.25088
0.24964
0.2478
0.2497
0.25114
0.24696
0.24658
0.249
0.2443
0.25096
0.24438
0.2287
0.23082
0.23192
0.22808
0.22252
0.22024
0.21554
0.22926
0.22386
0.22156
0.2133
0.20658
0.21388
0.21048
0.21786
0.2194
0.23154
0.22806
0.2322
0.20738
0.21298
0.21384
0.21132
0.20168
0.20946
0.20052
0.19328
0.20076
0.21452
0.22152
0.21746
0.22152
0.21506
0.21548
0.21764
0.21722
0.2045
0.20128
0.2006
0.19582
0.19212
0.19344
0.20028
0.21284
0.23
0.23688
0.23914
0.26114
0.2427
0.23574
0.23746
0.24294
0.22902
0.2355
0.22192
0.23138
0.228
0.24356
0.23422
0.23168
0.24138
0.25794
0.25686
0.26994
0.27542
0.28246
0.29306
0.2831
0.28186
0.26114
0.2436
0.25102
0.2422
0.23588
0.23324
0.22962
0.23484
0.22824
0.22744
0.22524
0.2266
0.2355
0.24752
0.24702
0.24958
0.23778
0.23542
0.22202
0.22946
0.23846
0.24312
0.2469
0.25682
0.2418
0.2345
0.23124
0.23524
0.2376
0.24994
0.24128
0.24068
0.23214
0.22142
0.22102
0.22028
0.22974
0.2324
0.2419
0.24082
0.23086
0.23464
0.23986
0.23522
0.24254
0.23776
0.22892
0.2217
0.21464
0.20556
0.21168
0.22172
0.21334
0.22308
0.22736
0.2244
0.21952
0.21902
0.23848
0.24024
0.24278
0.23626
0.2537
0.25202
0.2573
0.25628
0.26202
0.25652
0.24038
0.24968
0.2542
0.24496
0.23404
0.23766
0.24
0.23326
0.2262
0.22392
0.22324
0.23682
0.24954
0.24248
0.24036
0.24902
0.2581
0.25258
0.23286
0.2437
0.23974
0.2486
0.2523
0.25314
0.25518
0.25138
0.25878
0.26134
0.25428
0.2542
0.25612
0.2613
0.2594
0.25134
0.25936
0.26032
0.25656
0.26654
0.26712
0.27396
0.26024
0.25314
0.23666
0.24604
0.23344
0.23674
0.24416
0.25618
0.2506
0.24634
0.24128
0.2315
0.2266
0.21102
0.21466
0.20642
0.20932
0.2095
0.21926
0.2252
0.23452
0.22746
0.23236
0.23174
0.23108
0.2203
0.2228
0.20806
0.21708
0.21312
0.20198
0.21198
0.2122
0.20766
0.21856
0.21692
0.22018
0.20828
0.18922
0.19674
0.20756
0.2069
0.19282
0.1928
0.20712
0.21194
0.21534
0.23098
0.2368
0.24064
0.23058
0.2478
0.2518
0.25038
0.22658
0.23006
0.22426
0.22108
0.22444
0.21594
0.20032
0.18784
0.18924
0.18722
0.19154
0.19696
0.18728
0.20676
0.22196
0.21884
0.22058
0.22698
0.2284
0.22022
0.21358
0.20946
0.2005
0.19924
0.20944
0.21546
0.21234
0.20998
0.21922
0.21648
0.2302
0.22426
0.2213
0.24008
0.25504
0.24368
0.24682
0.23804
0.23118
0.21586
0.20938
0.20812
0.19936
0.20478
0.1904
0.1954
0.18522
0.18048
0.19472
0.19516
0.18242
0.19372
0.19402
0.20344
0.20284
0.19936
0.21752
0.23398
0.23546
0.22212
0.22522
0.22084
0.20228
0.19876
0.19198
0.20244
0.19288
0.20896
0.21346
0.21952
0.21214
0.22592
0.2073
0.2031
0.21892
0.20726
0.23014
0.21608
0.21028
0.21908
0.21748
0.21782
0.2175
0.2143
0.22894
0.23998
0.2422
0.2547
0.24756
0.23606
0.22334
0.2227
0.24486
0.26052
0.24966
0.24792
0.23666
0.22384
0.2129
0.21798
0.22068
0.21448
0.21316
0.22402
0.224
0.21998
0.23282
0.22112
0.22674
0.21002
0.21042
0.19254
0.192
0.18582
0.1719
0.1853
0.17118
0.17826
0.16914
0.1813
0.19608
0.1923
0.18258
0.17902
0.18716
0.1918
0.19078
0.19226
0.18634
0.19138
0.2006
0.20592
0.21028
0.20724
0.19796
0.19764
0.21192
0.21298
0.20628
0.21434
0.22274
0.22824
0.21376
0.20884
0.22244
0.23182
0.2211
0.21802
0.20846
0.20226
0.19826
0.19106
0.19584
0.19804
0.19808
0.19956
0.19904
0.19286
0.20284
0.20378
0.20454
0.2034
0.20878
0.2182
0.22194
0.23064
0.23856
0.24452
0.23446
0.2329
0.22242
0.22364
0.2298
0.20674
0.20062
0.20306
0.19266
0.2021
0.20418
0.20722
0.21622
0.22912
0.22946
0.23166
0.23388
0.23028
0.2182
0.2223
0.2318
0.23574
0.23878
0.22966
0.22512
0.22306
0.22324
0.22462
0.23042
0.22034
0.20716
0.2073
0.20218
0.20708
0.2132
0.2062
0.20918
0.203
0.20844
0.20936
0.2032
0.19918
0.19218
0.21028
0.21308
0.20268
0.21172
0.22082
0.20782
0.21582
0.2069
0.21946
0.21896
0.20866
0.22572
0.22406
0.227
0.22146
0.21172
0.21486
0.21146
0.20842
0.21182
0.22982
0.23008
0.25494
0.25974
0.25722
0.27282
0.2748
0.27156
0.2732
0.2871
0.27686
0.2761
0.26628
0.25544
0.2319
0.23154
0.21566
0.2038
0.22262
0.21758
0.22542
0.22492
0.2329
0.2486
0.23546
0.23966
0.25862
0.26016
0.26272
0.25208
0.26742
0.26626
0.2715
0.275
0.27102
0.26584
0.25954
0.26598
0.26352
0.26532
0.25654
0.24812
0.23958
0.24224
0.24244
0.24094
0.23518
0.23006
0.24382
0.2385
0.23986
0.22836
0.23524
0.24552
0.25606
0.25718
0.24738
0.24496
0.22986
0.23078
0.23498
0.2354
0.24742
0.23896
0.22158
0.23348
0.23076
0.22782
0.21974
0.2127
0.20866
0.21828
0.22866
0.22728
0.22826
0.23004
0.24486
0.24804
0.24082
0.2429
0.2438
0.24522
0.24618
0.24752
0.24688
0.23642
0.24774
0.23722
0.23586
0.2253
0.236
0.24178
0.24584
0.2423
0.24218
0.24712
0.24198
0.23784
0.23234
0.23876
0.2477
0.23678
0.23104
0.23532
0.23528
0.25044
0.25678
0.2503
0.2502
0.24568
0.24662
0.24278
0.23542
0.24472
0.24772
0.25468
0.24664
0.24476
0.22648
0.23476
0.24042
0.2397
0.25468
0.26182
0.24548
0.24542
0.2425
0.24496
0.24598
0.22912
0.21942
0.22448
0.22438
0.2303
0.24136
0.2227
0.22454
0.23512
0.2358
0.23558
0.22788
0.23182
0.23364
0.21634
0.21784
0.2233
0.2299
0.2296
0.2368
0.23794
0.23916
0.24006
0.23886
0.23012
0.21708
0.21206
0.22122
0.22124
0.2168
0.22814
0.23628
0.24064
0.23926
0.24254
0.24914
0.2409
0.2511
0.25076
0.25286
0.23478
0.23746
0.2383
0.24022
0.23474
0.24478
0.24416
0.24084
0.23822
0.24078
0.2304
0.2246
0.21878
0.20536
0.2173
0.22598
0.23466
0.23662
0.25014
0.23928
0.23104
0.2386
0.24648
0.24068
0.2356
0.24262
0.23386
0.2539
0.25368
0.25028
0.24984
0.24826
0.24756
0.25766
0.26354
0.25802
0.27758
0.28014
0.26736
0.26704
0.25786
0.2622
0.25418
0.25842
0.26078
0.26432
0.26982
0.27172
0.26534
0.27244
0.2674
0.27248
0.26836
0.25786
0.24608
0.23262
0.23866
0.25178
0.25458
0.23638
0.23208
0.23254
0.22752
0.22652
0.21582
0.20936
0.22544
0.22736
0.2203
0.21746
0.21386
0.21168
0.23202
0.22482
0.22458
0.21674
0.2274
0.24758
0.24738
0.23436
0.23276
0.224
0.23242
0.24616
0.24174
0.24914
0.23118
0.2226
0.23288
0.24072
0.24726
0.25632
0.25778
0.24502
0.25382
0.25962
0.2435
0.23554
0.24016
0.242
0.23426
0.23998
0.24
0.2468
0.25488
0.2467
0.26394
0.27412
0.2768
0.26986
0.27084
0.27302
0.28018
0.27762
0.2754
0.257
0.248
0.23822
0.2263
0.22666
0.21836
0.22204
0.22212
0.23298
0.24752
0.2333
0.2285
0.23856
0.23134
0.23144
0.21992
0.23674
0.23654
0.23628
0.22356
0.22878
0.2152
0.2146
0.22388
0.2212
0.23056
0.22024
0.21744
0.2123
0.216
0.21426
0.2115
0.2047
0.20062
0.20462
0.201
0.21152
0.21424
0.20504
0.20054
0.20532
0.2048
0.22426
0.22408
0.23804
0.2581
0.26118
0.26076
0.26094
0.27118
0.273
0.25788
0.24974
0.25566
0.24712
0.26034
0.2566
0.26126
0.26048
0.26114
0.24654
0.24316
0.24352
0.24554
0.264
0.25938
0.25574
0.24344
0.24802
0.24612
0.23876
0.24728
0.24536
0.24844
0.25288
0.2547
0.24982
0.25576
0.26318
0.2491
0.25814
0.24418
0.24488
0.24812
0.2579
0.27128
0.26418
0.26102
0.26646
0.26718
0.25006
0.25516
0.2477
0.24892
0.2482
0.25298
0.25708
0.26444
0.25456
0.2581
0.25868
0.2649
0.2691
0.26814
0.2687
0.28334
0.27052
0.26514
0.27024
0.2628
0.2661
0.25486
0.24716
0.26378
0.27074
0.27456
0.26452
0.25954
0.24766
0.27038
0.2671
0.25688
0.24912
0.2641
0.26292
0.25524
0.26724
0.25988
0.2436
0.2423
0.23206
0.2487
0.2334
0.24226
0.24452
0.23536
0.226
0.2355
0.23416
0.22984
0.23564
0.23322
0.24462
0.2518
0.23234
0.24132
0.25304
0.2643
0.25968
0.25598
0.24648
0.2571
0.27216
0.26506
0.27238
0.27574
0.26236
0.2618
0.26564
0.2577
0.25258
0.24878
0.24874
0.26514
0.27302
0.27216
0.2625
0.2575
0.25164
0.24354
0.25412
0.2544
0.24058
0.2477
0.24956
0.23294
0.22654
0.24804
0.23198
0.24972
0.25708
0.26574
0.26176
0.26262
0.2641
0.25946
0.26312
0.26378
0.27238
0.2607
0.25516
0.24452
0.2415
0.24672
0.22916
0.23338
0.2413
0.23582
0.22316
0.23482
0.23454
0.24044
0.26568
0.2654
0.26416
0.26096
0.25234
0.25268
0.25872
0.2572
0.2645
0.25842
0.26266
0.27024
0.25908
0.25664
0.25346
0.26368
0.263
0.26564
0.25268
0.27112
0.25878
0.24706
0.2472
0.23552
0.22984
0.2292
0.20582
0.21744
0.21754
0.22052
0.21602
0.2293
0.23124
0.2337
0.23318
0.24116
0.23452
0.23422
0.21848
0.21492
0.23264
0.24292
0.23436
0.22712
0.23186
0.21486
0.21286
0.216
0.22462
0.22456
0.23304
0.23408
0.22928
0.24206
0.25992
0.25068
0.25046
0.24616
0.25318
0.26836
0.26134
0.258
0.25504
0.25686
0.24494
0.2431
0.25326
0.25654
0.25492
0.25828
0.25332
0.2504
0.2525
0.24984
0.23476
0.25462
0.25528
0.25356
0.2513
0.2489
0.24886
0.25426
0.25372
0.25336
0.25778
0.24718
0.2468
0.2396
0.24696
0.24334
0.23268
0.22266
0.2203
0.22658
0.22782
0.22166
0.2235
0.23016
0.2206
0.22212
0.22376
0.2271
0.21938
0.21292
0.2189
0.21
0.20494
0.21602
0.2128
0.20796
0.21906
0.22426
0.21118
0.20624
0.223
0.21626
0.22266
0.22404
0.2335
0.22964
0.22932
0.23862
0.25228
0.24912
0.2544
0.25304
0.2491
0.2324
0.23378
0.23288
0.22848
0.21388
0.21974
0.22048
0.23096
0.2245
0.20924
0.21338
0.21338
0.20106
0.2153
0.20838
0.20744
0.21208
0.20206
0.20318
0.18812
0.18818
0.19358
0.18854
0.19782
0.1896
0.1885
0.19336
0.19468
0.1918
0.1967
0.19926
0.20496
0.20848
0.21112
0.22184
0.24518
0.23946
0.23104
0.22862
0.21948
0.21754
0.21544
0.22792
0.22104
0.19364
0.20426
0.2075
0.20802
0.20366
0.21652
0.20878
0.21872
0.21936
0.22322
0.216
0.21344
0.20422
0.21056
0.22576
0.21978
0.22476
0.23344
0.24498
0.23368
0.23696
0.22414
0.2247
0.23386
0.22646
0.23044
0.2343
0.22632
0.23456
0.23904
0.23974
0.24524
0.23876
0.23736
0.23304
0.23966
0.2359
0.22398
0.22814
0.25036
0.2529
0.2427
0.23218
0.22416
0.22476
0.2123
0.222
0.22534
0.21506
0.19852
0.19394
0.20272
0.21048
0.21486
0.21694
0.20678
0.21456
0.20976
0.21308
0.21164
0.21218
0.21044
0.20228
0.21644
0.22562
0.23324
0.2281
0.23058
0.23846
0.22718
0.23662
0.2538
0.25274
0.2485
0.25262
0.27962
0.26468
0.27496
0.26916
0.25918
0.2512
0.22692
0.24414
0.24468
0.24322
0.24664
0.2522
0.24238
0.24082
0.23158
0.22936
0.22762
0.22226
0.23032
0.21752
0.22126
0.22448
0.23566
0.23622
0.2465
0.23052
0.21822
0.22262
0.21984
0.2207
0.22368
0.2241
0.23322
0.21522
0.2161
0.2224
0.23522
0.24602
0.24472
0.25952
0.28686
0.2789
0.27364
0.25844
0.25844
0.25652
0.25526
0.24912
0.23274
0.23742
0.23444
0.22616
0.2122
0.21936
0.21622
0.2116
0.19744
0.19268
0.1887
0.19002
0.20298
0.21872
0.20704
0.2137
0.21132
0.19636
0.18806
0.18606
0.18566
0.18784
0.19774
0.20496
0.20458
0.19634
0.18726
0.18708
0.19398
0.19236
0.21284
0.20366
0.19272
0.19998
0.2073
0.20402
0.19462
0.20244
0.20034
0.19862
0.18796
0.18572
0.19198
0.186
0.19418
0.2076
0.21784
0.22794
0.22634
0.23582
0.22138
0.22096
0.21184
0.19534
0.1959
0.19678
0.19386
0.2034
0.20306
0.20088
0.19648
0.19168
0.19814
0.19436
0.18472
0.18776
0.1857
0.20314
0.19664
0.19424
0.19084
0.19906
0.20934
0.19306
0.18688
0.17864
0.18018
0.1949
0.20166
0.2008
0.21118
0.21246
0.21004
0.1997
0.20874
0.21112
0.20714
0.19894
0.20714
0.20742
0.21834
0.22146
0.2129
0.2183
0.22156
0.23184
0.23266
0.23382
0.22658
0.21266
0.20182
0.20408
0.17376
0.18732
0.18976
0.18656
0.19754
0.19686
0.20628
0.20106
0.191
0.19244
0.19558
0.19164
0.20748
0.20488
0.2248
0.22628
0.22398
0.22502
0.22034
0.2198
0.23158
0.2303
0.2447
0.23698
0.23514
0.24446
0.25222
0.25216
0.25092
0.2361
0.2465
0.24072
0.24566
0.24246
0.24452
0.23232
0.22892
0.23056
0.23806
0.23396
0.2314
0.24026
0.24078
0.2309
0.23626
0.23712
0.23786
0.23582
0.22818
0.23368
0.2398
0.2319
0.23284
0.22832
0.2328
0.2156
0.20824
0.20264
0.20634
0.21348
0.20204
0.19738
0.20478
0.19534
0.18784
0.19
0.18916
0.18124
0.19212
0.19774
0.19544
0.1994
0.19464
0.18904
0.18098
0.17462
0.18052
0.18226
0.19836
0.2011
0.20844
0.2217
0.22136
0.22246
0.2245
0.2215
0.22054
0.21974
0.22866
0.22514
0.21914
0.21174
0.2034
0.20874
0.21026
0.23144
0.21428
0.22596
0.24894
0.23378
0.23042
0.2284
0.23644
0.2217
0.2261
0.21764
0.22722
0.22616
0.22658
0.23042
0.23148
0.22646
0.22896
0.22822
0.22862
0.23168
0.23664
0.22452
0.22146
0.22216
0.21718
0.21624
0.22486
0.23792
0.24076
0.2451
0.24866
0.24938
0.24368
0.25392
0.27496
0.28096
0.27964
0.26722
0.25818
0.24156
0.24744
0.24634
0.2558
0.24186
0.242
0.24002
0.23356
0.24692
0.24138
0.2388
0.23742
0.24378
0.23606
0.24166
0.25238
0.24412
0.23244
0.22062
0.23942
0.24942
0.24158
0.2479
0.24508
0.2462
0.23714
0.2315
0.229
0.21796
0.2076
0.20444
0.20954
0.20262
0.20904
0.20198
0.21882
0.2133
0.20256
0.21
0.21846
0.22444
0.22424
0.2351
0.25052
0.2449
0.24518
0.24306
0.25362
0.24566
0.24612
0.25082
0.25814
0.25334
0.24742
0.26476
0.26772
0.2687
0.2529
0.2535
0.2518
0.2407
0.25496
0.24902
0.24358
0.25368
0.24994
0.24136
0.24124
0.2523
0.25306
0.24804
0.24862
0.252
0.23554
0.23604
0.2468
0.25086
0.2459
0.253
0.25622
0.26334
0.2661
0.26316
0.25328
0.2597
0.24808
0.24014
0.22732
0.24464
0.23538
0.2351
0.237
0.24004
0.22556
0.23112
0.2402
0.24068
0.24322
0.22632
0.23152
0.23938
0.23174
0.22306
0.22826
0.23912
0.22288
0.2148
0.22006
0.22506
0.24764
0.247
0.23486
0.2608
0.24676
0.25238
0.26042
0.27096
0.27656
0.27498
0.26904
0.26666
0.26076
0.2626
0.2548
0.25946
0.25314
0.25842
0.24994
0.25118
0.24062
0.23046
0.20522
0.19764
0.19856
0.20886
0.21132
0.2102
0.21242
0.21884
0.22516
0.2202
0.23024
0.223
0.22432
0.2331
0.23568
0.23388
0.24026
0.25506
0.24558
0.26256
0.2624
0.2629
0.2579
0.26172
0.25956
0.24424
0.24708
0.22904
0.23708
0.23266
0.234
0.23924
0.23206
0.23932
0.23172
0.22528
0.2243
0.22436
0.2268
0.2335
0.2317
0.24036
0.21768
0.221
0.2191
0.21702
0.22366
0.22622
0.23244
0.2284
0.23316
0.21462
0.21912
0.21328
0.21256
0.224
0.2247
0.22316
0.23258
0.23094
0.21938
0.21468
0.20884
0.20732
0.20416
0.20802
0.20982
0.21122
0.22678
0.2385
0.2339
0.23752
0.2405
0.24608
0.24644
0.23906
0.25288
0.24772
0.24264
0.25586
0.23504
0.23556
0.23232
0.23342
0.23072
0.22694
0.2221
0.2249
0.23188
0.2276
0.2321
0.22482
0.22182
0.2179
0.21262
0.2191
0.2154
0.21508
0.22168
0.22926
0.22542
0.2301
0.23342
0.24122
0.23964
0.22572
0.23358
0.22822
0.2215
0.22628
0.23144
0.24248
0.22558
0.20864
0.20544
0.20506
0.21922
0.20764
0.20592
0.2122
0.20794
0.2119
0.21706
0.20856
0.18586
0.18958
0.17654
0.18106
0.1856
0.19156
0.18574
0.19732
0.21072
0.21804
0.21908
0.22022
0.21786
0.22056
0.21786
0.21902
0.22162
0.22434
0.22972
0.2295
0.22516
0.22338
0.22436
0.23144
0.238
0.23214
0.21398
0.21102
0.20688
0.21996
0.22468
0.2305
0.22554
0.23622
0.22266
0.21558
0.21414
0.21946
0.21748
0.22902
0.23634
0.23542
0.22942
0.24764
0.25882
0.25932
0.2382
0.24512
0.24398
0.2307
0.21984
0.22286
0.22392
0.2335
0.22806
0.22982
0.22868
0.23114
0.23116
0.22804
0.215
0.22284
0.23258
0.21696
0.22478
0.2222
0.20976
0.19998
0.2065
0.21676
0.22016
0.21856
0.21936
0.20998
0.21874
0.22224
0.22558
0.21748
0.20322
0.19452
0.19568
0.1895
0.18338
0.17542
0.17456
0.19158
0.18942
0.18046
0.18052
0.16798
0.1597
0.16326
0.1609
0.17178
0.16076
0.17096
0.1711
0.17162
0.18586
0.17802
0.17634
0.17794
0.17844
0.17232
0.17322
0.18452
0.18094
0.18812
0.18052
0.18206
0.19472
0.18674
0.19052
0.19498
0.19132
0.18936
0.1967
0.16864
0.17988
0.19798
0.19058
0.18548
0.19598
0.20486
0.19152
0.1963
0.19048
0.19776
0.19844
0.18908
0.19122
0.19914
0.1976
0.20084
0.21332
0.21654
0.21022
0.20902
0.2172
0.21878
0.22402
0.23296
0.23812
0.23614
0.24254
0.23756
0.23116
0.22146
0.21466
0.21896
0.23082
0.23044
0.23638
0.2379
0.24136
0.24128
0.249
0.2487
0.23942
0.24606
0.2393
0.24094
0.2211
0.22042
0.22006
0.2305
0.24158
0.24386
0.23828
0.2517
0.23466
0.23294
0.23594
0.24114
0.24416
0.26002
0.26254
0.2469
0.24392
0.25004
0.25056
0.24992
0.23862
0.24258
0.24444
0.24646
0.24478
0.23476
0.23604
0.24962
0.24062
0.2324
0.2431
0.2475
0.25466
0.23532
0.23908
0.2393
0.24834
0.24608
0.25926
0.24964
0.25376
0.2514
0.24946
0.26364
0.25734
0.25526
0.25506
0.25994
0.25578
0.25916
0.25634
0.25778
0.27158
0.27526
0.26898
0.27688
0.26766
0.26756
0.25414
0.26008
0.26512
0.25182
0.25218
0.261
0.27354
0.28052
0.27838
0.26796
0.25988
0.2503
0.2562
0.25316
0.26412
0.2553
0.2627
0.26232
0.26728
0.26552
0.2714
0.27352
0.27586
0.27108
0.27504
0.2649
0.27246
0.28198
0.2901
0.28454
0.28328
0.27262
0.25586
0.26262
0.2452
0.24888
0.23868
0.2437
0.24064
0.24204
0.24696
0.2428
0.24856
0.25154
0.26614
0.26748
0.25338
0.25738
0.25522
0.24942
0.25876
0.24814
0.24928
0.2402
0.23474
0.2311
0.22188
0.2263
0.23068
0.22008
0.22044
0.234
0.2388
0.2402
0.2418
0.23656
0.23204
0.2409
0.25428
0.24366
0.25018
0.24206
0.23798
0.24888
0.24758
0.25112
0.2403
0.23176
0.24518
0.23544
0.23258
0.23558
0.23014
0.23348
0.21482
0.2063
0.21104
0.21476
0.20692
0.20908
0.22224
0.21552
0.22214
0.22038
0.20128
0.20102
0.20048
0.20702
0.21404
0.20698
0.21186
0.1981
0.20868
0.21598
0.22018
0.24726
0.23826
0.25178
0.2445
0.24246
0.24184
0.24184
0.23274
0.2219
0.22072
0.21954
0.21248
0.20714
0.20452
0.20716
0.19722
0.20266
0.20002
0.19812
0.1969
0.2012
0.19248
0.19214
0.19502
0.205
0.20584
0.19452
0.19692
0.1988
0.19884
0.22076
0.22832
0.23504
0.24318
0.2334
0.22992
0.2426
0.24478
0.24412
0.24272
0.24642
0.24558
0.23882
0.2304
0.22668
0.23462
0.24372
0.24078
0.2346
0.21812
0.20182
0.20068
0.2011
0.1877
0.20098
0.19548
0.19352
0.20298
0.20528
0.20726
0.23772
0.25438
0.23964
0.23152
0.24322
0.24324
0.24204
0.24378
0.23206
0.23678
0.2277
0.23528
0.22754
0.24402
0.24852
0.24534
0.24122
0.2464
0.24168
0.23678
0.2298
0.23502
0.25112
0.26752
0.24102
0.23628
0.22706
0.22788
0.2264
0.22272
0.22694
0.2288
0.23558
0.22484
0.21658
0.21952
0.23386
0.224
0.22274
0.21958
0.219
0.20714
0.20144
0.21114
0.22502
0.23848
0.23462
0.23788
0.23124
0.23088
0.21198
0.21986
0.22984
0.23874
0.23078
0.22338
0.24392
0.24018
0.24866
0.24574
0.24626
0.24842
0.2411
0.237
0.2396
0.23758
0.2436
0.23984
0.2439
0.23874
0.24808
0.252
0.25416
0.25996
0.24706
0.24198
0.23918
0.24924
0.2483
0.23422
0.2487
0.24982
0.2478
0.25108
0.25392
0.2664
0.24664
0.22902
0.24226
0.23756
0.24416
0.24434
0.24844
0.24952
0.24882
0.2424
0.24984
0.24254
0.23084
0.223
0.22648
0.21246
0.20126
0.19328
0.19356
0.20358
0.20582
0.21416
0.2193
0.22146
0.22232
0.21074
0.20924
0.2128
0.22478
0.23312
0.23256
0.22816
0.20904
0.19786
0.19968
0.20834
0.20092
0.198
0.20006
0.21142
0.20686
0.21036
0.21428
0.2106
0.2209
0.22358
0.22952
0.2254
0.23408
0.23654
0.23798
0.24724
0.24546
0.2364
0.2524
0.24248
0.24706
0.25076
0.26146
0.2658
0.26622
0.26228
0.27308
0.27716
0.27108
0.26796
0.26632
0.25628
0.26238
0.2526
0.25856
0.25
0.25112
0.26282
0.25478
0.25562
0.24858
0.24506
0.2373
0.24054
0.25026
0.25282
0.2628
0.27352
0.25972
0.25938
0.25024
0.2471
0.24328
0.2434
0.2424
0.2155
0.21836
0.22752
0.23874
0.21864
0.21922
0.21746
0.21702
0.21488
0.2035
0.18752
0.1847
0.18714
0.20464
0.1908
0.2061
0.20066
0.18564
0.19036
0.20328
0.19262
0.20696
0.21456
0.21522
0.22884
0.22804
0.22934
0.23544
0.2367
0.24846
0.26412
0.26706
0.26822
0.26318
0.249
0.25288
0.25242
0.24326
0.23344
0.22848
0.21966
0.23288
0.23078
0.22966
0.21518
0.2093
0.22648
0.21674
0.20836
0.21668
0.2097
0.2052
0.21736
0.2217
0.2131
0.2093
0.2203
0.2174
0.21282
0.22278
0.224
0.23062
0.23624
0.2411
0.25494
0.25752
0.25252
0.25246
0.24612
0.23946
0.251
0.24836
0.24934
0.25888
0.2488
0.24682
0.22388
0.23566
0.22922
0.2254
0.2256
0.2107
0.19866
0.20958
0.21414
0.20558
0.2095
0.22036
0.22616
0.22342
0.2296
0.2327
0.23102
0.22514
0.2358
0.22978
0.22964
0.23032
0.22966
0.22676
0.24072
0.23684
0.23418
0.23566
0.2318
0.24036
0.22824
0.23432
0.23166
0.23252
0.22894
0.22844
0.2167
0.21978
0.22496
0.21834
0.22364
0.2157
0.20774
0.20126
0.20258
0.21918
0.21988
0.23696
0.24186
0.23556
0.2432
0.2491
0.24444
0.24252
0.25144
0.25562
0.2556
0.26024
0.26902
0.26684
0.25202
0.24376
0.24692
0.23152
0.22162
0.21186
0.2073
0.2149
0.22434
0.23122
0.23016
0.2292
0.2123
0.1922
0.20526
0.21332
0.22684
0.21316
0.19104
0.2002
0.2182
0.21654
0.21694
0.229
0.22256
0.22072
0.21642
0.23108
0.23672
0.23974
0.23702
0.23922
0.24386
0.24482
0.24112
0.24082
0.22106
0.2235
0.2205
0.23086
0.22652
0.24228
0.24852
0.23248
0.23494
0.23356
0.23622
0.23854
0.23252
0.21362
0.20398
0.2164
0.219
0.21652
0.218
0.22824
0.2208
0.22962
0.23214
0.23986
0.23138
0.23706
0.24704
0.2511
0.25498
0.2603
0.26306
0.2564
0.24682
0.24904
0.24628
0.25582
0.24918
0.23434
0.2349
0.2337
0.24402
0.23248
0.23702
0.22574
0.23032
0.23662
0.23948
0.24654
0.2477
0.24046
0.2436
0.24146
0.25026
0.26046
0.26074
0.26134
0.25612
0.2627
0.2481
0.25436
0.24232
0.23722
0.244
0.2456
0.25604
0.26454
0.26818
0.26756
0.26708
0.26348
0.25372
0.25344
0.24868
0.24794
0.23638
0.2391
0.24836
0.26008
0.24818
0.23186
0.24154
0.25194
0.24032
0.2441
0.23988
0.23
0.23172
0.22642
0.23538
0.23236
0.23478
0.23672
0.24346
0.23024
0.23416
0.2217
0.23176
0.23968
0.24832
0.23582
0.22664
0.21472
0.21102
0.2036
0.20448
0.19952
0.19644
0.19708
0.20012
0.21378
0.21432
0.2187
0.22578
0.21378
0.20994
0.21428
0.22748
0.23422
0.24016
0.24526
0.23836
0.23766
0.24236
0.22572
0.2203
0.2202
0.21924
0.21766
0.21142
0.22308
0.22588
0.23164
0.23332
0.22338
0.20614
0.20654
0.21538
0.20166
0.21362
0.21284
0.21404
0.20386
0.18576
0.1837
0.18298
0.18492
0.18768
0.20174
0.21974
0.22828
0.21732
0.23108
0.2208
0.21182
0.21576
0.2211
0.22382
0.22804
0.22662
0.21486
0.20438
0.20346
0.21236
0.22448
0.21876
0.2233
0.22242
0.21834
0.20994
0.21572
0.2125
0.19086
0.19896
0.20034
0.19896
0.20792
0.19438
0.2007
0.20802
0.213
0.21574
0.20674
0.2104
0.20512
0.1916
0.20966
0.22132
0.2298
0.23398
0.25808
0.25136
0.2541
0.24706
0.23854
0.24438
0.23972
0.2331
0.24198
0.2187
0.22288
0.21358
0.21416
0.2108
0.20532
0.21118
0.21186
0.20362
0.20214
0.21536
0.21128
0.20632
0.20616
0.20808
0.21442
0.20994
0.20124
0.21116
0.21404
0.20586
0.20944
0.20586
0.21206
0.21446
0.20584
0.20778
0.22058
0.22914
0.2345
0.23038
0.24068
0.2445
0.25736
0.26574
0.27718
0.26792
0.26094
0.2495
0.24554
0.25252
0.24746
0.24324
0.24614
0.24804
0.24476
0.23882
0.22654
0.21474
0.20764
0.21296
0.223
0.23372
0.23198
0.22342
0.21212
0.21924
0.2178
0.2195
0.21348
0.22472
0.2428
0.24158
0.23232
0.23828
0.23478
0.24458
0.24028
0.2492
0.25006
0.25342
0.26196
0.25528
0.2594
0.26432
0.26246
0.2605
0.25712
0.2595
0.25134
0.2483
0.248
0.24836
0.25178
0.2305
0.23202
0.22072
0.21294
0.21824
0.2225
0.23766
0.2378
0.23164
0.22424
0.2097
0.20572
0.20558
0.2162
0.2101
0.1974
0.2028
0.2004
0.19124
0.21106
0.2152
0.22248
0.22602
0.2263
0.23532
0.24168
0.22774
0.22434
0.21454
0.21394
0.2121
0.21862
0.22598
0.21788
0.21778
0.2152
0.2172
0.21322
0.21998
0.2132
0.20818
0.19438
0.21066
0.22274
0.21408
0.20924
0.20092
0.20302
0.20436
0.2074
0.21342
0.20738
0.20158
0.20842
0.21026
0.20852
0.21662
0.219
0.23164
0.23102
0.2422
0.24092
0.2387
0.24378
0.2444
0.2396
0.2496
0.25058
0.2483
0.24762
0.24578
0.247
0.25088
0.27128
0.25268
0.24748
0.24504
0.24602
0.26464
0.26854
0.27176
0.26994
0.26986
0.26444
0.27226
0.274
0.26564
0.26148
0.25836
0.258
0.24932
0.24108
0.23806
0.23202
0.2389
0.23678
0.24106
0.2433
0.23682
0.23962
0.24298
0.24396
0.2491
0.25086
0.2499
0.25096
0.26346
0.26538
0.2664
0.25422
0.2515
0.25328
0.25636
0.26026
0.26544
0.27652
0.27432
0.25302
0.2573
0.26484
0.25194
0.23676
0.23372
0.2391
0.24904
0.25656
0.25684
0.2682
0.26546
0.25868
0.25706
0.26966
0.26446
0.26492
0.26818
0.2684
0.27246
0.28262
0.28586
0.27092
0.25238
0.23994
0.23776
0.25838
0.26686
0.26642
0.25892
0.25944
0.25828
0.24936
0.25138
0.23932
0.23698
0.23536
0.24426
0.2413
0.24416
0.2294
0.22444
0.21226
0.21112
0.21746
0.21188
0.20764
0.20482
0.19912
0.20194
0.19306
0.19704
0.21022
0.21498
0.22148
0.21882
0.22026
0.2167
0.21302
0.21726
0.22414
0.22582
0.2308
0.21876
0.2227
0.22048
0.211
0.21202
0.20394
0.21148
0.20088
0.20076
0.19484
0.20156
0.21602
0.2155
0.2048
0.21762
0.21156
0.21014
0.19494
0.20226
0.20642
0.21662
0.22314
0.22362
0.23506
0.23186
0.24448
0.24334
0.24444
0.24356
0.24576
0.25084
0.22918
0.22404
0.22668
0.23364
0.23198
0.22512
0.22462
0.21604
0.23252
0.24922
0.24682
0.25282
0.26392
0.2711
0.26838
0.26176
0.2541
0.26024
0.2491
0.26328
0.26562
0.262
0.26934
0.2752
0.27494
0.2734
0.26836
0.26094
0.25534
0.26416
0.25978
0.26084
0.2581
0.25368
0.237
0.24186
0.2389
0.2372
0.23268
0.23332
0.24116
0.23856
0.24784
0.25116
0.2427
0.24406
0.24532
0.25732
0.25658
0.25918
0.24292
0.24344
0.24896
0.25104
0.24902
0.25616
0.24864
0.24772
0.25544
0.26322
0.24978
0.25932
0.25512
0.25624
0.2486
0.24258
0.23336
0.23696
0.23758
0.23836
0.23662
0.25432
0.25226
0.255
0.25812
0.256
0.24586
0.24552
0.25246
0.25306
0.24446
0.2342
0.22824
0.23602
0.23374
0.23784
0.22026
0.21214
0.2125
0.21644
0.2234
0.24848
0.2613
0.2747
0.29446
0.2995
0.28418
0.2899
0.28984
0.28492
0.28796
0.26956
0.2557
0.24846
0.24638
0.24482
0.24924
0.27222
0.27336
0.26506
0.26608
0.26228
0.2525
0.26042
0.24484
0.2495
0.25004
0.23296
0.23886
0.24326
0.23996
0.22686
0.22012
0.22368
0.21886
0.21902
0.21512
0.20972
0.21814
0.21444
0.20766
0.22068
0.22898
0.22918
0.23714
0.2378
0.24462
0.2493
0.24194
0.22846
0.23792
0.22048
0.23194
0.23036
0.23348
0.2361
0.2343
0.22546
0.22938
0.23832
0.2366
0.22792
0.21092
0.21076
0.23122
0.22666
0.23732
0.24282
0.2348
0.24152
0.24128
0.24854
0.23026
0.23926
0.23502
0.24524
0.25052
0.25648
0.27366
0.26462
0.262
0.26584
0.25816
0.26084
0.26968
0.2657
0.26944
0.26512
0.25642
0.24258
0.24666
0.25244
0.23922
0.23716
0.23612
0.23034
0.23584
0.24746
0.2531
0.23464
0.2367
0.23856
0.243
0.24926
0.23996
0.2396
0.24674
0.2544
0.23704
0.22074
0.2182
0.21994
0.21812
0.22756
0.2224
0.20412
0.2048
0.20986
0.21038
0.23174
0.21948
0.2306
0.22342
0.24132
0.2403
0.25186
0.24514
0.24228
0.24012
0.22838
0.22274
0.23212
0.2394
0.22848
0.22818
0.2341
0.2444
0.23208
0.2303
0.23266
0.2184
0.23762
0.23004
0.23314
0.23514
0.23496
0.22768
0.23814
0.23724
0.2464
0.26152
0.25622
0.25556
0.24978
0.24644
0.24518
0.25754
0.26234
0.2636
0.26816
0.2563
0.27044
0.26892
0.27888
0.26474
0.25964
0.25724
0.25792
0.26588
0.2539
0.2481
0.24628
0.24008
0.23962
0.23496
0.22812
0.2297
0.24788
0.26334
0.2555
0.25178
0.24972
0.23894
0.2489
0.23722
0.24616
0.24256
0.24622
0.23538
0.24096
0.24126
0.23678
0.23668
0.23242
0.23456
0.22822
0.24706
0.24676
0.2479
0.2419
0.23504
0.24094
0.2484
0.26338
0.25328
0.25414
0.25214
0.255
0.25744
0.26858
0.2563
0.2384
0.22964
0.23012
0.23044
0.23278
0.24218
0.24466
0.25618
0.24592
0.23552
0.23174
0.23216
0.23816
0.23244
0.23884
0.2444
0.25442
0.25784
0.24916
0.23624
0.2383
0.2355
0.2327
0.21882
0.20288
0.1965
0.19104
0.19708
0.19538
0.19892
0.20638
0.21794
0.23566
0.26388
0.25714
0.23314
0.23122
0.23044
0.23296
0.22306
0.22598
0.23204
0.227
0.24258
0.23138
0.23044
0.23074
0.23654
0.24142
0.24832
0.27314
0.26006
0.26642
0.27828
0.27312
0.27052
0.25106
0.24796
0.24318
0.23202
0.23758
0.23996
0.23694
0.21778
0.21472
0.2213
0.2059
0.19934
0.21142
0.21862
0.21674
0.22162
0.22642
0.22066
0.22174
0.22914
0.23364
0.23136
0.23348
0.23032
0.23458
0.2265
0.20852
0.20626
0.2235
0.227
0.22996
0.2332
0.2398
0.24378
0.24796
0.231
0.21644
0.2226
0.22498
0.21702
0.20944
0.20486
0.19496
0.1813
0.1844
0.17388
0.18176
0.17504
0.17206
0.1876
0.18382
0.1796
0.1773
0.18564
0.17814
0.18938
0.20514
0.20212
0.19222
0.1919
0.19208
0.2095
0.20178
0.20768
0.20182
0.19306
0.20382
0.22124
0.2273
0.23862
0.23326
0.2377
0.23252
0.24152
0.2205
0.22982
0.22322
0.22758
0.2346
0.22682
0.22316
0.2327
0.2334
0.23162
0.22244
0.24686
0.24556
0.25752
0.24994
0.25956
0.25418
0.25076
0.25212
0.2439
0.24716
0.24716
0.22992
0.23326
0.24228
0.25866
0.24998
0.25358
0.26264
0.26328
0.27568
0.2687
0.24726
0.24086
0.2424
0.25434
0.25804
0.2551
0.25766
0.2502
0.23876
0.2275
0.22896
0.22744
0.23264
0.24122
0.24494
0.24228
0.2644
0.26802
0.25938
0.25178
0.26768
0.27882
0.27666
0.24568
0.24482
0.2459
0.2395
0.23432
0.22812
0.22414
0.21332
0.2344
0.24404
0.2313
0.22896
0.2131
0.20842
0.22326
0.2101
0.22034
0.22298
0.21504
0.20394
0.21628
0.2175
0.22132
0.22542
0.23174
0.21166
0.22408
0.21514
0.2134
0.20412
0.19844
0.2086
0.20054
0.19168
