0.9847
0.98404
0.98436
0.98512
0.98412
0.98442
0.98486
0.98434
0.98482
0.98456
0.98534
0.98434
0.9846
0.98364
0.98558
0.98448
0.98472
0.98464
0.98506
0.9853
0.98544
0.98472
0.98438
0.98512
0.98404
0.98494
0.98616
0.98568
0.98534
0.9867
0.98478
0.98454
0.98488
0.98578
0.98614
0.98458
0.98662
0.98492
0.98546
0.98554
0.98564
0.98558
0.98582
0.9854
0.98536
0.98528
0.9857
0.98528
0.98444
0.98536
0.98452
0.9852
0.9854
0.9859
0.98468
0.9849
0.98594
0.9856
0.98474
0.98462
0.98538
0.9859
0.9845
0.98566
0.98564
0.98332
0.98368
0.98592
0.9849
0.98504
0.98508
0.9859
0.98482
0.98416
0.98534
0.98516
0.98594
0.98516
0.98508
0.98532
0.9855
0.98548
0.9851
0.98426
0.98418
0.9834
0.98466
0.98582
0.98566
0.98496
0.9846
0.98468
0.98474
0.98524
0.98528
0.98622
0.98524
0.98482
0.98376
0.98466
0.98404
0.9855
0.9852
0.98688
0.98532
0.98512
0.98606
0.98466
0.98602
0.98446
0.98398
0.9854
0.98604
0.98528
0.9854
0.9852
0.98636
0.9851
0.98556
0.9847
0.98524
0.98502
0.98522
0.98528
0.98594
0.9858
0.983
0.98484
0.98458
0.9849
0.98422
0.98468
0.98574
0.98476
0.98414
0.98508
0.98604
0.98528
0.98492
0.98538
0.9842
0.98418
0.98546
0.98668
0.98546
0.9857
0.98584
0.98494
0.98462
0.9847
0.98466
0.98468
0.9846
0.98484
0.9833
0.98622
0.98556
0.98478
0.98496
0.98526
0.98486
0.98596
0.9847
0.98548
0.98506
0.98484
0.98604
0.98558
0.98458
0.98424
0.9863
0.98566
0.98428
0.98602
0.98536
0.9848
0.98514
0.98524
0.98492
0.984
0.98424
0.98462
0.9865
0.98588
0.98492
0.9851
0.98466
0.98556
0.98514
0.98512
0.98404
0.9856
0.98516
0.98612
0.98598
0.98602
0.9845
0.98488
0.98488
0.98564
0.9855
0.98544
0.98442
0.98418
0.9843
0.9866
0.98684
0.98476
0.98472
0.98568
0.9844
0.98416
0.98394
0.9843
0.98546
0.98406
0.98582
0.9854
0.98554
0.98382
0.98592
0.9843
0.98454
0.98502
0.98522
0.98556
0.98616
0.98518
0.98582
0.98478
0.98606
0.98472
0.98628
0.98466
0.98452
0.9854
0.98526
0.9856
0.98508
0.98538
0.98426
0.98382
0.9843
0.9847
0.98582
0.98382
0.98456
0.98518
0.98532
0.9861
0.98676
0.98464
0.98526
0.98424
0.98538
0.98484
0.98454
0.98576
0.98478
0.9844
0.98506
0.98464
0.98492
0.98362
0.98576
0.98536
0.98446
0.9844
0.98566
0.98562
0.98626
0.98486
0.98586
0.9855
0.98356
0.98504
0.98504
0.98454
0.98486
0.98478
0.98378
0.98456
0.98458
0.9859
0.98544
0.98428
0.985
0.98416
0.9852
0.9841
0.98454
0.98556
0.98516
0.98524
0.98494
0.98446
0.9848
0.9853
0.98462
0.98514
0.9859
0.98384
0.98604
0.98582
0.98572
0.98568
0.98518
0.98406
0.985
0.98442
0.98482
0.98548
0.98378
0.98454
0.98524
0.98488
0.98332
0.9844
0.98458
0.98482
0.98566
0.98448
0.98562
0.98526
0.9864
0.98462
0.9848
0.9848
0.9854
0.98534
0.98612
0.98364
0.9839
0.98472
0.98516
0.98478
0.98394
0.98614
0.98542
0.98558
0.98428
0.9841
0.98454
0.98546
0.98498
0.98544
0.98478
0.98534
0.98578
0.9858
0.9847
0.98386
0.98514
0.98516
0.98526
0.98644
0.98484
0.9852
0.98546
0.98476
0.98458
0.9836
0.98414
0.9855
0.98478
0.98586
0.98506
0.98466
0.98514
0.98542
0.98512
0.9846
0.98494
0.98418
0.98488
0.98458
0.98442
0.98534
0.98566
0.9858
0.98528
0.98488
0.98424
0.98378
0.98474
0.98484
0.9853
0.98466
0.98432
0.98344
0.98484
0.98664
0.98484
0.9854
0.98416
0.98574
0.98466
0.98564
0.98582
0.98564
0.98488
0.98428
0.98492
0.98496
0.98566
0.98574
0.9858
0.98576
0.98504
0.98554
0.98558
0.98542
0.9844
0.98536
0.98542
0.98464
0.98446
0.9852
0.98476
0.984
0.98406
0.98446
0.98444
0.98508
0.98586
0.98572
0.98526
0.98434
0.98496
0.9844
0.98544
0.98476
0.98488
0.98488
0.9855
0.98536
0.98576
0.9843
0.9849
0.98592
0.98508
0.98542
0.98408
0.9857
0.98452
0.9845
0.98628
0.98536
0.98448
0.98418
0.98402
0.98542
0.98596
0.98586
0.9851
0.9842
0.9862
0.9853
0.9856
0.98532
0.98494
0.98296
0.9848
0.98512
0.98532
0.98628
0.98484
0.98396
0.98506
0.98534
0.98462
0.98544
0.98626
0.98498
0.98526
0.98582
0.98548
0.98548
0.98556
0.98516
0.98502
0.98546
0.98466
0.98494
0.98406
0.98482
0.98466
0.98468
0.98402
0.98472
0.98546
0.98488
0.98584
0.9852
0.98532
0.98508
0.98494
0.98596
0.98376
0.98522
0.98492
0.98456
0.98412
0.98428
0.986
0.98452
0.98534
0.98588
0.98598
0.98584
0.98476
0.98612
0.98514
0.98482
0.98554
0.98502
0.98434
0.98604
0.98424
0.98592
0.98462
0.98446
0.98528
0.98418
0.98494
0.98424
0.98556
0.98614
0.98562
0.98578
0.98386
0.98586
0.98678
0.98506
0.98448
0.98426
0.98408
0.98414
0.98636
0.98376
0.98482
0.98452
0.9847
0.98488
0.98482
0.98554
0.98528
0.98506
0.98464
0.98462
0.9848
0.98564
0.98468
0.98352
0.98462
0.98442
0.9856
0.98522
0.98496
0.98576
0.9849
0.9854
0.98482
0.98488
0.9852
0.98518
0.98432
0.98618
0.98512
0.9866
0.98454
0.98616
0.9849
0.98472
0.98472
0.98504
0.98586
0.98478
0.98542
0.98536
0.98518
0.98384
0.98528
0.98544
0.98526
0.98562
0.98606
0.98664
0.98484
0.9834
0.98294
0.98598
0.98442
0.9857
0.98512
0.9844
0.98522
0.98468
0.9846
0.98536
0.9853
0.98564
0.98498
0.98528
0.98434
0.98418
0.9855
0.985
0.98562
0.985
0.9871
0.98468
0.985
0.9838
0.98352
0.98432
0.98474
0.98538
0.98444
0.98492
0.98632
0.98526
0.98526
0.98496
0.98416
0.98574
0.98574
0.98454
0.98454
0.98456
0.98494
0.98464
0.98592
0.9852
0.98468
0.98482
0.98568
0.98434
0.98336
0.98612
0.98572
0.9842
0.98572
0.98428
0.98564
0.9852
0.98428
0.98558
0.98588
0.9849
0.98434
0.98568
0.98468
0.98462
0.9851
0.9862
0.98518
0.98556
0.9857
0.98494
0.9844
0.98482
0.98522
0.98494
0.98546
0.98432
0.98526
0.98504
0.98558
0.98572
0.98526
0.98538
0.98528
0.9859
0.98388
0.98578
0.98452
0.98412
0.98428
0.98482
0.9853
0.98506
0.98466
0.98408
0.9846
0.98656
0.98418
0.98506
0.98484
0.98574
0.98406
0.98518
0.98376
0.98468
0.9851
0.98586
0.9846
0.98606
0.9844
0.98512
0.98574
0.9852
0.98506
0.98486
0.98486
0.98484
0.98454
0.98544
0.98594
0.98532
0.98514
0.98366
0.98438
0.98526
0.98628
0.9849
0.98446
0.98578
0.98692
0.98622
0.98532
0.9846
0.98398
0.9857
0.9854
0.9844
0.98506
0.98474
0.98316
0.9844
0.98508
0.98528
0.9852
0.98446
0.98568
0.98568
0.9859
0.98502
0.98472
0.98546
0.9846
0.98504
0.9854
0.98476
0.98652
0.98512
0.9839
0.98556
0.98502
0.98464
0.98528
0.98382
0.98506
0.9868
0.9843
0.9851
0.98506
0.98526
0.98542
0.98528
0.98532
0.98544
0.98506
0.98542
0.9847
0.98592
0.9852
0.9846
0.98396
0.98486
0.9848
0.985
0.98502
0.98546
0.98532
0.98498
0.9861
0.9846
0.98416
0.98498
0.984
0.9843
0.98468
0.98486
0.98596
0.98562
0.98518
0.98562
0.98538
0.98464
0.98458
0.98468
0.98536
0.9855
0.98504
0.9852
0.98456
0.98452
0.98574
0.98454
0.98552
0.9849
0.98566
0.98458
0.98532
0.98442
0.98458
0.98382
0.98498
0.98558
0.98464
0.98472
0.98444
0.9847
0.98534
0.9847
0.98476
0.98418
0.98614
0.9847
0.98502
0.9847
0.98552
0.9858
0.9856
0.98422
0.98578
0.98466
0.98474
0.98518
0.98448
0.98492
0.98632
0.98478
0.98644
0.98456
0.98452
0.98502
0.9848
0.98584
0.98492
0.98526
0.98682
0.98434
0.9852
0.98582
0.98554
0.98456
0.98484
0.98404
0.98518
0.98566
0.98502
0.98458
0.98508
0.98504
0.98296
0.9852
0.98464
0.9846
0.9843
0.98514
0.98476
0.98584
0.98548
0.98442
0.98548
0.98566
0.98602
0.98462
0.98516
0.98542
0.98434
0.98498
0.98422
0.9855
0.98584
0.98476
0.98404
0.98346
0.9852
0.98576
0.98522
0.98594
0.98634
0.98558
0.98416
0.98452
0.98474
0.98566
0.98642
0.98554
0.98464
0.98498
0.9849
0.9851
0.98532
0.9865
0.98426
0.98662
0.98576
0.98382
0.98478
0.98634
0.98484
0.98474
0.98468
0.98462
0.9858
0.98462
0.98364
0.9848
0.98564
0.98464
0.98584
0.9858
0.9843
0.98556
0.98546
0.98364
0.98436
0.9854
0.98576
0.98498
0.9841
0.98328
0.98578
0.9846
0.98452
0.98538
0.98478
0.9841
0.98522
0.98532
0.9854
0.98562
0.9858
0.9851
0.9857
0.9857
0.98434
0.98556
0.98616
0.9846
0.98534
0.9839
0.98524
0.98442
0.98526
0.98532
0.98584
0.98426
0.98414
0.98556
0.98492
0.98618
0.98518
0.98528
0.98496
0.98642
0.98524
0.98574
0.9854
0.98412
0.98688
0.98528
0.98576
0.98506
0.98536
0.98498
0.98518
0.98536
0.98578
0.98352
0.98432
0.98544
0.98518
0.9868
0.98532
0.98476
0.98462
0.98512
0.98454
0.98512
0.98514
0.98506
0.98554
0.98444
0.98512
0.98456
0.98446
0.98466
0.98458
0.98572
0.98548
0.98576
0.98536
0.9854
0.9863
0.98514
0.98522
0.98478
0.98458
0.98562
0.98472
0.98536
0.98578
0.9841
0.98614
0.98376
0.98398
0.98582
0.9846
0.9859
0.98456
0.9864
0.9835
0.98438
0.98496
0.98338
0.98472
0.98432
0.98446
0.98552
0.98478
0.98536
0.98546
0.98468
0.98432
0.98544
0.98506
0.98436
0.98394
0.98536
0.98446
0.98524
0.98432
0.98494
0.9846
0.98584
0.98434
0.98432
0.98474
0.98556
0.98512
0.98578
0.98376
0.98652
0.98504
0.98418
0.98602
0.98504
0.98606
0.98508
0.9845
0.98464
0.98616
0.98542
0.98406
0.98522
0.98564
0.98606
0.98428
0.98554
0.98566
0.986
0.98436
0.98438
0.98442
0.98494
0.9842
0.98508
0.98486
0.98474
0.98506
0.985
0.98468
0.98402
0.98526
0.98492
0.98562
0.98502
0.98488
0.98524
0.98572
0.98518
0.9853
0.98502
0.9857
0.985
0.986
0.98556
0.98526
0.98394
0.98526
0.9846
0.98458
0.98544
0.98556
0.98558
0.9856
0.98596
0.98426
0.98362
0.9854
0.98342
0.98536
0.98424
0.98552
0.98452
0.9852
0.98352
0.98488
0.98362
0.98522
0.98546
0.98458
0.9839
0.98396
0.9852
0.98346
0.9847
0.9843
0.98488
0.98516
0.9844
0.98478
0.98436
0.98606
0.98496
0.98584
0.98598
0.98448
0.98498
0.98502
0.98466
0.98544
0.9846
0.98476
0.9852
0.98596
0.98454
0.985
0.98476
0.98496
0.98464
0.98442
0.98516
0.98476
0.98486
0.98496
0.98532
0.98356
0.98408
0.98414
0.98536
0.9847
0.98432
0.98452
0.98564
0.98578
0.984
0.98528
0.9859
0.98572
0.9842
0.98472
0.98452
0.98508
0.9849
0.98602
0.98446
0.98554
0.98474
0.98494
0.98518
0.98424
0.98276
0.98532
0.98492
0.9851
0.98516
0.98554
0.98462
0.9849
0.98562
0.98506
0.98598
0.98444
0.98562
0.98464
0.98644
0.98576
0.98462
0.98394
0.98468
0.98466
0.98662
0.98556
0.98514
0.9853
0.98586
0.98498
0.98476
0.98336
0.98434
0.98494
0.98504
0.98366
0.98618
0.9851
0.98544
0.98532
0.98458
0.98492
0.98632
0.9845
0.98636
0.9851
0.98374
0.98442
0.98492
0.98494
0.98628
0.98534
0.98576
0.98432
0.98494
0.98526
0.98534
0.98418
0.98494
0.98378
0.98444
0.98554
0.98506
0.98478
0.9855
0.98438
0.98528
0.98566
0.98508
0.9861
0.98508
0.98502
0.9851
0.9854
0.98548
0.9839
0.98548
0.98466
0.98588
0.98606
0.98466
0.98424
0.98558
0.9837
0.98528
0.98382
0.98538
0.98442
0.9851
0.98518
0.9847
0.98428
0.98562
0.98454
0.98556
0.9845
0.98426
0.98418
0.98548
0.98522
0.98554
0.98542
0.98662
0.98468
0.98556
0.98482
0.9856
0.98552
0.98424
0.98456
0.98546
0.98548
0.98516
0.9844
0.98574
0.98538
0.98638
0.98562
0.98502
0.98484
0.98556
0.98418
0.9859
0.9871
0.98478
0.9858
0.98502
0.98368
0.98434
0.98444
0.98526
0.98418
0.98468
0.9857
0.98514
0.985
0.9864
0.98548
0.98398
0.98478
0.98384
0.98414
0.98438
0.98484
0.9847
0.98478
0.98502
0.98602
0.98482
0.9853
0.98326
0.98342
0.98514
0.9854
0.98458
0.98536
0.98538
0.98636
0.9855
0.9847
0.98396
0.98392
0.9842
0.98612
0.9859
0.98576
0.98414
0.98472
0.98568
0.98472
0.98416
0.9852
0.98518
0.9855
0.98476
0.98562
0.98518
0.98482
0.98446
0.9844
0.98386
0.9861
0.98614
0.98504
0.98406
0.9842
0.9851
0.98454
0.98526
0.9839
0.98542
0.9852
0.9852
0.98458
0.98466
0.98622
0.98462
0.98442
0.98506
0.9843
0.98448
0.98438
0.98498
0.98402
0.98552
0.9855
0.98534
0.9855
0.9848
0.98546
0.98506
0.9859
0.9846
0.98522
0.98536
0.98526
0.98482
0.98542
0.98558
0.98482
0.9849
0.9838
0.98612
0.98458
0.98464
0.9848
0.98514
0.98594
0.98528
0.98398
0.985
0.98352
0.98446
0.9856
0.98596
0.98426
0.98626
0.98428
0.98482
0.9848
0.98416
0.98468
0.98472
0.98572
0.98468
0.98564
0.98518
0.98484
0.98554
0.98596
0.98394
0.98522
0.98466
0.98502
0.98506
0.98662
0.98572
0.9844
0.98572
0.98608
0.98428
0.98518
0.9839
0.98564
0.9854
0.98542
0.98602
0.98532
0.98384
0.98456
0.9851
0.98502
0.9854
0.98448
0.98438
0.9855
0.98394
0.9857
0.98474
0.9852
0.98412
0.98466
0.98524
0.9854
0.98562
0.98458
0.98532
0.98482
0.9852
0.9848
0.98574
0.98552
0.98446
0.98566
0.98426
0.98464
0.98508
0.9852
0.9851
0.98442
0.98488
0.98516
0.98548
0.98702
0.98546
0.98384
0.98556
0.98494
0.98516
0.98438
0.98386
0.98468
0.98408
0.98536
0.98412
0.98556
0.9849
0.98542
0.98442
0.98556
0.98516
0.98464
0.98594
0.98484
0.9854
0.98632
0.98582
0.9851
0.98544
0.98538
0.9847
0.9843
0.98496
0.9855
0.9855
0.9856
0.98534
0.98618
0.98586
0.98622
0.98492
0.9846
0.9841
0.98382
0.98452
0.98388
0.9848
0.9847
0.98476
0.98474
0.98404
0.98442
0.98592
0.98572
0.98432
0.9845
0.985
0.98474
0.98514
0.9834
0.9853
0.98396
0.9858
0.98486
0.98456
0.98546
0.98494
0.98466
0.98558
0.98616
0.98516
0.98574
0.98468
0.98454
0.98474
0.98426
0.98448
0.98444
0.98606
0.9858
0.98522
0.98522
0.98456
0.98396
0.98456
0.98518
0.9844
0.9829
0.98586
0.98452
0.98656
0.98506
0.98556
0.98434
0.98454
0.98624
0.98432
0.9864
0.98502
0.98564
0.98542
0.9847
0.98534
0.98438
0.98444
0.98388
0.98394
0.98556
0.98594
0.9851
0.98274
0.98572
0.9856
0.9856
0.98544
0.98524
0.98432
0.9846
0.98472
0.98452
0.98536
0.98582
0.98558
0.98452
0.98456
0.98514
0.98428
0.9851
0.98502
0.98476
0.98282
0.98496
0.9852
0.9854
0.9842
0.98554
0.98466
0.98568
0.98468
0.98438
0.98578
0.98438
0.98568
0.98512
0.98468
0.98464
0.9853
0.98584
0.98436
0.98442
0.98468
0.98538
0.9858
0.98482
0.98554
0.98438
0.98556
0.98428
0.98526
0.98414
0.98484
0.9857
0.98466
0.98442
0.98428
0.98552
0.98522
0.9843
0.9857
0.98604
0.98478
0.98436
0.98506
0.98434
0.98604
0.9841
0.98508
0.98494
0.98508
0.9855
0.98494
0.98496
0.98494
0.98442
0.98548
0.98422
0.98326
0.98452
0.9845
0.98654
0.98382
0.98538
0.98548
0.98434
0.98404
0.98556
0.98644
0.98574
0.9852
0.98468
0.985
0.98552
0.98578
0.98428
0.98466
0.98476
0.9842
0.9845
0.98574
0.98542
0.9854
0.98468
0.98478
0.98476
0.98428
0.98482
0.9849
0.9852
0.98424
0.98474
0.98546
0.98588
0.98562
0.98604
0.98536
0.98536
0.98494
0.98416
0.98686
0.98594
0.9838
0.98544
0.98656
0.98448
0.9851
0.98522
0.98604
0.98518
0.98284
0.98462
0.9864
0.98502
0.98544
0.98502
0.9855
0.9857
0.98472
0.98442
0.98422
0.98442
0.98546
0.98508
0.98368
0.98462
0.98542
0.98486
0.98476
0.98422
0.98466
0.9846
0.98562
0.98498
0.98548
0.98466
0.98582
0.98484
0.9858
0.9845
0.98548
0.98626
0.98544
0.98446
0.98492
0.98484
0.98618
0.98458
0.98524
0.98636
0.98524
0.98468
0.98532
0.98624
0.98556
0.98446
0.98446
0.984
0.98626
0.98524
0.9831
0.98488
0.98544
0.9849
0.98462
0.98562
0.98468
0.98386
0.98482
0.98494
0.98512
0.98562
0.98506
0.98496
0.9851
0.9852
0.9864
0.9855
0.98504
0.98412
0.98302
0.98544
0.98494
0.98526
0.9846
0.98468
0.9859
0.98354
0.98428
0.98418
0.98496
0.98462
0.98584
0.9841
0.9857
0.98592
0.98486
0.98484
0.98636
0.98584
0.9844
0.98464
0.9855
0.98486
0.98478
0.9847
0.98468
0.98454
0.98466
0.98382
0.98586
0.98592
0.98546
0.98522
0.98612
0.98504
0.9838
0.98466
0.98408
0.98492
0.98536
0.98456
0.9855
0.98464
0.98518
0.98626
0.98532
0.98574
0.98588
0.98564
0.98498
0.98662
0.98484
0.9851
0.98486
0.9846
0.98614
0.98594
0.9857
0.98516
0.98662
0.98494
0.98478
0.98464
0.98546
0.98478
0.98348
0.98558
0.98492
0.9855
0.9856
0.98502
0.9841
0.9848
0.98494
0.98448
0.98494
0.98616
0.98452
0.98606
0.9852
0.9854
0.9855
0.98444
0.98572
0.98358
0.98518
0.98456
0.98464
0.98452
0.98564
0.98376
0.98522
0.9844
0.98488
0.98416
0.98438
0.98596
0.98488
0.98488
0.98502
0.98504
0.98428
0.9852
0.98474
0.98546
0.9844
0.98418
0.98494
0.9859
0.9856
0.98528
0.98516
0.98396
0.98512
0.98508
0.98534
0.98622
0.98426
0.9864
0.9849
0.9851
0.98568
0.985
0.9856
0.98592
0.9844
0.98574
0.98474
0.98558
0.98532
0.9845
0.98572
0.98492
0.9849
0.98454
0.98538
0.9866
0.98504
0.98452
0.98458
0.9852
0.98594
0.98442
0.98444
0.98462
0.98568
0.98506
0.98448
0.9845
0.98508
0.98474
0.9848
0.9856
0.9855
0.98482
0.98548
0.98412
0.9855
0.98602
0.9839
0.98558
0.98458
0.98476
0.98584
0.98596
0.98506
0.98568
0.98488
0.9852
0.9842
0.9851
0.9845
0.9862
0.98472
0.98502
0.98582
0.9857
0.98634
0.98396
0.98554
0.985
0.9853
0.98548
0.98464
0.98526
0.98558
0.9844
0.9848
0.98464
0.98394
0.98544
0.98634
0.98512
0.98434
0.98624
0.98628
0.98534
0.98524
0.98406
0.98554
0.98474
0.98516
0.98392
0.9849
0.98528
0.98374
0.9846
0.98446
0.98538
0.9845
0.9828
0.98494
0.98436
0.98552
0.98468
0.9854
0.98522
0.98476
0.98546
0.98412
0.98572
0.98346
0.98518
0.9858
0.98472
0.9831
0.98558
0.98506
0.98576
0.98608
0.98402
0.98566
0.98562
0.98544
0.98562
0.98432
0.98346
0.98536
0.98614
0.98578
0.98484
0.98592
0.98502
0.98682
0.98546
0.98464
0.98328
0.98584
0.98402
0.98632
0.98554
0.98522
0.98564
0.98498
0.98512
0.98504
0.98486
0.98502
0.9859
0.9851
0.98498
0.9849
0.98476
0.9842
0.98452
0.98542
0.9843
0.9859
0.98496
0.9855
0.9845
0.98494
0.9848
0.98534
0.98448
0.98702
0.98518
0.9847
0.9857
0.98516
0.98514
0.98512
0.98568
0.98598
0.9849
0.98402
0.98444
0.9849
0.98548
0.98632
0.98428
0.98368
0.98506
0.98448
0.98554
0.9854
0.98436
0.98556
0.98458
0.98436
0.986
0.98534
0.98506
0.98512
0.98656
0.98556
0.98532
0.98498
0.98418
0.98452
0.98492
0.98486
0.98594
0.9846
0.98672
0.98596
0.98552
0.98606
0.98516
0.9849
0.98506
0.985
0.98554
0.98524
0.98604
0.98458
0.98492
0.98516
0.98416
0.9847
0.98482
0.9853
0.98402
0.9861
0.9851
0.98478
0.9845
0.98408
0.98482
0.98502
0.98546
0.98458
0.98402
0.98484
0.98636
0.98528
0.9857
0.9845
0.98592
0.98476
0.98642
0.9837
0.98432
0.98474
0.98564
0.98534
0.98498
0.9852
0.98374
0.9852
0.98466
0.98472
0.98492
0.98668
0.98518
0.98386
0.98368
0.98476
0.9847
0.98488
0.98496
0.9857
0.9852
0.9857
0.98572
0.98566
0.98486
0.984
0.98528
0.98494
0.98552
0.98494
0.98626
0.9854
0.9852
0.98488
0.9856
0.98468
0.98588
0.98524
0.98512
0.9845
0.98562
0.98586
0.98544
0.9851
0.98542
0.98334
0.98468
0.98438
0.98562
0.98494
0.98522
0.9852
0.98436
0.98408
0.98526
0.98384
0.98462
0.98504
0.98506
0.98494
0.98316
0.98464
0.98604
0.98606
0.98564
0.98424
0.98472
0.98542
0.9856
0.98606
0.98482
0.98436
0.98496
0.98504
0.9851
0.98586
0.98462
0.98674
0.98524
0.98464
0.98314
0.98602
0.98434
0.98442
0.98508
0.98646
0.98572
0.98596
0.98538
0.98344
0.98456
0.98316
0.98434
0.98462
0.9858
0.98482
0.98546
0.9853
0.98456
0.98442
0.9856
0.98506
0.9845
0.98534
0.98428
0.984
0.98606
0.98538
0.9857
0.98494
0.98502
0.98404
0.98426
0.98564
0.9856
0.98634
0.9843
0.98538
0.98518
0.98536
0.9849
0.98512
0.98496
0.98544
0.98522
0.98468
0.98458
0.98664
0.98546
0.98476
0.98452
0.98434
0.9853
0.98518
0.9846
0.98536
0.98458
0.98574
0.98468
0.98512
0.98412
0.98604
0.98492
0.9843
0.9845
0.98568
0.98618
0.98544
0.98428
0.98518
0.98388
0.9837
0.9849
0.98444
0.98498
0.9839
0.98554
0.98454
0.98566
0.98482
0.9854
0.9855
0.98436
0.98356
0.98452
0.98552
0.98516
0.9846
0.98544
0.98482
0.98366
0.98532
0.98628
0.98468
0.9854
0.98488
0.98526
0.98612
0.98484
0.9844
0.98446
0.9859
0.9847
0.98534
0.98576
0.98598
0.98466
0.98526
0.98428
0.98512
0.9844
0.98516
0.98542
0.98582
0.98474
0.98598
0.98656
0.98424
0.98566
0.98594
0.98554
0.98548
0.98618
0.98528
0.98476
0.98516
0.98384
0.98544
0.98512
0.98502
0.98668
0.98548
0.98522
0.98484
0.98472
0.98456
0.98556
0.98476
0.98486
0.98578
0.98534
0.98526
0.98588
0.98436
0.98564
0.98326
0.98456
0.98494
0.98594
0.9855
0.9855
0.98528
0.98574
0.98488
0.98532
0.98472
0.98422
0.98416
0.98556
0.98568
0.98508
0.98532
0.98498
0.9851
0.98528
0.9856
0.98516
0.98534
0.98372
0.9848
0.98508
0.98538
0.98498
0.98516
0.98462
0.98476
0.98404
0.98518
0.98592
0.98612
0.98364
0.9846
0.98542
0.98518
0.98586
0.98504
0.98568
0.9864
0.98482
0.98518
0.98594
0.98474
0.98516
0.9853
0.98466
0.98526
0.9852
0.98564
0.9847
0.9851
0.98466
0.98464
0.98504
0.9857
0.98484
0.9845
0.98384
0.98602
0.98488
0.98384
0.98398
0.98406
0.98456
0.98402
0.98456
0.98518
0.98468
0.98534
0.98532
0.98606
0.98482
0.98388
0.98416
0.985
0.98498
0.98452
0.98554
0.9845
0.98518
0.98418
0.98632
0.98574
0.9837
0.98418
0.98466
0.98576
0.98464
0.98632
0.98394
0.9853
0.98372
0.9847
0.98482
0.98528
0.9857
0.98554
0.98622
0.98562
0.98488
0.98508
0.98504
0.98466
0.98414
0.9852
0.98466
0.98426
0.98518
0.98402
0.98392
0.98532
0.98432
0.9864
0.98416
0.9849
0.98542
0.98558
0.98686
0.98548
0.98454
0.98624
0.98662
0.98526
0.98504
0.98496
0.98468
0.9844
0.98336
0.98556
0.98518
0.98504
0.98578
0.9848
0.98418
0.9859
0.9851
0.98586
0.98566
0.98472
0.9852
0.98478
0.98372
0.98558
0.98522
0.98606
0.98388
0.98664
0.98514
0.98506
0.98538
0.9859
0.9848
0.98406
0.98664
0.98378
0.98654
0.98648
0.98474
0.98632
0.9853
0.98474
0.9847
0.98486
0.98404
0.98426
0.98604
0.98548
0.98502
0.98488
0.98558
0.98524
0.98518
0.98576
0.9848
0.98508
0.9845
0.9865
0.98556
0.98428
0.9852
0.98438
0.98478
0.98526
0.98534
0.98622
0.98538
0.98424
0.98402
0.98436
0.9836
0.9865
0.98492
0.98616
0.98508
0.9853
0.9842
0.98384
0.9846
0.98472
0.98534
0.98396
0.98462
0.9855
0.98474
0.98566
0.98464
0.98502
0.98462
0.98494
0.9866
0.9847
0.98672
0.98604
0.98536
0.98614
0.98496
0.98448
0.98512
0.98526
0.98668
0.98526
0.98488
0.98468
0.98598
0.98594
0.98562
0.98578
0.98498
0.9853
0.9855
0.98566
0.98494
0.98556
0.98442
0.9854
0.98472
0.98474
0.98514
0.9847
0.9844
0.98416
0.98454
0.98416
0.9847
0.9855
0.9847
0.9847
0.98464
0.98514
0.985
0.98444
0.98518
0.98448
0.98424
0.98442
0.98572
0.98452
0.98424
0.9859
0.98514
0.98488
0.98398
0.98514
0.98508
0.98376
0.98604
0.98392
0.98572
0.9851
0.98416
0.9854
0.98548
0.98442
0.98494
0.98464
0.98474
0.98528
0.98672
0.98544
0.98514
0.98472
0.98452
0.9852
0.98536
0.98454
0.98464
0.98416
0.98498
0.98438
0.98496
0.98486
0.9857
0.98506
0.98466
0.98518
0.98452
0.98482
0.98632
0.98504
0.98394
0.9849
0.98444
0.98586
0.98498
0.98614
0.98494
0.98498
0.98468
0.98516
0.98508
0.98508
0.98432
0.9852
0.98474
0.98606
0.98682
0.98472
0.98358
0.985
0.98408
0.98542
0.9855
0.9851
0.98462
0.98478
0.98472
0.9854
0.98508
0.98598
0.98526
0.98472
0.9843
0.9859
0.98512
0.98502
0.98436
0.98558
0.98438
0.98416
0.98526
0.98366
0.9835
0.98464
0.98418
0.98464
0.98604
0.98434
0.9822
0.98594
0.98492
0.9848
0.98452
0.98532
0.98496
0.98606
0.98438
0.98482
0.98544
0.98502
0.98584
0.98526
0.98482
0.985
0.98476
0.98572
0.98478
0.9843
0.98526
0.98482
0.9845
0.98486
0.98562
0.98586
0.98624
0.98496
0.986
0.9849
0.9846
0.9854
0.98538
0.9853
0.98428
0.98486
0.98574
0.985
0.98556
0.9834
0.98678
0.98454
0.98496
0.98484
0.98572
0.98518
0.98306
0.98494
0.9849
0.98508
0.9848
0.98452
0.98506
0.98582
0.98486
0.9849
0.98486
0.9841
0.98492
0.98636
0.98456
0.98512
0.98506
0.98528
0.98498
0.98466
0.98504
0.98616
0.9841
0.9832
0.9855
0.98472
0.98326
0.9844
0.9842
0.98414
0.9851
0.9849
0.9854
0.98426
0.98556
0.98508
0.98532
0.98402
0.9856
0.98388
0.98324
0.98506
0.98394
0.98458
0.98476
0.98548
0.98442
0.9846
0.98592
0.9853
0.9832
0.9858
0.98546
0.98494
0.98416
0.98428
0.9854
0.98598
0.98552
0.98444
0.98632
0.98424
0.98618
0.98514
0.9843
0.98534
0.98546
0.98542
0.98422
0.98498
0.98482
0.98474
0.98516
0.9848
0.98566
0.98498
0.98526
0.98562
0.9856
0.98546
0.98566
0.98432
0.98532
0.9856
0.9853
0.98514
0.98534
0.98736
0.98544
0.98496
0.98552
0.98574
0.98676
0.98434
0.98464
0.985
0.98528
0.9837
0.98524
0.98464
0.98542
0.98548
0.9855
0.98566
0.986
0.98542
0.98458
0.98606
0.98562
0.98454
0.98532
0.98514
0.9862
0.9849
0.98498
0.9838
0.98462
0.98482
0.98462
0.9864
0.98456
0.98486
0.98574
0.98572
0.98582
0.98644
0.9848
0.98514
0.98562
0.98564
0.98494
0.98478
0.98584
0.98598
0.9835
0.98512
0.98568
0.98502
0.98556
0.9853
0.98462
0.98448
0.98584
0.98588
0.9853
0.98468
0.98616
0.98532
0.98638
0.98464
0.98504
0.98422
0.98458
0.98538
0.98476
0.98428
0.98478
0.98452
0.9845
0.98556
0.98486
0.98388
0.9851
0.9858
0.98534
0.98532
0.98318
0.98476
0.98502
0.98514
0.98674
0.98584
0.98538
0.98558
0.98492
0.98512
0.98452
0.98272
0.98522
0.98526
0.98596
0.98468
0.98404
0.98542
0.9848
0.98392
0.98552
0.98464
0.9841
0.98522
0.98438
0.98542
0.98554
0.98452
0.98604
0.98658
0.986
0.98604
0.98516
0.98436
0.98484
0.98506
0.98642
0.98424
0.98388
0.98398
0.98412
0.98476
0.9842
0.98458
0.98458
0.98526
0.98478
0.98482
0.98386
0.98626
0.98444
0.98506
0.9835
0.98554
0.98536
0.98496
0.9862
0.98474
0.98544
0.98554
0.98398
0.9856
0.9847
0.9853
0.9861
0.98516
0.98538
0.98556
0.98558
0.9842
0.98514
0.98536
0.9853
0.98648
0.9862
0.98568
0.98558
0.98522
0.98504
0.98486
0.98404
0.98492
0.98308
0.98432
0.98284
0.98556
0.98558
0.98548
0.98492
0.98486
0.98506
0.98432
0.98382
0.98328
0.98486
0.98552
0.98442
0.986
0.98644
0.98416
0.98598
0.98478
0.98488
0.98434
0.98518
0.98504
0.98534
0.9851
0.98558
0.9854
0.98532
0.98562
0.98568
0.98462
0.98426
0.98568
0.98492
0.98348
0.98404
0.98516
0.98482
0.98566
0.98504
0.98486
0.98478
0.98456
0.98712
0.98426
0.98562
0.98526
0.98418
0.98528
0.98554
0.9844
0.98402
0.98502
0.98484
0.98566
0.98506
0.98462
0.98476
0.98546
0.98526
0.98438
0.9836
0.98468
0.98568
0.98668
0.98526
0.98582
0.98492
0.98562
0.98508
0.9852
0.98642
0.98436
0.98524
0.98456
0.98528
0.98384
0.98514
0.98608
0.98516
0.98498
0.98488
0.98468
0.98484
0.9841
0.98444
0.98348
0.9854
0.98502
0.98504
0.98394
0.98436
0.98608
0.98498
0.98356
0.9841
0.9853
0.9855
0.98514
0.98514
0.98446
0.98494
0.98482
0.98476
0.98386
0.98572
0.9845
0.9847
0.98598
0.98586
0.98394
0.98556
0.9846
0.98518
0.9848
0.98454
0.98512
0.98494
0.98518
0.98528
0.98676
0.98496
0.985
0.98524
0.98444
0.98378
0.98462
0.98536
0.98578
0.9835
0.98592
0.98514
0.98494
0.98436
0.98512
0.98654
0.98498
0.98642
0.98438
0.9856
0.98524
0.98418
0.98594
0.98532
0.98574
0.98462
0.98502
0.98542
0.98388
0.98456
0.98534
0.98556
0.98526
0.98504
0.98498
0.98372
0.98522
0.98564
0.98564
0.98602
0.98458
0.98452
0.9843
0.98532
0.98534
0.98462
0.98446
0.9855
0.98494
0.98526
0.98512
0.98582
0.98602
0.98478
0.98502
0.98524
0.98512
0.98476
0.98486
0.98368
0.98566
0.98454
0.98504
0.98524
0.9852
0.9853
0.98504
0.98428
0.98414
0.98466
0.98556
0.98628
0.98528
0.98488
0.98474
0.98394
0.98528
0.98544
0.98544
0.98576
0.98526
0.98622
0.98456
0.9842
0.98574
0.98318
0.98576
0.98368
0.9847
0.98616
0.98578
0.98528
0.98464
0.98466
0.98578
0.98432
0.98588
0.98422
0.98602
0.98458
0.98536
0.98488
0.98444
0.9855
0.98406
0.98366
0.98486
0.98572
0.98496
0.98442
0.98582
0.98504
0.98472
0.98514
0.98534
0.98562
0.9854
0.9854
0.9839
0.98522
0.9844
0.98558
0.98584
0.98454
0.98542
0.98526
0.98408
0.9862
0.98504
0.98554
0.98562
0.98562
0.98544
0.98418
0.9837
0.98552
0.9839
0.98528
0.98478
0.98352
0.98552
0.98574
0.98494
0.9859
0.98544
0.9855
0.98412
0.98494
0.98412
0.98462
0.98566
0.9843
0.98546
0.98564
0.98494
0.98518
0.98582
0.98326
0.98446
0.98664
0.98512
0.98528
0.98432
0.98518
0.98488
0.98564
0.98594
0.98472
0.98612
0.98494
0.98416
0.9842
0.98474
0.98492
0.98526
0.9843
0.98508
0.98542
0.98418
0.9859
0.98422
0.98646
0.9842
0.98568
0.98406
0.98538
0.98642
0.98448
0.9853
0.98396
0.98564
0.98532
0.98468
0.98484
0.98568
0.98586
0.98562
0.98542
0.98596
0.98482
0.98538
0.986
0.98548
0.98438
0.98526
0.98516
0.98476
0.98534
0.98496
0.98396
0.98448
0.9851
0.98536
0.98432
0.98552
0.98358
0.98508
0.98678
0.98488
0.9858
0.98502
0.98514
0.98568
0.98574
0.9861
0.98568
0.98512
0.98494
0.98378
0.98438
0.98502
0.98466
0.98568
0.98514
0.98518
0.98464
0.98504
0.98576
0.98464
0.98642
0.98556
0.98512
0.98552
0.98506
0.98506
0.98444
0.98474
0.9851
0.98564
0.98492
0.98538
0.9852
0.98514
0.98578
0.9845
0.98416
0.98514
0.98406
0.98438
0.98528
0.98476
0.98494
0.98504
0.98534
0.98528
0.98534
0.98656
0.98536
0.98592
0.9848
0.98546
0.9838
0.98412
0.98666
0.98518
0.98472
0.98484
0.98554
0.98502
0.98474
0.9842
0.98458
0.98482
0.98432
0.98328
0.98378
0.98416
0.98494
0.98478
0.98568
0.9844
0.98564
0.98452
0.98568
0.98494
0.98486
0.98474
0.98572
0.98494
0.9852
0.98508
0.98402
0.98548
0.98524
0.98486
0.98486
0.98546
0.98482
0.9853
0.9843
0.983
0.98492
0.98624
0.9846
0.98516
0.98444
0.9841
0.9834
0.98648
0.98496
0.98576
0.98406
0.98514
0.98554
0.98492
0.98572
0.98542
0.98416
0.9844
0.98462
0.98394
0.98682
0.98502
0.9852
0.98482
0.98574
0.9845
0.98518
0.98542
0.98542
0.98536
0.98496
0.9851
0.98556
0.98376
0.98532
0.9852
0.98404
0.9846
0.9861
0.9852
0.9856
0.98534
0.98536
0.9859
0.98514
0.98554
0.98422
0.98368
0.98514
0.98402
0.98448
0.98388
0.98592
0.9853
0.98554
0.98392
0.98494
0.98546
0.98546
0.9859
0.98652
0.98476
0.9852
0.98464
0.9841
0.98474
0.9847
0.9845
0.98484
0.98552
0.98512
0.98452
0.98514
0.98502
0.98464
0.98492
0.9843
0.98476
0.9865
0.98494
0.9845
0.98548
0.98472
0.9852
0.98536
0.98496
0.98538
0.98476
0.98476
0.986
0.9842
0.9852
0.9857
0.9859
0.98466
0.98528
0.98518
0.98588
0.9841
0.98448
0.98538
0.98462
0.9836
0.98464
0.98556
0.9854
0.98426
0.98408
0.9835
0.98524
0.98538
0.98568
0.98354
0.98464
0.9838
0.98398
0.98566
0.98452
0.98464
0.98352
0.9837
0.98432
0.98358
0.98396
0.98468
0.9844
0.98456
0.98618
0.98442
0.98424
0.9849
0.98482
0.98476
0.98502
0.985
0.98564
0.9853
0.98486
0.9847
0.98536
0.98536
0.9847
0.98506
0.98516
0.98426
0.98476
0.98574
0.98416
0.98502
0.98508
0.98522
0.98524
0.98462
0.98416
0.98498
0.98526
0.98502
0.98496
0.986
0.98536
0.98578
0.98498
0.9848
0.98512
0.98394
0.98472
0.98512
0.9856
0.98414
0.985
0.98452
0.98568
0.98442
0.98554
0.98534
0.986
0.9859
0.98342
0.98512
0.9849
0.9845
0.98476
0.98458
0.98554
0.98574
0.98482
0.98522
0.98406
0.98446
0.98486
0.9851
0.98432
0.98562
0.9852
0.98548
0.98614
0.9849
0.98592
0.98432
0.98534
0.98518
0.9846
0.98416
0.98434
0.98584
0.98456
0.9858
0.98628
0.98576
0.98406
0.98528
0.98368
0.9845
0.98548
0.98546
0.985
0.98604
0.98638
0.9865
0.98492
0.98424
0.9855
0.98486
0.98458
0.98554
0.98356
0.98432
0.98466
0.98504
0.98432
0.98562
0.98534
0.98454
0.98494
0.98404
0.98498
0.98484
0.98492
0.98454
0.9853
0.985
0.98366
0.98572
0.98536
0.98446
0.98422
0.9854
0.98558
0.9842
0.98518
0.98366
0.98502
0.98492
0.985
0.98528
0.98346
0.98568
0.98492
0.9854
0.98476
0.98496
0.98544
0.98458
0.98382
0.98464
0.98508
0.98534
0.9848
0.98412
0.98468
0.98516
0.98462
0.98454
0.98522
0.98548
0.98386
0.9855
0.98544
0.98536
0.98614
0.98438
0.98556
0.98466
0.98428
0.98484
0.98378
0.98538
0.9838
0.98528
0.9858
0.9859
0.98334
0.98368
0.9855
0.98606
0.98516
0.98534
0.98504
0.98454
0.98464
0.9862
0.98464
0.98538
0.98402
0.98528
0.9854
0.98522
0.98506
0.98596
0.98584
0.98466
0.9856
0.98522
0.9851
0.98538
0.98404
0.9849
0.98588
0.9855
0.9847
0.98488
0.98528
0.98508
0.98564
0.9851
0.98564
0.98502
0.98538
0.98568
0.98606
0.98424
0.98426
0.9857
0.98432
0.9859
0.98594
0.98486
0.98598
0.98454
0.98496
0.98566
0.98572
0.9848
0.98352
0.98584
0.98642
0.9851
0.98474
0.98488
0.98574
0.98488
0.9847
0.98458
0.98466
0.98466
0.9843
0.98418
0.98496
0.98592
0.98382
0.98452
0.98402
0.98592
0.9854
0.98594
0.98446
0.98574
0.9843
0.98512
0.9845
0.98382
0.98498
0.98466
0.98576
0.9846
0.98484
0.98468
0.98414
0.98606
0.98484
0.98504
0.9847
0.98364
0.98338
0.9848
0.98494
0.98598
0.98552
0.98428
0.985
0.98504
0.98554
0.98552
0.98524
0.9858
0.98596
0.98456
0.9873
0.98496
0.98574
0.98556
0.98582
0.98376
0.9857
0.9858
0.98562
0.98552
0.98418
0.98562
0.98398
0.98562
0.98448
0.98534
0.98572
0.98612
0.9851
0.98568
0.9832
0.98444
0.98524
0.9852
0.98476
0.98414
0.98534
0.9839
0.98442
0.98606
0.98562
0.98532
0.98534
0.98582
0.98454
0.98462
0.98426
0.98488
0.98494
0.98528
0.98492
0.9845
0.9849
0.9847
0.98544
0.98522
0.98458
0.98398
0.98468
0.98556
0.98452
0.98416
0.98528
0.98524
0.98508
0.98506
0.9842
0.98498
0.98414
0.9844
0.98558
0.98512
0.98426
0.98446
0.98528
0.98504
0.98372
0.985
0.98524
0.98486
0.9853
0.98446
0.98492
0.98506
0.9849
0.9852
0.98526
0.98542
0.98326
0.98514
0.98582
0.98568
0.98592
0.98476
0.98498
0.98448
0.9853
0.9849
0.98618
0.98632
0.98546
0.98572
0.98466
0.98538
0.986
0.98476
0.9853
0.9854
0.98512
0.98482
0.9855
0.98524
0.9862
0.98438
0.9844
0.98416
0.98562
0.98416
0.98432
0.9857
0.98584
0.98402
0.98466
0.98512
0.9846
0.98458
0.98518
0.98534
0.98466
0.98608
0.98572
0.9843
0.98326
0.98432
0.98492
0.98444
0.9838
0.9852
0.98446
0.9852
0.98562
0.98564
0.98342
0.98496
0.98574
0.98378
0.98376
0.98464
0.98366
0.98616
0.98548
0.9859
0.98616
0.98524
0.98458
0.98398
0.98558
0.98536
0.98508
0.98456
0.9859
0.9857
0.98554
0.98468
0.98506
0.98308
0.98438
0.9852
0.98444
0.98446
0.98536
0.98512
0.9843
0.98394
0.98454
0.98578
0.9864
