0.2254
0.22444
0.22672
0.20822
0.21974
0.22928
0.22026
0.23906
0.21468
0.22486
0.22242
0.2265
0.22504
0.2233
0.2224
0.22342
0.21614
0.22568
0.21368
0.21898
0.22064
0.2227
0.2253
0.2258
0.22184
0.21988
0.23022
0.2242
0.22804
0.22432
0.22896
0.2275
0.2388
0.23496
0.22566
0.22686
0.22326
0.21522
0.22306
0.22492
0.22448
0.2444
0.22358
0.22598
0.2356
0.22828
0.21834
0.22366
0.2285
0.22288
0.23618
0.2254
0.22366
0.22624
0.22014
0.22274
0.22844
0.21208
0.22286
0.22894
0.23154
0.22876
0.21852
0.22456
0.2337
0.2246
0.23038
0.22402
0.22322
0.21526
0.22964
0.22288
0.22378
0.22984
0.22376
0.2169
0.20928
0.22428
0.22412
0.22714
0.22874
0.21274
0.21504
0.22586
0.22104
0.22048
0.22996
0.2172
0.21834
0.21054
0.22026
0.2235
0.23578
0.22196
0.2238
0.23088
0.2324
0.23626
0.23588
0.22102
0.22834
0.22018
0.22884
0.232
0.23532
0.22316
0.23516
0.22862
0.21956
0.22172
0.2304
0.22906
0.2225
0.22726
0.2207
0.21602
0.2263
0.2315
0.22012
0.23538
0.22354
0.22138
0.22038
0.22582
0.21514
0.22582
0.22462
0.23432
0.23442
0.22244
0.2285
0.21982
0.22558
0.22166
0.21672
0.20594
0.21288
0.22624
0.22168
0.21266
0.22834
0.2176
0.22568
0.22266
0.21976
0.21406
0.21942
0.21396
0.22024
0.2278
0.21562
0.22618
0.2283
0.22646
0.23014
0.22924
0.22796
0.21684
0.21362
0.218
0.21844
0.2291
0.2229
0.23032
0.23022
0.23108
0.22502
0.21668
0.2174
0.23726
0.223
0.22862
0.2313
0.22494
0.23002
0.22334
0.2237
0.21972
0.22542
0.22506
0.22666
0.2335
0.22532
0.22262
0.22574
0.22158
0.23044
0.21754
0.22602
0.22948
0.22954
0.22642
0.24418
0.22332
0.21484
0.22556
0.23238
0.22122
0.21412
0.22136
0.23504
0.2391
0.23208
0.22184
0.22058
0.22942
0.23126
0.2173
0.21936
0.22102
0.21994
0.21916
0.23156
0.21614
0.22102
0.23452
0.2349
0.23212
0.2386
0.23374
0.21768
0.22932
0.22756
0.2373
0.24272
0.24096
0.2244
0.22614
0.22082
0.22462
0.22122
0.21596
0.24512
0.24546
0.22706
0.2256
0.23112
0.22388
0.22266
0.22626
0.2278
0.22802
0.22716
0.224
0.2232
0.2248
0.23224
0.21558
0.22028
0.21848
0.2158
0.20902
0.21576
0.22972
0.22758
0.21768
0.21618
0.22022
0.22368
0.2231
0.20878
0.21796
0.22834
0.22676
0.22098
0.23764
0.2261
0.22136
0.234
0.23462
0.23232
0.23834
0.23676
0.21538
0.22302
0.2114
0.2131
0.21824
0.22746
0.2206
0.21762
0.231
0.21542
0.22806
0.22976
0.2307
0.22972
0.23138
0.22548
0.22596
0.22642
0.23348
0.22122
0.23014
0.22558
0.22074
0.22076
0.2236
0.23124
0.20742
0.21016
0.21458
0.22384
0.22888
0.22766
0.22396
0.22518
0.22414
0.21192
0.22266
0.21478
0.21548
0.2257
0.22302
0.22064
0.2244
0.23574
0.22142
0.22026
0.21916
0.22126
0.23668
0.21992
0.23
0.22068
0.23166
0.21632
0.22192
0.2338
0.2206
0.23722
0.22664
0.22142
0.21586
0.21988
0.2271
0.2296
0.21584
0.21674
0.23916
0.23266
0.22244
0.23292
0.22812
0.23344
0.22674
0.22808
0.22624
0.2265
0.2269
0.22866
0.23302
0.22872
0.22642
0.21368
0.2259
0.22998
0.22418
0.22014
0.22264
0.21572
0.2208
0.21798
0.21646
0.2278
0.22492
0.22354
0.22144
0.22918
0.22898
0.22828
0.22862
0.2252
0.22152
0.22528
0.2286
0.21602
0.2248
0.22194
0.23176
0.21914
0.2247
0.23098
0.23426
0.2287
0.21882
0.2227
0.19946
0.21498
0.22686
0.22284
0.2151
0.20946
0.22268
0.22868
0.21814
0.22048
0.2278
0.23752
0.23544
0.21988
0.2231
0.22506
0.21748
0.22154
0.21802
0.22508
0.22292
0.2338
0.23356
0.22134
0.22978
0.22294
0.21884
0.2231
0.227
0.22378
0.2245
0.22562
0.21346
0.21538
0.19804
0.22616
0.22406
0.22466
0.22384
0.22434
0.2178
0.21178
0.21612
0.22872
0.20928
0.21876
0.22288
0.22866
0.22978
0.2288
0.2206
0.22688
0.22014
0.21204
0.22324
0.22566
0.22
0.21376
0.21926
0.22078
0.21842
0.22402
0.2254
0.22772
0.23542
0.23088
0.21734
0.20952
0.23118
0.2208
0.21608
0.2315
0.22888
0.2285
0.23496
0.22602
0.22138
0.21706
0.22018
0.22128
0.22772
0.22906
0.23324
0.23074
0.21476
0.21968
0.22006
0.22554
0.2307
0.22176
0.2287
0.23068
0.22254
0.2266
0.22606
0.22168
0.23278
0.22006
0.22402
0.22318
0.223
0.22176
0.21228
0.21846
0.23004
0.2267
0.22464
0.23184
0.22482
0.23242
0.22582
0.22714
0.23368
0.23406
0.22312
0.22952
0.22722
0.2195
0.21798
0.22724
0.23092
0.22872
0.21634
0.22044
0.22502
0.23042
0.21944
0.22774
0.22372
0.21806
0.22034
0.23202
0.22326
0.2229
0.2166
0.22528
0.21824
0.2151
0.23628
0.2215
0.21854
0.22008
0.21766
0.2196
0.2093
0.22344
0.21618
0.22068
0.22652
0.22344
0.22796
0.21964
0.22878
0.22418
0.22578
0.22392
0.2269
0.23014
0.21724
0.22906
0.22304
0.2294
0.21358
0.2244
0.22586
0.22486
0.222
0.21806
0.20688
0.21488
0.21882
0.23592
0.22446
0.21558
0.2247
0.21594
0.22626
0.22656
0.22528
0.22294
0.22236
0.2262
0.22712
0.22268
0.2185
0.22072
0.21434
0.21258
0.22618
0.2199
0.21836
0.21824
0.20398
0.2196
0.22166
0.218
0.22098
0.22078
0.21922
0.23384
0.21714
0.22932
0.22564
0.22144
0.21994
0.23086
0.2274
0.21514
0.21698
0.22594
0.22498
0.2212
0.22044
0.22692
0.22696
0.22182
0.22886
0.2145
0.22576
0.2244
0.22622
0.22344
0.22982
0.2224
0.22378
0.22782
0.224
0.22688
0.22862
0.22552
0.21922
0.21274
0.22448
0.21752
0.22428
0.23002
0.2272
0.23174
0.2241
0.2275
0.23684
0.2404
0.23558
0.23296
0.235
0.22122
0.21162
0.21988
0.22692
0.22906
0.22502
0.21736
0.22502
0.22784
0.2163
0.22038
0.22662
0.2255
0.22898
0.22516
0.22722
0.22872
0.22504
0.21946
0.22294
0.22276
0.22992
0.2204
0.22916
0.22836
0.22978
0.22288
0.22874
0.22434
0.2162
0.2223
0.22254
0.21752
0.22342
0.21476
0.21112
0.22316
0.22516
0.23296
0.22584
0.22258
0.2406
0.21942
0.2225
0.22226
0.2187
0.21478
0.23012
0.22712
0.22434
0.21818
0.21716
0.2304
0.22022
0.22978
0.2172
0.23286
0.22542
0.21946
0.2263
0.22582
0.22318
0.2276
0.22732
0.21714
0.22402
0.22508
0.2227
0.22034
0.22076
0.22118
0.22028
0.22248
0.22926
0.23038
0.22466
0.2311
0.227
0.2327
0.21796
0.21706
0.21476
0.22208
0.22238
0.22234
0.21778
0.22558
0.22028
0.235
0.2253
0.21936
0.22884
0.22634
0.21644
0.22312
0.21978
0.2251
0.20726
0.22864
0.21988
0.21606
0.22296
0.2255
0.21806
0.22252
0.22984
0.23352
0.22016
0.2161
0.2209
0.2193
0.22766
0.22374
0.2268
0.2384
0.22608
0.22172
0.21778
0.22856
0.22524
0.21452
0.22726
0.2342
0.23148
0.22324
0.22196
0.22338
0.2272
0.22464
0.22014
0.22156
0.21994
0.2193
0.22118
0.21716
0.22534
0.21906
0.22774
0.23162
0.23296
0.21916
0.2233
0.21678
0.2134
0.20494
0.2319
0.21592
0.21962
0.22692
0.22934
0.22774
0.21534
0.224
0.21668
0.21786
0.21588
0.22556
0.2241
0.21526
0.22052
0.2233
0.23176
0.2288
0.2063
0.23212
0.2347
0.22498
0.22434
0.2256
0.23528
0.22994
0.22932
0.216
0.2285
0.22216
0.23022
0.22962
0.22508
0.2276
0.22582
0.2263
0.21638
0.2316
0.23184
0.22126
0.22436
0.22928
0.22674
0.23106
0.21868
0.23502
0.22378
0.2242
0.21972
0.2265
0.21564
0.23242
0.22814
0.22572
0.22634
0.22032
0.21936
0.22374
0.22624
0.22924
0.22078
0.21044
0.2145
0.2263
0.22016
0.2253
0.22554
0.22462
0.22106
0.22052
0.22948
0.23226
0.23042
0.23048
0.22572
0.2331
0.2296
0.2359
0.23906
0.23102
0.221
0.22214
0.2307
0.24106
0.21814
0.21904
0.22894
0.22238
0.2147
0.2125
0.22678
0.22906
0.23846
0.23188
0.22296
0.22692
0.21388
0.22766
0.2285
0.22264
0.22124
0.22266
0.20848
0.21958
0.22216
0.21692
0.21464
0.22682
0.22732
0.22642
0.23432
0.23172
0.21836
0.21744
0.22282
0.22328
0.2107
0.22566
0.2394
0.22652
0.22498
0.21658
0.22504
0.22128
0.22056
0.23344
0.2209
0.22204
0.22176
0.21718
0.23356
0.23082
0.21946
0.21282
0.2198
0.21438
0.21794
0.21886
0.22914
0.21234
0.22054
0.2284
0.22704
0.20472
0.2244
0.237
0.22748
0.22592
0.2243
0.21588
0.21844
0.22528
0.23108
0.22096
0.22466
0.23168
0.22246
0.22386
0.22022
0.21872
0.22326
0.22586
0.22886
0.22254
0.2257
0.221
0.21602
0.23424
0.2241
0.22378
0.23524
0.2208
0.2169
0.22368
0.22118
0.2204
0.21814
0.22002
0.21974
0.22584
0.2088
0.23486
0.23348
0.22826
0.2226
0.22774
0.22006
0.22458
0.22436
0.22554
0.22598
0.22006
0.21858
0.22116
0.21652
0.21976
0.22724
0.22936
0.2334
0.22464
0.21816
0.2177
0.22208
0.22096
0.21488
0.21708
0.21708
0.21388
0.23062
0.22632
0.21974
0.22484
0.22542
0.2262
0.21674
0.23266
0.23588
0.2312
0.21264
0.21922
0.2292
0.22762
0.22362
0.2189
0.22022
0.22746
0.2168
0.23742
0.2298
0.23226
0.22134
0.2168
0.20866
0.22876
0.2124
0.21744
0.21624
0.22596
0.23946
0.2228
0.21918
0.21756
0.22406
0.2192
0.21384
0.22242
0.22538
0.23318
0.22594
0.22706
0.2169
0.23934
0.21992
0.22716
0.23776
0.22874
0.21958
0.22298
0.229
0.21716
0.21506
0.22616
0.23398
0.21638
0.22298
0.22662
0.21462
0.21338
0.22478
0.21212
0.21554
0.23228
0.22978
0.22856
0.22928
0.21706
0.21354
0.21704
0.22064
0.21512
0.21028
0.22468
0.23142
0.23418
0.22234
0.2223
0.22868
0.22514
0.22596
0.23412
0.23044
0.22192
0.2224
0.21528
0.22654
0.22282
0.2206
0.21962
0.2295
0.2362
0.2321
0.21042
0.2322
0.22462
0.22006
0.22448
0.2186
0.22362
0.22416
0.22286
0.21496
0.22456
0.2181
0.23358
0.22694
0.21628
0.22738
0.21756
0.22768
0.21646
0.21032
0.22056
0.21998
0.21576
0.22114
0.21498
0.2248
0.22994
0.21602
0.21834
0.22974
0.22746
0.22064
0.2302
0.22698
0.22224
0.22484
0.22206
0.21846
0.21586
0.22402
0.22516
0.2287
0.23178
0.21768
0.2146
0.22412
0.23146
0.21374
0.21414
0.2339
0.2357
0.22484
0.23566
0.21946
0.21108
0.2197
0.22878
0.22236
0.22684
0.21878
0.21346
0.21228
0.22738
0.21884
0.22184
0.22736
0.22764
0.23042
0.20738
0.22322
0.22062
0.21708
0.2248
0.21888
0.2293
0.2324
0.2402
0.23214
0.21298
0.227
0.22818
0.22214
0.22538
0.22134
0.2287
0.21584
0.22206
0.21874
0.23162
0.22792
0.22638
0.23034
0.2209
0.2245
0.22158
0.22834
0.22634
0.22968
0.22316
0.21578
0.22954
0.21514
0.2176
0.2218
0.23024
0.23522
0.21558
0.23446
0.23494
0.2336
0.21864
0.23078
0.22728
0.23332
0.22216
0.2191
0.22296
0.2343
0.23158
0.22316
0.23018
0.21696
0.22316
0.21688
0.22836
0.22254
0.22016
0.2265
0.22628
0.22602
0.22174
0.2238
0.23336
0.22716
0.22556
0.22692
0.22826
0.22506
0.22168
0.2173
0.22818
0.22732
0.2212
0.22586
0.22642
0.22644
0.22986
0.22248
0.21454
0.22264
0.22012
0.22634
0.23042
0.23142
0.2278
0.2294
0.2297
0.23302
0.23256
0.21796
0.22304
0.22232
0.22692
0.2296
0.21906
0.22756
0.22048
0.22604
0.22256
0.22846
0.21566
0.22626
0.22018
0.22546
0.21764
0.22376
0.22092
0.2308
0.21948
0.22824
0.22698
0.2219
0.2175
0.22306
0.22628
0.2282
0.22508
0.23022
0.23058
0.21286
0.21832
0.22178
0.22652
0.23244
0.22648
0.22436
0.23202
0.24216
0.22472
0.22028
0.2252
0.23078
0.22924
0.20394
0.22394
0.23206
0.22548
0.23318
0.2232
0.23134
0.22508
0.22398
0.22572
0.22116
0.22246
0.22732
0.23176
0.22222
0.21604
0.20816
0.21562
0.21882
0.22596
0.23472
0.22688
0.2205
0.21296
0.22174
0.2199
0.23652
0.23162
0.21934
0.22518
0.22588
0.23362
0.22382
0.2183
0.21524
0.2159
0.21346
0.2176
0.22222
0.21932
0.22566
0.22408
0.22826
0.22882
0.21564
0.21786
0.22272
0.23082
0.22232
0.213
0.2248
0.2249
0.2307
0.2216
0.22182
0.22152
0.22174
0.21382
0.2314
0.2211
0.2307
0.228
0.22428
0.23808
0.22894
0.22988
0.22006
0.2205
0.23208
0.22522
0.22076
0.21776
0.22072
0.22206
0.2345
0.22322
0.21168
0.22024
0.21658
0.22656
0.2216
0.22546
0.22144
0.21878
0.21108
0.22762
0.2268
0.21126
0.21594
0.22964
0.22722
0.22238
0.23362
0.22892
0.21574
0.21502
0.2223
0.22702
0.2203
0.22832
0.23476
0.22564
0.23246
0.2249
0.21884
0.21564
0.22548
0.22552
0.22852
0.23356
0.2307
0.22198
0.22394
0.22214
0.21772
0.21064
0.21142
0.22502
0.22652
0.22252
0.22016
0.22512
0.23122
0.23316
0.22638
0.21812
0.21592
0.22088
0.22994
0.22702
0.22492
0.22222
0.21378
0.21476
0.2251
0.225
0.2229
0.219
0.22014
0.2268
0.23438
0.22386
0.21948
0.21716
0.2352
0.22594
0.23116
0.22578
0.22136
0.21782
0.2261
0.22982
0.22498
0.22906
0.22272
0.21962
0.22372
0.2287
0.23782
0.22922
0.226
0.22608
0.22382
0.22332
0.22514
0.22156
0.21568
0.22022
0.22454
0.23088
0.23906
0.22224
0.21452
0.21896
0.22878
0.20796
0.2145
0.22102
0.2209
0.22622
0.2212
0.22046
0.22664
0.23306
0.2305
0.2196
0.2214
0.22036
0.21784
0.22048
0.22248
0.2293
0.22262
0.23726
0.22198
0.22354
0.22714
0.2271
0.22028
0.22538
0.2244
0.22954
0.216
0.2324
0.22474
0.21084
0.2262
0.22876
0.21568
0.22592
0.23126
0.24006
0.21616
0.2225
0.23014
0.22224
0.22268
0.24264
0.23004
0.21408
0.23732
0.22194
0.22172
0.23198
0.23
0.21312
0.2126
0.23432
0.2236
0.22834
0.219
0.21982
0.2227
0.22816
0.22326
0.20678
0.2215
0.22998
0.22856
0.22588
0.21546
0.22878
0.23
0.21436
0.23118
0.22262
0.2265
0.21954
0.22128
0.21704
0.2221
0.2237
0.2204
0.22884
0.22598
0.21798
0.21694
0.22012
0.21288
0.22614
0.21192
0.22422
0.21926
0.21806
0.21866
0.21634
0.22438
0.22392
0.22624
0.2304
0.23226
0.22238
0.21952
0.22022
0.21752
0.22334
0.228
0.2201
0.21822
0.2202
0.20926
0.21478
0.22512
0.22856
0.23264
0.23418
0.21962
0.2127
0.2233
0.2274
0.22118
0.22526
0.21668
0.2336
0.21836
0.21942
0.21968
0.22996
0.23126
0.2305
0.21962
0.21172
0.21416
0.23454
0.24118
0.22292
0.22176
0.22882
0.22272
0.22682
0.23548
0.23132
0.22578
0.23082
0.2346
0.22102
0.22438
0.221
0.228
0.22516
0.23276
0.21904
0.22538
0.22438
0.22448
0.22594
0.2298
0.23314
0.23266
0.23366
0.21512
0.22986
0.2283
0.21726
0.22278
0.22502
0.2242
0.22354
0.21996
0.22176
0.22028
0.22414
0.2294
0.22348
0.22328
0.22994
0.22296
0.22366
0.23314
0.22464
0.2301
0.2224
0.21908
0.2297
0.22674
0.22094
0.22
0.2252
0.2055
0.2316
0.23052
0.22518
0.22824
0.2302
0.2246
0.21452
0.22068
0.21336
0.21618
0.21892
0.2202
0.2139
0.22694
0.22824
0.22814
0.21884
0.21552
0.2394
0.22508
0.22912
0.22914
0.22436
0.22974
0.23938
0.22672
0.22348
0.22926
0.22194
0.2184
0.21814
0.2186
0.2193
0.2101
0.22744
0.21628
0.21338
0.21846
0.22826
0.22454
0.21312
0.22716
0.22798
0.22744
0.2206
0.2163
0.21074
0.22034
0.22764
0.2227
0.22398
0.22596
0.2278
0.22376
0.21518
0.21914
0.2214
0.21836
0.22838
0.22206
0.21624
0.20742
0.22388
0.23114
0.22232
0.23394
0.22198
0.22584
0.22174
0.22216
0.22512
0.23242
0.22802
0.22754
0.21912
0.22372
0.22538
0.22712
0.22716
0.21878
0.22518
0.22948
0.22086
0.2305
0.22616
0.2333
0.23256
0.22904
0.21152
0.21342
0.22578
0.22014
0.2215
0.2284
0.24056
0.22918
0.22372
0.23302
0.22158
0.21988
0.22962
0.22928
0.22344
0.2207
0.21476
0.21828
0.22322
0.23148
0.21708
0.22408
0.23412
0.2198
0.22616
0.23914
0.22736
0.22752
0.22026
0.22046
0.21614
0.22028
0.2191
0.23174
0.22002
0.22304
0.23688
0.22556
0.22392
0.22388
0.22084
0.22034
0.21248
0.23188
0.23408
0.22418
0.22722
0.2206
0.221
0.22372
0.22242
0.2268
0.21544
0.231
0.2258
0.22476
0.23028
0.2295
0.22464
0.22346
0.22226
0.2246
0.22278
0.2121
0.21662
0.22726
0.22128
0.21722
0.21878
0.22316
0.22726
0.22954
0.22262
0.22236
0.21194
0.22954
0.2355
0.22538
0.22118
0.21444
0.2276
0.2238
0.225
0.23532
0.22076
0.22496
0.23086
0.22482
0.22642
0.2306
0.2203
0.21402
0.21646
0.2317
0.2179
0.2296
0.22068
0.21956
0.23246
0.22836
0.2244
0.21752
0.2111
0.22762
0.22444
0.22338
0.21278
0.22408
0.22488
0.21696
0.2285
0.22698
0.22926
0.2354
0.2219
0.23162
0.22404
0.22418
0.22138
0.21616
0.22642
0.21442
0.21792
0.21072
0.22144
0.2208
0.22634
0.21042
0.22278
0.22142
0.21696
0.2276
0.22412
0.22404
0.23026
0.22
0.22276
0.22512
0.22286
0.22364
0.21916
0.22172
0.21716
0.22152
0.21978
0.21602
0.22774
0.22916
0.22304
0.22438
0.2284
0.22192
0.22186
0.23322
0.22158
0.21868
0.22176
0.21628
0.2213
0.21722
0.21924
0.21642
0.21496
0.2202
0.22212
0.21528
0.22026
0.21742
0.22102
0.21738
0.21264
0.22888
0.22008
0.22556
0.22376
0.22222
0.22534
0.2128
0.223
0.2321
0.2171
0.21968
0.21756
0.21582
0.21938
0.22134
0.22064
0.2204
0.2174
0.22228
0.23414
0.22236
0.22028
0.22944
0.20912
0.2265
0.22286
0.2225
0.21626
0.2223
0.22662
0.23112
0.22626
0.22234
0.23614
0.21928
0.22338
0.22742
0.23054
0.23414
0.2276
0.22536
0.22766
0.2107
0.22896
0.22416
0.22464
0.22698
0.21624
0.23552
0.21918
0.23096
0.21996
0.21454
0.23606
0.22652
0.22526
0.21262
0.2205
0.22006
0.21438
0.21154
0.22066
0.22236
0.21934
0.22114
0.23246
0.22278
0.23094
0.22562
0.21782
0.22336
0.22322
0.22312
0.21982
0.22338
0.2339
0.22248
0.2276
0.23114
0.22734
0.22924
0.22974
0.2242
0.231
0.2263
0.23042
0.2297
0.22186
0.22748
0.2155
0.22476
0.22912
0.22278
0.22892
0.23208
0.22656
0.2336
0.2204
0.23062
0.22838
0.22304
0.22438
0.21454
0.22686
0.2323
0.22916
0.217
0.21406
0.2301
0.21708
0.2291
0.2088
0.2192
0.21222
0.22066
0.22362
0.216
0.2288
0.22584
0.23078
0.22678
0.22468
0.22572
0.22848
0.22028
0.22592
0.23
0.21444
0.22776
0.21828
0.21564
0.21856
0.22988
0.2229
0.21598
0.21126
0.2115
0.22832
0.2293
0.215
0.22418
0.23672
0.22864
0.22748
0.22854
0.22678
0.22476
0.2293
0.22508
0.22568
0.22752
0.21896
0.22562
0.21926
0.21784
0.23094
0.2279
0.21636
0.22064
0.23314
0.22658
0.22134
0.21108
0.21354
0.21872
0.22466
0.23112
0.2212
0.21448
0.2181
0.22396
0.2131
0.22488
0.21802
0.21874
0.22566
0.22176
0.22008
0.22646
0.21848
0.21468
0.22168
0.22426
0.21362
0.22204
0.2192
0.22084
0.22618
0.21754
0.221
0.20174
0.21188
0.22244
0.21458
0.2307
0.22534
0.23446
0.22174
0.2109
0.21174
0.22128
0.21894
0.21564
0.22406
0.23
0.22862
0.21698
0.2217
0.22004
0.21592
0.22006
0.22444
0.22604
0.22118
0.22682
0.22898
0.22422
0.19976
0.23526
0.22916
0.23054
0.22144
0.22602
0.23582
0.22558
0.22236
0.21386
0.21898
0.23274
0.21724
0.22514
0.22442
0.21846
0.2272
0.22154
0.22862
0.22092
0.21626
0.21856
0.22592
0.22164
0.22428
0.22318
0.23432
0.22568
0.2249
0.23606
0.22256
0.21736
0.21916
0.22434
0.23036
0.21714
0.23532
0.23722
0.22798
0.21514
0.22114
0.23868
0.22894
0.22414
0.23418
0.228
0.22656
0.21682
0.2278
0.22512
0.21962
0.23174
0.2269
0.21254
0.21994
0.22988
0.22472
0.22402
0.22142
0.2245
0.21528
0.22748
0.22036
0.23418
0.23158
0.23144
0.22828
0.22972
0.22128
0.2195
0.21518
0.2231
0.22396
0.21226
0.2114
0.22362
0.22364
0.2221
0.22802
0.22764
0.2263
0.2217
0.22978
0.21548
0.22586
0.22996
0.21886
0.23576
0.22966
0.23004
0.2142
0.21696
0.21522
0.21944
0.22128
0.22756
0.21926
0.22238
0.22944
0.21572
0.21978
0.21696
0.22052
0.23226
0.22886
0.23314
0.22614
0.22456
0.22462
0.22098
0.21592
0.21626
0.2243
0.21748
0.22368
0.2422
0.22918
0.22386
0.22658
0.24034
0.23076
0.21472
0.23204
0.22652
0.2317
0.22346
0.22798
0.22478
0.23562
0.2291
0.23636
0.21274
0.21392
0.22448
0.22578
0.22732
0.22604
0.2248
0.22274
0.2278
0.2171
0.22376
0.22326
0.23572
0.22564
0.22738
0.21994
0.2247
0.2287
0.21754
0.22966
0.21804
0.22164
0.23128
0.22992
0.22252
0.23528
0.22726
0.21334
0.22502
0.21166
0.21534
0.23194
0.2275
0.22472
0.22892
0.21206
0.21736
0.22074
0.22614
0.22076
0.21464
0.2263
0.21694
0.2099
0.23738
0.2303
0.23052
0.21174
0.22988
0.22906
0.21728
0.22064
0.216
0.2299
0.23324
0.22282
0.23418
0.2266
0.2292
0.21946
0.22444
0.22886
0.22398
0.2238
0.22522
0.22748
0.2136
0.2188
0.22192
0.22376
0.22048
0.21938
0.22292
0.2195
0.22564
0.2185
0.2279
0.22624
0.23708
0.2188
0.2272
0.23118
0.22596
0.21244
0.21546
0.2201
0.22212
0.22834
0.23414
0.2237
0.22438
0.22604
0.22972
0.2168
0.22298
0.23078
0.21292
0.22446
0.23834
0.23134
0.22966
0.22518
0.22032
0.22226
0.22584
0.22608
0.22782
0.20994
0.22834
0.23664
0.23182
0.21988
0.2186
0.21478
0.22946
0.22068
0.2297
0.21926
0.22298
0.23082
0.23192
0.22484
0.22404
0.23992
0.22782
0.22284
0.23192
0.23496
0.23276
0.2145
0.22238
0.23534
0.21584
0.2321
0.22468
0.22828
0.21688
0.23212
0.22618
0.21602
0.21996
0.22046
0.228
0.21288
0.216
0.22042
0.2161
0.2236
0.22108
0.22674
0.21512
0.23502
0.2219
0.22608
0.23562
0.23524
0.21902
0.22982
0.2207
0.23446
0.22536
0.22364
0.21628
0.2231
0.22986
0.2176
0.23074
0.20922
0.22502
0.22152
0.22378
0.22354
0.22128
0.21484
0.21478
0.22372
0.23096
0.22418
0.21742
0.22616
0.21908
0.21956
0.21842
0.2373
0.2315
0.22608
0.233
0.22712
0.22246
0.22494
0.23308
0.21338
0.22094
0.21806
0.22676
0.21438
0.22868
0.22268
0.2226
0.22016
0.23564
0.22288
0.22264
0.21996
0.2369
0.22956
0.23194
0.2136
0.22152
0.22846
0.21316
0.21696
0.23786
0.23476
0.22972
0.22748
0.22402
0.21902
0.21772
0.22214
0.2421
0.22658
0.21164
0.21336
0.22254
0.21572
0.22834
0.2347
0.23112
0.22848
0.22088
0.22226
0.22408
0.21918
0.22378
0.23408
0.23506
0.22562
0.2349
0.23058
0.22942
0.2309
0.22114
0.22526
0.22336
0.21566
0.23008
0.22928
0.22316
0.2306
0.22792
0.2226
0.21706
0.22106
0.231
0.22116
0.22098
0.22728
0.223
0.22772
0.23028
0.23046
0.22192
0.2279
0.22222
0.22512
0.21876
0.23198
0.23014
0.2297
0.21418
0.2266
0.22524
0.236
0.23332
0.22282
0.2163
0.21318
0.22896
0.22438
0.22324
0.2337
0.22556
0.21836
0.22772
0.22496
0.22268
0.22292
0.2125
0.2223
0.23208
0.2159
0.21762
0.21558
0.21572
0.21624
0.22696
0.2296
0.23704
0.2233
0.22824
0.22268
0.22532
0.2272
0.2165
0.22718
0.23064
0.22306
0.2211
0.2189
0.22598
0.2249
0.22942
0.2182
0.22242
0.21742
0.2156
0.21654
0.21486
0.2241
0.21846
0.22142
0.2285
0.22924
0.21734
0.2188
0.21894
0.22628
0.22692
0.21868
0.24112
0.22566
0.2281
0.23012
0.2317
0.23036
0.21524
0.21848
0.22118
0.2308
0.22202
0.2319
0.23382
0.2189
0.22156
0.22136
0.23018
0.21978
0.2289
0.22664
0.22066
0.22506
0.22678
0.22442
0.22266
0.21988
0.22078
0.2315
0.22318
0.21434
0.2278
0.2265
0.2226
0.23838
0.229
0.22738
0.21254
0.22608
0.22488
0.22976
0.22196
0.22698
0.22394
0.22926
0.2277
0.22666
0.22594
0.22428
0.2327
0.22218
0.21804
0.23278
0.2261
0.21188
0.21738
0.23816
0.23898
0.21762
0.21072
0.2227
0.23282
0.21926
0.2229
0.21446
0.2349
0.23474
0.21636
0.20778
0.22336
0.22156
0.22308
0.22514
0.21984
0.23084
0.22576
0.22004
0.22034
0.2303
0.22108
0.2216
0.21724
0.2188
0.21732
0.21992
0.21672
0.2182
0.22134
0.22666
0.22962
0.21706
0.22134
0.22156
0.22508
0.22876
0.22526
0.22052
0.21302
0.23096
0.21038
0.22868
0.22264
0.22476
0.23672
0.22462
0.22342
0.22874
0.22624
0.21376
0.22024
0.23058
0.22078
0.22234
0.23112
0.22496
0.21968
0.21192
0.2284
0.22398
0.2164
0.2194
0.23052
0.22994
0.22116
0.23554
0.22686
0.22706
0.21782
0.23904
0.23146
0.22774
0.21896
0.2245
0.22908
0.23272
0.22988
0.22982
0.22306
0.21766
0.22494
0.21888
0.22824
0.216
0.22578
0.22062
0.22074
0.22702
0.22534
0.21306
0.22716
0.22844
0.22376
0.22838
0.2229
0.21372
0.2305
0.22186
0.22066
0.21446
0.23544
0.21248
0.22216
0.21376
0.23158
0.21978
0.22628
0.22046
0.21522
0.21338
0.22274
0.2313
0.22304
0.21554
0.21858
0.22934
0.22296
0.2231
0.21964
0.20918
0.2191
0.22774
0.22558
0.22862
0.20506
0.2195
0.23492
0.22244
0.22468
0.21838
0.22336
0.22686
0.22204
0.22432
0.21722
0.23192
0.2287
0.22312
0.2137
0.22748
0.2279
0.22542
0.23434
0.22942
0.24048
0.21902
0.23002
0.2319
0.2223
0.23656
0.21946
0.22916
0.22402
0.22448
0.21658
0.22424
0.21816
0.21392
0.20454
0.22564
0.23228
0.21308
0.22496
0.22448
0.22096
0.23974
0.22474
0.2152
0.21324
0.22426
0.2225
0.21936
0.2246
0.2221
0.21848
0.21904
0.21198
0.22098
0.23168
0.22156
0.23062
0.2352
0.22456
0.23186
0.2308
0.2247
0.22076
0.22474
0.22316
0.22654
0.2178
0.2134
0.21704
0.21022
0.22464
0.22762
0.2209
0.22588
0.22206
0.22518
0.223
0.22264
0.22172
0.21758
0.21584
0.22614
0.21268
0.22398
0.23058
0.22852
0.21624
0.21874
0.22704
0.2157
0.2055
0.21148
0.21722
0.21376
0.23268
0.23158
0.22306
0.22074
0.22798
0.22252
0.22662
0.22086
0.22286
0.2248
0.22148
0.2308
0.226
0.2244
0.22746
0.22094
0.20926
0.2301
0.21748
0.22282
0.2247
0.22688
0.22964
0.22618
0.22702
0.21836
0.2271
0.24252
0.22264
0.2291
0.21834
0.2306
0.22988
0.22246
0.22704
0.22424
0.22088
0.22314
0.21156
0.2137
0.2144
0.21778
0.22272
0.22706
0.2301
0.2224
0.23658
0.23054
0.21874
0.21832
0.22292
0.22868
0.2153
0.22036
0.23246
0.22606
0.2208
0.21932
0.21142
0.22446
0.21878
0.20686
0.22842
0.22942
0.2241
0.21826
0.22948
0.22122
0.22974
0.2264
0.21304
0.21776
0.21572
0.21766
0.22406
0.22428
0.22536
0.21554
0.21854
0.22194
0.21882
0.21894
0.22504
0.22624
0.21688
0.23426
0.22156
0.2203
0.2176
0.21824
0.23908
0.22798
0.22634
0.22204
0.2198
0.22394
0.22766
0.24198
0.23354
0.22976
0.2217
0.22614
0.21414
0.2148
0.22078
0.21624
0.22254
0.22122
0.2232
0.22694
0.22272
0.2245
0.23054
0.22782
0.2375
0.23132
0.22216
0.21394
0.22202
0.21876
0.21292
0.21766
0.21152
0.2132
0.223
0.22306
0.22198
0.2149
0.21768
0.21538
0.21932
0.23168
0.22616
0.21774
0.21498
0.21824
0.22264
0.22838
0.22306
0.22536
0.23142
0.2369
0.22272
0.23234
0.22172
0.22144
0.22478
0.22296
0.21794
0.21326
0.22774
0.22074
0.2152
0.22772
0.2211
0.2316
0.21882
0.2232
0.22254
0.22922
0.2246
0.22786
0.22772
0.2281
0.22658
0.23912
0.22836
0.2234
0.22314
0.23834
0.22994
0.22904
0.21732
0.23018
0.23248
0.22608
0.2323
0.22254
0.23068
0.21708
0.2256
0.2273
0.21486
0.2272
0.21674
0.21896
0.2306
0.23238
0.2304
0.2316
0.22784
0.232
0.22466
0.23498
0.21734
0.21926
0.22712
0.23416
0.22582
0.209
0.2207
0.21404
0.21686
0.23134
0.21978
0.20888
0.21828
0.22088
0.21958
0.22374
0.22838
0.22664
0.22242
0.2291
0.22436
0.22136
0.2188
0.2205
0.2224
0.2188
0.23042
0.2191
0.22842
0.22282
0.22376
0.2316
0.22222
0.23174
0.22606
0.22578
0.21788
0.23218
0.21662
0.21218
0.22242
0.22988
0.22632
0.2237
0.22506
0.23286
0.22626
0.2288
0.21224
0.23648
0.22206
0.22914
0.22852
0.2239
0.22396
0.21648
0.22342
0.23598
0.22378
0.23002
0.22206
0.2216
0.22698
0.23168
0.22358
0.22948
0.21742
0.22274
0.22922
0.22416
0.22984
0.22628
0.22886
0.22202
0.22178
0.23358
0.21722
0.22436
0.2205
0.22494
0.22354
0.21834
0.22554
0.23536
0.22964
0.227
0.23076
0.22844
0.22784
0.20986
0.22106
0.22194
0.23424
0.22574
0.21972
0.2342
0.23014
0.23498
0.23972
0.219
0.2313
0.22908
0.22772
0.235
0.22996
0.21948
0.22898
0.22446
0.21574
0.21712
0.223
0.21722
0.22314
0.22206
0.22364
0.21734
0.21472
0.2331
0.21704
0.21358
0.21814
0.22218
0.22012
0.2265
0.23208
0.22848
0.22166
0.22206
0.2153
0.2273
0.23136
0.21382
0.22536
0.22974
0.22466
0.22282
0.22598
0.23078
0.22436
0.22514
0.23074
0.22614
0.22036
0.22052
0.22958
0.2237
0.22628
0.2274
0.22174
0.22614
0.22726
0.23162
0.22838
0.21974
0.21598
0.22686
0.2256
0.22414
0.22114
0.23056
0.21942
0.22988
0.22432
0.22522
0.2259
0.21748
0.22516
0.22238
0.21428
0.2223
0.21368
0.21828
0.21676
0.22822
0.233
0.22518
0.23126
0.22078
0.21298
0.22334
0.22474
0.22948
0.22342
0.22528
0.22344
0.22848
0.23218
0.23478
0.22504
0.21842
0.22572
0.21566
0.21872
0.22878
0.23316
0.22582
0.2301
0.23258
0.22062
0.21848
0.21016
0.21942
0.2264
0.22284
0.22322
0.22918
0.22262
0.2248
0.22392
0.22532
0.2292
0.23478
0.23006
0.21446
0.22262
0.22572
0.23638
0.2319
0.232
0.22576
0.22142
0.23626
0.23068
0.2282
0.23448
0.21898
0.21394
0.21636
0.22494
0.23678
0.22828
0.21968
0.22832
0.22542
0.21836
0.22522
0.21776
0.22062
0.22594
0.21434
0.22366
0.22974
0.2158
0.22642
0.21974
0.22944
0.22934
0.2291
0.23318
0.22552
0.2283
0.21012
0.21112
0.21494
0.22588
0.22748
0.21916
0.23236
0.21804
0.22736
0.22578
0.2105
0.22498
0.2245
0.20592
0.22624
0.23432
0.21352
0.22114
0.21604
0.22134
0.20748
0.23222
0.22114
0.22656
0.21784
0.23452
0.2232
0.22972
0.23094
0.21856
0.22762
0.22614
0.2313
0.22604
0.23354
0.22242
0.21302
0.21944
0.2159
0.21728
0.2111
0.21266
0.21282
0.22218
0.2155
0.2299
0.22372
0.23648
0.2225
0.22962
0.235
0.2262
0.21754
0.22548
0.2207
0.22266
0.21434
0.22916
0.21886
0.2298
0.23124
0.22226
0.21972
0.2267
0.2255
0.22174
0.22362
0.22174
0.2137
0.22624
0.23054
0.22766
0.21916
0.21472
0.20962
0.2245
0.23454
0.23056
0.20544
0.22126
0.2277
0.21688
0.22846
0.2186
0.21812
0.22696
0.21854
0.22466
0.2248
0.21648
0.22424
0.23586
0.23536
0.21872
0.22222
0.22868
0.23092
0.22236
0.22204
0.22778
0.22048
0.22716
0.22114
0.22198
0.22708
0.22502
0.22206
0.22338
0.23376
0.21942
0.22188
0.22012
0.23478
0.2326
0.21356
0.22334
0.22784
0.21236
0.22294
0.2398
0.22222
0.22902
0.22152
0.21714
0.21606
0.22518
0.22476
0.23
0.22334
0.2256
0.22974
0.22638
0.2324
0.22734
0.22634
0.22924
0.24218
0.22514
0.21974
0.22358
0.22476
0.22216
0.23034
0.221
0.21846
0.2183
0.21748
0.22254
0.21984
0.22306
0.24118
0.23674
0.22818
0.22852
0.22358
0.21374
0.22154
0.21456
0.21904
0.22472
0.22402
0.22754
0.21542
0.22644
0.2191
0.2205
0.22936
0.21186
0.21548
0.22288
0.22124
0.21868
0.22356
0.22394
0.2164
0.21698
0.2261
0.2255
0.21408
0.21576
0.21678
0.21708
0.22838
0.23036
0.2161
0.21774
0.2174
0.22924
0.21904
0.23684
0.2196
0.22054
0.21568
0.2252
0.2268
0.22184
0.22892
0.23392
0.2247
0.21228
0.21674
0.22068
0.21554
0.22568
0.2146
0.21984
0.2284
0.22682
0.22138
0.23432
0.2276
0.21742
0.21936
0.22716
0.2221
0.23342
0.22892
0.22106
0.22746
0.2262
0.22862
0.23426
0.216
0.21324
0.21742
0.21918
0.2221
0.23516
0.23526
0.22148
0.21684
0.21508
0.22298
0.21598
0.22902
0.23726
0.23232
0.21706
0.22762
0.22408
0.22036
0.22776
0.23296
0.22784
0.22318
0.21938
0.2325
0.22884
0.22432
0.23852
0.21924
0.21922
0.2307
0.21712
0.22446
0.22872
0.22322
0.23394
0.2072
0.22264
0.22924
0.22176
0.23566
0.23314
0.2323
0.2182
0.22414
0.23232
0.2274
0.22488
0.22238
0.21858
0.22394
0.22502
0.222
0.22676
0.23276
0.2203
0.22272
0.22036
0.21534
0.2237
0.22852
0.21712
0.21798
0.22652
0.21974
0.22228
0.2121
0.23516
0.22056
0.22806
0.22366
0.22326
0.22936
0.20904
0.21118
0.22326
0.21218
0.22858
0.22442
0.21414
0.22256
0.22936
0.22126
0.21782
0.21376
0.23208
0.22056
0.21928
0.22608
0.21858
0.21268
0.24058
0.22802
0.2219
0.2268
0.22154
0.21426
0.22952
0.22408
0.23118
0.21496
0.21536
0.22386
0.21886
0.21898
0.23396
0.233
0.23104
0.23044
0.229
0.22548
0.21926
0.2182
0.21846
0.22526
0.22132
0.23198
0.21758
0.22974
0.22138
0.22374
0.21728
0.22878
0.21998
0.21066
0.22078
0.22628
0.22482
0.22914
0.22268
0.22316
0.21686
0.21816
0.22688
0.22866
0.2192
0.22716
0.22828
0.22462
0.22168
0.22494
0.22974
0.22278
0.20968
0.21208
0.22724
0.23086
0.22288
0.2232
0.20716
0.2162
0.22596
0.2284
0.22702
0.22742
0.23372
0.22216
0.21836
0.21682
0.23114
0.23494
0.22648
0.22194
0.22946
0.23048
0.22114
0.22228
0.21672
0.22416
0.22648
0.22404
0.22726
0.22066
0.20328
0.22052
0.21066
0.22324
0.2388
0.2281
0.21716
0.2284
0.22572
0.21918
0.23558
0.23138
0.22556
0.224
0.23102
0.22616
0.22596
0.2295
0.22692
0.22112
0.22984
0.23564
0.21372
0.22794
0.22134
0.21482
0.21702
0.2142
0.21868
0.2224
0.2328
0.23516
0.22914
0.2176
0.21466
0.22894
0.23792
0.22052
0.23156
0.2213
0.21772
0.22554
0.211
0.22932
0.21212
0.22872
0.22424
0.2348
0.22274
0.22368
0.2226
0.22838
0.22958
0.22506
0.22792
0.21566
0.23106
0.23446
0.23294
0.22542
0.21796
0.22312
0.23312
0.22524
0.21804
0.2335
0.22514
0.2224
0.2199
0.2105
0.21932
0.23914
0.23336
0.22264
0.22302
0.22954
0.2195
0.20978
0.22356
0.2328
0.22588
0.21578
0.22764
0.2227
0.23028
0.21736
0.21054
0.2172
0.23178
0.22916
0.22786
0.22476
0.22514
0.20926
0.21648
0.21754
0.22686
0.22318
0.21216
0.22052
0.2159
0.2274
0.22382
0.21614
0.2277
0.22682
0.22602
0.22266
0.22342
0.22624
0.22094
0.21646
0.2218
0.22324
0.22664
0.2282
0.2239
0.219
0.21108
0.21918
0.2109
0.21714
0.22232
0.2219
0.22574
0.21668
0.21662
0.21836
0.20836
0.2156
0.22902
0.23154
0.21548
0.20802
0.22452
0.2244
0.2292
0.23916
0.22928
0.21694
0.21912
0.23306
0.2294
0.2281
0.22112
0.22948
0.23552
0.22414
0.22062
0.21258
0.2311
0.21638
0.22902
0.22854
0.21962
0.22624
0.20266
0.23084
0.22034
0.22412
0.21504
0.21394
0.22474
0.22644
0.22038
0.22052
0.22454
0.22114
0.2141
0.21694
0.21246
0.21328
0.22392
0.21444
0.21688
0.22794
0.22564
0.22794
0.23
0.23044
0.22994
0.23374
0.23438
0.23446
0.22298
0.21624
0.22774
0.22432
0.21186
0.22118
0.20826
0.22364
0.21746
0.21436
0.2151
0.22916
0.22334
0.21336
0.2261
0.22624
0.21714
0.2217
0.22748
0.224
0.2247
0.21552
0.21808
0.2181
0.22916
0.2295
0.22138
0.22492
0.2245
0.2226
0.21422
0.21398
0.21456
0.2157
0.22058
0.23084
0.23016
0.22628
0.22176
0.22222
0.22096
0.2166
0.23382
0.2176
0.22574
0.22904
0.23702
0.2258
0.22804
0.23364
0.21488
0.2265
0.2217
0.22142
0.2132
0.22032
0.22244
0.23132
0.22968
0.21616
0.22704
0.23208
0.22306
0.22308
0.22854
0.226
0.23106
0.22246
0.21184
0.21048
0.22846
0.21934
0.21076
0.2322
0.2228
0.22458
0.21704
0.22002
0.22898
0.22796
0.21996
0.2227
0.21858
0.22494
0.20318
0.21908
0.22836
0.22928
0.23094
0.2191
0.226
0.22266
0.22002
0.22524
0.2216
0.22698
0.21922
0.23486
0.2191
0.22592
0.21286
0.22258
0.22438
0.23198
0.21796
0.22486
0.2128
0.23384
0.22864
0.22066
0.2177
0.22352
0.22514
0.21694
0.23174
0.22482
0.21298
0.21906
0.22912
0.2332
0.22048
0.21804
0.20866
