-0.374
-0.39486
-0.40192
-0.39194
-0.40496
-0.3899
-0.38272
-0.38202
-0.39514
-0.40776
-0.39504
-0.39036
-0.3941
-0.3946
-0.40438
-0.39658
-0.39644
-0.38802
-0.39
-0.38846
-0.3872
-0.38902
-0.37846
-0.384
-0.37472
-0.38492
-0.39112
-0.38252
-0.37798
-0.39196
-0.4012
-0.4025
-0.39804
-0.3913
-0.40254
-0.3905
-0.38236
-0.3876
-0.38956
-0.3898
-0.38322
-0.3912
-0.38942
-0.3939
-0.38608
-0.38916
-0.39802
-0.39144
-0.39652
-0.38116
-0.38842
-0.39326
-0.39758
-0.4053
-0.39306
-0.39014
-0.388
-0.39758
-0.39488
-0.39532
-0.39358
-0.38868
-0.38946
-0.39628
-0.41108
-0.3861
-0.4021
-0.39068
-0.3775
-0.38918
-0.39312
-0.40084
-0.39536
-0.3933
-0.38378
-0.37856
-0.37314
-0.39448
-0.39288
-0.38332
-0.3884
-0.38884
-0.39224
-0.39654
-0.39882
-0.40134
-0.40336
-0.38654
-0.3922
-0.3875
-0.39482
-0.39098
-0.39592
-0.39034
-0.383
-0.39226
-0.39378
-0.3971
-0.39658
-0.38362
-0.39136
-0.3882
-0.38132
-0.39154
-0.39334
-0.381
-0.39338
-0.3923
-0.38774
-0.38958
-0.39296
-0.39856
-0.39472
-0.40674
-0.37836
-0.39122
-0.3894
-0.39376
-0.39448
-0.39914
-0.408
-0.3911
-0.39658
-0.38872
-0.39806
-0.40288
-0.40472
-0.39522
-0.39634
-0.38736
-0.39516
-0.38446
-0.3986
-0.38598
-0.37932
-0.38922
-0.3863
-0.40836
-0.39816
-0.39528
-0.40124
-0.39794
-0.39016
-0.38726
-0.40054
-0.39438
-0.3862
-0.39112
-0.39852
-0.40236
-0.39038
-0.40556
-0.39268
-0.40068
-0.39996
-0.39286
-0.38808
-0.3929
-0.39238
-0.38994
-0.39784
-0.39286
-0.3929
-0.39296
-0.39168
-0.3977
-0.39646
-0.3874
-0.4055
-0.39872
-0.38686
-0.39058
-0.39694
-0.38614
-0.39218
-0.39486
-0.38554
-0.3858
-0.39212
-0.38348
-0.38746
-0.37998
-0.3937
-0.37666
-0.38272
-0.40422
-0.38832
-0.3934
-0.38796
-0.38624
-0.38986
-0.39954
-0.3949
-0.40742
-0.39316
-0.39716
-0.39282
-0.39774
-0.39702
-0.39058
-0.40022
-0.39476
-0.39578
-0.38204
-0.39382
-0.3931
-0.39426
-0.39836
-0.3957
-0.39962
-0.39174
-0.40212
-0.39988
-0.39642
-0.39086
-0.39058
-0.38166
-0.3939
-0.39972
-0.38662
-0.39334
-0.40262
-0.3987
-0.39102
-0.4066
-0.38278
-0.39606
-0.3898
-0.39794
-0.39682
-0.3894
-0.39112
-0.39782
-0.38542
-0.3891
-0.3946
-0.39376
-0.39456
-0.39786
-0.39122
-0.39286
-0.39408
-0.3855
-0.39534
-0.4022
-0.39136
-0.38998
-0.38382
-0.38868
-0.39386
-0.39558
-0.39564
-0.4025
-0.40354
-0.40102
-0.40382
-0.40784
-0.3996
-0.39838
-0.4064
-0.3948
-0.39638
-0.39602
-0.38728
-0.38918
-0.39814
-0.3838
-0.38584
-0.38884
-0.39784
-0.38984
-0.39246
-0.39656
-0.39922
-0.39276
-0.39204
-0.38466
-0.38748
-0.38192
-0.39544
-0.4054
-0.40728
-0.40088
-0.39546
-0.38906
-0.40052
-0.38938
-0.38306
-0.38788
-0.3996
-0.38794
-0.39692
-0.39764
-0.38266
-0.38604
-0.39232
-0.38176
-0.3913
-0.39514
-0.38338
-0.38354
-0.38874
-0.3899
-0.39982
-0.3888
-0.38092
-0.38934
-0.40564
-0.39782
-0.39666
-0.38784
-0.38162
-0.38314
-0.38422
-0.39964
-0.39234
-0.39558
-0.3811
-0.39956
-0.40054
-0.40146
-0.38692
-0.3829
-0.38404
-0.38606
-0.392
-0.38514
-0.38188
-0.39896
-0.39056
-0.38706
-0.39676
-0.3917
-0.3994
-0.39046
-0.39982
-0.40656
-0.39568
-0.39474
-0.39354
-0.4054
-0.39988
-0.40314
-0.40252
-0.39608
-0.38612
-0.39676
-0.39538
-0.40334
-0.3992
-0.39806
-0.4002
-0.39476
-0.39948
-0.39504
-0.39942
-0.39476
-0.39666
-0.39044
-0.39362
-0.39308
-0.4011
-0.39632
-0.39308
-0.3978
-0.39734
-0.40026
-0.39494
-0.39946
-0.40228
-0.4067
-0.399
-0.40214
-0.38284
-0.39256
-0.3817
-0.3966
-0.38998
-0.38376
-0.38564
-0.38462
-0.39826
-0.3947
-0.38866
-0.39786
-0.3977
-0.3973
-0.40326
-0.39322
-0.39106
-0.39598
-0.3943
-0.38786
-0.38674
-0.39312
-0.3826
-0.37888
-0.38242
-0.37872
-0.37934
-0.38738
-0.39154
-0.39654
-0.39382
-0.39216
-0.39566
-0.40248
-0.39298
-0.39346
-0.3873
-0.38784
-0.39856
-0.398
-0.39554
-0.38928
-0.39964
-0.3965
-0.39418
-0.39496
-0.39834
-0.40272
-0.39486
-0.39012
-0.3964
-0.39614
-0.38518
-0.39508
-0.39762
-0.39832
-0.39418
-0.3872
-0.399
-0.39222
-0.37898
-0.3901
-0.37982
-0.3804
-0.3844
-0.37884
-0.39328
-0.39418
-0.40166
-0.39544
-0.39208
-0.39308
-0.38056
-0.3923
-0.38926
-0.39934
-0.40082
-0.38842
-0.37742
-0.37302
-0.38454
-0.39412
-0.39832
-0.39228
-0.40296
-0.40048
-0.4047
-0.3947
-0.39002
-0.3912
-0.3983
-0.38958
-0.39168
-0.39176
-0.39638
-0.3803
-0.38258
-0.39006
-0.40118
-0.3945
-0.40612
-0.38296
-0.39626
-0.40614
-0.38828
-0.3804
-0.39704
-0.38934
-0.38384
-0.40772
-0.3954
-0.3949
-0.39862
-0.38576
-0.40426
-0.39368
-0.40664
-0.3958
-0.3956
-0.40528
-0.39336
-0.39308
-0.38448
-0.38094
-0.39568
-0.3881
-0.39192
-0.38726
-0.39572
-0.40078
-0.39046
-0.38492
-0.38508
-0.38678
-0.398
-0.39
-0.39464
-0.3905
-0.39968
-0.38938
-0.39114
-0.40156
-0.39428
-0.40128
-0.38964
-0.37684
-0.39658
-0.4004
-0.38954
-0.39612
-0.39054
-0.3851
-0.37656
-0.38304
-0.37642
-0.38092
-0.37272
-0.38074
-0.38886
-0.38324
-0.38282
-0.40094
-0.40134
-0.39144
-0.41444
-0.392
-0.3852
-0.3949
-0.38276
-0.40574
-0.4028
-0.3926
-0.38828
-0.39644
-0.3884
-0.38396
-0.38724
-0.3845
-0.39144
-0.39106
-0.39244
-0.39946
-0.39648
-0.40168
-0.40008
-0.39728
-0.40058
-0.3886
-0.39608
-0.39012
-0.38768
-0.38564
-0.38388
-0.3888
-0.40564
-0.39038
-0.39038
-0.398
-0.39922
-0.39642
-0.3788
-0.38776
-0.3878
-0.38238
-0.39218
-0.38574
-0.39672
-0.39254
-0.40258
-0.3902
-0.39688
-0.39192
-0.39266
-0.38966
-0.39372
-0.3868
-0.39496
-0.39672
-0.3967
-0.39712
-0.39802
-0.38832
-0.3866
-0.3891
-0.39574
-0.39122
-0.39226
-0.39378
-0.3961
-0.4054
-0.40596
-0.3929
-0.3973
-0.39004
-0.40144
-0.38588
-0.38784
-0.40082
-0.39892
-0.39966
-0.39128
-0.3867
-0.38454
-0.39744
-0.39918
-0.38198
-0.38302
-0.3863
-0.3952
-0.39734
-0.40358
-0.38902
-0.4012
-0.40012
-0.38538
-0.38904
-0.40568
-0.39554
-0.38976
-0.38866
-0.3994
-0.40466
-0.39394
-0.40346
-0.38524
-0.38228
-0.3936
-0.3997
-0.392
-0.38786
-0.40198
-0.39324
-0.40554
-0.39058
-0.39912
-0.39708
-0.39052
-0.41062
-0.3931
-0.38358
-0.38988
-0.40708
-0.3964
-0.3947
-0.39444
-0.39804
-0.39172
-0.3887
-0.4028
-0.39954
-0.40514
-0.39834
-0.40228
-0.3932
-0.38934
-0.40166
-0.39702
-0.38454
-0.38404
-0.3947
-0.3873
-0.38464
-0.39278
-0.39702
-0.38256
-0.39536
-0.3873
-0.3855
-0.37864
-0.38604
-0.37832
-0.3934
-0.39748
-0.39424
-0.3979
-0.38548
-0.37984
-0.39358
-0.38978
-0.38422
-0.3943
-0.39848
-0.39964
-0.39264
-0.4017
-0.39614
-0.38708
-0.38696
-0.38908
-0.38826
-0.38302
-0.38358
-0.3913
-0.39144
-0.39588
-0.39254
-0.39928
-0.3935
-0.39626
-0.39186
-0.38114
-0.37736
-0.38752
-0.39042
-0.39272
-0.38668
-0.3822
-0.3845
-0.38668
-0.39862
-0.38966
-0.40216
-0.41278
-0.4018
-0.40152
-0.38746
-0.39724
-0.38334
-0.37832
-0.39266
-0.39128
-0.39234
-0.38484
-0.3956
-0.38514
-0.399
-0.40186
-0.41
-0.39796
-0.3997
-0.38094
-0.39816
-0.398
-0.39732
-0.38356
-0.38008
-0.40424
-0.39932
-0.40448
-0.38032
-0.39046
-0.38648
-0.3969
-0.40132
-0.40312
-0.40992
-0.38906
-0.37888
-0.38272
-0.38196
-0.38954
-0.37882
-0.3852
-0.3928
-0.40036
-0.39904
-0.3945
-0.40074
-0.39884
-0.39674
-0.39436
-0.40032
-0.39338
-0.38096
-0.38172
-0.3775
-0.38328
-0.38666
-0.38626
-0.37816
-0.38914
-0.39486
-0.38094
-0.39428
-0.39858
-0.38816
-0.37868
-0.3903
-0.39594
-0.384
-0.3907
-0.39442
-0.37766
-0.38348
-0.39382
-0.4003
-0.39568
-0.39676
-0.39516
-0.3955
-0.38506
-0.3808
-0.38524
-0.38808
-0.38888
-0.38622
-0.37538
-0.39814
-0.39828
-0.38758
-0.39644
-0.39428
-0.40162
-0.39748
-0.3947
-0.38366
-0.39052
-0.40196
-0.39546
-0.39626
-0.4052
-0.38886
-0.3874
-0.37566
-0.3893
-0.3845
-0.39082
-0.39506
-0.39138
-0.4003
-0.39724
-0.38826
-0.38898
-0.3731
-0.39754
-0.39078
-0.38566
-0.3822
-0.36986
-0.39032
-0.39676
-0.3885
-0.3923
-0.39332
-0.39278
-0.38636
-0.38678
-0.3911
-0.38686
-0.40136
-0.39292
-0.38278
-0.39564
-0.39852
-0.39242
-0.39478
-0.39508
-0.40662
-0.40942
-0.39506
-0.38576
-0.38136
-0.39742
-0.38622
-0.38718
-0.3958
-0.3881
-0.3883
-0.40156
-0.39598
-0.39048
-0.39726
-0.39096
-0.38016
-0.39366
-0.3942
-0.40552
-0.39304
-0.38446
-0.39458
-0.38594
-0.38964
-0.38746
-0.39242
-0.39974
-0.39972
-0.3984
-0.3868
-0.38598
-0.39498
-0.40774
-0.39282
-0.38258
-0.38452
-0.39754
-0.39146
-0.40114
-0.39816
-0.37906
-0.38128
-0.39432
-0.39292
-0.38062
-0.40812
-0.39056
-0.38594
-0.37852
-0.39178
-0.38572
-0.3877
-0.40002
-0.38188
-0.38838
-0.3889
-0.37736
-0.37928
-0.39616
-0.3903
-0.38382
-0.39882
-0.39256
-0.4061
-0.3971
-0.40718
-0.39098
-0.3812
-0.38432
-0.39386
-0.3898
-0.39522
-0.3918
-0.40628
-0.3984
-0.3848
-0.38658
-0.38348
-0.3945
-0.38958
-0.38358
-0.3924
-0.3907
-0.37684
-0.39038
-0.39832
-0.39318
-0.38532
-0.38588
-0.39878
-0.40702
-0.3983
-0.3895
-0.38398
-0.39894
-0.40102
-0.37894
-0.40826
-0.38704
-0.38832
-0.40438
-0.40198
-0.39862
-0.39984
-0.40062
-0.38964
-0.39114
-0.40344
-0.39984
-0.39256
-0.38824
-0.3981
-0.37436
-0.39578
-0.40242
-0.3923
-0.39814
-0.40046
-0.39064
-0.39292
-0.3865
-0.3817
-0.38444
-0.3735
-0.39916
-0.3852
-0.39262
-0.39664
-0.39362
-0.38648
-0.40094
-0.40014
-0.39668
-0.38174
-0.38002
-0.39846
-0.38942
-0.39862
-0.38354
-0.38436
-0.38998
-0.38374
-0.39096
-0.39868
-0.3703
-0.38412
-0.38056
-0.38872
-0.38576
-0.39104
-0.39388
-0.39246
-0.40564
-0.3993
-0.38636
-0.39638
-0.40688
-0.39908
-0.39162
-0.3868
-0.38284
-0.39676
-0.38954
-0.38512
-0.39766
-0.39038
-0.38238
-0.38678
-0.3983
-0.38938
-0.38296
-0.39604
-0.40278
-0.39768
-0.38814
-0.40222
-0.39294
-0.3989
-0.38914
-0.40128
-0.39492
-0.39128
-0.38958
-0.39414
-0.39346
-0.3816
-0.38094
-0.39278
-0.39774
-0.39372
-0.40096
-0.40064
-0.3934
-0.40026
-0.39464
-0.3842
-0.3916
-0.39536
-0.39942
-0.39408
-0.39388
-0.3888
-0.38802
-0.39424
-0.40132
-0.39796
-0.39136
-0.39508
-0.38904
-0.40268
-0.39528
-0.3809
-0.40338
-0.40108
-0.39328
-0.40416
-0.3814
-0.38704
-0.3883
-0.38654
-0.38412
-0.38952
-0.3941
-0.39606
-0.3836
-0.3884
-0.39396
-0.39086
-0.40036
-0.38996
-0.39148
-0.38946
-0.3888
-0.39554
-0.38314
-0.38902
-0.39542
-0.39526
-0.40194
-0.3888
-0.39164
-0.39486
-0.39998
-0.3959
-0.40166
-0.39188
-0.39354
-0.4014
-0.39222
-0.38896
-0.37054
-0.36886
-0.39678
-0.39754
-0.39128
-0.39374
-0.39348
-0.39686
-0.40874
-0.4015
-0.38706
-0.3938
-0.39136
-0.39888
-0.39128
-0.3931
-0.39622
-0.39572
-0.39866
-0.4019
-0.40368
-0.39732
-0.39208
-0.39672
-0.39262
-0.38962
-0.39824
-0.39886
-0.38886
-0.38162
-0.39698
-0.3945
-0.39714
-0.39202
-0.38552
-0.39324
-0.39446
-0.38162
-0.39036
-0.3864
-0.3818
-0.40298
-0.3883
-0.38456
-0.38578
-0.40788
-0.39348
-0.38552
-0.3849
-0.38508
-0.39422
-0.38554
-0.38794
-0.39642
-0.39852
-0.39276
-0.3778
-0.39024
-0.39426
-0.38454
-0.388
-0.39418
-0.39128
-0.37744
-0.38922
-0.40404
-0.3989
-0.40532
-0.39458
-0.39348
-0.39206
-0.38766
-0.39068
-0.3969
-0.38464
-0.38682
-0.38768
-0.4017
-0.39768
-0.38746
-0.3958
-0.389
-0.40208
-0.38908
-0.39022
-0.39142
-0.40812
-0.3921
-0.39876
-0.39484
-0.38836
-0.38636
-0.37728
-0.38332
-0.38308
-0.39768
-0.39614
-0.3961
-0.3963
-0.40024
-0.38832
-0.39266
-0.3706
-0.38228
-0.37944
-0.39126
-0.40644
-0.40792
-0.39398
-0.3954
-0.39246
-0.38966
-0.39054
-0.39896
-0.39788
-0.4106
-0.38632
-0.39534
-0.4042
-0.39524
-0.39342
-0.39176
-0.39338
-0.38464
-0.39164
-0.38988
-0.3911
-0.38756
-0.4001
-0.40732
-0.40248
-0.40082
-0.4023
-0.39908
-0.39374
-0.39484
-0.39936
-0.38962
-0.39388
-0.38992
-0.39978
-0.39656
-0.40626
-0.3849
-0.38888
-0.3932
-0.38756
-0.378
-0.393
-0.39772
-0.40296
-0.40082
-0.39584
-0.3951
-0.37936
-0.39178
-0.39328
-0.38812
-0.39358
-0.39604
-0.39262
-0.40078
-0.40678
-0.38028
-0.38216
-0.39634
-0.37708
-0.39662
-0.38608
-0.39804
-0.3974
-0.39888
-0.39724
-0.38492
-0.39272
-0.39318
-0.41446
-0.40886
-0.39256
-0.38584
-0.38704
-0.38962
-0.40052
-0.38968
-0.38542
-0.39148
-0.3902
-0.39474
-0.37278
-0.38082
-0.38968
-0.39558
-0.39614
-0.40012
-0.39076
-0.3866
-0.39308
-0.39612
-0.3876
-0.39276
-0.3854
-0.38586
-0.39104
-0.3876
-0.3956
-0.40122
-0.39816
-0.39406
-0.39608
-0.38362
-0.39936
-0.40082
-0.38854
-0.3906
-0.39902
-0.3904
-0.3933
-0.3985
-0.39474
-0.39212
-0.39102
-0.38262
-0.39358
-0.39524
-0.3888
-0.39148
-0.3729
-0.39106
-0.38108
-0.3897
-0.3845
-0.38172
-0.3956
-0.3978
-0.39162
-0.39314
-0.40278
-0.39914
-0.38944
-0.38142
-0.39272
-0.38194
-0.39652
-0.39864
-0.39884
-0.39356
-0.39014
-0.3972
-0.38658
-0.39114
-0.3851
-0.39356
-0.3947
-0.39926
-0.39694
-0.40158
-0.4014
-0.40072
-0.40466
-0.3999
-0.39668
-0.38642
-0.39734
-0.38548
-0.39214
-0.3986
-0.38756
-0.39576
-0.38906
-0.39624
-0.40338
-0.40462
-0.39838
-0.38738
-0.38936
-0.40446
-0.39778
-0.39476
-0.3856
-0.38466
-0.39642
-0.39376
-0.38232
-0.39502
-0.39636
-0.39226
-0.39244
-0.39322
-0.39294
-0.39252
-0.39398
-0.38452
-0.38742
-0.3969
-0.38052
-0.39046
-0.4
-0.38972
-0.38386
-0.38962
-0.38094
-0.3999
-0.39864
-0.39276
-0.3976
-0.39372
-0.38758
-0.38206
-0.3761
-0.39112
-0.39956
-0.39234
-0.39922
-0.39654
-0.37716
-0.38302
-0.39178
-0.3941
-0.40182
-0.3987
-0.39468
-0.40124
-0.40168
-0.39452
-0.39084
-0.40114
-0.38976
-0.38628
-0.39574
-0.39418
-0.39388
-0.39682
-0.39634
-0.39262
-0.39612
-0.39716
-0.40402
-0.39132
-0.39984
-0.3924
-0.38914
-0.39518
-0.37974
-0.38142
-0.37756
-0.38688
-0.3877
-0.38964
-0.38972
-0.39098
-0.38974
-0.40104
-0.38622
-0.374
-0.38808
-0.38272
-0.3892
-0.39256
-0.39266
-0.40524
-0.39136
-0.38704
-0.39314
-0.40236
-0.39536
-0.39606
-0.39
-0.3921
-0.38396
-0.3949
-0.40336
-0.40002
-0.38448
-0.38698
-0.3953
-0.39842
-0.38916
-0.3828
-0.38506
-0.38794
-0.39602
-0.40054
-0.3916
-0.38858
-0.3868
-0.37124
-0.38868
-0.38378
-0.37966
-0.38594
-0.39778
-0.4113
-0.40172
-0.40708
-0.392
-0.37764
-0.38456
-0.39104
-0.38974
-0.39992
-0.39752
-0.40186
-0.39574
-0.39372
-0.3936
-0.39002
-0.3969
-0.40264
-0.39502
-0.38476
-0.39002
-0.40564
-0.4039
-0.39398
-0.40396
-0.3955
-0.4003
-0.4089
-0.3933
-0.39652
-0.39232
-0.3933
-0.39388
-0.39286
-0.3926
-0.4034
-0.39602
-0.38678
-0.37688
-0.39358
-0.3916
-0.38606
-0.39354
-0.3904
-0.39254
-0.39088
-0.3908
-0.38986
-0.38948
-0.38512
-0.39034
-0.40036
-0.39976
-0.39762
-0.39592
-0.39026
-0.38842
-0.39122
-0.3853
-0.38958
-0.38868
-0.38858
-0.3905
-0.38444
-0.3933
-0.40242
-0.39524
-0.39992
-0.38278
-0.38324
-0.37976
-0.39552
-0.3894
-0.3945
-0.39568
-0.39862
-0.4021
-0.3923
-0.3874
-0.38582
-0.40228
-0.3905
-0.39944
-0.39508
-0.39358
-0.39494
-0.3828
-0.38858
-0.39556
-0.3884
-0.39296
-0.39468
-0.39996
-0.39066
-0.39372
-0.38354
-0.37954
-0.3978
-0.39224
-0.39272
-0.39342
-0.3925
-0.39756
-0.3972
-0.40014
-0.39952
-0.39758
-0.39188
-0.39284
-0.39204
-0.38766
-0.37706
-0.39936
-0.386
-0.38656
-0.38582
-0.39452
-0.39278
-0.38728
-0.3957
-0.388
-0.37666
-0.39544
-0.3927
-0.3901
-0.3887
-0.39784
-0.3724
-0.3834
-0.39502
-0.3866
-0.39802
-0.3884
-0.38124
-0.38112
-0.3872
-0.38442
-0.39414
-0.39652
-0.384
-0.39392
-0.40198
-0.3914
-0.39378
-0.39572
-0.38452
-0.39036
-0.38684
-0.39428
-0.39008
-0.39612
-0.39576
-0.39138
-0.38486
-0.39114
-0.3923
-0.39884
-0.39666
-0.39528
-0.39222
-0.39024
-0.38996
-0.3941
-0.38204
-0.38612
-0.38146
-0.38704
-0.39392
-0.39142
-0.39266
-0.40876
-0.39334
-0.3962
-0.39756
-0.39562
-0.37864
-0.3826
-0.38246
-0.39176
-0.39074
-0.3993
-0.38834
-0.40006
-0.38688
-0.39064
-0.3902
-0.39332
-0.40016
-0.39494
-0.40208
-0.3964
-0.39336
-0.38528
-0.3812
-0.37646
-0.3798
-0.3932
-0.39464
-0.39328
-0.39324
-0.3969
-0.39616
-0.38934
-0.3865
-0.38964
-0.39678
-0.3967
-0.39546
-0.40844
-0.4013
-0.39224
-0.38062
-0.3928
-0.38738
-0.3927
-0.3931
-0.3961
-0.40942
-0.38704
-0.39094
-0.39466
-0.39706
-0.39376
-0.3889
-0.39574
-0.39794
-0.39288
-0.4024
-0.40198
-0.39492
-0.38474
-0.39386
-0.39746
-0.3988
-0.38706
-0.3876
-0.38474
-0.38294
-0.38704
-0.38494
-0.38662
-0.39724
-0.39338
-0.39048
-0.3907
-0.39618
-0.39142
-0.39604
-0.39088
-0.38826
-0.39146
-0.38946
-0.39652
-0.39348
-0.39932
-0.3969
-0.39506
-0.40078
-0.39842
-0.38752
-0.38312
-0.38966
-0.39042
-0.3986
-0.38816
-0.38734
-0.39592
-0.3974
-0.39714
-0.39972
-0.39758
-0.38232
-0.38462
-0.3938
-0.39186
-0.39876
-0.3999
-0.39388
-0.39534
-0.40204
-0.39646
-0.39208
-0.3936
-0.40044
-0.39766
-0.40272
-0.37888
-0.38818
-0.3947
-0.39286
-0.4018
-0.39818
-0.39368
-0.3916
-0.3968
-0.39674
-0.39298
-0.40158
-0.40292
-0.39374
-0.38868
-0.4018
-0.41068
-0.39572
-0.40442
-0.39094
-0.38416
-0.38506
-0.38252
-0.3828
-0.38602
-0.38386
-0.3884
-0.39554
-0.39452
-0.40118
-0.39774
-0.41004
-0.39992
-0.39844
-0.39146
-0.40392
-0.39768
-0.40104
-0.40112
-0.40238
-0.37992
-0.39076
-0.39262
-0.39304
-0.39334
-0.4126
-0.38772
-0.40388
-0.4014
-0.3853
-0.38856
-0.39702
-0.4053
-0.3869
-0.38958
-0.38748
-0.38618
-0.3802
-0.38314
-0.39678
-0.40422
-0.38764
-0.38384
-0.39808
-0.39614
-0.3996
-0.3955
-0.3884
-0.39014
-0.3909
-0.39084
-0.4017
-0.40448
-0.38816
-0.3929
-0.3883
-0.39364
-0.39328
-0.39428
-0.39992
-0.39596
-0.40156
-0.39788
-0.39186
-0.37988
-0.37552
-0.38654
-0.39008
-0.395
-0.39312
-0.3906
-0.39376
-0.40046
-0.40658
-0.3955
-0.38726
-0.38814
-0.39352
-0.37926
-0.3999
-0.39474
-0.39422
-0.37804
-0.38662
-0.38968
-0.3868
-0.39048
-0.37764
-0.39886
-0.39654
-0.39654
-0.38772
-0.40146
-0.40102
-0.40222
-0.41086
-0.3986
-0.4001
-0.3902
-0.3756
-0.39242
-0.39266
-0.40308
-0.39364
-0.39574
-0.38882
-0.37992
-0.38894
-0.39558
-0.394
-0.38698
-0.37928
-0.38336
-0.39538
-0.38656
-0.37964
-0.38886
-0.38214
-0.37926
-0.375
-0.39136
-0.39232
-0.38402
-0.38636
-0.3804
-0.38142
-0.38536
-0.38758
-0.40382
-0.40264
-0.40176
-0.4117
-0.40268
-0.3872
-0.3988
-0.39392
-0.38644
-0.3816
-0.39588
-0.39442
-0.38962
-0.3863
-0.40586
-0.3898
-0.39608
-0.39626
-0.39526
-0.39938
-0.38838
-0.38692
-0.39836
-0.3913
-0.3897
-0.38534
-0.39378
-0.39846
-0.39888
-0.39202
-0.394
-0.39376
-0.39926
-0.38878
-0.38662
-0.38426
-0.38272
-0.38458
-0.38736
-0.40384
-0.3915
-0.38442
-0.38532
-0.39626
-0.38894
-0.40292
-0.3919
-0.38256
-0.38622
-0.39236
-0.38698
-0.39154
-0.39332
-0.38846
-0.38974
-0.39156
-0.39886
-0.3839
-0.40366
-0.39476
-0.3965
-0.39872
-0.39034
-0.38808
-0.39706
-0.38722
-0.406
-0.3967
-0.40488
-0.40008
-0.3892
-0.3957
-0.39408
-0.38342
-0.39032
-0.3989
-0.40064
-0.39228
-0.40234
-0.39946
-0.38656
-0.39554
-0.39372
-0.3926
-0.40336
-0.40072
-0.39364
-0.39532
-0.39298
-0.3979
-0.4078
-0.4037
-0.3966
-0.39654
-0.40218
-0.39428
-0.39792
-0.39156
-0.39218
-0.39896
-0.38536
-0.38814
-0.38744
-0.39282
-0.38924
-0.38844
-0.39382
-0.39122
-0.39038
-0.39612
-0.38736
-0.39172
-0.39452
-0.38786
-0.38532
-0.38016
-0.37986
-0.38866
-0.38774
-0.39512
-0.38012
-0.3996
-0.41248
-0.39534
-0.38752
-0.37442
-0.39348
-0.39
-0.39432
-0.38392
-0.39924
-0.3734
-0.3864
-0.3778
-0.39148
-0.38796
-0.39274
-0.39256
-0.39738
-0.39936
-0.4086
-0.4126
-0.3975
-0.39468
-0.38934
-0.38856
-0.4003
-0.39402
-0.38384
-0.39392
-0.39782
-0.39342
-0.40274
-0.40324
-0.39806
-0.39236
-0.39662
-0.3955
-0.40166
-0.3993
-0.39628
-0.38492
-0.39294
-0.3894
-0.3813
-0.38158
-0.3735
-0.38388
-0.38696
-0.38098
-0.39508
-0.40038
-0.40246
-0.39112
-0.3851
-0.38322
-0.38424
-0.39314
-0.39226
-0.38636
-0.39352
-0.39428
-0.40886
-0.40962
-0.39734
-0.39176
-0.3843
-0.39326
-0.39068
-0.39568
-0.40146
-0.3888
-0.3907
-0.3935
-0.3993
-0.39776
-0.40292
-0.3816
-0.39378
-0.39526
-0.39176
-0.39264
-0.38956
-0.39232
-0.40112
-0.40018
-0.39992
-0.39244
-0.38446
-0.38556
-0.39122
-0.39594
-0.39212
-0.38646
-0.38656
-0.39248
-0.39164
-0.39802
-0.39998
-0.39126
-0.40006
-0.40006
-0.3919
-0.38694
-0.38344
-0.39868
-0.40018
-0.39466
-0.39206
-0.40412
-0.39522
-0.3809
-0.38056
-0.38856
-0.38474
-0.38964
-0.39234
-0.40858
-0.40172
-0.39458
-0.38516
-0.38278
-0.38642
-0.38654
-0.37596
-0.3868
-0.3811
-0.39512
-0.40536
-0.40352
-0.38814
-0.39276
-0.38048
-0.38738
-0.39856
-0.39374
-0.40016
-0.3924
-0.39266
-0.38794
-0.39214
-0.39952
-0.38972
-0.39646
-0.38882
-0.37824
-0.38864
-0.38316
-0.39686
-0.38106
-0.38976
-0.38922
-0.39278
-0.39936
-0.39254
-0.38652
-0.39888
-0.39076
-0.406
-0.4001
-0.40064
-0.39612
-0.38322
-0.39178
-0.39484
-0.39852
-0.39448
-0.3782
-0.38606
-0.39872
-0.40188
-0.39156
-0.39202
-0.39176
-0.39474
-0.40092
-0.38388
-0.3852
-0.38208
-0.39178
-0.39078
-0.3908
-0.39064
-0.39348
-0.3968
-0.39846
-0.3999
-0.4095
-0.39416
-0.39012
-0.38906
-0.38286
-0.38914
-0.39802
-0.40144
-0.39802
-0.40458
-0.40226
-0.39582
-0.38754
-0.38254
-0.39048
-0.39458
-0.38808
-0.38988
-0.40042
-0.39018
-0.38662
-0.38318
-0.38082
-0.38752
-0.37838
-0.38778
-0.37842
-0.39306
-0.39058
-0.39326
-0.39844
-0.40106
-0.39768
-0.40396
-0.39548
-0.40222
-0.39828
-0.38996
-0.39632
-0.38976
-0.38956
-0.40088
-0.39562
-0.3989
-0.38894
-0.3838
-0.38238
-0.38932
-0.39662
-0.40552
-0.39552
-0.39786
-0.39582
-0.39576
-0.3922
-0.39306
-0.39168
-0.39774
-0.39694
-0.38974
-0.387
-0.38308
-0.39732
-0.40026
-0.39092
-0.38356
-0.39134
-0.37944
-0.39038
-0.39252
-0.38924
-0.39688
-0.40378
-0.40558
-0.37802
-0.39852
-0.38836
-0.38242
-0.387
-0.39444
-0.38824
-0.39326
-0.39686
-0.40046
-0.39034
-0.40116
-0.39558
-0.39432
-0.3911
-0.3887
-0.39754
-0.4008
-0.3934
-0.40032
-0.3929
-0.4027
-0.3971
-0.39598
-0.39382
-0.39556
-0.3905
-0.38992
-0.3921
-0.3976
-0.38958
-0.39042
-0.3868
-0.3775
-0.37814
-0.38878
-0.4046
-0.3993
-0.38792
-0.38806
-0.38558
-0.39496
-0.38022
-0.37816
-0.39346
-0.401
-0.39476
-0.3813
-0.39048
-0.38784
-0.38582
-0.3881
-0.39286
-0.3879
-0.39854
-0.39834
-0.3961
-0.41012
-0.40142
-0.40612
-0.3987
-0.39726
-0.38736
-0.39054
-0.38878
-0.3888
-0.39936
-0.38792
-0.39216
-0.38432
-0.39656
-0.4011
-0.40158
-0.39092
-0.4
-0.3979
-0.39366
-0.39678
-0.4033
-0.4032
-0.39534
-0.39654
-0.39162
-0.3861
-0.40342
-0.3995
-0.39188
-0.39422
-0.39064
-0.39778
-0.39354
-0.37818
-0.37966
-0.39566
-0.39454
-0.39348
-0.3884
-0.39644
-0.38914
-0.39462
-0.39258
-0.38272
-0.38392
-0.38158
-0.38996
-0.3942
-0.39118
-0.40272
-0.39378
-0.39042
-0.39896
-0.39108
-0.39338
-0.38444
-0.39326
-0.40082
-0.39596
-0.3923
-0.38536
-0.39068
-0.39006
-0.39384
-0.39164
-0.39308
-0.39142
-0.4005
-0.39096
-0.39106
-0.3898
-0.40588
-0.38988
-0.38038
-0.3951
-0.3997
-0.39094
-0.37912
-0.38998
-0.39836
-0.3798
-0.39174
-0.39476
-0.39968
-0.4057
-0.40226
-0.40488
-0.39296
-0.38538
-0.39502
-0.39636
-0.39326
-0.39726
-0.38866
-0.38764
-0.38576
-0.39498
-0.3961
-0.39182
-0.398
-0.39678
-0.3926
-0.40292
-0.38924
-0.39368
-0.39588
-0.39802
-0.38446
-0.38906
-0.38956
-0.3951
-0.39154
-0.38788
-0.38996
-0.3949
-0.39392
-0.38562
-0.3814
-0.3867
-0.39372
-0.39466
-0.40086
-0.3908
-0.39726
-0.38302
-0.39378
-0.39416
-0.40486
-0.39276
-0.38968
-0.39112
-0.39478
-0.3832
-0.38738
-0.39728
-0.40154
-0.39592
-0.39692
-0.38916
-0.39228
-0.39548
-0.39006
-0.39602
-0.39088
-0.39584
-0.4024
-0.38944
-0.378
-0.37856
-0.39192
-0.39772
-0.39798
-0.39234
-0.40762
-0.39518
-0.39514
-0.39348
-0.40874
-0.39088
-0.3858
-0.39058
-0.38478
-0.38794
-0.39174
-0.39832
-0.39618
-0.38686
-0.39534
-0.4094
-0.40002
-0.39228
-0.3778
-0.38722
-0.3949
-0.39624
-0.4115
-0.39302
-0.39668
-0.39708
-0.39034
-0.39014
-0.40724
-0.40258
-0.40642
-0.39016
-0.3855
-0.38896
-0.38748
-0.39438
-0.38934
-0.39374
-0.4002
-0.3939
-0.39688
-0.39336
-0.39582
-0.3948
-0.40096
-0.3906
-0.39022
-0.38722
-0.39972
-0.38772
-0.38334
-0.37536
-0.37976
-0.3964
-0.40254
-0.38372
-0.3929
-0.39122
-0.38366
-0.3841
-0.39106
-0.40164
-0.40092
-0.38358
-0.39102
-0.39798
-0.38978
-0.38578
-0.38456
-0.39504
-0.395
-0.40364
-0.4114
-0.39682
-0.39176
-0.3863
-0.38432
-0.39358
-0.38612
-0.39682
-0.38626
-0.3891
-0.39358
-0.38608
-0.3885
-0.39356
-0.39764
-0.40108
-0.40406
-0.40494
-0.40484
-0.39132
-0.39156
-0.3822
-0.38818
-0.39332
-0.39326
-0.39604
-0.39508
-0.3986
-0.40378
-0.40252
-0.39974
-0.39912
-0.3984
-0.39638
-0.3869
-0.40206
-0.39192
-0.38042
-0.38834
-0.38156
-0.38846
-0.39246
-0.39556
-0.38326
-0.3958
-0.39518
-0.3993
-0.3785
-0.39674
-0.39316
-0.39482
-0.37838
-0.38508
-0.38378
-0.39286
-0.3909
-0.39182
-0.39304
-0.40168
-0.39978
-0.40112
-0.39512
-0.39208
-0.39184
-0.38852
-0.38466
-0.38166
-0.38146
-0.38492
-0.39556
-0.4012
-0.3966
-0.3944
-0.39776
-0.39464
-0.3923
-0.3885
-0.40238
-0.39804
-0.38772
-0.39756
-0.3956
-0.3841
-0.3973
-0.3982
-0.39208
-0.3957
-0.40114
-0.39696
-0.39646
-0.40466
-0.39864
-0.3854
-0.38688
-0.39162
-0.39338
-0.40206
-0.39178
-0.39118
-0.39372
-0.38124
-0.39262
-0.38954
-0.38686
-0.3923
-0.39458
-0.40542
-0.40212
-0.39128
-0.39434
-0.39544
-0.3971
-0.38798
-0.40502
-0.3847
-0.38118
-0.39314
-0.38922
-0.393
-0.40118
-0.39874
-0.39926
-0.39614
-0.3962
-0.39178
-0.38974
-0.39744
-0.396
-0.40182
-0.40832
-0.40194
-0.38602
-0.38868
-0.39862
-0.40346
-0.40088
-0.39638
-0.38792
-0.39298
-0.39796
-0.38902
-0.39182
-0.39176
-0.39178
-0.3812
-0.38404
-0.37958
-0.39732
-0.3928
-0.38474
-0.3906
-0.3882
-0.39354
-0.39874
-0.38908
-0.39524
-0.39178
-0.39532
-0.40256
-0.40108
-0.40396
-0.40318
-0.40356
-0.40258
-0.38902
-0.39084
-0.40516
-0.4065
-0.40602
-0.39484
-0.39336
-0.38202
-0.38446
-0.39498
-0.38342
-0.40186
-0.38806
-0.40286
-0.3971
-0.39464
-0.39288
-0.39562
-0.38436
-0.39248
-0.39196
-0.39182
-0.39794
-0.39328
-0.39554
-0.38508
-0.3797
-0.38504
-0.38532
-0.394
-0.3791
-0.3795
-0.39128
-0.38986
-0.38658
-0.37572
-0.39746
-0.39048
-0.39338
-0.40044
-0.39936
-0.4016
-0.39446
-0.38498
-0.38636
-0.39314
-0.39024
-0.39434
-0.39586
-0.39638
-0.38312
-0.39082
-0.40262
-0.39912
-0.39634
-0.39006
-0.39762
-0.38908
-0.39048
-0.40486
-0.40312
-0.39704
-0.40226
-0.38958
-0.39536
-0.39098
-0.39226
-0.4073
-0.39882
-0.3969
-0.38696
-0.3946
-0.39642
-0.39484
-0.39318
-0.38906
-0.386
-0.39746
-0.3955
-0.38698
-0.3867
-0.38884
-0.4078
-0.3965
-0.3872
-0.38972
-0.3848
-0.39352
-0.40118
-0.39462
-0.39488
-0.39424
-0.39864
-0.39542
-0.39612
-0.39764
-0.39662
-0.3904
-0.39174
-0.40052
-0.39042
-0.38904
-0.38682
-0.39552
-0.40646
-0.3946
-0.3878
-0.38012
-0.38582
-0.39324
-0.39322
-0.40488
-0.39592
-0.38952
-0.39492
-0.40006
-0.39164
-0.38574
-0.39482
-0.4024
-0.38982
-0.37956
-0.38996
-0.39298
-0.39222
-0.38456
-0.38806
-0.38942
-0.3958
-0.3934
-0.39278
-0.3872
-0.39804
-0.39642
-0.3975
-0.38748
-0.38776
-0.39438
-0.38976
-0.37842
-0.38818
-0.39166
-0.3955
-0.39584
-0.38882
-0.37752
-0.38716
-0.38846
-0.4031
-0.38912
-0.38988
-0.39246
-0.3836
-0.38956
-0.38986
-0.38232
-0.39528
-0.38978
-0.39604
-0.39206
-0.39928
-0.39224
-0.39694
-0.39826
-0.39918
-0.3869
-0.388
-0.38396
-0.39458
-0.38768
-0.39016
-0.39236
-0.40306
-0.3868
-0.39132
-0.4009
-0.39334
-0.39812
-0.4031
-0.40082
-0.3824
-0.39058
-0.38956
-0.39328
-0.39574
-0.3892
-0.3921
-0.38844
-0.38626
-0.39496
-0.39314
-0.39436
-0.39436
-0.40358
-0.38848
-0.38662
-0.38386
-0.37632
-0.38878
-0.39152
-0.3884
-0.3818
-0.3845
-0.39456
-0.39464
-0.40052
-0.39378
-0.40082
-0.3971
-0.40728
-0.39224
-0.39128
-0.38744
-0.3882
-0.39086
-0.40152
-0.38144
-0.37754
-0.3799
-0.3855
-0.37942
-0.3969
-0.3976
-0.39886
-0.39122
-0.38308
-0.39554
-0.3861
-0.3954
-0.38406
-0.3833
-0.38348
-0.39272
-0.3892
-0.39028
-0.39756
-0.39398
-0.39432
-0.39442
-0.39896
-0.39656
-0.3912
-0.38978
-0.39016
-0.37828
-0.37762
-0.3838
-0.38948
-0.392
-0.40042
-0.39546
-0.39256
-0.39176
-0.40514
-0.395
-0.3956
-0.38748
-0.39346
-0.38154
-0.38496
-0.38218
-0.39828
-0.39474
-0.3959
-0.38236
-0.38268
-0.3966
-0.40664
-0.39854
-0.39518
-0.40356
-0.40064
-0.39296
-0.39354
-0.40012
-0.40968
-0.40102
-0.39834
-0.39744
-0.3899
-0.39762
-0.4051
-0.39866
-0.3918
-0.39848
-0.39602
-0.3951
-0.39342
-0.39148
-0.39862
-0.40066
-0.3944
-0.3866
-0.39502
-0.40394
-0.40076
-0.39648
-0.40164
-0.40578
-0.40086
-0.39638
-0.39546
-0.38818
-0.39126
-0.3987
-0.39148
-0.39806
-0.40784
-0.40294
-0.38978
-0.39456
-0.39414
-0.39776
-0.38874
-0.39282
-0.39284
-0.39498
-0.39102
-0.39524
-0.3808
-0.39678
-0.3903
-0.39338
-0.38418
-0.3921
-0.39408
-0.39272
-0.39614
-0.38792
-0.38984
-0.39482
-0.40748
-0.39992
-0.39596
-0.39708
-0.39482
-0.40884
-0.40228
-0.40312
-0.38958
-0.38908
-0.39552
-0.39014
-0.3947
-0.4027
-0.40088
-0.39662
-0.40256
-0.39578
-0.39902
-0.38654
-0.3837
-0.3807
-0.39488
-0.39522
-0.39148
-0.3878
-0.4024
-0.38984
-0.39544
-0.38684
-0.39056
-0.39058
-0.394
-0.39576
-0.40004
-0.39454
-0.3825
-0.37724
-0.39094
-0.40044
-0.40402
-0.3883
-0.38708
-0.3928
-0.38572
-0.38232
-0.39288
-0.38912
-0.39728
-0.38754
-0.3979
-0.38958
-0.39386
-0.3978
-0.39164
-0.39416
-0.39444
-0.39422
-0.3867
-0.40094
-0.39134
-0.4012
-0.38506
-0.38722
-0.392
-0.39376
-0.40084
-0.39976
-0.3976
-0.39338
-0.38796
-0.39312
-0.39436
-0.3866
-0.39124
-0.38904
-0.39098
-0.39494
-0.3878
-0.38094
-0.39402
-0.38996
-0.39716
-0.3905
-0.40042
-0.38938
-0.3788
-0.39526
-0.39602
-0.395
-0.394
-0.3905
-0.39342
-0.38362
-0.398
-0.38706
-0.38724
-0.3812
-0.38776
-0.38416
-0.38694
-0.39298
-0.39168
-0.39876
-0.39104
-0.39934
-0.39386
-0.38664
-0.39916
-0.38364
-0.38322
-0.4035
-0.38858
-0.38828
-0.39736
-0.40154
-0.40336
-0.3891
-0.39268
-0.38602
-0.38312
-0.37258
-0.38068
-0.38104
-0.39848
-0.39266
-0.39952
-0.39236
-0.39766
-0.38326
-0.38998
-0.38346
-0.38234
-0.3995
-0.40534
-0.39562
-0.3931
-0.38208
-0.39122
-0.3862
-0.39138
-0.39018
-0.393
-0.3885
-0.39714
-0.39602
-0.38948
-0.3886
-0.3927
-0.39744
-0.40658
-0.38666
-0.39516
-0.39026
-0.4002
-0.39476
-0.39842
-0.39256
-0.3971
-0.39276
-0.401
-0.40336
-0.4066
-0.3958
-0.38976
-0.38242
-0.37544
-0.38768
-0.38984
-0.38818
-0.3943
-0.39452
-0.39228
-0.39896
-0.3828
-0.40152
-0.37968
-0.389
-0.39338
-0.37772
-0.3989
-0.39416
-0.3908
-0.40102
-0.39924
-0.40302
-0.39938
-0.39812
-0.39226
-0.39034
-0.39598
-0.39338
-0.41142
-0.39158
-0.39568
-0.39994
-0.37666
-0.38398
-0.39112
-0.40052
-0.406
-0.39106
-0.3964
-0.3935
-0.39508
-0.38476
-0.39058
-0.39948
-0.41238
-0.41076
-0.39536
-0.38036
-0.39342
-0.39296
-0.4027
-0.39886
-0.40056
-0.39586
-0.40336
-0.39668
-0.38982
-0.4025
-0.39304
-0.39908
-0.39962
-0.38928
-0.38568
-0.38606
-0.3856
-0.38754
-0.3865
-0.39428
-0.40272
-0.3999
-0.40594
-0.39538
-0.39468
-0.40704
-0.38138
-0.3901
-0.38676
-0.39118
-0.39294
-0.39448
-0.38744
-0.39192
-0.39584
-0.39406
-0.39852
-0.40254
-0.3922
-0.3855
-0.38382
-0.38734
-0.3832
-0.37598
-0.39494
-0.39596
-0.38948
-0.38142
-0.39296
-0.38082
-0.3838
-0.38216
-0.39048
-0.39202
-0.38542
-0.39708
-0.39082
-0.39044
-0.38496
-0.39128
-0.39456
-0.38774
-0.39322
-0.38752
-0.4007
-0.4024
-0.40552
-0.40744
-0.3925
-0.402
-0.396
-0.3874
-0.39212
-0.40232
-0.3914
-0.39342
-0.38844
-0.38788
-0.38792
-0.40514
-0.3905
-0.39098
-0.3935
-0.38472
-0.3932
-0.39278
-0.38142
-0.39348
-0.40412
-0.39728
-0.39592
-0.39514
-0.39382
-0.3947
-0.41088
-0.40344
-0.39308
-0.39654
-0.38216
-0.38958
-0.38922
-0.40046
-0.40048
-0.3904
-0.38444
-0.38512
-0.3813
-0.39652
-0.40074
-0.40292
-0.3955
-0.4022
-0.39762
-0.38762
-0.38764
-0.3869
-0.39336
-0.3939
-0.38766
-0.39046
-0.38844
-0.3855
-0.40192
-0.39818
-0.39866
-0.3993
-0.4001
-0.38578
-0.3961
-0.40124
-0.3997
-0.3867
-0.39286
-0.3899
-0.398
-0.40322
-0.39544
-0.40144
-0.3942
-0.39902
-0.40538
-0.39552
-0.40058
-0.3885
-0.38666
-0.38558
-0.38376
-0.38904
-0.39574
-0.40544
-0.40706
-0.39392
-0.3992
-0.39288
-0.40428
-0.3877
-0.39216
-0.38934
-0.3891
-0.38084
-0.38852
-0.3958
-0.38306
-0.39186
-0.39506
-0.3899
-0.40108
-0.38538
-0.3917
-0.3869
-0.38936
-0.397
-0.4012
-0.38506
-0.38586
-0.38894
-0.38556
-0.39544
-0.39088
-0.39044
-0.39214
-0.39906
-0.40326
-0.39232
-0.38696
-0.38652
-0.38972
-0.38514
-0.39602
-0.3968
-0.39514
-0.39412
-0.38896
-0.38594
-0.3931
-0.39536
-0.39458
-0.38824
-0.39716
-0.39586
-0.39384
-0.39038
-0.4008
-0.38684
-0.39526
-0.38614
-0.39682
-0.39182
-0.39502
-0.3736
-0.38678
-0.39254
-0.38562
-0.39364
-0.38772
-0.38758
-0.40148
-0.38428
-0.3876
-0.39782
-0.3935
-0.39542
-0.40214
-0.40382
-0.41002
-0.39302
-0.38804
-0.38038
-0.38564
-0.3937
-0.39338
-0.39442
-0.38294
-0.39466
-0.38772
-0.39028
-0.38998
-0.40584
-0.38426
-0.38924
-0.40028
-0.38648
-0.38776
-0.40214
-0.40334
-0.38976
-0.39184
-0.40288
-0.3998
-0.39192
-0.4009
-0.4053
-0.3907
-0.39378
-0.38884
-0.4028
-0.3939
-0.39196
-0.3988
-0.38296
-0.39782
-0.40254
-0.39034
-0.3983
-0.40274
-0.38914
-0.39322
-0.39006
-0.39404
-0.39336
-0.3907
-0.39342
-0.39804
-0.39982
-0.39998
-0.39024
-0.3967
-0.39354
-0.39058
-0.40096
-0.396
-0.37922
-0.38484
-0.39214
-0.38656
-0.39664
-0.39302
-0.39154
-0.39442
-0.4044
-0.40506
-0.38826
-0.39232
-0.3867
-0.38928
-0.39296
-0.39514
-0.38724
-0.3953
-0.39676
-0.39678
-0.39458
-0.40482
-0.4067
-0.39856
-0.39316
-0.38888
-0.39878
-0.39624
-0.39952
-0.3948
-0.3912
-0.40516
-0.40158
-0.40148
-0.39496
-0.38782
-0.39474
-0.40076
-0.39722
-0.38142
-0.39592
-0.38454
-0.3873
-0.39028
-0.38668
-0.3836
-0.38668
-0.38484
-0.39108
-0.3765
-0.38936
-0.3953
-0.39554
-0.39174
-0.3937
-0.38596
-0.39558
-0.39186
-0.39446
-0.38218
-0.39024
-0.40076
-0.39854
-0.40496
-0.40472
-0.39754
-0.3947
-0.39542
-0.40046
-0.39414
-0.39642
-0.38892
-0.39824
-0.40196
-0.38474
-0.38704
-0.3893
-0.38644
-0.3864
-0.40046
-0.40354
-0.39564
-0.40212
-0.38856
-0.38732
-0.39374
-0.40104
-0.39814
-0.40558
-0.4058
-0.40224
-0.39468
-0.39308
-0.39584
-0.39214
-0.3973
-0.40264
-0.39828
-0.38322
-0.40456
-0.39474
-0.3956
-0.39292
-0.38554
-0.38668
-0.38772
-0.38606
-0.39302
-0.39348
-0.40554
-0.4044
-0.39852
-0.39518
-0.38942
-0.39276
-0.39654
-0.3958
-0.39686
-0.38538
-0.3825
-0.38996
-0.38272
-0.37634
-0.37116
-0.39194
-0.38922
-0.39828
-0.40656
-0.39058
-0.39218
-0.3892
-0.40614
-0.39602
-0.39324
-0.39546
-0.39364
-0.3979
-0.40944
-0.39044
-0.39906
-0.39634
-0.40408
-0.40302
-0.40474
-0.39622
-0.38522
-0.38206
-0.39032
-0.40492
-0.3831
-0.39274
-0.40396
-0.40318
-0.39916
-0.39208
-0.40308
-0.3993
-0.4052
-0.39088
-0.37958
-0.3833
-0.388
-0.38402
-0.38076
-0.38842
-0.40826
-0.3974
-0.3922
-0.39132
-0.3834
-0.39738
-0.41032
-0.40204
-0.40412
-0.38548
-0.38732
-0.38734
-0.385
-0.38706
-0.38998
-0.3909
-0.4073
-0.3982
-0.39662
-0.3998
-0.4003
-0.38354
-0.38376
-0.38986
-0.39324
-0.40516
-0.39318
-0.38852
-0.39822
-0.3894
-0.3963
-0.3915
-0.39908
-0.38502
-0.39144
-0.39786
-0.3847
-0.40016
-0.39782
-0.3894
-0.39862
-0.38436
-0.40002
-0.39758
-0.39944
-0.3974
-0.3914
-0.39282
-0.38736
-0.3843
-0.39198
-0.38726
-0.3837
-0.3858
-0.38834
-0.39758
-0.39728
-0.39536
-0.39554
-0.38334
-0.39268
-0.4077
-0.38764
-0.38394
-0.3893
-0.39716
-0.38418
-0.39192
-0.39636
-0.38942
-0.38518
-0.3882
-0.38252
-0.39164
-0.38018
-0.3806
-0.38112
-0.37666
-0.3912
-0.3963
-0.39336
-0.39762
-0.40236
-0.38076
-0.39698
-0.40276
-0.395
-0.38528
-0.39302
-0.38772
-0.38022
-0.3812
-0.3922
-0.41278
-0.39958
-0.3852
-0.39184
-0.3804
-0.38572
-0.3848
-0.40296
-0.39968
-0.40092
-0.39876
-0.38306
-0.38822
-0.39976
-0.37502
-0.38768
-0.38634
-0.38968
-0.38296
-0.38666
-0.3766
-0.3778
-0.39572
-0.39434
-0.3974
-0.39688
-0.40186
-0.37914
-0.3912
-0.38768
-0.39754
-0.39214
-0.39482
-0.38122
-0.37238
-0.38174
-0.39486
-0.39178
-0.40074
-0.39836
-0.38806
-0.37874
-0.3842
-0.39754
-0.39658
-0.39102
-0.3946
-0.40076
-0.38972
-0.40162
-0.40156
-0.39508
-0.4047
-0.40168
-0.39572
-0.39292
-0.4007
-0.40442
-0.39576
-0.39662
-0.38012
-0.3852
-0.38736
-0.39048
-0.39064
-0.39658
-0.3853
-0.40232
-0.38572
-0.38018
-0.38148
-0.38628
-0.38468
-0.38702
-0.39338
-0.3946
-0.38634
-0.38722
-0.39834
-0.4062
-0.39522
-0.3981
-0.3979
-0.3915
-0.39348
-0.3901
-0.38556
-0.3926
-0.39596
-0.3901
-0.38898
-0.39224
-0.39318
-0.3881
-0.3803
-0.40078
-0.40198
-0.38486
-0.39716
-0.3872
-0.39744
-0.3998
-0.40334
-0.38328
-0.39344
-0.3935
-0.39358
-0.39808
-0.39086
-0.38316
-0.38166
-0.38594
-0.39556
-0.3808
-0.38868
-0.39394
-0.39912
-0.38996
-0.38428
-0.3848
-0.38714
-0.39296
-0.40144
-0.3918
-0.39358
-0.37514
-0.39372
-0.39534
-0.38888
-0.3966
-0.3876
-0.39338
-0.39216
-0.39582
-0.37448
-0.38118
-0.38682
-0.38886
-0.39678
-0.40378
-0.396
-0.4013
-0.40854
-0.4043
-0.40628
-0.39904
-0.3855
-0.39092
-0.38208
-0.38908
-0.3895
-0.3976
-0.37998
-0.39206
-0.381
