0.04116
0.03744
0.0245
0.0334
0.0355
0.0305
0.03064
0.0212
0.03306
0.01454
0.03446
0.03032
0.037
0.032
0.02508
0.02992
0.0336
0.0399
0.02682
0.03176
0.05396
0.05182
0.0437
0.04566
0.02002
0.02524
0.02852
0.02252
0.02252
0.01736
0.02986
0.04314
0.026
0.01514
0.02836
0.04694
0.03724
0.0289
0.02692
0.0434
0.03268
0.01774
0.01126
0.02812
0.03378
0.03358
0.04176
0.03164
0.0309
0.04022
0.02606
0.03826
0.04236
0.05404
0.04492
0.02808
0.03548
0.03292
0.02004
0.03274
0.03446
0.0287
0.02528
0.01532
0.0161
0.0116
0.03598
0.03568
0.03612
0.02984
0.03098
0.02182
0.03734
0.04004
0.02074
0.03564
0.03072
0.03464
0.03572
0.02112
0.0253
0.03582
0.03188
0.02254
0.01958
0.03772
0.02288
0.02692
0.02304
0.00612
0.01332
0.0194
0.02358
0.03916
0.04684
0.03414
0.02858
0.02074
0.02138
0.02024
0.01898
0.01846
0.02976
0.02552
0.03458
0.03178
0.02242
0.02276
0.02298
0.02114
0.02256
0.02488
0.03868
0.03594
0.02686
0.02226
0.0367
0.03386
0.0481
0.03006
0.02716
0.03224
0.04332
0.03306
0.03094
0.04924
0.0331
0.03758
0.0328
0.025
0.04764
0.0499
0.03966
0.03344
0.0309
0.02714
0.0278
0.02738
0.04226
0.06422
0.04238
0.03722
0.04072
0.04244
0.03158
0.0204
0.03216
0.03878
0.03392
0.03474
0.03464
0.03384
0.02538
0.01988
0.01752
0.02252
0.0273
0.04996
0.04484
0.02194
0.01688
0.02268
0.0258
0.02468
0.032
0.03202
0.02968
0.02232
0.02678
0.03386
0.05184
0.03446
0.0347
0.04262
0.02526
0.0295
0.02986
0.0273
0.03652
0.02066
0.02514
0.03592
0.027
0.02718
0.03478
0.02552
0.02118
0.0142
0.0332
0.02908
0.01832
0.01874
0.02236
0.01904
0.02588
0.02172
0.01662
0.01836
0.03032
0.02668
0.04498
0.04872
0.0446
0.03372
0.025
0.02464
0.02712
0.02418
0.02374
0.03024
0.02868
0.03216
0.03664
0.04996
0.04448
0.05342
0.05956
0.03882
0.0405
0.03758
0.04082
0.04496
0.02512
0.02422
0.0123
0.0164
0.03656
0.03164
0.03064
0.01764
0.02248
0.02532
0.0387
0.03078
0.02638
0.01938
0.02968
0.03156
0.02762
0.03464
0.04286
0.05244
0.04672
0.03894
0.04244
0.04404
0.03652
0.03718
0.02538
0.01418
0.02632
0.00752
0.02238
0.02148
0.0325
0.03362
0.0369
0.02528
0.02296
0.01922
0.03412
0.03394
0.04148
0.04432
0.04692
0.04892
0.04616
0.03818
0.03204
0.03818
0.03832
0.0414
0.0493
0.04498
0.03616
0.02768
0.04124
0.01396
0.01394
0.00618
-0.0027
0.03148
0.0307
0.02238
0.01264
0.02174
0.03124
0.0317
0.02558
0.031
0.04426
0.04172
0.04642
0.03138
0.02014
0.0244
0.02074
0.02944
0.02476
0.0438
0.03918
0.03718
0.03912
0.0338
0.04138
0.04208
0.0516
0.04668
0.06322
0.0479
0.05746
0.02744
0.03594
0.0333
0.0173
0.02614
0.03156
0.02634
0.02332
0.02744
0.042
0.0356
0.02068
0.0279
0.03248
0.01832
0.03436
0.0512
0.04804
0.03412
0.02292
0.01872
0.0335
0.04226
0.03612
0.0406
0.04064
0.03916
0.04498
0.03888
0.0238
0.0276
0.02456
0.01874
0.03622
0.02984
0.02084
0.02998
0.0372
0.03244
0.04234
0.0279
0.02818
0.0245
0.0169
0.03712
0.03526
0.02886
0.0313
0.02246
0.0212
0.02656
0.00628
0.02924
0.02518
0.03764
0.04562
0.03108
0.02762
0.03026
0.04208
0.03384
0.03408
0.02882
0.0238
0.03288
0.03156
0.01258
0.02972
0.03172
0.02892
0.04102
0.03636
0.03926
0.04234
0.03386
0.03576
0.0366
0.03858
0.0501
0.05094
0.05318
0.0512
0.04182
0.03606
0.02488
0.03972
0.03768
0.04188
0.03872
0.0319
0.03228
0.02984
0.036
0.02094
0.02638
0.03564
0.03968
0.045
0.05182
0.0447
0.04398
0.04192
0.049
0.05234
0.05912
0.05296
0.04088
0.01618
0.02876
0.02048
0.03072
0.02098
0.01694
0.03716
0.02402
0.02702
0.00114
0.03078
0.02992
0.0211
0.02786
0.04184
0.0462
0.04654
0.04206
0.036
0.05156
0.04544
0.03364
0.0302
0.04706
0.06154
0.0405
0.0371
0.03364
0.03676
0.05374
0.0472
0.04464
0.03008
0.02906
0.0276
0.02192
0.02874
0.02962
0.02496
0.01942
0.04296
0.03216
0.04196
0.04652
0.04992
0.04202
0.04238
0.03682
0.01968
0.01764
0.00706
0.02808
0.02616
0.03524
0.02398
0.02656
0.01932
0.02484
0.03622
0.0311
0.04666
0.0393
0.05134
0.03896
0.02672
0.01952
0.02436
0.01432
0.0331
0.02214
0.014
0.02566
0.0228
0.02998
0.0342
0.0266
0.03584
0.02828
0.02292
0.01726
0.03418
0.03344
0.02534
0.04332
0.03596
0.02902
0.00738
0.01854
0.02416
0.02702
0.00822
0.01334
0.0254
0.02076
0.03558
0.04852
0.03944
0.04398
0.02498
0.03082
0.02974
0.03668
0.03736
0.02702
0.02406
0.04408
0.0361
0.04294
0.04074
0.03656
0.03874
0.0434
0.04118
0.04376
0.04124
0.03432
0.04626
0.01868
0.01738
0.03102
0.04042
0.02458
0.03014
0.0436
0.03376
0.02492
0.0134
0.03334
0.0188
0.03224
0.04412
0.02358
0.03516
0.03262
0.03326
0.0282
0.03138
0.03888
0.04856
0.05314
0.04528
0.0279
0.02262
0.04252
0.0287
0.04448
0.0433
0.02292
0.02114
0.01786
0.01802
0.03476
0.03204
0.03714
0.02636
0.01606
0.01564
0.026
0.0299
0.03644
0.03306
0.04084
0.02788
0.02336
0.02158
0.03264
0.02894
0.02082
0.02376
0.01324
0.04592
0.04092
0.02586
0.03236
0.02704
0.02832
0.03064
0.02026
0.02958
0.0223
0.04406
0.05008
0.04148
0.02602
0.03234
0.03542
0.0288
0.0349
0.03754
0.03652
0.04206
0.04748
0.05106
0.04482
0.03728
0.03942
0.03376
0.02398
0.02248
0.0356
0.02456
0.02556
0.03492
0.04384
0.0396
0.03678
0.0296
0.03112
0.0471
0.0388
0.03876
0.03042
0.03562
0.03782
0.02572
0.01774
0.0321
0.0219
0.0203
0.02478
0.02912
0.00492
0.01278
0.01706
0.02522
0.036
0.03026
0.0316
0.0316
0.02548
0.0338
0.03428
0.03908
0.02664
0.01408
0.0176
0.02422
0.03678
0.0377
0.03348
0.04396
0.04498
0.04062
0.03558
0.0265
0.03186
0.04178
0.03328
0.0288
0.0398
0.03106
0.03604
0.02262
0.0148
0.02566
0.02706
0.02954
0.01836
0.02082
0.02376
0.02198
0.02344
0.00718
0.01846
0.02686
0.0298
0.02628
0.02802
0.02548
0.0227
0.02144
0.03982
0.0468
0.03738
0.02544
0.03904
0.03102
0.03798
0.05336
0.04754
0.04554
0.03326
0.03454
0.03666
0.039
0.04876
0.04286
0.06102
0.03278
0.03178
0.02364
0.02356
0.0255
0.02736
0.02534
0.01264
0.01472
0.0204
0.03056
0.02806
0.03072
0.03436
0.02962
0.02674
0.02374
0.03144
0.029
0.0236
0.02552
0.01218
0.01406
0.03524
0.03962
0.03892
0.02718
0.03436
0.0407
0.02684
0.03256
0.02248
0.02692
0.02752
0.0323
0.04036
0.02442
0.02414
0.0237
0.01642
0.02554
0.0397
0.02396
0.03248
0.03876
0.0358
0.0402
0.0377
0.02496
0.03294
0.02726
0.04276
0.04874
0.03282
0.03014
0.01932
0.03756
0.0523
0.0501
0.05126
0.0365
0.038
0.03328
0.025
0.0244
0.04364
0.04474
0.02916
0.02616
0.02272
0.02764
0.03662
0.03774
0.0384
0.0424
0.02494
0.03288
0.04634
0.0448
0.05406
0.0421
0.03578
0.04206
0.03912
0.04212
0.03092
0.03546
0.02392
0.01594
0.01874
0.01926
0.01588
0.03608
0.02818
0.02544
0.02926
0.03912
0.04078
0.0332
0.03518
0.04226
0.04908
0.0339
0.02872
0.0344
0.03852
0.04406
0.04308
0.03982
0.03322
0.02466
0.02066
0.03224
0.03192
0.03372
0.04012
0.03144
0.03868
0.03972
0.0347
0.03686
0.03714
0.02866
0.02042
0.01318
0.01018
0.00818
0.04038
0.04024
0.02436
0.03216
0.04178
0.0419
0.03898
0.0406
0.04156
0.03496
0.02702
0.02198
0.03292
0.02892
0.02566
0.02176
0.01664
0.03278
0.03854
0.03708
0.0241
0.01656
0.02816
0.03294
0.03482
0.02422
0.02416
0.03036
0.0297
0.02104
0.03224
0.03604
0.03996
0.04594
0.03406
0.03126
0.03616
0.02708
0.03034
0.03426
0.05172
0.03748
0.03866
0.03016
0.03134
0.0271
0.03486
0.02116
0.0221
0.03354
0.0415
0.04178
0.03604
0.01624
0.0294
0.02936
0.0434
0.03334
0.03222
0.02398
0.02408
0.03874
0.03856
0.0286
0.04396
0.04576
0.03158
0.04208
0.03522
0.05116
0.0376
0.02152
0.0255
0.02716
0.02982
0.03516
0.03642
0.04086
0.03628
0.0314
0.03936
0.02872
0.03652
0.03036
0.03478
0.02256
0.02536
0.02654
0.02272
0.03114
0.03676
0.02542
0.01862
0.02566
0.03932
0.0272
0.04288
0.03434
0.03682
0.03068
0.03212
0.02554
0.02922
0.01964
0.034
0.0516
0.03082
0.0293
0.02798
0.02618
0.02012
0.02022
0.01522
0.0162
0.02248
0.029
0.01742
0.02078
0.02102
0.02554
0.05242
0.0513
0.05096
0.06226
0.0588
0.03788
0.02902
0.03318
0.03276
0.01746
0.02528
0.02242
0.01716
0.01016
-0.00044
0.02858
0.02432
0.02444
0.01282
0.03382
0.0409
0.04284
0.02318
0.02836
0.03698
0.02658
0.0372
0.03924
0.03356
0.04468
0.03716
0.03162
0.02672
0.02784
0.02176
0.01502
0.0194
0.01906
0.02172
0.02666
0.02222
0.02542
0.03868
0.05
0.0396
0.04022
0.04222
0.0395
0.04302
0.03532
0.0209
0.04428
0.02046
0.02882
0.02638
0.02186
0.03268
0.02764
0.02328
0.01908
0.0257
0.01228
0.02448
0.0277
0.02956
0.0283
0.01544
0.0238
0.03618
0.04572
0.03738
0.03434
0.03508
0.03704
0.0498
0.04506
0.0347
0.0387
0.02748
0.02508
0.0362
0.02714
0.02698
0.02606
0.01724
0.03424
0.03048
0.03756
0.02356
0.02552
0.02792
0.01576
0.03004
0.04742
0.04098
0.03826
0.02742
0.03224
0.03016
0.03826
0.03774
0.03514
0.02806
0.0428
0.03114
0.03374
0.03952
0.0304
0.03736
0.04142
0.02254
0.03066
0.03982
0.05102
0.03548
0.03944
0.03834
0.04468
0.02774
0.03458
0.03448
0.02082
0.03214
0.03026
0.03876
0.0266
0.0274
0.0251
0.02586
0.0235
0.01944
0.0227
0.03926
0.04244
0.03966
0.0331
0.04874
0.03534
0.01786
0.03766
0.04046
0.05166
0.04006
0.03938
0.02826
0.02554
0.02736
0.02376
0.02528
0.0265
0.03412
0.03738
0.02866
0.0226
0.02224
0.01924
0.02956
0.03122
0.03446
0.02948
0.03672
0.047
0.03722
0.04526
0.02726
0.02226
0.035
0.0262
0.0299
0.03002
0.03586
0.02464
0.02668
0.03614
0.03208
0.0256
0.03204
0.04398
0.03506
0.01888
0.01008
0.0313
0.0343
0.0257
0.02988
0.02822
0.02272
0.03134
0.03276
0.02582
0.03408
0.0386
0.02934
0.02076
0.03296
0.03444
0.03512
0.02896
0.02784
0.05046
0.04442
0.03946
0.0396
0.0417
0.03738
0.03694
0.02192
0.01404
0.0156
0.02124
0.03286
0.03554
0.03426
0.02608
0.03638
0.02388
0.0135
0.01904
0.0179
0.04616
0.03444
0.04102
0.04166
0.04066
0.03062
0.02782
0.0349
0.03598
0.03724
0.02998
0.02946
0.03768
0.0311
0.0293
0.03058
0.02728
0.02184
0.03012
0.03232
0.02502
0.02906
0.02368
0.00732
0.01588
0.01468
0.02364
0.0195
0.02362
0.04504
0.03446
0.02804
0.01528
0.00422
0.01698
0.02914
0.03036
0.02112
0.01294
0.02386
0.01604
0.01316
0.02936
0.03592
0.02916
0.01296
0.02318
0.03072
0.04594
0.0408
0.0236
0.01988
0.03184
0.04876
0.0596
0.05482
0.05172
0.05436
0.04134
0.04002
0.02412
0.03934
0.04326
0.03458
0.0337
0.02998
0.03074
0.02906
0.02252
0.02048
0.02866
0.01918
0.02218
0.02768
0.03202
0.03278
0.05552
0.05674
0.0451
0.02518
0.02616
0.02436
0.02438
0.01444
0.01992
0.03076
0.03596
0.0271
0.0213
0.03402
0.02976
0.0377
0.02524
0.0279
0.02592
0.0445
0.03286
0.02156
0.05352
0.0438
0.04964
0.02854
0.0283
0.0409
0.03906
0.04788
0.04012
0.03508
0.02646
0.03454
0.02798
0.02404
0.02818
0.03366
0.02176
0.01358
0.02056
0.0238
0.03112
0.03276
0.02542
0.03884
0.03208
0.02142
0.03584
0.03028
0.02908
0.03268
0.03146
0.03244
0.02986
0.02822
0.03118
0.0302
0.04594
0.04608
0.0414
0.0403
0.03876
0.0361
0.03646
0.0324
0.02462
0.03192
0.0169
0.0086
0.02272
0.03422
0.032
0.03238
0.03032
0.03154
0.03358
0.0371
0.02718
0.0355
0.03768
0.03734
0.03864
0.02978
0.04206
0.05246
0.03972
0.03646
0.0425
0.0305
0.015
0.02496
0.02776
0.02814
0.02956
0.02482
0.02276
0.0186
0.00948
0.00782
0.0404
0.0241
0.0314
0.01932
0.02694
0.02376
0.0287
0.01606
0.012
0.02286
0.02162
0.0237
0.0221
0.01864
0.03476
0.02982
0.02938
0.03556
0.04272
0.04744
0.05422
0.0435
0.04384
0.03882
0.03118
0.04442
0.03342
0.021
0.03612
0.01354
0.02326
0.02106
0.0317
0.03976
0.02138
0.03222
0.02608
0.03424
0.022
0.02678
0.03698
0.04062
0.04218
0.03032
0.04518
0.05178
0.03816
0.0295
0.0304
0.0347
0.04184
0.03292
0.0274
0.0183
0.02248
0.04766
0.0569
0.05224
0.03764
0.04516
0.03348
0.03356
0.03782
0.05084
0.03898
0.03644
0.0227
0.02448
0.0289
0.05188
0.04134
0.029
0.01258
0.01736
0.01648
0.01564
0.01006
0.01684
0.02352
0.01214
0.01222
0.01932
0.01486
0.0134
0.02538
0.02394
0.03978
0.03512
0.03464
0.02748
0.016
0.02152
0.0303
0.02192
0.02652
0.01836
0.01976
0.01912
0.01152
0.02874
0.02596
0.00932
0.0168
0.02698
0.01716
0.01836
0.03182
0.04268
0.0325
0.02338
0.02788
0.02826
0.03708
0.03958
0.0369
0.03402
0.02668
0.02732
0.02064
0.02278
0.02712
0.0333
0.01452
0.01536
0.03872
0.03498
0.04396
0.04372
0.02922
0.02962
0.01896
0.02762
0.04248
0.04334
0.03952
0.03706
0.02442
0.02744
0.02544
0.05032
0.04916
0.04084
0.04318
0.03768
0.0293
0.03096
0.02728
0.0218
0.02628
0.02186
0.01714
0.02684
0.02958
0.03002
0.0302
0.03094
0.02634
0.03378
0.02464
0.0298
0.03136
0.03388
0.03064
0.03866
0.06112
0.04882
0.0484
0.04514
0.02946
0.04146
0.03736
0.03688
0.04486
0.03702
0.04626
0.04568
0.04282
0.04046
0.0629
0.04186
0.04218
0.0503
0.03298
0.03256
0.04232
0.04218
0.04246
0.02872
0.0382
0.03806
0.03922
0.02822
0.03816
0.02734
0.01748
0.01566
0.01528
0.01896
0.02368
0.0337
0.02952
0.03898
0.01716
0.02086
0.03658
0.02882
0.0309
0.02734
0.02298
0.01756
0.0188
0.019
0.0236
0.02534
0.0214
0.01686
0.0082
0.00638
0.03082
0.02316
0.02242
0.01794
0.02844
0.02868
0.03508
0.03594
0.03706
0.02872
0.02764
0.00932
0.02142
0.02688
0.023
0.03362
0.02712
0.0422
0.04176
0.05492
0.04944
0.03618
0.02928
0.01732
0.02518
0.01956
0.01472
0.02714
0.03724
0.0285
0.03906
0.02646
0.02732
0.02268
0.03548
0.02824
0.04028
0.03122
0.04094
0.02592
0.0104
0.0305
0.02354
0.0223
0.02664
0.0266
0.04198
0.03814
0.01622
0.02892
0.02288
0.01604
0.02042
0.03118
0.03314
0.02222
0.02416
0.02442
0.02708
0.02258
0.03256
0.03262
0.03074
0.0183
0.01228
0.0124
0.004
0.00936
0.00708
0.01318
0.00986
0.00982
0.02766
0.03548
0.04146
0.03022
0.03372
0.02134
0.02616
0.00848
0.00604
0.02136
0.01722
0.02448
0.03766
0.04392
0.03276
0.0277
0.0084
0.01388
0.01794
0.01632
0.02078
0.02166
0.00156
0.01608
0.01304
0.02026
0.02454
0.02982
0.0343
0.03734
0.01678
0.0162
0.02558
0.02258
0.04028
0.0409
0.03386
0.01904
0.02978
0.0291
0.034
0.03206
0.03872
0.03418
0.03058
0.0311
0.0396
0.04254
0.02898
0.01838
0.03274
0.029
0.03912
0.02346
0.02972
0.02944
0.03616
0.03468
0.04302
0.03712
0.02502
0.02902
0.02664
0.02974
0.02334
0.01542
0.01316
0.01122
0.01598
0.02324
0.03578
0.02994
0.01664
0.02372
0.04216
0.02108
0.03458
0.02836
0.02644
0.02748
0.02332
0.02736
0.03112
0.0319
0.04574
0.04488
0.05372
0.04042
0.03916
0.02906
0.0245
0.02922
0.03438
0.04596
0.03786
0.0236
0.03884
0.03526
0.03436
0.03912
0.03292
0.02356
0.03308
0.03272
0.0406
0.04104
0.04148
0.01786
0.01376
0.01556
0.03318
0.0335
0.03394
0.03128
0.03648
0.0403
0.0389
0.0391
0.0505
0.04666
0.0273
0.01706
0.03254
0.02742
0.0294
0.02776
0.0262
0.02208
0.02354
0.03394
0.03502
0.0075
0.02354
0.0168
0.02008
0.02296
0.01988
0.00194
0.03032
0.021
0.02524
0.0342
0.02416
0.0336
0.0317
0.0304
0.02716
0.04114
0.03986
0.0444
0.03042
0.03758
0.02818
0.0307
0.04366
0.03564
0.03604
0.03856
0.05234
0.04104
0.04296
0.01486
0.02314
0.04884
0.04414
0.02076
0.0135
0.00972
0.02642
0.03966
0.04288
0.04092
0.03924
0.0249
0.02858
0.03032
0.03868
0.03896
0.0618
0.0354
0.02606
0.02504
0.0234
0.02026
0.03154
0.02346
0.02344
0.0235
0.04078
0.02956
0.03978
0.0347
0.01686
0.03472
0.02366
0.02594
0.02898
0.01488
0.0269
0.01874
0.03638
0.02214
0.0365
0.01916
0.01724
0.0323
0.01636
0.0078
0.02954
0.04496
0.0291
0.0285
0.03154
0.02364
0.03146
0.04386
0.04144
0.0598
0.03492
0.03666
0.04636
0.04016
0.04214
0.03658
0.03334
0.0461
0.03984
0.03596
0.02532
0.0239
0.03148
0.03442
0.03108
0.02768
0.03958
0.03512
0.02012
0.03564
0.01506
0.03584
0.04392
0.04442
0.0453
0.03468
0.02738
0.0275
0.03788
0.03446
0.02346
0.02234
0.02842
0.02818
0.04256
0.02706
0.02874
0.01632
-0.0011
0.02154
0.03306
0.03416
0.02514
0.02886
0.03328
0.01694
0.03126
0.0285
0.032
0.03836
0.02926
0.0284
0.02078
0.02648
0.04772
0.03902
0.01672
0.0291
0.0339
0.04938
0.02722
0.02834
0.04066
0.03318
0.02112
0.0146
0.02064
0.0285
0.02996
0.01858
0.02978
0.03078
0.03632
0.0389
0.02246
0.02208
0.02464
0.01598
0.02228
0.0168
0.03512
0.01414
0.02444
0.0232
0.02182
0.0316
0.0326
0.04132
0.04618
0.03428
0.03494
0.03788
0.04498
0.0219
0.01216
0.0324
0.04122
0.03146
0.03482
0.0315
0.03434
0.03564
0.03318
0.02482
0.03502
0.0302
0.02926
0.03004
0.0388
0.03598
0.02764
0.03282
0.02558
0.03104
0.02346
0.0277
0.0326
0.01874
0.01776
0.02124
0.0323
0.0394
0.03942
0.04084
0.02862
0.0319
0.02522
0.04712
0.03882
0.04822
0.03702
0.04428
0.04148
0.0229
0.02182
0.02298
0.0292
0.02714
0.03836
0.04158
0.03308
0.02904
0.03886
0.03214
0.03024
0.03762
0.0517
0.0343
0.0398
0.03938
0.0475
0.04264
0.04674
0.04294
0.0301
0.0345
0.03568
0.03662
0.03382
0.02336
0.03844
0.03862
0.0311
0.0194
0.03168
0.02106
0.02552
0.04016
0.03524
0.0334
0.02428
0.02532
0.02854
0.02518
0.03564
0.04914
0.05812
0.03678
0.04284
0.03856
0.04152
0.04592
0.0371
0.03466
0.04574
0.02832
0.02736
0.02684
0.02656
0.02126
0.02096
0.02866
0.0305
0.02976
0.03518
0.02536
0.03534
0.02826
0.03382
0.02576
0.02458
0.02394
0.01628
0.01196
0.03506
0.0198
0.0159
0.0106
-0.00126
0.02332
0.03512
0.03556
0.03516
0.04668
0.043
0.03238
0.03404
0.0246
0.01064
0.03344
0.02346
0.0359
0.0299
0.0409
0.02422
0.01272
0.0214
0.01308
0.03292
0.04432
0.02326
0.02226
0.0285
0.0101
0.01308
0.01248
0.02132
0.02918
0.02944
0.0315
0.02598
0.01448
0.0103
0.02288
0.03084
0.03726
0.034
0.02536
0.01698
0.03402
0.03684
0.02948
0.03068
0.0367
0.03714
0.0419
0.03464
0.01042
0.02742
0.03596
0.03598
0.03784
0.03622
0.03108
0.03588
0.03852
0.03534
0.04444
0.03596
0.0258
0.03118
0.03344
0.0204
0.0321
0.04004
0.03112
0.03366
0.04056
0.02924
0.02294
0.02436
0.02518
0.03046
0.03364
0.03208
0.04344
0.04944
0.0441
0.03248
0.0487
0.06386
0.04754
0.04726
0.03864
0.04392
0.04938
0.03406
0.03082
0.0306
0.03584
0.04064
0.03882
0.03532
0.0274
0.03316
0.03386
0.04164
0.0419
0.03034
0.03302
0.03616
0.0298
0.02228
0.0353
0.01952
0.03906
0.03036
0.02276
0.02228
0.0179
0.02548
0.02226
0.0273
0.05284
0.04456
0.04402
0.02986
0.01612
0.00648
0.00858
0.02624
0.03172
0.0291
0.03174
0.03406
0.03002
0.02418
0.02628
0.02692
0.02992
0.03488
0.03838
0.03988
0.02648
0.04
0.0335
0.03002
0.03632
0.02998
0.03482
0.02566
0.03816
0.0414
0.04236
0.05092
0.0425
0.0353
0.02208
0.01988
0.02172
0.01066
-0.00446
0.02032
0.0196
0.02736
0.0275
0.02908
0.03
0.03972
0.02956
0.04562
0.02688
0.03478
0.04602
0.03532
0.02862
0.0341
0.01862
0.03152
0.0398
0.02618
0.02654
0.02492
0.03186
0.0254
0.01576
0.02202
0.02586
0.02924
0.0575
0.04108
0.0391
0.04506
0.04424
0.05062
0.0333
0.0241
0.02998
0.02302
0.04244
0.04022
0.01658
0.01394
0.04226
0.03874
0.0245
0.03836
0.03244
0.03828
0.0376
0.0416
0.03844
0.03866
0.03914
0.03698
0.01694
0.01626
0.0407
0.03684
0.03668
0.04512
0.03994
0.03294
0.03032
0.02904
0.03006
0.04474
0.03376
0.04092
0.02776
0.0192
0.0076
0.01556
0.0235
0.04188
0.04176
0.0436
0.04338
0.05382
0.04358
0.0442
0.04718
0.02906
0.03172
0.021
0.02598
0.0436
0.04152
0.02842
0.02362
0.04608
0.05104
0.05368
0.03496
0.02552
0.01796
0.04292
0.02844
0.02222
0.01864
0.02672
0.03164
0.03578
0.04704
0.02728
0.03334
0.02412
0.02678
0.03178
0.02918
0.04472
0.05096
0.04502
0.03168
0.02972
0.02262
0.03332
0.03518
0.0338
0.02852
0.02754
0.01912
0.03068
0.0141
0.0292
0.03292
0.0295
0.02358
0.0211
0.03284
0.02356
0.02812
0.0306
0.04138
0.03336
0.03914
0.02346
0.02556
0.0181
0.0289
0.02524
0.0497
0.0417
0.03514
0.04358
0.02334
0.019
0.02472
0.01812
0.01166
0.01864
0.02116
0.03002
0.02184
0.02764
0.01522
0.014
0.01936
0.02946
0.04282
0.0334
0.02334
0.03126
0.03614
0.02094
0.01972
0.00726
0.01176
0.01278
0.0263
0.02566
0.02356
0.02868
0.03392
0.04098
0.03966
0.03518
0.03888
0.03068
0.01932
0.0155
0.02888
0.03172
0.0136
0.00716
0.02074
0.0388
0.03074
0.02572
0.03116
0.02746
0.03372
0.02778
0.04352
0.03208
0.02948
0.03334
0.02682
0.05338
0.04106
0.04458
0.04414
0.03388
0.03292
0.03564
0.04682
0.02682
0.02648
0.02458
0.0296
0.04314
0.02498
0.03068
0.01822
0.0307
0.03228
0.02272
0.0339
0.03044
0.0446
0.03472
0.04346
0.03688
0.04042
0.0307
0.02426
0.03926
0.03712
0.0216
0.02542
0.04354
0.04948
0.04796
0.03954
0.05516
0.0402
0.04512
0.03606
0.0393
0.02372
0.02172
0.03848
0.03728
0.02994
0.02564
0.0196
0.02476
0.02684
0.02992
0.03454
0.02672
0.03686
0.02752
0.03106
0.03174
0.0422
0.04444
0.02932
0.03006
0.0474
0.04476
0.0384
0.0438
0.03338
0.02434
0.02952
0.02936
0.02924
0.02474
0.02686
0.0303
0.02854
0.02566
0.01872
0.03278
0.03962
0.0494
0.05204
0.05256
0.0505
0.04456
0.03324
0.04104
0.02528
0.01974
0.01308
0.01392
0.03204
0.03548
0.0288
0.02768
0.03638
0.0435
0.04674
0.03502
0.02408
0.02796
0.02122
0.02594
0.02258
0.02788
0.03132
0.04216
0.03064
0.0411
0.01894
0.01852
0.03722
0.04866
0.03612
0.03072
0.03744
0.04184
0.0319
0.03646
0.03658
0.01804
0.00208
0.01266
0.0152
0.01386
0.00726
0.02896
0.02378
0.02998
0.02644
0.02482
0.01066
0.01802
0.02726
0.04128
0.0354
0.0375
0.03438
0.03274
0.02748
0.03198
0.03074
0.03516
0.02882
0.03934
0.04406
0.03532
0.04502
0.04022
0.03678
0.0351
0.0386
0.04166
0.0326
0.03212
0.02222
0.0276
0.01644
0.02508
0.03206
0.03872
0.03882
0.04532
0.06154
0.03948
0.04268
0.04756
0.04042
0.04264
0.03116
0.03586
0.02722
0.02808
0.02578
0.0257
0.04094
0.02976
0.03466
0.02636
0.01402
0.02866
0.0232
0.02498
0.02024
0.03008
0.03942
0.02698
0.03734
0.03608
0.04254
0.03752
0.0337
0.0222
0.03084
0.03348
0.02788
0.04096
0.03718
0.02866
0.02744
0.01926
0.01474
0.02156
0.02682
0.03012
0.02732
0.02128
0.01352
0.0231
0.0295
0.03098
0.03612
0.02994
0.04344
0.03752
0.03504
0.03782
0.03306
0.01842
0.00654
0.0227
0.00572
0.02432
0.02032
0.01804
0.02364
0.03116
0.03716
0.04062
0.04036
0.03864
0.04062
0.04058
0.04538
0.0493
0.04348
0.02802
0.04062
0.04782
0.0378
0.03684
0.04002
0.03632
0.02504
0.00988
0.0225
0.01928
0.0389
0.03876
0.03776
0.04042
0.04608
0.03792
0.03742
0.03156
0.03266
0.02888
0.04272
0.03812
0.0355
0.03176
0.01726
0.02154
0.01756
0.03018
0.02592
0.02118
0.01876
0.02438
0.0162
0.03042
0.03282
0.03258
0.0362
0.03186
0.03736
0.04462
0.03946
0.03632
0.03168
0.03534
0.0191
0.01376
0.03622
0.0362
0.04806
0.05208
0.04362
0.05306
0.05428
0.04824
0.03778
0.02916
0.00914
0.02306
0.02666
0.04518
0.04178
0.02802
0.00478
0.02286
0.02258
0.04566
0.05114
0.05482
0.03386
0.03622
0.04528
0.02082
0.03078
0.02514
0.01306
0.02912
0.02428
0.01034
0.0046
0.03138
0.02138
0.02552
0.02846
0.02334
0.01708
0.03024
0.03024
0.01606
0.02354
0.00704
0.02772
0.0161
0.02356
0.04386
0.02552
0.02876
0.02776
0.0233
0.0281
0.0341
0.04024
0.04402
0.05476
0.07222
0.0542
0.04912
0.0559
0.0398
0.04256
0.0336
0.04306
0.0368
0.02876
0.03
0.02498
0.02632
0.02498
0.0292
0.01634
0.02728
0.03002
0.01744
0.03022
0.0233
0.02354
0.02336
0.01946
0.03898
0.041
0.03128
0.0339
0.02632
0.03054
0.02312
0.02446
0.03728
0.03548
0.02784
0.02674
0.0253
0.03614
0.03086
0.0292
0.02738
0.03998
0.04274
0.05274
0.04616
0.03954
0.04674
0.04984
0.05042
0.04116
0.03766
0.0427
0.02344
0.0261
0.02132
0.01274
0.00896
0.03688
0.03108
0.01528
0.00552
0.00842
0.00352
0.0078
0.0322
0.04182
0.04398
0.04968
0.04508
0.04986
0.0399
0.02512
0.02372
0.025
0.0243
0.0286
0.03042
0.03184
0.0292
0.03464
0.01642
0.01408
0.02562
0.02162
0.03258
0.0177
0.02542
0.02432
0.0334
0.03098
0.01968
0.02796
0.01792
0.03378
0.035
0.02548
0.02464
0.01586
0.0219
0.0252
0.03268
0.03614
0.02714
0.04926
0.03348
0.02196
0.02338
0.0091
0.02454
0.02482
0.01934
0.02882
0.015
0.02846
0.01474
0.02574
0.03986
0.02546
0.02872
0.03586
0.04362
0.02542
0.02014
0.0213
0.03256
0.02728
0.04562
0.05166
0.04708
0.03172
0.0306
0.02782
0.0125
0.0224
0.02588
0.02918
0.04232
0.03384
0.01328
0.03726
0.02854
0.03588
0.03768
0.03398
0.0297
0.03952
0.02932
0.02238
0.01954
0.02718
0.02104
0.02032
0.02692
0.03824
0.0324
0.04424
0.04802
0.0476
0.04344
0.04172
0.02536
0.04358
0.03962
0.03342
0.03244
0.04142
0.03546
0.0474
0.04748
0.03686
0.0422
0.04508
0.03276
0.02104
0.03114
0.04518
0.05022
0.03462
0.03386
0.02244
0.0324
0.0432
0.03866
0.03318
0.02718
0.02776
0.02862
0.04044
0.03458
0.0293
0.02594
0.02046
0.0258
0.03016
0.02568
0.02122
0.03374
0.04114
0.03276
0.02066
0.01444
0.00936
0.0186
0.04236
0.03016
0.0318
0.02496
0.02202
0.0349
0.03414
0.03312
0.04048
0.03034
0.0167
0.03244
0.03064
0.0358
0.04
0.0367
0.04692
0.02842
0.02106
0.01844
0.02422
0.03506
0.04052
0.03124
0.03
0.02978
0.0267
0.0455
0.0338
0.03572
0.04156
0.03998
0.02264
0.0308
0.04116
0.04324
0.04346
0.0191
0.01564
0.02902
0.02258
0.01552
0.01426
0.019
0.02534
0.01932
0.02746
0.03152
0.03396
0.01828
0.03356
0.03754
0.0369
0.04064
0.03898
0.04252
0.04658
0.03446
0.02554
0.0288
0.03722
0.0135
0.02136
0.04068
0.02904
0.0267
0.02904
0.01618
0.02054
0.0252
0.03364
0.0351
0.0261
0.03604
0.03404
0.02152
0.0341
0.02362
0.01618
0.03302
0.0184
0.02222
0.03692
0.03946
0.0395
0.04418
0.03266
0.037
0.03558
0.04908
0.06522
0.05526
0.03228
0.02818
0.03802
0.02766
0.03224
0.03296
0.03766
0.03566
0.03508
0.02986
0.02248
0.02036
0.01508
0.03376
0.01946
0.0313
0.0311
0.03814
0.02716
0.0347
0.023
0.02454
0.02966
0.03596
0.03116
0.0302
0.0296
0.02842
0.03232
0.03588
0.02176
0.01426
0.01872
0.02176
0.01356
0.03066
0.0191
0.0175
0.03342
0.02592
0.03314
0.01994
0.03358
0.02864
0.02486
0.02226
0.03224
0.0397
0.0301
0.0297
0.02752
0.04124
0.03898
0.01624
0.02292
0.0139
0.03346
0.02114
0.0152
0.02616
0.03508
0.04134
0.02534
0.02328
0.02232
0.01782
0.03054
0.02746
0.02642
0.02672
0.0375
0.0293
0.0292
0.01984
0.02064
0.02202
0.02812
0.0405
0.045
0.03758
0.03194
0.0463
0.03996
0.02936
0.027
0.01668
0.01584
0.01726
0.02076
0.03876
0.02938
0.02158
0.03664
0.03468
0.03276
0.02728
0.04062
0.03752
0.04364
0.03094
0.02982
0.03014
0.024
0.02692
0.0458
0.03854
0.03754
0.03856
0.05012
0.03738
0.03152
0.02782
0.0297
0.04428
0.03108
0.0326
0.03494
0.03662
0.0375
0.036
0.03826
0.0344
0.02802
0.03396
0.04268
0.03916
0.0322
0.0371
0.03066
0.02532
0.033
0.04054
0.04334
0.03904
0.04376
0.02366
0.03228
0.0134
0.02828
0.03612
0.03332
0.0325
0.02336
0.02428
0.02182
0.02468
0.03256
0.02056
0.02348
0.01784
0.02084
0.02754
0.0269
0.02394
0.022
0.01726
0.02074
0.03646
0.03954
0.03468
0.01236
0.02568
0.0315
0.03328
0.0354
0.0377
0.0314
0.01472
0.01586
0.02156
0.0336
0.04594
0.04566
0.03112
0.03412
0.0514
0.04714
0.02912
0.028
0.04758
0.02574
0.02744
0.02896
0.03678
0.03876
0.0136
0.01568
0.01866
0.02172
0.00972
0.02608
0.01626
0.0382
0.02768
0.0176
0.02908
0.03226
0.02606
0.04166
0.04542
0.04096
0.02762
0.04118
0.05684
0.0495
0.04168
0.04124
0.04828
0.03638
0.03012
0.02604
0.0271
0.04778
0.05012
0.0283
0.02526
0.02354
0.02448
0.01522
0.02994
0.04218
0.04348
0.03474
0.03804
0.03474
0.01598
0.02824
0.03678
0.03216
0.02628
0.01906
0.02552
0.0296
0.02302
0.02934
0.03442
0.03634
0.04486
0.0323
0.03226
0.03954
0.0421
0.03124
0.0389
0.03646
0.03214
0.02952
0.03204
0.0299
0.03756
0.0431
0.02854
0.02038
0.02536
0.0254
0.02782
0.0249
0.02006
0.01936
0.02342
0.02616
0.04184
0.04
0.0441
0.03574
0.03528
0.02588
0.0366
0.02286
0.0174
0.0211
0.03372
0.0358
0.04628
0.046
0.03664
0.02892
0.0232
0.02692
0.02546
0.03424
0.0277
0.01162
0.02756
0.0211
0.03494
0.03218
0.02784
0.02406
0.02844
0.02356
0.02116
0.0201
0.03294
0.00824
0.00956
0.03112
0.03608
0.03034
0.02288
0.02606
0.03152
0.03558
0.03706
0.03188
0.03134
0.0363
0.0397
0.03978
0.03988
0.03668
0.03976
0.03704
0.02782
0.01854
0.02378
0.04814
0.03006
0.0332
0.04994
0.04294
0.02784
0.04512
0.03554
0.02648
0.03766
0.03332
0.03212
0.0224
0.0314
0.0302
0.0374
0.03612
0.03314
0.03892
0.05754
0.05032
0.03286
0.04632
0.02484
0.01562
0.03322
0.02092
0.04524
0.04174
0.04724
0.04566
0.04288
0.02982
0.03966
0.02998
0.03924
0.03886
0.0436
0.0411
0.02574
0.02454
0.02682
0.03594
0.03514
0.03978
0.02428
0.01958
0.02176
0.0203
0.02762
0.0302
0.03248
0.03752
0.03576
0.04822
0.03768
0.03684
0.03706
0.01922
0.03098
0.0189
0.01832
0.0398
0.04522
0.0378
0.04178
0.0521
0.0509
0.04094
0.02742
0.0218
0.02074
0.02456
0.01846
0.02434
0.01734
0.03102
0.0281
0.03342
0.03436
0.03666
0.03778
0.0335
0.02744
0.03794
0.03134
0.02838
0.02152
0.0287
0.01496
0.0115
0.00836
0.01676
0.03048
0.0366
0.02608
0.02776
0.02174
0.03462
0.0357
0.02998
0.02134
0.02762
0.03572
0.02562
0.0299
0.0153
0.0096
0.02878
0.02644
0.03648
0.02952
0.02186
0.03758
0.02796
0.0243
0.03482
0.02814
0.04062
0.04832
0.04632
0.03272
0.03992
0.03792
0.03792
0.0314
0.03798
0.03108
0.03414
0.02356
0.03562
0.02902
0.03006
0.03684
0.05068
0.03278
0.03876
0.03948
0.04246
0.03276
0.0292
0.02666
0.01944
0.0322
0.02384
0.01938
0.037
0.0305
0.02944
0.03042
0.03444
0.03978
0.0416
0.03718
0.05322
0.04098
0.03558
0.03574
0.00846
0.00632
0.02462
0.02846
0.0264
0.0097
0.02596
0.03522
0.02964
0.04756
0.04478
0.0432
0.02854
0.0412
0.03902
0.04
0.02396
0.01404
0.01132
0.01074
0.01728
0.018
0.0375
0.03976
0.05282
0.04342
0.05068
0.05438
0.04906
0.04474
0.03528
0.04024
0.031
0.0446
0.02344
0.03136
0.0307
0.04794
0.04798
0.0507
0.03776
0.03104
0.0426
0.02802
0.02478
0.01306
0.02748
0.03414
0.02716
0.02252
0.02498
0.02996
0.02028
0.01896
0.02094
0.03436
0.02816
0.03832
0.04646
0.04078
0.03392
0.03998
0.02234
0.01644
0.0192
0.02554
0.0246
0.02778
0.04654
0.04626
0.03708
0.0386
0.02682
0.03946
0.02868
0.03562
0.04352
0.03886
0.04034
0.0352
0.03248
0.03412
0.04486
0.03264
0.037
0.0316
0.03188
0.03122
0.02958
0.03162
0.03066
0.04194
0.03554
0.02666
0.03768
0.03062
0.01514
0.01406
0.02766
0.04286
0.02584
0.03534
0.0422
0.05332
0.04758
0.0419
0.0508
0.03672
0.0268
0.0249
0.03444
0.03952
0.04548
0.0253
0.0366
0.02528
0.0381
0.0334
0.03084
0.029
0.03416
0.02866
0.02764
0.03356
0.0483
0.03794
0.028
0.0352
0.03372
0.03716
0.02988
0.02622
0.03176
0.03086
0.02748
0.03182
0.04158
0.04146
0.03634
0.0371
0.03308
0.05232
0.03368
0.0258
0.02696
0.01698
0.02772
0.02448
0.03122
0.0303
0.03112
0.02094
0.0277
0.0228
0.02668
0.03062
0.03322
0.03716
0.04382
0.0319
0.02794
0.04982
0.03922
0.0308
0.0268
0.03582
0.02246
0.01982
0.02526
0.00984
0.01982
0.0273
0.0277
0.02648
0.03124
0.0297
0.0372
0.04454
0.0523
0.03344
0.03166
0.04588
0.03358
0.01936
0.03844
0.03854
0.02872
0.04708
0.05642
0.04592
0.03484
0.0272
0.03386
0.04356
0.0316
0.0281
0.02626
0.03408
0.02898
0.04446
0.0389
0.02638
0.03756
0.0405
0.0414
0.0413
0.02578
0.0188
0.02138
0.01178
0.01806
0.01688
0.02558
0.03802
0.03104
0.03672
0.04916
0.04136
0.03082
0.02276
0.02558
0.02626
0.02194
0.02206
0.02044
0.02842
0.0068
0.02892
0.03848
0.03816
0.03042
0.0436
0.0332
0.05092
0.06648
0.04286
0.0412
0.03822
0.05934
0.0446
0.04282
0.02806
0.02808
0.02428
0.02742
0.02882
0.0357
0.02174
0.02544
0.0267
0.039
0.03988
0.04248
0.02444
0.02386
0.02142
0.01878
0.02078
0.02638
0.0269
0.02476
0.03226
0.04624
0.04428
0.04584
0.0346
0.02222
0.03488
0.03032
0.02062
0.03182
0.04356
0.02526
0.03634
0.03244
0.04302
0.04448
0.03632
0.03686
0.02564
0.0225
0.02382
0.03524
0.03784
0.02642
0.0284
0.03074
0.0441
0.02334
0.0371
0.04396
0.04288
0.03996
0.05428
0.03622
0.04386
0.04272
0.03916
0.03424
0.0287
0.05038
0.04488
0.04152
0.04504
0.04142
0.03788
0.04436
0.04336
0.03708
0.02766
0.02698
0.03282
0.02338
0.02786
0.0232
0.0292
0.02536
0.0256
0.04264
0.03704
0.03206
0.01652
0.01496
0.0104
0.00796
0.03356
0.0184
0.0334
0.03138
0.03168
0.0247
0.02462
0.01446
0.03684
0.0381
0.03692
0.02534
0.02816
0.02432
0.02846
0.03194
0.04764
0.04268
0.04106
0.0436
0.04874
0.04248
0.03896
0.03294
0.03308
0.0351
0.01678
0.02852
0.03044
0.02758
0.02704
0.03306
0.0238
0.0376
0.0385
0.03928
0.02726
0.02808
0.02844
0.01376
0.03584
0.0239
0.01742
0.02036
0.03176
0.02322
0.03212
0.01918
0.02188
0.0217
0.03548
0.01978
0.01882
0.0144
0.01388
0.03066
0.0337
0.03644
0.02352
0.03248
0.04362
0.04484
0.03342
0.02878
0.05016
0.03932
0.0295
0.0353
0.0528
0.02804
0.02448
0.0223
0.0209
0.0186
0.01392
0.0165
0.02406
0.01182
0.01676
0.0366
0.03664
0.047
0.0515
0.04644
0.04946
0.02588
0.03256
0.04654
0.04168
0.02372
0.02816
0.02968
0.0344
0.01964
0.02092
0.03412
0.0358
0.02856
0.0386
0.03462
0.03632
0.03872
0.04946
0.03562
0.03422
0.03668
0.057
0.0485
0.04908
0.05042
0.04594
0.04148
0.04292
0.06272
0.0545
0.0524
0.05016
0.04954
0.05054
0.03432
0.04156
0.033
0.05568
0.04568
0.04038
0.035
0.02694
0.02112
0.0266
0.04034
0.04584
0.04242
0.0265
0.02384
0.04618
0.04624
0.04462
0.03704
0.02602
0.02768
0.03202
0.0299
0.02122
0.01096
0.02794
0.02972
0.03956
0.03608
0.02304
0.01438
0.03118
0.03578
0.03072
0.05224
