-0.89916
-0.89828
-0.89834
-0.90302
-0.89876
-0.89954
-0.89878
-0.89742
-0.89974
-0.90168
-0.90024
-0.90026
-0.89872
-0.90036
-0.89934
-0.90082
-0.9017
-0.9014
-0.90016
-0.89788
-0.90256
-0.89844
-0.90052
-0.8997
-0.90256
-0.90128
-0.89892
-0.89986
-0.89952
-0.89986
-0.90028
-0.90066
-0.90258
-0.89964
-0.89984
-0.90034
-0.90172
-0.90012
-0.89776
-0.89914
-0.90176
-0.89692
-0.89806
-0.90104
-0.89958
-0.8989
-0.90012
-0.89832
-0.8999
-0.90144
-0.90186
-0.89852
-0.90142
-0.901
-0.90098
-0.90066
-0.89978
-0.89868
-0.90282
-0.90492
-0.89872
-0.89962
-0.90216
-0.89602
-0.8993
-0.90098
-0.8991
-0.89688
-0.89992
-0.90218
-0.89938
-0.89946
-0.89842
-0.90282
-0.90046
-0.89966
-0.90028
-0.89904
-0.89954
-0.89942
-0.90046
-0.89908
-0.90392
-0.90052
-0.9004
-0.90134
-0.9015
-0.90146
-0.8982
-0.90368
-0.89822
-0.90152
-0.8989
-0.90158
-0.90042
-0.90206
-0.89882
-0.9022
-0.90068
-0.9013
-0.90164
-0.90038
-0.89826
-0.89828
-0.90132
-0.90202
-0.90026
-0.9021
-0.89946
-0.89966
-0.9008
-0.89982
-0.90148
-0.89654
-0.89918
-0.90166
-0.90384
-0.90058
-0.9
-0.89896
-0.90018
-0.90224
-0.8954
-0.89676
-0.9017
-0.90016
-0.8993
-0.90136
-0.89984
-0.90264
-0.89908
-0.90056
-0.89994
-0.90208
-0.8992
-0.9025
-0.8997
-0.89912
-0.90434
-0.89784
-0.90216
-0.90036
-0.89812
-0.90068
-0.9015
-0.89784
-0.89954
-0.89714
-0.90134
-0.90216
-0.89712
-0.90306
-0.89814
-0.89778
-0.89838
-0.89756
-0.89846
-0.89892
-0.90006
-0.90188
-0.90304
-0.905
-0.9031
-0.89892
-0.89848
-0.89952
-0.90058
-0.9009
-0.9008
-0.89752
-0.89966
-0.90104
-0.90112
-0.9021
-0.89814
-0.8987
-0.89982
-0.90014
-0.89672
-0.89878
-0.89528
-0.89838
-0.89612
-0.89744
-0.89862
-0.89964
-0.89906
-0.89912
-0.90198
-0.89902
-0.90172
-0.90136
-0.90144
-0.89862
-0.90288
-0.90148
-0.89752
-0.89646
-0.90206
-0.90186
-0.90204
-0.90284
-0.90046
-0.90064
-0.90088
-0.90216
-0.9003
-0.90104
-0.90108
-0.89972
-0.90206
-0.90336
-0.89894
-0.89918
-0.89806
-0.90042
-0.89818
-0.89804
-0.89896
-0.89876
-0.90194
-0.89756
-0.89916
-0.9014
-0.89756
-0.90198
-0.89748
-0.90182
-0.90188
-0.90074
-0.90144
-0.9027
-0.90132
-0.89998
-0.90008
-0.89938
-0.90112
-0.9038
-0.90068
-0.9019
-0.90216
-0.90038
-0.90082
-0.90386
-0.9026
-0.89928
-0.9053
-0.90032
-0.90124
-0.89728
-0.90088
-0.90296
-0.89898
-0.89876
-0.90302
-0.9006
-0.90236
-0.89938
-0.90214
-0.89572
-0.9011
-0.90032
-0.89508
-0.89804
-0.90096
-0.89758
-0.90106
-0.89912
-0.90134
-0.90036
-0.8985
-0.90098
-0.8981
-0.89914
-0.89758
-0.89948
-0.89842
-0.90132
-0.90038
-0.9028
-0.89978
-0.8987
-0.90186
-0.90048
-0.90302
-0.90266
-0.90292
-0.89848
-0.90104
-0.9022
-0.8992
-0.90018
-0.9005
-0.90432
-0.89684
-0.89678
-0.89762
-0.89926
-0.8999
-0.8978
-0.89732
-0.89808
-0.89884
-0.89814
-0.90302
-0.89886
-0.897
-0.90202
-0.89784
-0.90156
-0.89966
-0.89942
-0.89902
-0.90096
-0.9019
-0.89836
-0.903
-0.9003
-0.90092
-0.90196
-0.89742
-0.90056
-0.90218
-0.89918
-0.89974
-0.90138
-0.90298
-0.89918
-0.90112
-0.90028
-0.90214
-0.9012
-0.89956
-0.89888
-0.90044
-0.9025
-0.89998
-0.89976
-0.90004
-0.90586
-0.8996
-0.90092
-0.90226
-0.90142
-0.90068
-0.90016
-0.90002
-0.89922
-0.89714
-0.8939
-0.89606
-0.89874
-0.90136
-0.90136
-0.9049
-0.89612
-0.89978
-0.89814
-0.89972
-0.9028
-0.89834
-0.89852
-0.90102
-0.89964
-0.89848
-0.9024
-0.90052
-0.90174
-0.89534
-0.90248
-0.9001
-0.90152
-0.90082
-0.8992
-0.89882
-0.89794
-0.89894
-0.90482
-0.90192
-0.89818
-0.89914
-0.90178
-0.9013
-0.89974
-0.9011
-0.90066
-0.9005
-0.9007
-0.903
-0.8981
-0.8997
-0.89994
-0.90044
-0.90046
-0.9066
-0.89802
-0.90078
-0.90358
-0.90296
-0.89974
-0.90322
-0.8979
-0.8997
-0.90192
-0.89896
-0.9027
-0.89996
-0.89906
-0.90186
-0.9018
-0.8994
-0.89978
-0.902
-0.90194
-0.9014
-0.90014
-0.90228
-0.90564
-0.90152
-0.90116
-0.90086
-0.89744
-0.89532
-0.89904
-0.904
-0.90194
-0.90184
-0.89782
-0.90126
-0.89934
-0.89964
-0.89562
-0.90246
-0.89934
-0.9026
-0.89904
-0.89742
-0.90394
-0.8992
-0.8983
-0.89974
-0.89848
-0.89688
-0.9002
-0.90528
-0.90088
-0.90176
-0.89718
-0.9034
-0.90076
-0.89838
-0.89822
-0.90136
-0.90154
-0.9006
-0.90334
-0.90386
-0.89862
-0.89986
-0.9027
-0.8985
-0.8992
-0.89892
-0.90084
-0.90332
-0.90402
-0.9004
-0.89924
-0.89958
-0.9
-0.90004
-0.89824
-0.89556
-0.89826
-0.89594
-0.90014
-0.9009
-0.90022
-0.90068
-0.90176
-0.90012
-0.89968
-0.9007
-0.8974
-0.89916
-0.90152
-0.89584
-0.9012
-0.90474
-0.89798
-0.9005
-0.89794
-0.90046
-0.90066
-0.90074
-0.90008
-0.90408
-0.89732
-0.9004
-0.89964
-0.90214
-0.9006
-0.89998
-0.899
-0.9031
-0.90018
-0.90124
-0.9035
-0.90222
-0.90064
-0.89752
-0.90118
-0.90036
-0.89746
-0.90156
-0.90188
-0.90042
-0.89712
-0.90012
-0.89836
-0.90124
-0.9006
-0.89958
-0.89804
-0.8995
-0.90072
-0.90168
-0.90186
-0.89844
-0.89704
-0.90042
-0.90392
-0.90076
-0.9033
-0.90138
-0.90032
-0.90014
-0.90438
-0.9017
-0.89934
-0.90202
-0.8981
-0.90052
-0.90014
-0.89794
-0.89846
-0.89902
-0.90248
-0.89876
-0.89704
-0.9019
-0.90268
-0.90234
-0.89942
-0.90328
-0.90056
-0.90174
-0.90104
-0.89926
-0.89872
-0.9042
-0.89736
-0.90206
-0.90116
-0.90028
-0.89726
-0.8982
-0.8987
-0.90036
-0.90278
-0.8971
-0.89886
-0.89998
-0.90168
-0.9019
-0.9
-0.89902
-0.89802
-0.90224
-0.89538
-0.89954
-0.9014
-0.9043
-0.8984
-0.89996
-0.90066
-0.90388
-0.90438
-0.89894
-0.9027
-0.90012
-0.89638
-0.9004
-0.8988
-0.89378
-0.89868
-0.90114
-0.8979
-0.9011
-0.89744
-0.90328
-0.8986
-0.90004
-0.89754
-0.90172
-0.89888
-0.90016
-0.90276
-0.90198
-0.90224
-0.90088
-0.90214
-0.90128
-0.90224
-0.9022
-0.9018
-0.90018
-0.89948
-0.904
-0.8975
-0.8979
-0.90268
-0.90118
-0.90396
-0.90032
-0.90106
-0.89816
-0.90032
-0.89918
-0.89868
-0.90024
-0.90154
-0.89818
-0.89936
-0.89948
-0.90196
-0.90076
-0.90406
-0.89958
-0.8993
-0.90224
-0.90282
-0.89684
-0.8996
-0.9009
-0.9011
-0.9013
-0.89924
-0.9017
-0.89854
-0.90288
-0.9008
-0.90212
-0.90152
-0.90098
-0.89888
-0.89996
-0.9012
-0.90132
-0.89854
-0.9022
-0.90216
-0.89908
-0.90188
-0.90158
-0.90058
-0.90392
-0.89834
-0.90342
-0.8987
-0.8984
-0.89944
-0.8979
-0.89882
-0.89802
-0.90016
-0.89908
-0.89806
-0.89646
-0.90058
-0.89716
-0.89632
-0.8988
-0.89644
-0.89598
-0.90004
-0.9009
-0.90386
-0.90006
-0.89774
-0.90458
-0.89806
-0.89868
-0.89788
-0.8999
-0.89888
-0.90218
-0.90088
-0.8992
-0.90026
-0.8977
-0.90052
-0.89782
-0.90208
-0.9
-0.89958
-0.90086
-0.9015
-0.89836
-0.90168
-0.90238
-0.9005
-0.90354
-0.9012
-0.89734
-0.90052
-0.90212
-0.90356
-0.89922
-0.89876
-0.9001
-0.90266
-0.90224
-0.89902
-0.90204
-0.89794
-0.90062
-0.8981
-0.90168
-0.9046
-0.90338
-0.90202
-0.90166
-0.90398
-0.8964
-0.90286
-0.90124
-0.90136
-0.90058
-0.90096
-0.90242
-0.89914
-0.89916
-0.89936
-0.90418
-0.90004
-0.89854
-0.90306
-0.90224
-0.90084
-0.90044
-0.89882
-0.8998
-0.90038
-0.8997
-0.89944
-0.89886
-0.8991
-0.89404
-0.9024
-0.89908
-0.89928
-0.90322
-0.90078
-0.89868
-0.8961
-0.90014
-0.90098
-0.9013
-0.90162
-0.89768
-0.89976
-0.90038
-0.89724
-0.89678
-0.90276
-0.90282
-0.90274
-0.9032
-0.90102
-0.90204
-0.89902
-0.9007
-0.89708
-0.9016
-0.89844
-0.90248
-0.90006
-0.8984
-0.8984
-0.9016
-0.90012
-0.89716
-0.90198
-0.9011
-0.90118
-0.90296
-0.90394
-0.90206
-0.9009
-0.90034
-0.89712
-0.90198
-0.90244
-0.9006
-0.90122
-0.89824
-0.89846
-0.8997
-0.90164
-0.90142
-0.9026
-0.90146
-0.90102
-0.90348
-0.89956
-0.89988
-0.90174
-0.89958
-0.90188
-0.89734
-0.90106
-0.8988
-0.90084
-0.9002
-0.89978
-0.898
-0.901
-0.9017
-0.90048
-0.90002
-0.90064
-0.90008
-0.9008
-0.9016
-0.89872
-0.90002
-0.89774
-0.8959
-0.89918
-0.90136
-0.90374
-0.89892
-0.90054
-0.90196
-0.89608
-0.90488
-0.9002
-0.9002
-0.90252
-0.90064
-0.90124
-0.90544
-0.90268
-0.89884
-0.89978
-0.90088
-0.8987
-0.89844
-0.90162
-0.90092
-0.89958
-0.90342
-0.90414
-0.89558
-0.89908
-0.89902
-0.90042
-0.89792
-0.90184
-0.90006
-0.90052
-0.90076
-0.90706
-0.9004
-0.90288
-0.90388
-0.90028
-0.89942
-0.90132
-0.90114
-0.90076
-0.90052
-0.89756
-0.90186
-0.90148
-0.89926
-0.90474
-0.9028
-0.90176
-0.90366
-0.89952
-0.89982
-0.9004
-0.90448
-0.90002
-0.90068
-0.8994
-0.90326
-0.89868
-0.9052
-0.90258
-0.89954
-0.90218
-0.90262
-0.90254
-0.90134
-0.90086
-0.90222
-0.90412
-0.89984
-0.90116
-0.89876
-0.89988
-0.90422
-0.90248
-0.90118
-0.89936
-0.90078
-0.9033
-0.90178
-0.9026
-0.89916
-0.89652
-0.8996
-0.90056
-0.90212
-0.90032
-0.89836
-0.90282
-0.90068
-0.89962
-0.89812
-0.89956
-0.8977
-0.90078
-0.8989
-0.89776
-0.89984
-0.9009
-0.89454
-0.9013
-0.90136
-0.89754
-0.90202
-0.90214
-0.89786
-0.90176
-0.89906
-0.90438
-0.89772
-0.90498
-0.89734
-0.90518
-0.90178
-0.9003
-0.89922
-0.89892
-0.8996
-0.9023
-0.90008
-0.8992
-0.90316
-0.90248
-0.89958
-0.90156
-0.89682
-0.89744
-0.89986
-0.89658
-0.90052
-0.90342
-0.90422
-0.9059
-0.90084
-0.90164
-0.89776
-0.90186
-0.90348
-0.8992
-0.89846
-0.90564
-0.9029
-0.90078
-0.89868
-0.90182
-0.89882
-0.9004
-0.9015
-0.89798
-0.9035
-0.9013
-0.89964
-0.8996
-0.90024
-0.90072
-0.90046
-0.8978
-0.90192
-0.90268
-0.898
-0.9019
-0.8994
-0.9026
-0.90318
-0.89946
-0.89914
-0.89898
-0.9024
-0.90272
-0.902
-0.89906
-0.89966
-0.89944
-0.9019
-0.8984
-0.9003
-0.89938
-0.89946
-0.90172
-0.89946
-0.90084
-0.90082
-0.89956
-0.9027
-0.90134
-0.89696
-0.8997
-0.90198
-0.90112
-0.90198
-0.90252
-0.90184
-0.8982
-0.90282
-0.89904
-0.90092
-0.90268
-0.89934
-0.90204
-0.90096
-0.90028
-0.899
-0.89832
-0.90172
-0.90122
-0.90206
-0.89988
-0.90066
-0.89956
-0.90228
-0.90054
-0.90272
-0.90118
-0.90198
-0.9001
-0.89942
-0.89916
-0.901
-0.90242
-0.89924
-0.90212
-0.90138
-0.90408
-0.89946
-0.90004
-0.90128
-0.90326
-0.9001
-0.89736
-0.89784
-0.90036
-0.89816
-0.89882
-0.9016
-0.8993
-0.90188
-0.90036
-0.89584
-0.89982
-0.89798
-0.89814
-0.89866
-0.89914
-0.89738
-0.8999
-0.89864
-0.90312
-0.89758
-0.89854
-0.90284
-0.89926
-0.89734
-0.89854
-0.8998
-0.89962
-0.89926
-0.90082
-0.90208
-0.90128
-0.8993
-0.90286
-0.9014
-0.90004
-0.8956
-0.89954
-0.90222
-0.89864
-0.90004
-0.89694
-0.9015
-0.89964
-0.9008
-0.89756
-0.90116
-0.8999
-0.89868
-0.89668
-0.90232
-0.90056
-0.90142
-0.90058
-0.90308
-0.9009
-0.90012
-0.90344
-0.89998
-0.9
-0.89756
-0.89998
-0.90044
-0.89784
-0.89914
-0.89752
-0.90028
-0.89622
-0.8989
-0.898
-0.90022
-0.90228
-0.89918
-0.90062
-0.89986
-0.89984
-0.89868
-0.89826
-0.89876
-0.89898
-0.89716
-0.90396
-0.90046
-0.8991
-0.89554
-0.89614
-0.8997
-0.89858
-0.90216
-0.8986
-0.89996
-0.8988
-0.8996
-0.90062
-0.90358
-0.90058
-0.90116
-0.90226
-0.90346
-0.90198
-0.902
-0.89926
-0.90572
-0.89972
-0.8992
-0.9017
-0.89716
-0.9002
-0.89664
-0.90382
-0.90138
-0.90082
-0.90102
-0.90162
-0.89754
-0.89846
-0.8966
-0.89884
-0.90114
-0.9003
-0.89782
-0.90004
-0.90238
-0.89886
-0.89904
-0.90118
-0.90094
-0.90372
-0.89918
-0.90048
-0.90426
-0.90146
-0.9004
-0.90218
-0.90164
-0.90154
-0.89848
-0.90348
-0.89888
-0.90194
-0.90088
-0.89786
-0.89772
-0.90362
-0.89708
-0.90028
-0.89942
-0.89968
-0.90198
-0.89866
-0.90224
-0.89498
-0.9008
-0.90166
-0.90046
-0.9015
-0.90126
-0.90124
-0.9017
-0.90128
-0.90056
-0.90284
-0.89952
-0.9009
-0.90304
-0.89622
-0.90068
-0.90354
-0.90272
-0.8999
-0.90026
-0.90018
-0.90002
-0.90022
-0.90244
-0.90178
-0.898
-0.90014
-0.9028
-0.9002
-0.89742
-0.89772
-0.90254
-0.90084
-0.90052
-0.90274
-0.89992
-0.9021
-0.8999
-0.90376
-0.90084
-0.90278
-0.89558
-0.90236
-0.89742
-0.899
-0.9037
-0.9009
-0.90094
-0.90064
-0.8995
-0.90098
-0.90384
-0.89918
-0.89934
-0.90208
-0.89916
-0.89466
-0.8967
-0.90014
-0.90164
-0.90044
-0.90394
-0.90176
-0.90366
-0.90146
-0.90282
-0.89754
-0.90282
-0.89876
-0.8969
-0.89922
-0.90146
-0.90112
-0.90206
-0.9045
-0.89914
-0.90042
-0.9009
-0.8988
-0.9001
-0.90044
-0.90074
-0.902
-0.9014
-0.89914
-0.89944
-0.8987
-0.90178
-0.90304
-0.90358
-0.902
-0.89976
-0.901
-0.89666
-0.90206
-0.90276
-0.90382
-0.90136
-0.90034
-0.89872
-0.8971
-0.9005
-0.89872
-0.90118
-0.8993
-0.90156
-0.90138
-0.89692
-0.90382
-0.9031
-0.89662
-0.9012
-0.89972
-0.90132
-0.89862
-0.90326
-0.90064
-0.9041
-0.90358
-0.89828
-0.90136
-0.90338
-0.904
-0.89964
-0.90004
-0.89974
-0.89962
-0.9024
-0.90342
-0.90174
-0.8989
-0.9005
-0.89882
-0.90042
-0.8964
-0.89842
-0.90042
-0.8999
-0.90522
-0.90198
-0.90256
-0.9005
-0.9012
-0.90068
-0.9001
-0.9037
-0.899
-0.89806
-0.90114
-0.89926
-0.90246
-0.90158
-0.89686
-0.89824
-0.89994
-0.8997
-0.90174
-0.89944
-0.90004
-0.9038
-0.89868
-0.8998
-0.90248
-0.90328
-0.89812
-0.89954
-0.9003
-0.89914
-0.89994
-0.90086
-0.90054
-0.89956
-0.90146
-0.90018
-0.89994
-0.90174
-0.90134
-0.89816
-0.89844
-0.90126
-0.9009
-0.90178
-0.89922
-0.90094
-0.90408
-0.89988
-0.90152
-0.89972
-0.89914
-0.8997
-0.9025
-0.89978
-0.8981
-0.89868
-0.90086
-0.90134
-0.9019
-0.89888
-0.90532
-0.90244
-0.90166
-0.89986
-0.89826
-0.89986
-0.90172
-0.90048
-0.90068
-0.9011
-0.90218
-0.9035
-0.9041
-0.89788
-0.90074
-0.90166
-0.9013
-0.89924
-0.90288
-0.90176
-0.90056
-0.89956
-0.9019
-0.89978
-0.89996
-0.8996
-0.8985
-0.90084
-0.8999
-0.90272
-0.90162
-0.90042
-0.898
-0.90152
-0.89996
-0.89848
-0.90174
-0.90152
-0.9014
-0.899
-0.89978
-0.89808
-0.89924
-0.90454
-0.89824
-0.8993
-0.90042
-0.90062
-0.90488
-0.9041
-0.90382
-0.89838
-0.90036
-0.9001
-0.90082
-0.8975
-0.90024
-0.90296
-0.90114
-0.90016
-0.9
-0.90096
-0.90092
-0.90136
-0.90074
-0.9007
-0.90268
-0.8989
-0.90006
-0.90024
-0.9015
-0.8993
-0.89944
-0.89894
-0.89702
-0.90294
-0.90176
-0.89848
-0.89968
-0.89962
-0.89878
-0.90012
-0.9003
-0.8994
-0.89916
-0.90052
-0.89954
-0.89854
-0.90066
-0.90044
-0.90084
-0.9033
-0.89572
-0.90082
-0.90356
-0.90244
-0.90562
-0.89834
-0.8982
-0.90532
-0.9024
-0.9006
-0.90158
-0.8965
-0.89872
-0.90022
-0.90038
-0.90034
-0.8981
-0.9035
-0.89616
-0.9006
-0.90126
-0.90218
-0.90004
-0.89702
-0.90414
-0.90104
-0.9011
-0.90192
-0.90064
-0.89934
-0.90356
-0.90164
-0.90038
-0.90164
-0.89952
-0.89828
-0.89926
-0.90028
-0.90178
-0.90178
-0.90094
-0.90102
-0.90164
-0.89868
-0.90096
-0.89948
-0.89896
-0.8982
-0.90084
-0.90286
-0.8988
-0.90352
-0.90064
-0.90138
-0.9
-0.90174
-0.90038
-0.90128
-0.9023
-0.90156
-0.90242
-0.90182
-0.8993
-0.89694
-0.90022
-0.9016
-0.9022
-0.89932
-0.89998
-0.90248
-0.90284
-0.90136
-0.90132
-0.90648
-0.90228
-0.90248
-0.90386
-0.89882
-0.90074
-0.89826
-0.90062
-0.90106
-0.90092
-0.9002
-0.8984
-0.89904
-0.89932
-0.90296
-0.89864
-0.90042
-0.89702
-0.90418
-0.901
-0.90206
-0.90184
-0.902
-0.90294
-0.89902
-0.8995
-0.89756
-0.90228
-0.8982
-0.90228
-0.89952
-0.89976
-0.90062
-0.89946
-0.90486
-0.90002
-0.90226
-0.90416
-0.9002
-0.90366
-0.89914
-0.89694
-0.89978
-0.90226
-0.90092
-0.89958
-0.89578
-0.90142
-0.9017
-0.89946
-0.9013
-0.9002
-0.89762
-0.89884
-0.89984
-0.90164
-0.90198
-0.90008
-0.90028
-0.90036
-0.90066
-0.90158
-0.9023
-0.89932
-0.9012
-0.90232
-0.9002
-0.89922
-0.90148
-0.90126
-0.90168
-0.9001
-0.90502
-0.89694
-0.89972
-0.90284
-0.90132
-0.90348
-0.90176
-0.9013
-0.90292
-0.89618
-0.90104
-0.89864
-0.89962
-0.89748
-0.8995
-0.8981
-0.901
-0.89818
-0.89932
-0.90048
-0.9002
-0.89936
-0.9003
-0.9018
-0.90266
-0.9032
-0.90182
-0.89544
-0.90276
-0.90026
-0.90156
-0.90414
-0.89934
-0.89808
-0.9035
-0.90014
-0.89836
-0.89846
-0.90308
-0.90184
-0.8998
-0.9035
-0.8967
-0.89878
-0.89862
-0.9005
-0.90466
-0.90212
-0.90082
-0.89808
-0.9009
-0.90502
-0.89958
-0.9003
-0.90258
-0.89998
-0.89862
-0.90174
-0.90204
-0.90066
-0.89728
-0.90264
-0.89988
-0.90302
-0.90112
-0.90178
-0.89814
-0.89818
-0.90006
-0.89756
-0.89774
-0.90376
-0.90064
-0.89718
-0.89902
-0.89842
-0.8999
-0.89908
-0.90362
-0.89904
-0.90016
-0.90036
-0.89782
-0.90314
-0.90094
-0.9012
-0.8987
-0.90264
-0.90032
-0.90048
-0.90046
-0.90206
-0.9022
-0.9017
-0.89884
-0.89328
-0.90114
-0.901
-0.90062
-0.89932
-0.9016
-0.89984
-0.89902
-0.9037
-0.89826
-0.90096
-0.9034
-0.8993
-0.8976
-0.89678
-0.90006
-0.89786
-0.90102
-0.89744
-0.90058
-0.89934
-0.89572
-0.90176
-0.90264
-0.89632
-0.89948
-0.90472
-0.89956
-0.89866
-0.90012
-0.90156
-0.89974
-0.90108
-0.90148
-0.90142
-0.90098
-0.89836
-0.90064
-0.90102
-0.89914
-0.89888
-0.90082
-0.90094
-0.90242
-0.9004
-0.8996
-0.90046
-0.90316
-0.89854
-0.89998
-0.90308
-0.90556
-0.8996
-0.90114
-0.89936
-0.90058
-0.89714
-0.89848
-0.90186
-0.90352
-0.90356
-0.89968
-0.89946
-0.90046
-0.90006
-0.90154
-0.89924
-0.8988
-0.90268
-0.90248
-0.89642
-0.90384
-0.9019
-0.9023
-0.90154
-0.90258
-0.9014
-0.89822
-0.89858
-0.89974
-0.90078
-0.89844
-0.8999
-0.90298
-0.90178
-0.90094
-0.90156
-0.9045
-0.89952
-0.8993
-0.90282
-0.90016
-0.90262
-0.89854
-0.8999
-0.89852
-0.89958
-0.90104
-0.89934
-0.89956
-0.89802
-0.90168
-0.89962
-0.90318
-0.89924
-0.90138
-0.90466
-0.89768
-0.90116
-0.89874
-0.90102
-0.90304
-0.90112
-0.90098
-0.89876
-0.89882
-0.90302
-0.90132
-0.90394
-0.89688
-0.89882
-0.8992
-0.89822
-0.89916
-0.89522
-0.90076
-0.90152
-0.90236
-0.89964
-0.90596
-0.901
-0.90162
-0.8993
-0.89844
-0.8976
-0.89554
-0.9002
-0.90396
-0.89818
-0.8997
-0.90064
-0.89794
-0.90184
-0.9032
-0.89672
-0.90488
-0.90006
-0.9011
-0.89918
-0.90168
-0.89822
-0.89776
-0.90328
-0.90158
-0.90282
-0.90048
-0.9004
-0.89936
-0.89876
-0.90166
-0.90106
-0.9006
-0.903
-0.90288
-0.89862
-0.90204
-0.89908
-0.90288
-0.90246
-0.90036
-0.9005
-0.8989
-0.9013
-0.90098
-0.89696
-0.902
-0.89954
-0.90146
-0.8999
-0.89884
-0.89964
-0.90204
-0.90422
-0.90408
-0.90136
-0.90116
-0.90144
-0.89934
-0.90154
-0.89902
-0.901
-0.90128
-0.8977
-0.89988
-0.89944
-0.8999
-0.9019
-0.89984
-0.89868
-0.90086
-0.90354
-0.8953
-0.90032
-0.90538
-0.90404
-0.90138
-0.89952
-0.9055
-0.89998
-0.89948
-0.90042
-0.90048
-0.90008
-0.90442
-0.89948
-0.90086
-0.89988
-0.89974
-0.89774
-0.90006
-0.89982
-0.90032
-0.90234
-0.89842
-0.8991
-0.89962
-0.90038
-0.89984
-0.89978
-0.90028
-0.90604
-0.89782
-0.89968
-0.89838
-0.90134
-0.90006
-0.8964
-0.90004
-0.90078
-0.90314
-0.9014
-0.89814
-0.902
-0.89698
-0.90438
-0.8991
-0.89828
-0.90292
-0.90188
-0.89734
-0.89786
-0.90184
-0.90564
-0.90152
-0.90084
-0.8978
-0.90068
-0.9023
-0.901
-0.89964
-0.9028
-0.89888
-0.89858
-0.90264
-0.89758
-0.89962
-0.89866
-0.90208
-0.9016
-0.89984
-0.90364
-0.8967
-0.89812
-0.90274
-0.90204
-0.9016
-0.90174
-0.89882
-0.90306
-0.89792
-0.89852
-0.90228
-0.8999
-0.89812
-0.8997
-0.8999
-0.89916
-0.90128
-0.90138
-0.90322
-0.8992
-0.90078
-0.9012
-0.8983
-0.90224
-0.89842
-0.8993
-0.89918
-0.90076
-0.9001
-0.89732
-0.90424
-0.90266
-0.8963
-0.9009
-0.90162
-0.90246
-0.90114
-0.89964
-0.89798
-0.90002
-0.89972
-0.90134
-0.90214
-0.90256
-0.89878
-0.89946
-0.8997
-0.90116
-0.90024
-0.89798
-0.89984
-0.9
-0.89856
-0.90046
-0.90282
-0.90082
-0.90328
-0.89892
-0.9024
-0.89996
-0.89738
-0.90166
-0.9
-0.90186
-0.8988
-0.90228
-0.90056
-0.90388
-0.8993
-0.9
-0.89924
-0.89896
-0.89838
-0.89834
-0.89954
-0.90406
-0.90066
-0.90222
-0.90266
-0.90084
-0.89648
-0.89718
-0.90168
-0.89528
-0.89998
-0.89618
-0.90162
-0.89974
-0.90106
-0.90094
-0.89918
-0.89862
-0.90006
-0.90266
-0.89956
-0.90268
-0.90316
-0.89972
-0.90308
-0.8998
-0.89902
-0.90428
-0.90146
-0.90016
-0.90094
-0.89702
-0.90348
-0.89894
-0.8989
-0.89706
-0.9022
-0.903
-0.90046
-0.90112
-0.89978
-0.90482
-0.89734
-0.90094
-0.9019
-0.89494
-0.89962
-0.90132
-0.90294
-0.8997
-0.89964
-0.89976
-0.89814
-0.90142
-0.9003
-0.90066
-0.89986
-0.89804
-0.901
-0.89652
-0.89798
-0.90232
-0.90114
-0.90126
-0.90048
-0.90094
-0.89954
-0.8996
-0.901
-0.90358
-0.89732
-0.90282
-0.8983
-0.89992
-0.9023
-0.90376
-0.89938
-0.90046
-0.90216
-0.90102
-0.89954
-0.9023
-0.89896
-0.90104
-0.90046
-0.89734
-0.90114
-0.90032
-0.8987
-0.89994
-0.90074
-0.89878
-0.90152
-0.9006
-0.9032
-0.90026
-0.89928
-0.89918
-0.90194
-0.89786
-0.89822
-0.89954
-0.89914
-0.89816
-0.90042
-0.90182
-0.90134
-0.90424
-0.90186
-0.896
-0.89876
-0.90306
-0.90142
-0.89902
-0.89742
-0.90168
-0.90338
-0.90122
-0.90172
-0.90032
-0.90116
-0.90108
-0.90212
-0.9007
-0.89694
-0.90058
-0.89814
-0.8987
-0.90204
-0.89956
-0.89992
-0.89962
-0.8994
-0.89912
-0.90174
-0.89754
-0.89944
-0.90048
-0.90012
-0.89734
-0.90204
-0.90162
-0.8972
-0.89998
-0.90024
-0.89992
-0.90096
-0.89944
-0.9002
-0.89596
-0.89804
-0.89984
-0.89896
-0.9019
-0.8971
-0.9032
-0.90008
-0.89638
-0.90222
-0.9013
-0.89926
-0.90018
-0.89774
-0.90068
-0.90066
-0.89764
-0.90008
-0.90132
-0.8996
-0.8945
-0.90148
-0.89912
-0.90666
-0.9003
-0.89774
-0.89946
-0.90146
-0.89632
-0.89902
-0.89996
-0.9008
-0.89838
-0.90142
-0.89506
-0.89688
-0.90182
-0.90194
-0.8995
-0.90128
-0.89862
-0.90252
-0.90194
-0.90262
-0.90012
-0.90152
-0.89856
-0.9003
-0.89982
-0.90028
-0.90424
-0.90138
-0.8984
-0.8996
-0.89992
-0.90348
-0.89752
-0.90148
-0.90244
-0.8999
-0.90302
-0.89962
-0.90442
-0.90194
-0.90294
-0.89804
-0.89832
-0.89696
-0.89838
-0.89898
-0.89948
-0.90238
-0.9004
-0.90278
-0.90184
-0.89812
-0.90214
-0.89746
-0.90282
-0.89862
-0.8995
-0.90054
-0.9001
-0.899
-0.90066
-0.89938
-0.89954
-0.89892
-0.89764
-0.9013
-0.90366
-0.90088
-0.90308
-0.90278
-0.90028
-0.90214
-0.90232
-0.90198
-0.90008
-0.89998
-0.90434
-0.89924
-0.9024
-0.89918
-0.8983
-0.89964
-0.89934
-0.89962
-0.901
-0.89876
-0.90226
-0.90086
-0.89936
-0.89914
-0.9012
-0.90076
-0.90272
-0.90102
-0.89798
-0.90054
-0.89746
-0.89908
-0.90148
-0.90116
-0.9032
-0.898
-0.90248
-0.90306
-0.89912
-0.89712
-0.90284
-0.90088
-0.90294
-0.90164
-0.90064
-0.9006
-0.90102
-0.89758
-0.89782
-0.89798
-0.89906
-0.90026
-0.89754
-0.90138
-0.89834
-0.90056
-0.90264
-0.90072
-0.8998
-0.9012
-0.90076
-0.9025
-0.9
-0.90364
-0.8989
-0.9023
-0.90012
-0.9032
-0.89936
-0.89728
-0.89922
-0.8981
-0.90242
-0.89866
-0.90064
-0.90158
-0.89696
-0.90008
-0.9009
-0.8989
-0.89724
-0.90132
-0.89764
-0.89908
-0.90178
-0.89934
-0.89846
-0.90256
-0.89828
-0.9044
-0.89802
-0.8987
-0.90282
-0.89686
-0.90142
-0.9026
-0.9
-0.90192
-0.90306
-0.90122
-0.89716
-0.89842
-0.90264
-0.90102
-0.8991
-0.90222
-0.89684
-0.8994
-0.90006
-0.90132
-0.90202
-0.9
-0.89948
-0.90158
-0.90314
-0.8969
-0.89644
-0.90294
-0.90372
-0.89946
-0.90126
-0.90026
-0.89806
-0.89846
-0.90216
-0.89828
-0.89806
-0.90238
-0.90036
-0.90064
-0.90074
-0.90246
-0.90294
-0.9026
-0.8989
-0.90234
-0.89956
-0.9005
-0.9024
-0.89998
-0.90106
-0.90098
-0.90088
-0.89964
-0.8984
-0.89796
-0.89746
-0.89878
-0.89648
-0.90144
-0.89894
-0.89924
-0.89962
-0.8982
-0.90166
-0.8982
-0.89976
-0.89684
-0.89914
-0.90194
-0.90052
-0.89732
-0.90042
-0.89906
-0.90068
-0.90018
-0.90178
-0.89976
-0.89846
-0.90118
-0.9015
-0.9013
-0.90372
-0.90322
-0.9015
-0.89656
-0.901
-0.89972
-0.90312
-0.90138
-0.9011
-0.9005
-0.8964
-0.90112
-0.90048
-0.9006
-0.90422
-0.90052
-0.89814
-0.90256
-0.89996
-0.90218
-0.89764
-0.89782
-0.90094
-0.90006
-0.90486
-0.89864
-0.89748
-0.90178
-0.90018
-0.90114
-0.89838
-0.89844
-0.89698
-0.90042
-0.90108
-0.90404
-0.90406
-0.9032
-0.89628
-0.90062
-0.90052
-0.90148
-0.89646
-0.89742
-0.8971
-0.90034
-0.90238
-0.89782
-0.90272
-0.90082
-0.89978
-0.90226
-0.90084
-0.90004
-0.90232
-0.90478
-0.90158
-0.89594
-0.90178
-0.89862
-0.89824
-0.90002
-0.90238
-0.90188
-0.90152
-0.89818
-0.89922
-0.90202
-0.89776
-0.90096
-0.89968
-0.90222
-0.89736
-0.90068
-0.89406
-0.90554
-0.89776
-0.8977
-0.90386
-0.90066
-0.89782
-0.89724
-0.90052
-0.89942
-0.8985
-0.90318
-0.89866
-0.90224
-0.89946
-0.89956
-0.90062
-0.90114
-0.90058
-0.90304
-0.90306
-0.90166
-0.9064
-0.89824
-0.90114
-0.89812
-0.90156
-0.90332
-0.89926
-0.90224
-0.90112
-0.90174
-0.9026
-0.9003
-0.90022
-0.90146
-0.90282
-0.89946
-0.89964
-0.90032
-0.90036
-0.89852
-0.8995
-0.90118
-0.8984
-0.89754
-0.90386
-0.89812
-0.89752
-0.90066
-0.9055
-0.9006
-0.89994
-0.90112
-0.9016
-0.90014
-0.89972
-0.89822
-0.8984
-0.9058
-0.90244
-0.89898
-0.90494
-0.89688
-0.90114
-0.90162
-0.90298
-0.9012
-0.90178
-0.90086
-0.89748
-0.90252
-0.8974
-0.89674
-0.90058
-0.89948
-0.9
-0.89994
-0.90282
-0.90224
-0.89764
-0.90196
-0.89882
-0.90404
-0.90376
-0.89954
-0.89942
-0.8981
-0.89864
-0.90018
-0.90022
-0.90226
-0.8977
-0.8987
-0.89832
-0.89596
-0.9018
-0.90414
-0.89794
-0.90226
-0.903
-0.90108
-0.9015
-0.89988
-0.9007
-0.90032
-0.8994
-0.90122
-0.90442
-0.8996
-0.89618
-0.90046
-0.90148
-0.89998
-0.8992
-0.89964
-0.90122
-0.90244
-0.90236
-0.90094
-0.90008
-0.89838
-0.90282
-0.8999
-0.89974
-0.9017
-0.90122
-0.89874
-0.90174
-0.9015
-0.9
-0.90026
-0.89994
-0.90014
-0.89764
-0.9004
-0.8993
-0.89756
-0.90038
-0.90336
-0.90082
-0.90038
-0.89962
-0.8975
-0.90016
-0.90152
-0.90196
-0.90188
-0.89996
-0.89906
-0.90094
-0.90128
-0.90112
-0.89954
-0.89818
-0.89796
-0.89626
-0.9
-0.90378
-0.8993
-0.90114
-0.90018
-0.90052
-0.90006
-0.90386
-0.9013
-0.90222
-0.89982
-0.90102
-0.90004
-0.90048
-0.90252
-0.90174
-0.90354
-0.89904
-0.9026
-0.89916
-0.90228
-0.89986
-0.90314
-0.89748
-0.89896
-0.9
-0.8993
-0.89888
-0.89826
-0.89978
-0.8979
-0.90122
-0.90066
-0.89946
-0.90274
-0.89868
-0.89864
-0.89918
-0.89852
-0.89972
-0.89986
-0.9002
-0.89952
-0.90236
-0.89824
-0.89942
-0.90122
-0.89904
-0.90212
-0.90062
-0.89654
-0.89706
-0.89936
-0.90098
-0.90092
-0.90128
-0.89878
-0.90142
-0.90032
-0.8981
-0.89628
-0.89976
-0.8998
-0.8978
-0.90216
-0.89914
-0.9017
-0.90142
-0.8998
-0.89648
-0.9007
-0.89942
-0.89744
-0.90114
-0.89944
-0.89858
-0.90094
-0.89678
-0.8987
-0.90294
-0.90012
-0.8996
-0.90056
-0.89836
-0.89836
-0.89724
-0.89696
-0.89804
-0.90144
-0.90104
-0.89846
-0.90054
-0.90026
-0.9013
-0.90146
-0.9007
-0.90014
-0.90138
-0.90082
-0.90016
-0.90008
-0.8987
-0.89974
-0.9032
-0.89972
-0.89896
-0.89974
-0.89798
-0.90166
-0.90094
-0.89672
-0.9001
-0.90272
-0.89998
-0.90272
-0.9005
-0.89626
-0.9021
-0.89938
-0.90236
-0.90088
-0.89986
-0.90082
-0.89998
-0.90306
-0.90128
-0.90114
-0.89876
-0.90372
-0.90152
-0.89994
-0.90002
-0.90134
-0.89734
-0.8988
-0.8976
-0.90062
-0.89858
-0.89852
-0.9046
-0.90336
-0.89888
-0.90264
-0.89996
-0.90114
-0.9011
-0.89998
-0.90086
-0.89968
-0.89534
-0.89748
-0.90146
-0.90064
-0.90048
-0.90228
-0.89872
-0.89922
-0.90138
-0.90522
-0.90308
-0.89892
-0.90292
-0.89986
-0.90268
-0.8999
-0.90484
-0.90206
-0.8983
-0.89882
-0.90092
-0.90392
-0.89944
-0.89944
-0.90174
-0.90206
-0.89796
-0.89936
-0.89968
-0.90416
-0.8985
-0.90358
-0.89978
-0.90062
-0.90058
-0.90508
-0.90146
-0.9028
-0.90116
-0.901
-0.9013
-0.90098
-0.9037
-0.90056
-0.90012
-0.89994
-0.89842
-0.90122
-0.89952
-0.90172
-0.8996
-0.9043
-0.90088
-0.90174
-0.89958
-0.90176
-0.90222
-0.9006
-0.90114
-0.90174
-0.9016
-0.90122
-0.90104
-0.89968
-0.90062
-0.90076
-0.90236
-0.89972
-0.90292
-0.89938
-0.90144
-0.9004
-0.90334
-0.90348
-0.89612
-0.89948
-0.89702
-0.90092
-0.8985
-0.90068
-0.90138
-0.89988
-0.89684
-0.90392
-0.90538
-0.90054
-0.89972
-0.89846
-0.89982
-0.89894
-0.90082
-0.90124
-0.89824
-0.89686
-0.89798
-0.90004
-0.89836
-0.90248
-0.90038
-0.90068
-0.89912
-0.89764
-0.90186
-0.89984
-0.90016
-0.8988
-0.89806
-0.89866
-0.89874
-0.89848
-0.89614
-0.9015
-0.90118
-0.8984
-0.90128
-0.90072
-0.89908
-0.90116
-0.90128
-0.90174
-0.90268
-0.89834
-0.90346
-0.89984
-0.90206
-0.9012
-0.90314
-0.89718
-0.90216
-0.90102
-0.90074
-0.90076
-0.90006
-0.9021
-0.89834
-0.90242
-0.9005
-0.89884
-0.8997
-0.89852
-0.90098
-0.89836
-0.8998
-0.90308
-0.9014
-0.90146
-0.9023
-0.8975
-0.89936
-0.89818
-0.9007
-0.89726
-0.90084
-0.9025
-0.89882
-0.89912
-0.90054
-0.90132
-0.89696
-0.89898
-0.9009
-0.9014
-0.89822
-0.90174
-0.90312
-0.89902
-0.8999
-0.90052
-0.90234
-0.90096
-0.8998
-0.90446
-0.90134
-0.89962
-0.90112
-0.8993
-0.89614
-0.90222
-0.9
-0.8973
-0.9001
-0.90532
-0.90148
-0.90018
-0.89944
-0.90016
-0.89874
-0.9011
-0.8998
-0.9006
-0.89972
-0.9031
-0.90136
-0.90028
-0.90068
-0.90116
-0.90286
-0.9031
-0.90136
-0.90096
-0.8985
-0.89876
-0.8979
-0.8994
-0.90032
-0.9032
-0.90382
-0.89814
-0.90196
-0.89856
-0.90164
-0.90026
-0.90212
-0.90218
-0.89944
-0.90092
-0.9024
-0.90042
-0.89938
-0.8997
-0.90134
-0.89892
-0.90152
-0.89946
-0.89912
-0.90002
-0.90056
-0.89722
-0.89784
-0.90132
-0.90048
-0.89858
-0.8986
-0.90632
-0.89796
-0.90238
-0.90056
-0.90112
-0.89872
-0.90064
-0.8966
-0.9044
-0.901
-0.90092
-0.89844
-0.89686
-0.89802
-0.90012
-0.89906
-0.90046
-0.90044
-0.89718
-0.9014
-0.89852
-0.90184
-0.90028
-0.90128
-0.89842
-0.89868
-0.89968
-0.90112
-0.90336
-0.90258
-0.89898
-0.90204
-0.89872
-0.90212
-0.8975
-0.8996
-0.90232
-0.89968
-0.89818
-0.89808
-0.90066
-0.90044
-0.90174
-0.89976
-0.89936
-0.9002
-0.90054
-0.90156
-0.9009
-0.90166
-0.89948
-0.90202
-0.90266
-0.90316
-0.90176
-0.90138
-0.8982
-0.90398
-0.89974
-0.899
-0.9009
-0.89926
-0.8977
-0.90104
-0.9018
-0.89826
-0.89934
-0.9035
-0.90236
-0.90246
-0.89956
-0.9025
-0.90238
-0.89744
-0.89932
-0.90126
-0.90156
-0.9003
-0.90122
-0.89734
-0.89814
-0.89886
-0.90238
-0.90166
-0.90154
-0.89752
-0.90368
-0.8964
-0.9018
-0.90162
-0.89836
-0.90258
-0.89974
-0.90336
-0.89778
-0.90112
-0.89946
-0.90288
-0.9029
-0.9029
-0.8981
-0.89904
-0.90076
-0.8998
-0.9011
-0.90084
-0.90068
-0.90024
-0.90058
-0.90076
-0.8999
-0.90282
-0.89576
-0.89542
-0.90128
-0.9028
-0.90246
-0.90178
-0.9025
-0.90164
-0.90286
-0.9001
-0.9021
-0.9055
-0.89948
-0.9022
-0.8986
-0.90214
-0.90224
-0.90344
-0.89952
-0.9001
-0.89882
-0.9019
-0.9005
-0.90266
-0.90178
-0.90144
-0.9024
-0.89938
-0.89572
-0.90056
-0.90146
-0.89874
-0.89622
-0.89924
-0.9016
-0.90432
-0.90106
-0.89956
-0.89902
-0.90342
-0.89996
-0.90124
-0.89742
-0.89952
-0.90032
-0.898
-0.90228
-0.90516
-0.89934
-0.89994
-0.89936
-0.90028
-0.89774
-0.90192
-0.89836
-0.90304
-0.89766
-0.89872
-0.90144
-0.90064
-0.90156
-0.89948
-0.89734
-0.90166
-0.90208
-0.89862
-0.89808
-0.89504
-0.89852
-0.90168
-0.89808
-0.90156
-0.89972
-0.89794
-0.89986
-0.90046
-0.9022
-0.9016
-0.89776
-0.8967
-0.90132
-0.89918
-0.9023
-0.89496
-0.89792
-0.89948
-0.89896
-0.90046
-0.89744
-0.9008
-0.89874
-0.8973
-0.898
-0.89884
-0.89886
-0.89624
-0.8989
-0.90048
-0.905
-0.89762
-0.8996
-0.90058
-0.89984
-0.90224
-0.90198
-0.90198
-0.89972
-0.89928
-0.89984
-0.90256
-0.90484
-0.90252
-0.90336
-0.896
-0.90258
-0.89972
-0.89556
-0.89652
-0.90166
-0.90136
-0.90106
-0.90162
-0.90086
-0.90166
-0.899
-0.89824
-0.90574
-0.90226
-0.90146
-0.90296
-0.90104
-0.89824
-0.8984
-0.8992
-0.9004
-0.90272
-0.90042
-0.8988
-0.90082
-0.90254
-0.89852
-0.89702
-0.89822
-0.90076
-0.90084
-0.90046
-0.89922
-0.90028
-0.9
-0.89802
-0.8998
-0.89884
-0.9008
-0.90316
-0.90152
-0.89988
-0.90168
-0.90106
-0.90054
-0.90136
-0.90012
-0.90096
-0.90262
-0.89988
-0.90176
-0.8992
-0.90418
-0.89876
-0.90276
-0.90126
-0.8988
-0.90052
-0.90016
-0.89758
-0.90022
-0.90062
-0.8986
-0.90106
-0.89842
-0.9001
-0.8976
-0.90138
-0.89772
-0.90156
-0.90228
-0.89924
-0.90136
-0.89886
-0.90062
-0.89848
-0.9037
-0.90218
-0.89962
-0.90322
-0.90382
-0.90078
-0.8984
-0.90182
-0.9027
-0.90162
-0.90186
-0.89736
-0.89968
-0.90122
-0.89896
-0.90226
-0.89946
-0.89924
-0.89864
-0.90176
-0.8986
-0.90328
-0.89686
-0.8996
-0.90212
-0.89768
-0.90188
-0.89922
-0.90534
-0.9006
-0.90268
-0.90086
-0.90278
-0.89928
-0.9008
-0.89754
-0.89862
-0.90116
-0.90082
-0.89942
-0.89894
-0.90004
-0.89986
-0.90156
-0.9016
-0.89942
-0.90106
-0.90394
-0.9035
-0.90044
-0.89928
-0.90136
-0.8985
-0.9001
-0.89868
-0.90112
-0.90062
-0.90056
-0.9017
-0.9002
-0.90206
-0.89982
-0.8982
-0.90134
-0.90102
-0.90268
-0.89948
-0.89928
-0.90032
-0.9004
-0.90086
-0.90102
-0.8997
-0.89676
-0.8982
-0.90142
-0.90402
-0.89978
-0.9026
-0.90006
-0.89648
-0.9015
-0.89868
-0.89936
-0.90044
-0.89846
-0.898
-0.90018
-0.90182
-0.8999
-0.90116
-0.89892
-0.9006
-0.905
-0.90052
-0.89984
-0.90014
-0.90136
-0.89988
-0.89706
-0.89888
-0.90436
-0.9011
-0.9008
-0.90064
-0.90182
-0.90184
-0.90586
-0.8999
-0.8974
-0.89888
-0.90016
-0.90098
-0.90168
-0.90254
-0.9025
-0.89768
-0.90208
-0.9008
-0.8971
-0.90326
-0.89954
-0.90056
-0.89668
-0.89364
-0.90104
-0.9014
-0.90172
-0.90174
-0.89864
-0.90032
-0.9005
-0.90078
-0.90166
-0.90074
-0.89984
-0.90064
-0.90102
-0.9012
-0.90002
-0.9017
-0.90024
-0.90198
-0.89842
-0.90128
-0.90332
-0.90382
-0.90096
-0.90112
-0.9065
-0.899
-0.90108
-0.90174
-0.89974
-0.90162
-0.90372
-0.89946
-0.89978
-0.90236
-0.90226
-0.90108
-0.90244
-0.9019
-0.90272
-0.9037
-0.89808
-0.899
-0.90044
-0.8976
-0.90182
-0.90082
-0.89758
-0.9045
-0.90004
-0.9051
-0.89828
-0.90244
-0.9
-0.897
-0.90014
-0.90006
-0.89904
-0.90028
-0.90018
-0.89686
-0.89806
-0.89476
-0.8998
-0.90158
-0.90152
-0.8992
-0.90266
-0.90194
-0.90092
-0.90072
-0.90476
-0.9018
-0.89876
-0.89744
-0.90192
-0.90632
-0.89918
-0.90266
-0.89954
-0.90018
-0.90258
-0.90006
-0.89866
-0.90072
-0.89652
-0.9023
-0.90144
-0.89762
-0.89944
-0.9035
-0.90006
-0.90066
-0.89978
-0.90054
-0.89864
-0.90138
-0.90292
-0.90274
-0.90006
-0.89926
-0.89778
-0.89862
-0.90148
-0.90364
-0.90052
-0.89964
-0.89964
-0.9011
-0.90104
-0.8974
-0.89816
-0.9009
-0.9027
-0.90074
-0.89904
-0.90414
-0.90496
-0.90032
-0.89578
-0.9013
-0.89904
-0.90128
-0.90224
-0.90788
-0.902
-0.90142
-0.90218
-0.90026
-0.89806
-0.8999
-0.90124
-0.90242
-0.89902
-0.89854
-0.90248
-0.90226
-0.90372
-0.90182
-0.90186
-0.8982
-0.90306
-0.90126
-0.90064
-0.90148
-0.9045
-0.89924
-0.9054
-0.90094
-0.9025
-0.89764
-0.90218
-0.9012
-0.89908
-0.90316
-0.89896
-0.89758
-0.8999
-0.90104
-0.90082
-0.89702
-0.90066
-0.89904
-0.90382
-0.89614
-0.89916
-0.89794
-0.89892
-0.9003
-0.8986
-0.8982
-0.89742
-0.90022
-0.9023
-0.90168
-0.90196
-0.89928
-0.90126
-0.90606
-0.90222
-0.89946
-0.90068
-0.9024
-0.89802
-0.89934
-0.9005
-0.89802
-0.89908
-0.90198
-0.90042
-0.90102
-0.9014
-0.9012
-0.89872
-0.90104
-0.90234
-0.90276
-0.90184
-0.90018
-0.90052
-0.90056
-0.89894
-0.89828
-0.89948
-0.89856
-0.9018
-0.89916
-0.89856
-0.89924
-0.89754
-0.89896
-0.90358
-0.90102
-0.8997
-0.90092
-0.8984
-0.89986
-0.89876
-0.89938
-0.89726
-0.90146
-0.90226
-0.9021
-0.90142
-0.9026
-0.90052
-0.9001
-0.89608
-0.90102
-0.90074
-0.8994
-0.89798
-0.90096
-0.89872
-0.90126
-0.8976
-0.90108
-0.89914
-0.9018
-0.89942
-0.90088
-0.89946
-0.90264
-0.89992
-0.90088
-0.90142
-0.90238
-0.90152
-0.90074
-0.90416
-0.8976
-0.90276
-0.901
-0.89944
-0.90118
-0.9016
-0.90442
-0.89956
-0.90154
-0.90288
-0.90214
-0.89782
-0.90184
-0.90128
-0.89768
-0.90398
-0.89732
-0.90114
-0.89914
-0.89974
-0.90104
-0.89688
-0.90284
-0.90076
-0.89992
-0.90278
-0.90166
-0.90134
-0.903
-0.89854
-0.8972
-0.90092
-0.8977
-0.8987
-0.90224
-0.89978
-0.9019
-0.90064
-0.89734
-0.8966
-0.89804
-0.9009
-0.90048
-0.90208
-0.90056
-0.90042
-0.89878
-0.90282
-0.90312
-0.8976
-0.90266
-0.90308
-0.90116
-0.90192
-0.90012
-0.89678
-0.89962
-0.90092
-0.90428
-0.89964
-0.89926
-0.89828
-0.90044
-0.90042
-0.89672
-0.90152
-0.89752
-0.90456
-0.89884
-0.89986
-0.89962
-0.89924
-0.89972
-0.8977
-0.89942
-0.90154
-0.89876
-0.9001
-0.90014
-0.9009
-0.9018
-0.89858
-0.89984
-0.90224
-0.90118
-0.90254
-0.90168
-0.90216
-0.90038
-0.9037
-0.89854
-0.90224
-0.89752
-0.90124
-0.90314
-0.89848
-0.90256
-0.89634
-0.89552
-0.89932
-0.89828
-0.90484
-0.90094
-0.90012
-0.89994
-0.8978
-0.90038
-0.89708
-0.89902
-0.89998
-0.9027
-0.9003
-0.89698
-0.89658
-0.89898
-0.9006
-0.90072
-0.8984
-0.89744
-0.9036
-0.89978
-0.90016
-0.90316
-0.9003
-0.8977
-0.90024
-0.8969
-0.89998
-0.9013
-0.90096
-0.90186
-0.90058
-0.89996
-0.8974
-0.90184
-0.90152
-0.89752
-0.89848
-0.9011
-0.89936
-0.9016
-0.89962
-0.89814
-0.89994
-0.8976
-0.90302
-0.90442
-0.9062
-0.89974
-0.8997
-0.9013
-0.89984
-0.89994
-0.90254
-0.90168
-0.89912
-0.90324
-0.89948
-0.90156
-0.90332
-0.90374
-0.89976
-0.9033
-0.90072
-0.89918
-0.90306
-0.90172
-0.89898
-0.9027
-0.8987
-0.899
-0.90196
-0.90254
-0.89842
-0.90206
-0.90184
-0.90172
-0.89832
-0.90312
-0.89596
-0.90252
-0.90108
-0.90068
-0.9003
-0.89924
-0.90084
-0.90426
-0.901
-0.89794
-0.90298
-0.90002
-0.90148
-0.8996
-0.89874
-0.9015
-0.89922
-0.89944
-0.89908
-0.89926
-0.90134
-0.90132
-0.90118
-0.89916
-0.9055
-0.90034
-0.8975
