0.7333
0.74186
0.7382
0.73778
0.73938
0.73928
0.73992
0.74066
0.73004
0.743
0.74246
0.74038
0.7395
0.7399
0.73606
0.72888
0.73822
0.73232
0.73968
0.73248
0.73688
0.73644
0.7362
0.73278
0.74106
0.73678
0.74296
0.74586
0.72952
0.73678
0.73254
0.73962
0.73442
0.74114
0.73556
0.7369
0.7408
0.74206
0.74124
0.73808
0.73938
0.74436
0.73506
0.73478
0.73536
0.73792
0.73672
0.73836
0.7366
0.74
0.73742
0.73628
0.7368
0.73916
0.73382
0.73572
0.73514
0.73084
0.74498
0.7356
0.73742
0.73644
0.73932
0.7408
0.7381
0.73678
0.74262
0.73562
0.74454
0.73578
0.73416
0.74208
0.74532
0.73744
0.74042
0.7392
0.7356
0.74062
0.73514
0.73602
0.74082
0.73192
0.74346
0.73252
0.74946
0.73612
0.7416
0.73108
0.7409
0.7398
0.74204
0.74266
0.73516
0.74006
0.7388
0.73654
0.7385
0.74184
0.73892
0.7332
0.74114
0.7417
0.74074
0.74168
0.73704
0.73876
0.73446
0.73722
0.74272
0.7382
0.74286
0.73618
0.74074
0.72888
0.73596
0.72762
0.742
0.7383
0.7421
0.7299
0.7398
0.73184
0.734
0.73416
0.73176
0.74186
0.73132
0.73634
0.73992
0.72716
0.72794
0.7362
0.73914
0.74066
0.7386
0.74624
0.73524
0.73584
0.74578
0.73708
0.73604
0.73974
0.74052
0.73572
0.7395
0.73018
0.7368
0.73114
0.73576
0.73396
0.74304
0.73872
0.74096
0.73466
0.73562
0.73766
0.73432
0.73694
0.74024
0.73806
0.74432
0.7362
0.73508
0.73824
0.74172
0.74756
0.73592
0.73454
0.74554
0.73808
0.73906
0.74008
0.73508
0.73606
0.74332
0.73532
0.73346
0.73066
0.73836
0.73082
0.74254
0.73704
0.73964
0.74392
0.74062
0.7359
0.7392
0.74212
0.74006
0.74022
0.7379
0.7416
0.7417
0.73124
0.72832
0.73776
0.73222
0.7386
0.7384
0.73792
0.7411
0.73932
0.73694
0.73174
0.73996
0.73446
0.73912
0.74176
0.73694
0.74262
0.7403
0.73942
0.72888
0.74024
0.73662
0.7372
0.73908
0.74002
0.738
0.73738
0.7396
0.74196
0.73742
0.7395
0.73818
0.738
0.73178
0.7317
0.73158
0.7311
0.74204
0.73426
0.74016
0.73394
0.73644
0.73948
0.73806
0.73482
0.73648
0.74052
0.74496
0.73818
0.73824
0.742
0.74358
0.7396
0.74038
0.74626
0.73798
0.7375
0.73252
0.73532
0.7414
0.73776
0.73918
0.73044
0.74072
0.7419
0.74236
0.7424
0.73716
0.74062
0.73478
0.73294
0.73074
0.734
0.73776
0.7387
0.74158
0.73788
0.73878
0.73786
0.73856
0.73632
0.74522
0.73944
0.74874
0.74326
0.73484
0.7332
0.73452
0.7359
0.74444
0.74444
0.7465
0.74236
0.74006
0.74104
0.74338
0.73838
0.74334
0.73728
0.74046
0.74138
0.7415
0.7349
0.73646
0.73986
0.74338
0.7394
0.74082
0.73334
0.73368
0.7394
0.73808
0.73658
0.73336
0.7474
0.74108
0.74124
0.7391
0.73348
0.748
0.74242
0.7405
0.73336
0.7403
0.74068
0.74084
0.74624
0.73822
0.73918
0.73924
0.735
0.74278
0.74614
0.7382
0.74268
0.73952
0.73428
0.73748
0.73714
0.74378
0.73406
0.74388
0.7409
0.73832
0.74324
0.73704
0.73474
0.73378
0.74354
0.73522
0.73622
0.73642
0.73776
0.73424
0.73846
0.73664
0.73352
0.73618
0.73408
0.73584
0.73612
0.73894
0.73878
0.7411
0.73908
0.73352
0.74142
0.74024
0.73828
0.73834
0.73778
0.73612
0.73268
0.74578
0.7316
0.74342
0.73688
0.73762
0.73926
0.73736
0.74266
0.7409
0.73984
0.73842
0.74118
0.73692
0.73856
0.73476
0.73944
0.74306
0.7428
0.7366
0.7347
0.73368
0.73794
0.7437
0.73978
0.73834
0.7401
0.74324
0.7396
0.7364
0.73514
0.73814
0.739
0.74188
0.7354
0.7323
0.73924
0.74158
0.73346
0.73838
0.73616
0.73934
0.74264
0.7426
0.73586
0.738
0.73798
0.7402
0.7421
0.73222
0.74014
0.74408
0.73386
0.73982
0.73944
0.7413
0.74272
0.73868
0.74386
0.73828
0.74412
0.7449
0.74396
0.73842
0.73688
0.7354
0.73072
0.73828
0.73626
0.7317
0.74318
0.73464
0.73616
0.7426
0.73564
0.74476
0.73292
0.73778
0.7413
0.737
0.73978
0.73476
0.7404
0.74566
0.7363
0.7408
0.73858
0.74234
0.74068
0.73616
0.7333
0.74362
0.73798
0.73856
0.73488
0.7389
0.7397
0.73764
0.73618
0.73646
0.7387
0.73704
0.7379
0.7422
0.74106
0.73816
0.73578
0.73936
0.73526
0.73382
0.73902
0.74168
0.74692
0.74086
0.73924
0.73562
0.73976
0.73474
0.74244
0.74334
0.732
0.73288
0.73866
0.74166
0.73374
0.74204
0.74102
0.73936
0.73838
0.73688
0.74102
0.742
0.73776
0.73404
0.74066
0.739
0.7338
0.73466
0.73434
0.73884
0.73632
0.74438
0.74006
0.7356
0.73848
0.7407
0.74108
0.74588
0.73738
0.74408
0.74634
0.7416
0.7359
0.73792
0.74122
0.74774
0.73022
0.73862
0.73526
0.7432
0.73734
0.7388
0.73758
0.74434
0.73722
0.73516
0.73404
0.73728
0.73952
0.7375
0.7417
0.73684
0.74102
0.73976
0.73214
0.74076
0.74196
0.73954
0.74494
0.73968
0.73852
0.7373
0.7377
0.73306
0.74456
0.74128
0.74048
0.7395
0.73564
0.74
0.7452
0.74276
0.73482
0.74198
0.73362
0.73418
0.74046
0.7328
0.73718
0.7401
0.74118
0.73652
0.7399
0.74972
0.7445
0.73636
0.74514
0.74242
0.7411
0.736
0.73812
0.7338
0.73828
0.733
0.73412
0.73696
0.73416
0.73982
0.7381
0.74106
0.73296
0.74206
0.74378
0.7396
0.73452
0.73516
0.7375
0.7327
0.73374
0.7383
0.73608
0.73798
0.73396
0.74142
0.74282
0.73656
0.74118
0.74792
0.73988
0.74354
0.73578
0.73398
0.73588
0.7308
0.74176
0.7403
0.73878
0.73658
0.74094
0.73146
0.7381
0.74248
0.73612
0.74088
0.74406
0.74084
0.74246
0.73698
0.7386
0.73792
0.73566
0.7371
0.73972
0.73868
0.73272
0.73838
0.73744
0.74148
0.73594
0.7423
0.73688
0.738
0.73782
0.74396
0.74294
0.74014
0.7373
0.73136
0.73152
0.74304
0.744
0.7414
0.7353
0.74234
0.73542
0.74118
0.73504
0.73398
0.73466
0.7377
0.73116
0.74172
0.73488
0.74366
0.73924
0.73772
0.74296
0.73868
0.73812
0.73816
0.73704
0.73566
0.7354
0.74132
0.74466
0.73278
0.73786
0.72998
0.7412
0.74166
0.73532
0.74282
0.7409
0.73774
0.7299
0.74302
0.73604
0.73766
0.74088
0.75102
0.73184
0.7426
0.73674
0.73478
0.73668
0.73428
0.73508
0.74576
0.74252
0.73784
0.73812
0.74008
0.73856
0.74128
0.73778
0.74038
0.737
0.73302
0.7306
0.72954
0.73324
0.74008
0.73904
0.73556
0.73438
0.74352
0.7362
0.73774
0.7388
0.73736
0.73764
0.73416
0.73488
0.73348
0.74852
0.73282
0.73328
0.7402
0.73636
0.73852
0.73256
0.73526
0.7376
0.74314
0.74062
0.73506
0.73164
0.7398
0.73764
0.73174
0.73872
0.73556
0.7416
0.73422
0.73806
0.7371
0.73876
0.73944
0.74236
0.74112
0.74072
0.73526
0.74022
0.74338
0.73604
0.73692
0.73922
0.74042
0.7346
0.73568
0.73646
0.73782
0.7399
0.74044
0.74262
0.74054
0.74004
0.7394
0.74078
0.74008
0.741
0.73284
0.73902
0.74012
0.73698
0.7375
0.72918
0.73316
0.7462
0.73942
0.73242
0.73712
0.74094
0.73316
0.73718
0.7366
0.73964
0.74044
0.74702
0.74024
0.7362
0.74092
0.73624
0.74084
0.72722
0.73798
0.73486
0.74068
0.73798
0.73718
0.73504
0.73758
0.73468
0.73858
0.73712
0.73734
0.73702
0.73664
0.73926
0.7419
0.73216
0.73568
0.73554
0.7451
0.73908
0.74262
0.74188
0.73582
0.7422
0.73986
0.73978
0.74074
0.74196
0.7344
0.74298
0.74402
0.73332
0.73498
0.73354
0.73932
0.73194
0.7308
0.73906
0.73382
0.74238
0.74092
0.73346
0.74016
0.73396
0.74014
0.73334
0.74218
0.74272
0.73872
0.73858
0.73354
0.74248
0.7414
0.73898
0.73872
0.74048
0.7404
0.73734
0.7361
0.7452
0.73884
0.74156
0.73828
0.7345
0.72986
0.73748
0.7348
0.74002
0.74154
0.73628
0.74324
0.73366
0.74406
0.73724
0.73768
0.73974
0.74086
0.74064
0.74002
0.73924
0.7354
0.73682
0.74078
0.74358
0.74522
0.73592
0.73378
0.73562
0.73894
0.7405
0.73708
0.73982
0.73832
0.73358
0.74
0.73352
0.73714
0.72912
0.7404
0.74056
0.73394
0.73952
0.73824
0.73042
0.73352
0.74226
0.7414
0.7416
0.7381
0.73162
0.73848
0.74168
0.74
0.73726
0.74402
0.73468
0.74128
0.73846
0.739
0.73466
0.73406
0.74216
0.7436
0.74206
0.73914
0.74232
0.73818
0.73206
0.73454
0.734
0.74016
0.73894
0.73876
0.736
0.73626
0.73876
0.743
0.74018
0.74264
0.73544
0.7343
0.73822
0.73448
0.7387
0.73714
0.7334
0.7428
0.731
0.74024
0.7353
0.74062
0.73938
0.73572
0.73992
0.7348
0.73936
0.74214
0.73252
0.73466
0.73616
0.7361
0.73428
0.73488
0.74282
0.74278
0.73886
0.73602
0.73964
0.73494
0.74318
0.74186
0.73976
0.73512
0.73864
0.74178
0.74382
0.73618
0.74372
0.7399
0.73618
0.73346
0.74106
0.73538
0.73868
0.73792
0.73896
0.73922
0.73606
0.74034
0.73508
0.73506
0.73776
0.737
0.73302
0.73978
0.73252
0.72938
0.73454
0.74104
0.7442
0.7428
0.74132
0.7349
0.73506
0.74122
0.74354
0.7425
0.73488
0.7281
0.7324
0.74116
0.73594
0.73392
0.73192
0.73542
0.73952
0.7429
0.7358
0.73664
0.7334
0.74552
0.74014
0.7357
0.7379
0.74226
0.73118
0.7367
0.73712
0.73542
0.73936
0.73912
0.73938
0.74298
0.74166
0.73652
0.73928
0.7409
0.73688
0.74382
0.7409
0.74088
0.7312
0.73496
0.7365
0.73804
0.74086
0.74336
0.73582
0.74034
0.741
0.73662
0.7383
0.73992
0.73398
0.74028
0.73934
0.73768
0.74192
0.7403
0.74256
0.73434
0.74424
0.73952
0.73972
0.734
0.73996
0.74108
0.74022
0.73498
0.73202
0.7354
0.73742
0.73642
0.74046
0.73948
0.73564
0.74204
0.7389
0.73906
0.74
0.73848
0.73344
0.74028
0.73882
0.73392
0.73586
0.73476
0.73526
0.73606
0.73436
0.7326
0.73446
0.73106
0.73994
0.73856
0.736
0.74228
0.73656
0.73604
0.73204
0.7341
0.73694
0.73938
0.73604
0.73574
0.73858
0.73672
0.73978
0.74262
0.73914
0.74336
0.73966
0.74482
0.73874
0.74222
0.73994
0.7366
0.73764
0.73384
0.73556
0.73758
0.73436
0.7381
0.74152
0.73676
0.74278
0.7365
0.74462
0.73838
0.72788
0.73832
0.74612
0.73628
0.73956
0.74054
0.7386
0.74518
0.73628
0.73982
0.73512
0.73546
0.74386
0.73806
0.73884
0.74346
0.73664
0.7353
0.74036
0.73422
0.74014
0.73624
0.7384
0.74262
0.73886
0.73928
0.7375
0.7482
0.7413
0.73148
0.74046
0.74104
0.72994
0.74068
0.73962
0.74214
0.747
0.73934
0.74058
0.73582
0.7333
0.7307
0.735
0.7333
0.74554
0.74178
0.73562
0.738
0.7359
0.74112
0.7356
0.73372
0.74018
0.73796
0.73706
0.7355
0.73824
0.74664
0.73734
0.73864
0.73448
0.73628
0.73668
0.73938
0.74214
0.733
0.74606
0.74096
0.74106
0.73872
0.73382
0.73816
0.7358
0.73816
0.73706
0.73462
0.74166
0.74022
0.73568
0.74
0.7433
0.74038
0.74034
0.73758
0.74038
0.73566
0.73914
0.74074
0.7323
0.73646
0.74106
0.73964
0.737
0.73746
0.73786
0.73592
0.74446
0.73908
0.74508
0.73436
0.7354
0.73688
0.73746
0.7414
0.74542
0.73618
0.7301
0.7418
0.73826
0.73088
0.74066
0.7379
0.73788
0.73644
0.74048
0.74088
0.73384
0.73736
0.73788
0.73672
0.73986
0.73622
0.74014
0.74462
0.73776
0.74008
0.74014
0.73696
0.73634
0.73468
0.73186
0.74048
0.73724
0.73816
0.74464
0.73936
0.73914
0.73402
0.73714
0.73708
0.74004
0.73672
0.7314
0.74586
0.74398
0.73602
0.74098
0.74062
0.736
0.7369
0.74302
0.7375
0.74114
0.73744
0.73892
0.74342
0.74188
0.74038
0.73552
0.74032
0.73802
0.73828
0.73752
0.74506
0.74494
0.73958
0.73772
0.7365
0.73654
0.74164
0.74142
0.7418
0.74524
0.74442
0.7366
0.73768
0.7415
0.73616
0.74204
0.73672
0.74272
0.73504
0.7375
0.73856
0.73736
0.74106
0.73896
0.73882
0.73588
0.74282
0.74012
0.73172
0.7395
0.7395
0.74066
0.73896
0.73662
0.7368
0.7355
0.73794
0.734
0.73644
0.74254
0.7401
0.73686
0.74194
0.73682
0.73776
0.74
0.7319
0.7338
0.74018
0.73926
0.74292
0.73714
0.73426
0.73612
0.7425
0.73908
0.74102
0.73628
0.73704
0.74082
0.73596
0.73976
0.74
0.74196
0.7382
0.73334
0.7409
0.7452
0.73672
0.73666
0.73828
0.74002
0.74178
0.73886
0.74026
0.7359
0.7439
0.73912
0.73508
0.74292
0.73688
0.73802
0.7377
0.73072
0.74486
0.73456
0.74204
0.73694
0.7355
0.73784
0.73654
0.73854
0.74294
0.73528
0.73432
0.73536
0.73814
0.73678
0.74178
0.73994
0.73834
0.73872
0.73748
0.73294
0.73592
0.73542
0.74448
0.73542
0.73522
0.7373
0.73802
0.7385
0.73522
0.73816
0.74316
0.74074
0.73578
0.74338
0.7378
0.73536
0.72784
0.74248
0.73892
0.73386
0.73616
0.7412
0.7414
0.74226
0.73988
0.73626
0.74202
0.73346
0.73796
0.7369
0.73432
0.7369
0.7507
0.73516
0.73802
0.73542
0.74384
0.74066
0.7394
0.73978
0.7387
0.73034
0.7345
0.73574
0.73784
0.74344
0.73712
0.74628
0.73644
0.7363
0.7301
0.74196
0.74008
0.73842
0.73522
0.73496
0.73258
0.73798
0.7468
0.7367
0.73456
0.74448
0.74108
0.74082
0.74144
0.74268
0.73732
0.74184
0.7308
0.7323
0.73734
0.73716
0.74094
0.74186
0.73916
0.73758
0.74006
0.74456
0.74158
0.7409
0.7414
0.7398
0.74414
0.73362
0.73082
0.73392
0.7379
0.74066
0.7331
0.73168
0.74276
0.7397
0.74462
0.72914
0.73976
0.73264
0.74026
0.73942
0.7336
0.73244
0.73686
0.73312
0.73828
0.73934
0.73638
0.74206
0.7359
0.74028
0.73918
0.73964
0.73734
0.74268
0.73186
0.73952
0.73628
0.74136
0.7366
0.73974
0.7333
0.73764
0.7302
0.73808
0.7374
0.73376
0.73704
0.7388
0.74714
0.7367
0.7377
0.73972
0.74414
0.73864
0.74306
0.73994
0.74118
0.7371
0.74906
0.73954
0.73632
0.73874
0.74718
0.74186
0.73462
0.74332
0.74192
0.7393
0.74246
0.74102
0.7321
0.73708
0.73698
0.73876
0.7334
0.73104
0.73496
0.73802
0.7403
0.7386
0.73602
0.73948
0.74076
0.74688
0.7345
0.7384
0.74176
0.74072
0.74314
0.7347
0.741
0.74036
0.73624
0.7445
0.74564
0.74158
0.73298
0.74568
0.73814
0.73914
0.73644
0.73152
0.73986
0.73472
0.73522
0.73604
0.73474
0.72866
0.7339
0.73854
0.73644
0.74406
0.73826
0.73494
0.7337
0.74204
0.74226
0.73608
0.73856
0.73926
0.73766
0.74508
0.73888
0.74244
0.73912
0.73136
0.73628
0.73538
0.7411
0.73376
0.7374
0.74262
0.73818
0.73922
0.7383
0.73996
0.73708
0.73986
0.73906
0.73492
0.74118
0.73778
0.7416
0.7384
0.73856
0.72852
0.7374
0.7334
0.7368
0.73486
0.7474
0.73736
0.73892
0.74162
0.73938
0.73946
0.74026
0.73948
0.74238
0.73842
0.74438
0.73966
0.73958
0.736
0.73816
0.74018
0.73312
0.7419
0.74224
0.73536
0.7385
0.74328
0.73894
0.73796
0.74226
0.73512
0.73874
0.73298
0.7323
0.73574
0.73936
0.7362
0.73812
0.73984
0.73536
0.73662
0.73422
0.73616
0.74172
0.73718
0.73568
0.73702
0.73464
0.73146
0.73912
0.7458
0.7462
0.73568
0.7435
0.74118
0.7365
0.7382
0.73412
0.74128
0.73826
0.73854
0.73372
0.73804
0.74462
0.74412
0.74624
0.73776
0.74372
0.73514
0.73446
0.748
0.74218
0.741
0.74068
0.74272
0.73734
0.7472
0.73924
0.74106
0.73908
0.73276
0.73198
0.73794
0.73346
0.74036
0.73334
0.7285
0.73706
0.73956
0.73404
0.73786
0.73666
0.73988
0.73164
0.73754
0.73714
0.73772
0.73414
0.73848
0.73704
0.7359
0.74414
0.73596
0.73754
0.73058
0.73348
0.74212
0.74194
0.7339
0.73566
0.7317
0.73202
0.74052
0.74338
0.74368
0.74608
0.74512
0.74314
0.7382
0.73916
0.7352
0.73562
0.73906
0.74192
0.73092
0.7439
0.7406
0.74428
0.73942
0.73798
0.73152
0.74788
0.73534
0.73758
0.74026
0.73752
0.74296
0.73666
0.73794
0.7291
0.73984
0.73754
0.7333
0.74146
0.74218
0.74246
0.73456
0.73804
0.73156
0.73972
0.73872
0.73776
0.73624
0.74236
0.74018
0.74096
0.74328
0.73344
0.74026
0.74056
0.73182
0.73828
0.74022
0.74468
0.74122
0.73816
0.74436
0.74096
0.73718
0.74546
0.7345
0.73602
0.73742
0.7434
0.74508
0.73916
0.7315
0.73928
0.74008
0.7398
0.74726
0.73874
0.73294
0.73902
0.74266
0.73698
0.73476
0.74082
0.73982
0.74286
0.73904
0.74502
0.73638
0.7405
0.74344
0.73484
0.73634
0.73302
0.73846
0.74424
0.74158
0.7361
0.73308
0.73886
0.73824
0.74836
0.7393
0.73722
0.7365
0.73256
0.73914
0.74152
0.74338
0.73848
0.74042
0.74214
0.73682
0.74028
0.74508
0.73802
0.73752
0.73376
0.74032
0.73408
0.73952
0.73702
0.74212
0.74094
0.74658
0.74006
0.74418
0.7425
0.73968
0.74104
0.74512
0.73588
0.73854
0.73644
0.73888
0.73236
0.73948
0.73836
0.74272
0.73792
0.73874
0.74268
0.72946
0.74262
0.7354
0.74238
0.739
0.7406
0.74074
0.73772
0.7406
0.74406
0.73914
0.73656
0.73068
0.73612
0.74282
0.73952
0.73484
0.73658
0.73892
0.737
0.73916
0.74
0.73786
0.73184
0.73478
0.73528
0.7427
0.73994
0.74422
0.74642
0.73806
0.74028
0.7358
0.73974
0.73916
0.74298
0.73782
0.72924
0.73584
0.73912
0.7455
0.72658
0.7367
0.74126
0.73864
0.74104
0.73524
0.73798
0.74146
0.74016
0.74018
0.73964
0.73686
0.74276
0.73954
0.7373
0.73
0.74296
0.74254
0.74202
0.7363
0.73404
0.73022
0.73026
0.73294
0.7315
0.7358
0.7428
0.73992
0.7362
0.73318
0.73574
0.7355
0.73832
0.73398
0.73738
0.7385
0.7361
0.74036
0.73626
0.7388
0.73796
0.73808
0.73722
0.73654
0.73576
0.74298
0.74034
0.74096
0.7443
0.73518
0.74038
0.73578
0.74156
0.73612
0.73734
0.73674
0.7316
0.742
0.73888
0.74108
0.74338
0.73552
0.73482
0.73748
0.73804
0.74422
0.74134
0.74438
0.74064
0.73572
0.7363
0.74394
0.74186
0.73898
0.73712
0.74024
0.72854
0.73342
0.72934
0.73578
0.7385
0.74016
0.7392
0.734
0.73746
0.73274
0.7405
0.73962
0.73498
0.74152
0.73508
0.73448
0.73982
0.7406
0.7376
0.74376
0.73636
0.73962
0.73766
0.73488
0.73768
0.74716
0.74096
0.7398
0.73672
0.74042
0.7353
0.73754
0.7358
0.73704
0.73848
0.7417
0.73872
0.73668
0.74098
0.73604
0.73396
0.73524
0.73622
0.73294
0.73394
0.73834
0.73562
0.74222
0.73928
0.73658
0.74026
0.7384
0.73764
0.74134
0.74296
0.73
0.73914
0.73422
0.73134
0.7402
0.74112
0.74454
0.73498
0.7334
0.74236
0.7403
0.73468
0.731
0.73644
0.74234
0.73972
0.74342
0.7346
0.73988
0.7365
0.7338
0.7314
0.72958
0.7335
0.73372
0.73904
0.74704
0.73646
0.74298
0.7418
0.7378
0.73994
0.74014
0.74452
0.73648
0.7325
0.73648
0.73916
0.73336
0.7356
0.74104
0.73466
0.7359
0.7365
0.74098
0.73764
0.73776
0.73264
0.73478
0.7362
0.74174
0.73444
0.73542
0.73676
0.73636
0.7382
0.73252
0.73818
0.73644
0.73618
0.74264
0.73866
0.74026
0.7389
0.74462
0.73292
0.73104
0.73626
0.7456
0.73824
0.73866
0.73846
0.73496
0.738
0.73368
0.73472
0.72962
0.7343
0.73018
0.74626
0.73698
0.74
0.74056
0.73266
0.73654
0.73704
0.73476
0.74254
0.74838
0.74004
0.73404
0.7341
0.74596
0.74124
0.73482
0.73904
0.73472
0.7359
0.73306
0.73308
0.74446
0.7389
0.74298
0.73802
0.74016
0.7359
0.74218
0.73632
0.7353
0.74046
0.74106
0.73792
0.73718
0.73922
0.73856
0.74198
0.7418
0.7383
0.73394
0.74368
0.7349
0.7429
0.74086
0.73532
0.74226
0.7382
0.7297
0.73974
0.74258
0.73422
0.73692
0.7341
0.74294
0.7379
0.73862
0.74158
0.73466
0.74072
0.73496
0.73978
0.74162
0.74128
0.73256
0.7364
0.73696
0.74172
0.74156
0.74166
0.73396
0.7361
0.73938
0.73926
0.73938
0.73924
0.73508
0.74342
0.73936
0.73544
0.73654
0.7337
0.73812
0.73722
0.73628
0.73994
0.738
0.73748
0.73762
0.74218
0.74322
0.74216
0.73818
0.73336
0.72988
0.74068
0.7374
0.7386
0.73442
0.73428
0.74058
0.74044
0.73708
0.73804
0.73962
0.73718
0.74752
0.74034
0.74054
0.74052
0.73498
0.73716
0.73718
0.73702
0.7436
0.73796
0.7376
0.73396
0.7333
0.7325
0.73804
0.74084
0.7381
0.73808
0.72868
0.73916
0.744
0.74362
0.74162
0.73628
0.73456
0.73674
0.73922
0.7387
0.74216
0.73966
0.73238
0.73764
0.74012
0.73892
0.73678
0.73964
0.74454
0.74106
0.7349
0.73332
0.74108
0.74122
0.732
0.73836
0.73812
0.7399
0.74026
0.73704
0.72916
0.74022
0.74434
0.73656
0.74254
0.73984
0.73524
0.73816
0.74374
0.73702
0.73932
0.73346
0.7361
0.7301
0.73836
0.74138
0.74524
0.7448
0.73244
0.73648
0.73642
0.74186
0.74212
0.74252
0.73584
0.73574
0.73762
0.7407
0.73622
0.74112
0.73538
0.74042
0.73968
0.739
0.73478
0.73536
0.73686
0.73772
0.73514
0.74152
0.73488
0.73308
0.73846
0.7398
0.73184
0.73558
0.73642
0.73824
0.7309
0.7416
0.73706
0.73646
0.73856
0.73732
0.7372
0.73202
0.73972
0.73686
0.73572
0.73718
0.73996
0.73926
0.73762
0.74058
0.73586
0.73138
0.73718
0.74476
0.74594
0.7352
0.7322
0.73918
0.7371
0.74164
0.7406
0.73516
0.73262
0.74454
0.7372
0.74544
0.73684
0.74158
0.73588
0.73598
0.7342
0.74518
0.73732
0.73526
0.73812
0.73576
0.73738
0.7399
0.73346
0.73818
0.7409
0.73856
0.73308
0.7357
0.73714
0.74298
0.74506
0.729
0.7389
0.73526
0.74134
0.74154
0.73706
0.73734
0.7396
0.73684
0.74072
0.73768
0.73864
0.73632
0.74094
0.7361
0.7327
0.74558
0.73774
0.73888
0.7421
0.73466
0.74164
0.74416
0.73866
0.73078
0.74166
0.73886
0.74062
0.74406
0.7382
0.74032
0.7468
0.74116
0.73562
0.73882
0.7351
0.73578
0.73488
0.73564
0.74074
0.74184
0.73566
0.74046
0.73498
0.73794
0.73436
0.73898
0.741
0.7411
0.73872
0.73898
0.73814
0.7337
0.7421
0.73972
0.74324
0.7408
0.74048
0.73514
0.73326
0.73882
0.73556
0.73968
0.73454
0.73582
0.73812
0.73798
0.73606
0.73904
0.74154
0.74058
0.73994
0.7346
0.73286
0.73694
0.73458
0.74128
0.73882
0.73984
0.73642
0.7401
0.73994
0.73974
0.73814
0.73428
0.73942
0.73778
0.73958
0.73856
0.73732
0.73276
0.73582
0.7418
0.73304
0.73994
0.74224
0.74018
0.73906
0.7367
0.74108
0.73408
0.73622
0.74212
0.73448
0.73952
0.73198
0.73884
0.73814
0.73454
0.73628
0.73774
0.7366
0.73106
0.73054
0.7499
0.73336
0.73562
0.73334
0.74148
0.74346
0.73946
0.74348
0.74434
0.73676
0.7386
0.74712
0.744
0.7369
0.73816
0.7472
0.73778
0.73854
0.73644
0.74572
0.737
0.7393
0.7349
0.74744
0.74272
0.74102
0.73628
0.73626
0.73716
0.73786
0.7378
0.73854
0.7348
0.73936
0.74316
0.73564
0.7418
0.73756
0.7447
0.73612
0.73774
0.73748
0.73828
0.7438
0.74094
0.73994
0.7332
0.7339
0.7356
0.7375
0.73878
0.73416
0.73278
0.7334
0.73594
0.74644
0.73854
0.7348
0.7399
0.73556
0.73584
0.72844
0.74016
0.74314
0.73646
0.7375
0.73878
0.73878
0.73842
0.73324
0.74704
0.74118
0.73944
0.7389
0.73344
0.7298
0.73564
0.73356
0.73876
0.74
0.73258
0.74356
0.7362
0.73092
0.73966
0.7366
0.73712
0.73716
0.7404
0.73858
0.74192
0.7351
0.72906
0.73462
0.7433
0.73254
0.73654
0.73508
0.73724
0.7326
0.73828
0.73432
0.7402
0.7408
0.73574
0.73776
0.73788
0.7389
0.73796
0.74048
0.73492
0.74006
0.74316
0.7466
0.72774
0.73478
0.73572
0.74196
0.74416
0.7333
0.73644
0.74068
0.74152
0.73502
0.73626
0.7345
0.73602
0.7328
0.7353
0.73804
0.74004
0.73706
0.74616
0.7392
0.72948
0.73694
0.73814
0.74436
0.73512
0.7373
0.73854
0.74266
0.74348
0.7441
0.73682
0.73594
0.73516
0.7433
0.73588
0.7288
0.74266
0.7425
0.73182
0.73656
0.73966
0.73302
0.73812
0.7299
0.74468
0.7383
0.73704
0.73638
0.73862
0.73722
0.73106
0.741
0.7422
0.73778
0.74666
0.73458
0.73528
0.7405
0.74128
0.74372
0.7447
0.74596
0.73838
0.74024
0.74294
0.73538
0.73414
0.73668
0.7367
0.7363
0.73644
0.7367
0.73404
0.743
0.73932
0.73888
0.74418
0.74532
0.73192
0.7399
0.73586
0.74068
0.736
0.74132
0.7394
0.74572
0.74132
0.73518
0.7411
0.743
0.73994
0.74012
0.73992
0.7353
0.73766
0.7354
0.73586
0.73936
0.73738
0.73972
0.73694
0.74444
0.73422
0.73786
0.73802
0.7476
0.7328
0.73332
0.73704
0.74104
0.74336
0.74562
0.74202
0.738
0.73972
0.73578
0.74486
0.73688
0.73564
0.73172
0.73766
0.73792
0.74206
0.73976
0.73404
0.74586
0.73478
0.73752
0.74098
0.73814
0.72948
0.735
0.74592
0.74304
0.73552
0.73518
0.74242
0.7375
0.74082
0.74096
0.7321
0.7369
0.74032
0.73828
0.73838
0.74052
0.74254
0.74124
0.74282
0.74128
0.7289
0.73214
0.74306
0.74006
0.734
0.7387
0.7422
0.73578
0.74212
0.74106
0.73844
0.73442
0.73798
0.73582
0.73828
0.73906
0.74622
0.73688
0.73474
0.74072
0.74208
0.73746
0.73282
0.74258
0.74184
0.73476
0.73326
0.73578
0.7379
0.7378
0.735
0.74326
0.742
0.73934
0.7352
0.74196
0.73864
0.73162
0.73396
0.74512
0.7385
0.73806
0.74374
0.73672
0.73314
0.73908
0.73482
0.74404
0.73706
0.73972
0.73702
0.73728
0.73192
0.73682
0.73692
0.735
0.73548
0.74014
0.7415
0.73524
0.73956
0.74088
0.73654
0.73264
0.7432
0.72968
0.7374
0.73528
0.73996
0.73796
0.7362
0.73604
0.73512
0.72948
0.73854
0.73654
0.73694
0.7377
0.73768
0.73634
0.74298
0.73838
0.74364
0.7358
0.74142
0.74134
0.73948
0.74062
0.73628
0.73642
0.73928
0.73364
0.74122
0.74124
0.7314
0.73868
0.7399
0.73478
0.72858
0.74284
0.73808
0.73696
0.73696
0.74118
0.73658
0.73612
0.73906
0.73952
0.7346
0.7373
0.73548
0.73884
0.73758
0.74016
0.73934
0.74222
0.73662
0.73356
0.73356
0.74456
0.73354
0.73678
0.74108
0.74062
0.73998
0.73912
0.73776
0.73684
0.7426
0.7394
0.7343
0.7414
0.73758
0.7401
0.73602
0.73276
0.74134
0.73594
0.73614
0.7397
0.74186
0.73478
0.74002
0.73874
0.7381
0.73982
0.73782
0.73658
0.73158
0.73458
0.7339
0.7358
0.73266
0.73644
0.74068
0.7355
0.73886
0.7455
0.74406
0.74476
0.73056
0.7396
0.74158
0.73522
0.73776
0.73488
0.73764
0.7313
0.7438
0.73554
0.73534
0.74206
0.74048
0.7343
0.73908
0.73864
0.74002
0.74062
0.74174
0.73072
0.73394
0.73766
0.74398
0.74088
0.74458
0.74318
0.73864
0.74066
0.74164
0.7367
0.73366
0.74054
0.74374
0.7353
0.73552
0.7347
0.73612
0.73082
0.73768
0.74018
0.73496
0.73464
0.73366
0.73616
0.73698
0.73646
0.74568
0.73894
0.73654
0.72778
0.73076
0.7381
0.74052
0.74334
0.73264
0.74168
0.74014
0.73728
0.73486
0.73798
0.73748
0.7362
0.73408
0.73562
0.74246
0.7399
0.74486
0.73068
0.73914
0.73168
0.7338
0.73808
0.74078
0.73624
0.73528
0.74064
0.7358
0.74288
0.73574
0.73602
0.7413
0.7386
0.73704
0.7364
0.73924
0.73962
0.73912
0.73428
0.73974
0.74136
0.74012
0.74206
0.73926
0.74436
0.73984
0.734
0.74278
0.7354
0.73992
0.74088
0.73632
0.73694
0.73396
0.7403
0.73726
0.7387
0.73776
0.73948
0.73722
0.73886
0.75194
0.73142
0.73632
0.73606
0.7354
0.73384
0.74066
0.7387
0.74034
0.7422
0.73928
0.74246
0.73742
0.73942
0.73782
0.73982
0.734
0.73278
0.73336
0.74106
0.74024
0.73728
0.73632
0.73786
0.74686
0.73542
0.73798
0.74208
0.74022
0.73792
0.74128
0.74244
0.73686
0.74114
0.7381
0.74106
0.74122
0.7355
0.73784
0.7434
0.74012
0.73504
0.73676
0.73208
0.73992
0.73704
0.73812
0.73692
0.74062
0.74094
0.7402
0.7382
0.73672
0.74404
0.73164
0.74276
0.73972
0.74172
0.7344
0.73794
0.73492
0.74126
0.7361
0.73662
0.73664
0.7327
0.73776
0.74096
0.73856
0.73858
0.73334
0.73574
0.73796
0.7443
0.73768
0.7379
0.73698
0.7345
0.7404
0.74266
0.73426
0.73956
0.73504
0.73982
0.73728
0.7433
0.73968
0.7361
0.73306
0.74142
0.73752
0.7421
0.73498
0.742
0.7395
0.74152
0.73732
0.74136
0.73822
0.73882
0.73896
0.73264
0.73978
0.74418
0.7356
0.74058
0.73426
0.73842
0.74296
0.73174
0.73824
0.73658
0.73658
0.74182
0.74028
0.74092
0.73082
0.74092
0.73866
0.7442
0.73758
0.7362
0.73268
0.7373
0.73008
0.7358
0.73538
0.74204
0.7364
0.73902
0.74206
0.7398
0.73278
0.74304
0.74106
0.73676
0.73914
0.73746
0.74266
0.74068
0.73892
0.73754
0.73166
0.73398
0.73596
0.736
0.73828
0.73546
0.74248
0.7343
0.74008
0.7346
0.74066
0.73996
0.73664
0.7392
0.73574
0.73488
0.74202
0.73826
0.73808
0.74342
0.74152
0.7438
0.73486
0.73884
0.73622
0.74196
0.74368
0.72984
0.73718
0.73832
0.73198
0.73404
0.74184
0.73362
0.73786
0.732
0.7314
0.74138
0.7364
0.73462
0.73726
0.73608
0.73844
0.73646
0.73296
0.73694
0.74234
0.73788
0.73938
0.73956
0.74192
0.7379
0.73216
0.74164
0.7356
0.73436
0.73782
0.7418
0.73838
0.7388
0.73234
0.73776
0.7367
0.73522
0.73686
0.74178
0.72824
0.74024
0.73452
0.74486
0.74298
0.73396
0.7434
0.73818
0.7378
0.7418
0.73814
0.73748
0.73622
0.73706
0.74226
0.73644
0.74774
0.74312
0.73408
0.73568
0.74444
0.74266
0.73498
0.74484
0.73784
0.73978
0.73696
0.74262
0.72918
0.74106
0.73526
0.73834
0.74692
0.7378
0.7419
0.73658
0.73858
0.73914
0.73812
0.74244
0.74142
0.74046
0.73684
0.73878
0.7385
0.74104
0.73896
0.73378
0.73722
0.74044
0.73398
0.73876
0.73616
0.73866
0.73786
0.74206
0.73872
0.73406
0.7392
0.73728
0.74256
0.73794
0.7403
0.74112
0.73638
0.73908
0.73774
0.7475
0.74422
0.73426
0.73726
0.73914
0.73572
0.73956
0.73866
0.73696
0.73488
0.73554
0.73884
0.74188
0.74106
0.73974
0.73748
0.73204
0.74242
0.74278
0.74106
0.7358
0.7425
0.73784
0.73624
0.73698
0.74102
0.72916
0.73484
0.74004
0.74078
0.7407
0.73158
0.7436
0.7408
0.7443
0.73958
0.73898
0.73774
0.73924
0.74266
0.73988
0.73426
0.73626
0.73996
0.74162
0.73728
0.73224
0.73956
0.73746
0.73932
0.74104
0.74058
0.7374
0.73622
0.74278
0.74144
0.73116
0.74198
0.74592
0.73984
0.73778
0.73588
0.74514
0.73554
0.7333
0.73834
0.73026
0.73602
0.7417
0.73994
0.74384
0.73586
0.73746
0.73954
0.74296
0.74104
0.74268
0.73786
0.7367
0.74154
0.7373
0.73798
0.741
0.73822
0.73718
0.7354
0.73832
0.74764
0.73906
0.73938
0.73378
0.73088
0.73672
0.73498
0.7441
0.74052
0.74152
0.73698
0.73736
0.74396
0.73948
0.74086
0.74192
0.73654
0.73168
0.73468
0.73386
0.73942
0.73728
0.7421
0.73642
0.7388
0.73368
0.73648
0.73688
0.73244
0.74014
0.7373
0.73752
0.73794
0.73602
0.73606
0.74814
0.73158
0.73624
0.74244
0.73956
0.74138
0.73618
0.73408
0.73018
0.7391
0.73862
0.736
0.73964
0.73666
0.73742
0.7306
0.7322
0.73686
0.7362
0.735
0.74262
0.74558
0.73606
0.74592
0.73962
0.74098
0.74146
0.74046
0.73232
0.74056
0.7437
0.73714
0.74246
0.73398
0.73924
0.73536
0.73952
0.74372
0.73638
0.73688
0.73672
0.74082
0.73954
0.74304
0.73866
0.74146
0.73752
0.73106
0.732
0.74218
0.73314
0.73358
0.73266
0.73726
0.74094
0.73386
0.73966
0.73178
0.74212
0.7432
0.74594
0.73928
0.74192
0.73582
0.73766
0.73692
0.74462
0.74978
0.73592
0.74296
0.73998
0.74128
0.7393
0.7333
0.73546
0.73852
0.73618
0.7359
0.73128
0.73372
0.7374
0.73924
0.7417
0.74022
0.73958
0.7368
0.74284
0.73836
0.73562
0.73458
0.73366
0.74068
0.74418
0.73988
0.73894
0.74558
0.74328
0.7429
0.73648
0.74004
0.73646
0.73664
0.73476
0.74002
0.74444
0.7415
0.73026
0.73486
0.73642
0.74608
0.7418
0.7342
0.73314
0.7309
0.73472
0.73218
0.74298
0.74426
0.74276
0.73546
0.7333
0.73958
0.73698
0.73982
0.74004
0.73932
0.73754
0.73932
0.7408
0.73796
0.7373
0.73888
0.73668
0.7469
0.73994
0.7375
0.73472
0.73396
0.73144
0.7447
0.74554
0.73578
0.73338
0.74294
0.73534
0.739
0.73958
0.73196
0.7328
0.74054
0.74468
0.73874
0.74204
0.7391
0.73386
0.7408
0.7398
0.73882
0.73536
0.73374
0.73464
0.74148
0.73792
0.74562
0.74236
0.7369
0.74282
0.73856
0.74218
0.73844
0.73908
0.7315
0.73794
0.73848
0.74524
0.73874
0.73446
0.73354
0.7366
0.74134
0.74046
0.73858
0.73782
0.74058
0.73326
0.73522
0.73978
0.73732
0.7357
0.73886
0.74382
0.74296
0.73942
0.74364
0.73636
0.73474
0.73826
0.7423
0.73726
0.73268
0.74166
0.74376
0.73678
0.74562
0.73444
0.74394
0.7422
0.73848
0.73786
0.74488
0.74066
0.73738
0.73968
0.73634
0.7383
0.74386
0.7388
0.72976
0.73614
0.73758
0.73622
0.7422
0.73588
0.73784
0.73554
0.73292
0.74228
0.73884
0.73736
0.73186
0.73768
0.73736
0.73444
0.74076
0.7375
0.74132
0.73108
0.73872
0.74206
0.741
0.73842
0.7423
0.7382
0.735
0.73502
0.7361
0.74024
0.74192
0.74008
0.7393
0.73412
0.73828
0.73972
0.7349
0.73922
0.73446
0.74174
0.74088
0.7422
0.73386
0.73502
0.74226
0.74234
0.73774
0.74038
0.73786
0.74556
0.7406
0.73374
0.73506
0.73404
0.73384
0.73868
0.73914
0.74288
0.73986
0.74052
0.73646
0.74182
0.73672
0.74386
0.74244
0.74378
0.73854
0.7456
0.74334
0.73454
0.73814
0.73448
0.73878
0.73762
0.73648
0.7342
0.73564
0.7349
0.73636
0.7355
0.74166
0.7396
0.74346
0.7418
0.7429
0.7427
0.74132
0.74482
0.73796
0.73636
0.74262
0.74118
0.7407
0.74308
0.73162
0.73876
0.72936
0.73624
0.73422
0.7332
0.73534
0.73464
0.73568
0.73556
0.74092
0.73114
0.74278
0.73628
0.7396
0.74058
0.7465
0.73564
0.73316
0.739
0.74128
0.74184
0.7419
0.74212
0.74124
0.7325
0.73598
0.73738
0.74204
0.74302
0.74236
0.73664
0.73668
0.74454
0.73922
0.74306
0.73636
0.73432
0.74332
0.73208
0.73928
0.74282
0.74154
0.74218
0.73842
0.74108
0.7382
0.7333
0.73484
0.73752
0.7342
0.73374
0.73706
0.7381
0.74324
0.73574
0.73634
0.74068
0.72946
0.74058
0.7423
0.74256
0.73858
0.73708
0.73904
0.7358
0.73504
0.7406
0.73832
0.73852
0.73968
0.7303
0.73624
0.73582
0.74
0.73582
0.73568
0.73702
0.74052
0.73828
0.7375
0.73226
0.72792
0.73642
0.74372
0.73944
0.73512
0.7356
0.7355
0.74094
0.73914
0.73886
0.73058
0.73728
0.74066
0.74588
0.7404
0.73644
0.73766
0.74424
0.7356
0.74188
0.74144
0.73962
0.73836
0.74302
0.74596
0.74064
0.74308
0.73488
0.73912
0.73566
0.73844
0.73592
0.73614
0.74282
0.74096
0.73978
0.7379
0.74124
0.73688
0.7372
0.74692
0.73712
0.73924
0.74356
0.74648
0.74272
0.73916
0.73144
0.74026
0.73972
0.7384
0.73778
0.73852
0.73408
0.743
0.74084
0.73954
0.73472
0.7401
0.73524
0.73972
0.73158
0.73528
0.73654
0.73214
0.73874
0.74312
0.7403
0.73938
0.74244
0.73798
0.7449
0.74254
0.74504
0.74126
0.74218
0.74226
0.74728
0.74064
0.74266
0.74016
0.73276
0.73874
0.74246
0.73514
0.73926
0.73392
0.73574
0.73908
0.73694
0.74036
0.7387
0.73572
0.73626
0.73724
0.73868
0.73884
0.7306
0.74104
0.74094
0.73752
0.73544
0.7382
0.73876
0.73344
0.73422
0.7345
0.73306
0.73424
0.74162
0.7335
0.74266
0.7423
0.7423
0.7364
0.7311
0.73712
0.73056
0.73374
0.7395
0.73852
0.73164
0.74232
0.73678
0.74384
0.73768
0.7372
0.73046
0.74354
0.73488
0.74038
0.74066
0.7472
0.74104
0.73616
0.7336
0.74392
0.7396
0.73142
0.73428
0.73934
0.73622
0.73934
0.73626
0.74474
0.73346
0.7341
0.7413
0.74126
0.72966
0.73694
0.73488
0.74016
0.73272
0.73554
0.73384
0.73818
0.73836
0.73044
0.7308
0.742
0.7428
0.74464
0.74448
0.74264
0.74366
0.73564
0.73322
0.73552
0.73432
0.73202
0.73596
0.73376
0.7375
0.73218
0.73062
0.73296
0.74582
0.73414
0.7402
0.73504
0.73802
0.74254
0.7372
0.73622
0.74134
0.73176
0.74966
0.73508
0.73778
0.74186
0.73592
0.73842
0.73378
0.73404
0.74024
0.73496
0.7392
0.73124
0.74218
0.7358
0.73088
