0.53038
0.53464
0.53272
0.5284
0.53808
0.54142
0.53478
0.53268
0.53882
0.54144
0.53346
0.53736
0.53482
0.53972
0.54104
0.53964
0.52866
0.5289
0.53944
0.53198
0.53976
0.53472
0.54484
0.5433
0.53542
0.5389
0.53856
0.53842
0.5348
0.54862
0.54434
0.52994
0.54436
0.54126
0.54792
0.54078
0.52734
0.54262
0.53736
0.53816
0.53202
0.53086
0.53392
0.53984
0.5384
0.53204
0.53016
0.54588
0.53218
0.53082
0.53878
0.5397
0.5357
0.54478
0.5366
0.53166
0.53888
0.53988
0.53852
0.53852
0.53384
0.53516
0.54192
0.5322
0.53434
0.52948
0.53948
0.52786
0.53316
0.5313
0.53052
0.53748
0.54154
0.5412
0.5354
0.5352
0.5308
0.54176
0.53326
0.53318
0.54226
0.54496
0.54058
0.53576
0.5329
0.53876
0.53318
0.54346
0.53752
0.53666
0.5363
0.5347
0.52884
0.53444
0.53888
0.53504
0.53732
0.53988
0.55002
0.54194
0.5356
0.5386
0.5333
0.53792
0.53534
0.5341
0.53636
0.54328
0.5436
0.52926
0.53554
0.53776
0.54486
0.5392
0.5334
0.5277
0.53524
0.53524
0.53194
0.5415
0.53628
0.53186
0.52984
0.53998
0.53672
0.53936
0.53636
0.52732
0.5314
0.53712
0.53212
0.53308
0.54372
0.54428
0.54952
0.53436
0.53544
0.53244
0.53938
0.53174
0.5331
0.53678
0.55472
0.54
0.54084
0.53556
0.535
0.54182
0.53292
0.53866
0.53206
0.53802
0.53522
0.53734
0.5397
0.54306
0.53634
0.52882
0.54622
0.54488
0.5383
0.54932
0.53772
0.5332
0.53186
0.53802
0.54672
0.53996
0.53524
0.5343
0.53498
0.5295
0.52848
0.54592
0.54508
0.53552
0.5389
0.53482
0.54082
0.53004
0.53284
0.53676
0.53734
0.53898
0.53776
0.53628
0.53902
0.54514
0.53602
0.53306
0.53894
0.54332
0.53862
0.5361
0.53802
0.53724
0.53632
0.53774
0.54032
0.54478
0.54478
0.54176
0.53794
0.53096
0.5292
0.5319
0.53446
0.5395
0.54742
0.53702
0.53196
0.53972
0.53322
0.52814
0.5371
0.54106
0.54038
0.54142
0.52932
0.54114
0.54592
0.53048
0.53328
0.5414
0.5294
0.54026
0.53456
0.53496
0.54024
0.54144
0.53604
0.54014
0.5407
0.54024
0.5379
0.5409
0.5372
0.54174
0.54094
0.53532
0.52916
0.52808
0.5409
0.53354
0.5382
0.5369
0.53764
0.54048
0.5431
0.5349
0.53174
0.53496
0.53724
0.53472
0.54092
0.53598
0.53912
0.53594
0.53312
0.53398
0.5359
0.53044
0.5367
0.53376
0.53566
0.53538
0.53534
0.53028
0.53248
0.53584
0.53704
0.54166
0.54472
0.53816
0.5311
0.54348
0.53906
0.5439
0.53694
0.53276
0.53248
0.54024
0.53796
0.5437
0.53584
0.53766
0.5367
0.54022
0.53128
0.52804
0.53436
0.54276
0.53704
0.53008
0.53374
0.53264
0.5389
0.53378
0.53254
0.53576
0.53988
0.5368
0.53474
0.53584
0.54218
0.53832
0.53254
0.52964
0.54598
0.538
0.5378
0.54526
0.54188
0.53022
0.53174
0.53726
0.53752
0.53688
0.53628
0.5341
0.53944
0.53742
0.53738
0.53866
0.5339
0.53466
0.5415
0.5444
0.53782
0.53442
0.54024
0.541
0.53058
0.5392
0.54384
0.5416
0.533
0.53282
0.53066
0.5428
0.53456
0.53426
0.53196
0.54022
0.53716
0.53024
0.53796
0.54106
0.53834
0.54026
0.54112
0.53828
0.53506
0.54506
0.54084
0.54288
0.53222
0.5398
0.53642
0.5346
0.54226
0.53484
0.53776
0.5376
0.53832
0.54308
0.54008
0.53724
0.53826
0.53468
0.54078
0.5296
0.54456
0.53678
0.53558
0.53876
0.53584
0.54282
0.53144
0.53786
0.54672
0.53678
0.54196
0.54206
0.53214
0.53782
0.54142
0.54362
0.53822
0.54848
0.5328
0.5435
0.53794
0.53638
0.53972
0.53078
0.53454
0.53916
0.53384
0.54002
0.54578
0.53276
0.53752
0.54442
0.53686
0.53204
0.53572
0.53442
0.54578
0.53916
0.5385
0.53876
0.53316
0.53832
0.54172
0.52934
0.53956
0.54028
0.54052
0.54152
0.53614
0.5408
0.53594
0.53356
0.53542
0.53622
0.53642
0.53216
0.53432
0.53982
0.5355
0.5311
0.54224
0.53942
0.5326
0.53342
0.53898
0.53684
0.53914
0.5321
0.53442
0.53216
0.5361
0.5415
0.53882
0.54528
0.53768
0.53486
0.53698
0.53302
0.52652
0.53336
0.53438
0.53538
0.53206
0.53124
0.54602
0.5338
0.53878
0.53002
0.53706
0.5264
0.5417
0.5371
0.52714
0.53194
0.53836
0.5403
0.54194
0.53646
0.53488
0.53224
0.5405
0.54712
0.53588
0.52962
0.53008
0.5356
0.54014
0.53272
0.53588
0.53512
0.54718
0.54072
0.53452
0.53518
0.54282
0.53528
0.53716
0.5375
0.5325
0.53482
0.53574
0.53182
0.54336
0.54484
0.5397
0.5359
0.53142
0.53504
0.5386
0.539
0.5478
0.5392
0.53764
0.53972
0.54266
0.53558
0.53578
0.53992
0.53128
0.53664
0.54056
0.54068
0.5411
0.53222
0.5442
0.54382
0.53154
0.53734
0.54478
0.54356
0.53452
0.53986
0.54394
0.53526
0.5403
0.54148
0.53798
0.54826
0.5404
0.53806
0.5459
0.53772
0.53032
0.5334
0.5359
0.53932
0.5399
0.53958
0.5265
0.52812
0.5402
0.54612
0.5365
0.54726
0.53182
0.53326
0.53478
0.54092
0.53494
0.5357
0.54132
0.53494
0.5367
0.54708
0.54058
0.53032
0.538
0.53656
0.54202
0.53156
0.53804
0.54034
0.53448
0.5359
0.5342
0.53648
0.52872
0.54034
0.54316
0.54372
0.54644
0.54586
0.54758
0.5394
0.54032
0.52748
0.53006
0.53162
0.53446
0.54474
0.53372
0.5347
0.54148
0.54174
0.53562
0.53944
0.529
0.5341
0.53654
0.53958
0.53998
0.53956
0.53146
0.52894
0.53918
0.5384
0.54354
0.54142
0.54872
0.53826
0.53498
0.54094
0.54734
0.52966
0.52824
0.535
0.53838
0.53522
0.53154
0.53782
0.54086
0.54458
0.53518
0.54216
0.54336
0.5442
0.52886
0.54676
0.53396
0.54532
0.5324
0.53422
0.5254
0.52636
0.54178
0.54196
0.53854
0.53136
0.53688
0.54142
0.53768
0.53834
0.5316
0.53706
0.54064
0.54062
0.53356
0.53848
0.54142
0.5429
0.5347
0.54188
0.52616
0.53958
0.53402
0.53264
0.53084
0.53388
0.5264
0.53972
0.53844
0.53844
0.53536
0.53424
0.53428
0.53786
0.54016
0.53498
0.52956
0.53258
0.54312
0.54254
0.5356
0.5394
0.53734
0.54118
0.53226
0.53312
0.52706
0.52786
0.54012
0.53264
0.53924
0.53064
0.54186
0.5424
0.53868
0.54664
0.53912
0.54432
0.53988
0.53032
0.54178
0.54354
0.5352
0.53794
0.5346
0.53218
0.5358
0.53522
0.53614
0.53088
0.53686
0.53768
0.54134
0.54058
0.54626
0.5414
0.52916
0.532
0.5334
0.53112
0.54484
0.54036
0.53694
0.54034
0.53258
0.53632
0.54334
0.5413
0.53684
0.54052
0.54538
0.53568
0.5361
0.53616
0.53634
0.53946
0.54688
0.53844
0.53266
0.53632
0.53622
0.53188
0.53436
0.5362
0.53808
0.54478
0.53836
0.54016
0.5482
0.54144
0.54658
0.5325
0.54076
0.53912
0.54072
0.53356
0.53774
0.53694
0.54154
0.53172
0.53936
0.52716
0.54052
0.53284
0.53468
0.53692
0.53566
0.5348
0.53352
0.53422
0.53586
0.5313
0.5369
0.53652
0.53578
0.53686
0.5342
0.53054
0.54388
0.5395
0.53848
0.53804
0.54198
0.54106
0.5359
0.5386
0.53576
0.53898
0.5337
0.53968
0.54202
0.5388
0.53776
0.52956
0.54244
0.54826
0.5442
0.52626
0.54264
0.5459
0.53698
0.53726
0.53492
0.53104
0.53768
0.5418
0.5363
0.5415
0.54496
0.53018
0.53068
0.53634
0.5355
0.53462
0.54006
0.53204
0.5411
0.53004
0.53592
0.53968
0.53532
0.53236
0.53866
0.52926
0.5489
0.53348
0.53152
0.52664
0.54482
0.54268
0.53978
0.53666
0.54084
0.53368
0.53202
0.52852
0.52988
0.53214
0.5407
0.54712
0.53286
0.5409
0.54024
0.54358
0.53152
0.5337
0.54096
0.53896
0.53824
0.52802
0.54692
0.54024
0.54202
0.54224
0.54844
0.5412
0.5268
0.54074
0.54026
0.52844
0.53752
0.53728
0.5378
0.52762
0.5375
0.5258
0.5364
0.52794
0.5281
0.52934
0.531
0.5386
0.53874
0.53594
0.5428
0.53772
0.5362
0.54748
0.53418
0.53784
0.53816
0.5428
0.53774
0.5328
0.53812
0.54
0.53698
0.5358
0.53212
0.5387
0.53478
0.53636
0.53602
0.54018
0.53734
0.53334
0.53454
0.53968
0.54006
0.54264
0.54238
0.51858
0.53704
0.54428
0.53022
0.52924
0.53812
0.54494
0.53756
0.53992
0.5244
0.5324
0.53708
0.5338
0.53652
0.54242
0.54372
0.53666
0.54028
0.53298
0.5387
0.54752
0.53546
0.52682
0.53478
0.5407
0.53548
0.536
0.53594
0.5476
0.54632
0.54102
0.5276
0.53428
0.53286
0.53388
0.54124
0.53378
0.5356
0.53032
0.53922
0.53222
0.53682
0.53136
0.54576
0.54098
0.5371
0.53
0.53976
0.53044
0.54168
0.53348
0.54188
0.53778
0.53166
0.54386
0.53674
0.5467
0.54374
0.54336
0.54114
0.54344
0.54498
0.53854
0.53644
0.53228
0.53816
0.5424
0.53934
0.53502
0.54706
0.53728
0.5322
0.53468
0.53994
0.5432
0.5279
0.53516
0.54056
0.5323
0.53326
0.53024
0.53974
0.53412
0.54474
0.534
0.53954
0.54476
0.53946
0.53478
0.5286
0.5312
0.52982
0.5479
0.54052
0.53448
0.53248
0.53754
0.54002
0.53564
0.54474
0.5365
0.52076
0.53314
0.53804
0.54134
0.5404
0.54196
0.53236
0.53008
0.53442
0.53704
0.54196
0.53054
0.53058
0.53064
0.53702
0.5393
0.54828
0.54362
0.54214
0.5394
0.53808
0.535
0.53484
0.5362
0.54128
0.53136
0.53538
0.54132
0.5303
0.53268
0.5362
0.5322
0.53514
0.53646
0.53978
0.53448
0.55032
0.53474
0.53718
0.53344
0.54172
0.54066
0.54166
0.5356
0.5378
0.53098
0.529
0.52808
0.53254
0.53756
0.53906
0.53492
0.53646
0.534
0.53452
0.53784
0.552
0.53992
0.52534
0.53104
0.53982
0.53736
0.53752
0.53214
0.53142
0.53398
0.53564
0.53864
0.53254
0.54142
0.53762
0.54136
0.53416
0.53588
0.54734
0.53984
0.54
0.54036
0.52818
0.53944
0.54784
0.5329
0.53452
0.54106
0.53772
0.54274
0.54244
0.53236
0.5363
0.53676
0.53816
0.52894
0.5292
0.52646
0.54562
0.53774
0.53682
0.53292
0.53216
0.53886
0.54564
0.53836
0.53838
0.53574
0.53772
0.5301
0.54326
0.53704
0.53914
0.53492
0.53776
0.53974
0.54186
0.53584
0.52518
0.53824
0.53926
0.54176
0.53418
0.53726
0.54222
0.5343
0.52416
0.53812
0.52952
0.5319
0.54288
0.54064
0.53368
0.54268
0.53816
0.52974
0.53938
0.53638
0.54054
0.5381
0.534
0.53304
0.5376
0.5392
0.53706
0.53942
0.53958
0.54064
0.54084
0.53704
0.53802
0.53988
0.53184
0.5273
0.5371
0.54074
0.54122
0.54708
0.54026
0.53486
0.5313
0.53992
0.53892
0.54172
0.53734
0.53192
0.53556
0.54412
0.53512
0.53214
0.53962
0.5353
0.5374
0.5384
0.5406
0.54502
0.53184
0.53224
0.5357
0.53994
0.53664
0.53796
0.53492
0.53674
0.5351
0.53932
0.52774
0.5329
0.53618
0.53684
0.54042
0.53748
0.53846
0.52932
0.54232
0.5454
0.5424
0.5315
0.53784
0.53556
0.53532
0.53924
0.54316
0.5363
0.53822
0.53306
0.52978
0.53554
0.53512
0.53308
0.5302
0.53624
0.54396
0.5417
0.53636
0.54248
0.536
0.54
0.54198
0.53384
0.53938
0.53588
0.5352
0.54114
0.53842
0.53584
0.53994
0.53498
0.5309
0.5393
0.53506
0.54936
0.5402
0.53986
0.5314
0.54428
0.53444
0.53706
0.5379
0.53802
0.5329
0.53126
0.54062
0.52706
0.537
0.53068
0.52678
0.5375
0.53706
0.54102
0.53564
0.5391
0.5478
0.544
0.53644
0.5364
0.53878
0.53294
0.53894
0.5328
0.53466
0.53558
0.5371
0.54252
0.53922
0.54272
0.53228
0.53792
0.53908
0.53304
0.53824
0.53814
0.53466
0.5505
0.53278
0.53372
0.52338
0.54618
0.5373
0.54018
0.53532
0.53684
0.5327
0.53618
0.53968
0.53598
0.53514
0.53292
0.54056
0.53882
0.52526
0.5357
0.52838
0.5303
0.54184
0.53712
0.52832
0.54074
0.54224
0.54214
0.54546
0.53426
0.54014
0.53726
0.53314
0.53924
0.54304
0.53596
0.53206
0.53942
0.53234
0.53524
0.53354
0.5339
0.53508
0.53684
0.54264
0.5466
0.53386
0.54394
0.53532
0.53716
0.5406
0.53626
0.53118
0.53756
0.53728
0.53728
0.53328
0.5383
0.5297
0.53926
0.53758
0.53398
0.53818
0.53432
0.52716
0.5282
0.5319
0.54274
0.53684
0.53006
0.54028
0.5427
0.53304
0.53594
0.53714
0.53894
0.53716
0.54032
0.545
0.54026
0.5473
0.53852
0.53322
0.53308
0.53928
0.5425
0.5347
0.5411
0.5272
0.53082
0.53012
0.53824
0.53418
0.53504
0.5391
0.53528
0.5336
0.54354
0.53664
0.52606
0.54028
0.53906
0.53056
0.53678
0.53394
0.54164
0.53776
0.54084
0.5383
0.53866
0.5295
0.52904
0.53814
0.54342
0.52804
0.5309
0.53724
0.54136
0.53744
0.537
0.53198
0.53198
0.5349
0.54026
0.53368
0.54154
0.53816
0.5381
0.52476
0.52926
0.53586
0.54572
0.54366
0.5343
0.5459
0.53262
0.54102
0.52952
0.53568
0.53528
0.5358
0.54366
0.53754
0.53108
0.53612
0.54352
0.5323
0.55006
0.5409
0.53824
0.53812
0.53374
0.53294
0.53342
0.54044
0.54232
0.53658
0.5358
0.53634
0.53804
0.53524
0.53826
0.53834
0.5454
0.53844
0.53878
0.5335
0.54154
0.53472
0.53962
0.53506
0.53248
0.53462
0.54068
0.53176
0.54142
0.53542
0.53704
0.53922
0.53502
0.54722
0.53196
0.53772
0.528
0.5312
0.5375
0.54356
0.53308
0.53154
0.54444
0.54238
0.546
0.5285
0.54014
0.53718
0.5413
0.544
0.54586
0.53538
0.5255
0.52766
0.53778
0.53898
0.53562
0.53322
0.53646
0.53992
0.5395
0.54084
0.54102
0.54234
0.54144
0.53778
0.54548
0.53252
0.5379
0.53276
0.53812
0.5373
0.53616
0.54082
0.5335
0.53434
0.54024
0.54176
0.53382
0.53436
0.53138
0.53604
0.53464
0.53482
0.53612
0.53906
0.53412
0.53816
0.54502
0.53206
0.54266
0.5339
0.53014
0.53828
0.54532
0.53902
0.54278
0.53476
0.53176
0.53682
0.5441
0.54578
0.53488
0.53932
0.53436
0.53376
0.53222
0.535
0.54076
0.53378
0.53248
0.54394
0.53436
0.54062
0.54642
0.5342
0.5404
0.54018
0.53398
0.53984
0.53342
0.5338
0.53256
0.5355
0.53756
0.52844
0.53462
0.54312
0.5462
0.53314
0.53386
0.53688
0.53444
0.53562
0.5366
0.53332
0.54978
0.53868
0.53574
0.53904
0.53018
0.53508
0.53736
0.53048
0.54214
0.5324
0.5354
0.52562
0.53972
0.53134
0.53966
0.54522
0.54312
0.53292
0.53442
0.53262
0.52706
0.53572
0.53768
0.53796
0.52916
0.53516
0.53968
0.53842
0.54146
0.5407
0.5469
0.53952
0.53232
0.53106
0.5361
0.53188
0.53696
0.53808
0.537
0.53348
0.53932
0.53582
0.54798
0.5368
0.53436
0.52852
0.5403
0.54256
0.538
0.52966
0.53526
0.54094
0.5388
0.5396
0.53362
0.53824
0.53496
0.53412
0.53866
0.54048
0.54132
0.5352
0.5282
0.53304
0.53732
0.54256
0.54058
0.53892
0.53846
0.53904
0.53336
0.531
0.53828
0.53742
0.53046
0.53854
0.53242
0.5352
0.54774
0.54064
0.53444
0.53334
0.52766
0.54634
0.5359
0.53274
0.52626
0.54512
0.5359
0.54182
0.52954
0.54194
0.53596
0.5402
0.54894
0.53074
0.53044
0.53656
0.53522
0.53624
0.53486
0.52364
0.53176
0.52948
0.53022
0.5288
0.5356
0.5413
0.53754
0.53052
0.53898
0.53428
0.53428
0.53456
0.53444
0.52414
0.53314
0.53282
0.53856
0.5358
0.54058
0.53082
0.54588
0.53892
0.5304
0.53368
0.53646
0.53202
0.53812
0.5439
0.53596
0.53728
0.52984
0.5372
0.54512
0.5365
0.5299
0.54494
0.54402
0.52466
0.53216
0.54002
0.53704
0.5425
0.53252
0.52998
0.52966
0.53054
0.529
0.53766
0.53922
0.53582
0.53908
0.54322
0.53072
0.52876
0.53488
0.53594
0.52806
0.53952
0.53444
0.53958
0.52852
0.53892
0.54518
0.54292
0.5409
0.53898
0.53592
0.53596
0.54314
0.53626
0.53358
0.53396
0.54076
0.53824
0.53612
0.5443
0.54468
0.53886
0.5301
0.54194
0.52948
0.5472
0.54216
0.5298
0.53638
0.54746
0.54164
0.53002
0.53462
0.5373
0.54308
0.53794
0.53712
0.5442
0.5399
0.53782
0.5376
0.54452
0.53966
0.5384
0.53836
0.53548
0.52622
0.54204
0.53788
0.5344
0.53672
0.54346
0.53236
0.53708
0.53082
0.53286
0.5367
0.5275
0.53324
0.5349
0.53388
0.52986
0.53962
0.5339
0.53778
0.53252
0.5361
0.53862
0.5363
0.53846
0.54366
0.542
0.53442
0.53858
0.5364
0.54106
0.53542
0.53172
0.54126
0.54204
0.52768
0.5364
0.54862
0.54298
0.53524
0.52998
0.53882
0.53656
0.53578
0.5266
0.53578
0.5358
0.53642
0.53884
0.53066
0.53216
0.53432
0.54168
0.54154
0.54656
0.5429
0.53218
0.53636
0.53276
0.53842
0.53344
0.53636
0.54324
0.5393
0.53496
0.53576
0.53194
0.54176
0.53664
0.53544
0.53724
0.54364
0.54278
0.53702
0.54354
0.53466
0.53542
0.53102
0.5354
0.53534
0.53858
0.53702
0.53374
0.53348
0.53742
0.54466
0.54646
0.5393
0.535
0.5379
0.53238
0.53032
0.5274
0.53368
0.5362
0.5368
0.53366
0.52978
0.53398
0.53786
0.53568
0.53594
0.53578
0.54214
0.52854
0.53464
0.53734
0.53806
0.53182
0.54266
0.53408
0.53694
0.53718
0.5416
0.5313
0.54172
0.53882
0.5449
0.53804
0.5297
0.52812
0.54514
0.5378
0.54002
0.53526
0.53654
0.53948
0.53868
0.55342
0.53694
0.5352
0.53432
0.53326
0.5371
0.53552
0.53112
0.53384
0.54184
0.53946
0.53108
0.54582
0.54086
0.54642
0.54348
0.54716
0.53078
0.53452
0.5362
0.53482
0.5395
0.53404
0.53502
0.54126
0.53656
0.54
0.54118
0.53658
0.54498
0.52696
0.53034
0.53224
0.53648
0.5427
0.53638
0.54
0.53878
0.54336
0.53886
0.53664
0.54806
0.53222
0.5298
0.54554
0.53364
0.53278
0.53718
0.53792
0.53642
0.52852
0.52186
0.52866
0.5436
0.53956
0.54016
0.54056
0.53938
0.53694
0.53704
0.52512
0.52884
0.53458
0.54198
0.5349
0.53742
0.53376
0.53212
0.53606
0.53076
0.53572
0.52982
0.53606
0.54028
0.53988
0.53334
0.53716
0.53674
0.5336
0.53388
0.54164
0.53536
0.53338
0.5419
0.5389
0.54042
0.5406
0.53562
0.53816
0.53654
0.53932
0.5307
0.5322
0.53506
0.53242
0.53186
0.5316
0.53458
0.52882
0.53766
0.52608
0.53202
0.53582
0.53552
0.5331
0.5317
0.53668
0.5432
0.5407
0.54174
0.5387
0.52882
0.53804
0.53074
0.54518
0.53976
0.53156
0.5343
0.54484
0.52708
0.53016
0.53802
0.5353
0.54126
0.53688
0.5397
0.53204
0.5343
0.53308
0.53842
0.53898
0.53422
0.54106
0.53006
0.52932
0.5402
0.536
0.53232
0.5373
0.53082
0.53158
0.5416
0.53534
0.5459
0.5411
0.53366
0.53468
0.53212
0.53566
0.53962
0.52838
0.5277
0.53038
0.5346
0.53806
0.53548
0.53082
0.53134
0.53306
0.53402
0.54114
0.54612
0.5409
0.53634
0.53746
0.53278
0.53042
0.54116
0.53856
0.54654
0.5355
0.5365
0.54384
0.53432
0.5342
0.53046
0.5406
0.54898
0.53542
0.5323
0.532
0.54376
0.53648
0.5445
0.5388
0.53944
0.53144
0.5406
0.54158
0.52952
0.53774
0.53384
0.52566
0.54036
0.54748
0.5399
0.54072
0.51662
0.5453
0.53836
0.53724
0.53996
0.53698
0.5324
0.53372
0.54558
0.53774
0.54118
0.53562
0.53818
0.53178
0.54206
0.54762
0.5297
0.53134
0.53128
0.53414
0.54042
0.53264
0.532
0.53446
0.5391
0.53346
0.54284
0.53956
0.53108
0.53728
0.54692
0.53648
0.5356
0.53208
0.5467
0.53572
0.53776
0.53764
0.53398
0.53986
0.53488
0.53544
0.53744
0.53864
0.54284
0.53194
0.534
0.53934
0.53074
0.54078
0.5358
0.54528
0.52992
0.5328
0.53254
0.53828
0.53882
0.53984
0.5287
0.53214
0.53694
0.52606
0.53466
0.5352
0.53998
0.534
0.53376
0.54394
0.53738
0.55002
0.5394
0.53208
0.533
0.53258
0.54254
0.54192
0.53894
0.53014
0.53712
0.53308
0.54172
0.53416
0.54214
0.53432
0.52966
0.52926
0.53906
0.53636
0.53938
0.5294
0.53072
0.53462
0.53406
0.54044
0.53606
0.53506
0.5385
0.53868
0.54232
0.54424
0.53684
0.53464
0.5366
0.5396
0.53594
0.545
0.53528
0.53702
0.53484
0.53402
0.5418
0.5302
0.54004
0.5376
0.53906
0.53014
0.5359
0.53014
0.5368
0.53716
0.53458
0.53734
0.52878
0.53328
0.54344
0.53694
0.53658
0.54314
0.53908
0.53752
0.5366
0.53998
0.53496
0.529
0.54014
0.53564
0.53898
0.53644
0.53616
0.53484
0.5344
0.54308
0.53722
0.53564
0.54304
0.53238
0.5274
0.5382
0.5421
0.52898
0.5305
0.53336
0.5258
0.5385
0.53326
0.52752
0.53264
0.54442
0.53562
0.53522
0.53946
0.52724
0.52902
0.53088
0.53524
0.54262
0.53708
0.53516
0.53248
0.5344
0.53482
0.54038
0.52774
0.5373
0.5363
0.55208
0.53776
0.5417
0.54444
0.53236
0.54136
0.54126
0.5348
0.54954
0.5358
0.53102
0.5424
0.54054
0.53682
0.54076
0.53792
0.54432
0.53724
0.53834
0.53886
0.52644
0.54112
0.54088
0.5395
0.5391
0.54296
0.5383
0.5359
0.5238
0.52988
0.53366
0.53776
0.53746
0.53354
0.54364
0.53754
0.53084
0.53574
0.541
0.54642
0.5426
0.53862
0.53848
0.53032
0.5364
0.52982
0.53184
0.52706
0.54938
0.53702
0.5384
0.53768
0.53588
0.53908
0.53448
0.53956
0.55076
0.54706
0.53896
0.54674
0.53698
0.54638
0.53646
0.53898
0.53992
0.54404
0.5352
0.5303
0.53756
0.54276
0.54014
0.54428
0.53534
0.53588
0.53972
0.5383
0.53868
0.533
0.52948
0.538
0.533
0.53922
0.52948
0.54186
0.53764
0.53508
0.54284
0.5349
0.53876
0.54494
0.5325
0.53574
0.53316
0.53022
0.5381
0.54082
0.55254
0.53774
0.53916
0.53306
0.53046
0.54514
0.5356
0.53874
0.54122
0.53956
0.54186
0.54212
0.5348
0.54208
0.53512
0.53254
0.53568
0.54028
0.53378
0.534
0.53966
0.52714
0.53184
0.54376
0.53958
0.53672
0.54092
0.537
0.54346
0.53848
0.54064
0.54076
0.53562
0.533
0.53876
0.53732
0.54042
0.53096
0.54398
0.537
0.52996
0.53234
0.54418
0.53996
0.53114
0.5322
0.52904
0.53304
0.5383
0.53708
0.53658
0.53996
0.54226
0.53394
0.53422
0.53174
0.5362
0.52752
0.53488
0.54022
0.54176
0.53718
0.53898
0.52822
0.53582
0.53144
0.54516
0.54588
0.52844
0.54214
0.54222
0.5374
0.53664
0.539
0.53782
0.5357
0.53656
0.54054
0.53692
0.54344
0.53352
0.53978
0.54066
0.54058
0.54026
0.53878
0.54784
0.53398
0.53764
0.53582
0.53436
0.54016
0.53314
0.53744
0.53848
0.5301
0.52946
0.53242
0.54268
0.53892
0.53694
0.5375
0.53866
0.53782
0.53724
0.53966
0.53318
0.5357
0.53946
0.5374
0.53326
0.53476
0.5321
0.53336
0.53328
0.53928
0.54038
0.53356
0.53186
0.5362
0.5287
0.53548
0.53064
0.53838
0.54564
0.53376
0.5373
0.53598
0.52726
0.53554
0.52996
0.54264
0.53892
0.5433
0.53408
0.52758
0.52838
0.54342
0.55
0.53198
0.53046
0.54394
0.53416
0.53522
0.53974
0.53408
0.53156
0.52788
0.5423
0.53878
0.53838
0.5399
0.53986
0.53792
0.53312
0.53748
0.5337
0.5278
0.53694
0.5305
0.53776
0.53706
0.54134
0.54044
0.54458
0.54168
0.54162
0.53838
0.53778
0.53216
0.53674
0.53362
0.53864
0.53428
0.5261
0.52986
0.54582
0.5437
0.54346
0.5428
0.5396
0.53826
0.53596
0.53798
0.5391
0.54162
0.53432
0.53956
0.53932
0.53022
0.52882
0.53888
0.53724
0.53686
0.52892
0.5333
0.5372
0.5337
0.53898
0.53646
0.54248
0.53312
0.54378
0.54382
0.54262
0.53842
0.54024
0.52388
0.53564
0.53698
0.54216
0.54024
0.54572
0.5433
0.54
0.53472
0.54186
0.5407
0.53746
0.53288
0.53188
0.53992
0.54188
0.53488
0.54466
0.5371
0.54384
0.54458
0.54462
0.53736
0.52686
0.53834
0.5445
0.52992
0.5403
0.53352
0.53872
0.52894
0.53718
0.5317
0.53726
0.54078
0.53572
0.53844
0.5321
0.53912
0.53894
0.53782
0.54104
0.52896
0.5363
0.5401
0.53778
0.5341
0.53228
0.53414
0.54216
0.53986
0.53232
0.53028
0.53082
0.54244
0.53856
0.53518
0.54096
0.5335
0.53162
0.53246
0.54152
0.53176
0.53626
0.53886
0.53444
0.52662
0.53428
0.53118
0.53484
0.53742
0.53362
0.53692
0.53334
0.53456
0.53696
0.53738
0.53026
0.5309
0.53948
0.53268
0.53446
0.5446
0.53242
0.52396
0.53556
0.53884
0.53752
0.54772
0.54276
0.53876
0.53104
0.53028
0.53532
0.53904
0.53538
0.53038
0.5392
0.53222
0.54778
0.53796
0.53482
0.53536
0.5414
0.537
0.53156
0.53652
0.52348
0.53668
0.5408
0.53552
0.54434
0.53616
0.53572
0.53214
0.52618
0.53954
0.53432
0.53702
0.5299
0.52838
0.53844
0.54908
0.543
0.53474
0.54016
0.53884
0.53796
0.53484
0.5347
0.53816
0.53548
0.5421
0.53792
0.53814
0.53348
0.54036
0.5391
0.54458
0.53554
0.5413
0.53452
0.5444
0.54624
0.54
0.52984
0.5396
0.52496
0.55032
0.54392
0.5224
0.54384
0.5339
0.53362
0.54238
0.5416
0.53364
0.5383
0.53516
0.53564
0.5391
0.54196
0.54432
0.55188
0.53412
0.5382
0.53584
0.53094
0.5454
0.53532
0.53018
0.53874
0.53554
0.53944
0.54328
0.53724
0.53872
0.53038
0.53558
0.53884
0.53326
0.5377
0.5344
0.53802
0.53226
0.52474
0.53444
0.53808
0.53658
0.54692
0.53408
0.53028
0.5349
0.53492
0.53372
0.5339
0.53878
0.52938
0.53168
0.5392
0.53224
0.53594
0.53976
0.52384
0.53914
0.53914
0.5278
0.5429
0.53854
0.5284
0.53728
0.53142
0.5345
0.53402
0.54194
0.53818
0.54182
0.53512
0.54446
0.53246
0.53804
0.54488
0.53386
0.53162
0.5349
0.54348
0.5341
0.53858
0.53034
0.52698
0.52948
0.53856
0.53878
0.54376
0.53572
0.53768
0.5301
0.53854
0.53632
0.53528
0.5412
0.5357
0.53594
0.53948
0.54122
0.5393
0.53636
0.5329
0.54676
0.53824
0.53812
0.53344
0.53648
0.5332
0.54158
0.54316
0.53816
0.53742
0.53778
0.53482
0.53168
0.53998
0.53352
0.53752
0.54486
0.53634
0.53656
0.53086
0.52582
0.53216
0.55476
0.54286
0.5377
0.52908
0.5266
0.53534
0.53502
0.53762
0.53702
0.53378
0.5502
0.54762
0.53332
0.52744
0.53464
0.53922
0.54638
0.53314
0.54036
0.5333
0.53588
0.5357
0.54176
0.54202
0.52842
0.53492
0.54434
0.52098
0.53448
0.54058
0.5392
0.54286
0.54142
0.53944
0.53358
0.54398
0.52956
0.54048
0.544
0.52976
0.53762
0.53836
0.5415
0.53414
0.53846
0.53778
0.53402
0.53242
0.53414
0.53686
0.53902
0.5386
0.54482
0.54204
0.53922
0.54512
0.53484
0.53308
0.53374
0.53522
0.53068
0.5369
0.54344
0.54406
0.53372
0.53758
0.5442
0.5394
0.54152
0.53264
0.53526
0.54306
0.53806
0.53706
0.54204
0.5478
0.5379
0.53602
0.54148
0.54002
0.54244
0.54948
0.5478
0.53468
0.53574
0.5301
0.53398
0.53362
0.53282
0.53226
0.53412
0.53678
0.5306
0.5356
0.53268
0.53264
0.535
0.53732
0.5305
0.53076
0.53414
0.53736
0.54254
0.537
0.53506
0.53164
0.53076
0.53738
0.53102
0.5301
0.53254
0.52468
0.52638
0.53036
0.53368
0.54608
0.54342
0.5368
0.54072
0.534
0.5392
0.54326
0.54286
0.53728
0.5351
0.54706
0.54266
0.5385
0.52752
0.53352
0.53478
0.54168
0.54042
0.53684
0.53278
0.53524
0.54008
0.53044
0.53388
0.5374
0.5381
0.53912
0.54866
0.54086
0.53016
0.52754
0.53408
0.53304
0.53346
0.53828
0.53912
0.53786
0.53142
0.53552
0.53256
0.53216
0.53736
0.53668
0.54612
0.53942
0.53272
0.54438
0.53762
0.5433
0.53354
0.5358
0.53858
0.5338
0.53634
0.53762
0.53684
0.53194
0.53586
0.5353
0.53088
0.53764
0.53422
0.52894
0.53366
0.5358
0.5329
0.54658
0.54368
0.53508
0.5314
0.54
0.53364
0.5321
0.53256
0.53692
0.53124
0.53478
0.53216
0.53566
0.53562
0.54106
0.53924
0.53428
0.5345
0.54056
0.54026
0.54352
0.5351
0.53454
0.53754
0.53658
0.5391
0.53696
0.53012
0.53408
0.53578
0.53904
0.53376
0.53814
0.53262
0.531
0.54776
0.5334
0.53216
0.53624
0.53856
0.53844
0.53408
0.53694
0.5375
0.52522
0.53008
0.5341
0.5344
0.54106
0.53984
0.53224
0.53338
0.5292
0.53724
0.5402
0.53594
0.53766
0.54214
0.53742
0.53568
0.53824
0.53198
0.53546
0.53456
0.53368
0.53134
0.53364
0.53744
0.53794
0.5384
0.53642
0.53884
0.5454
0.53716
0.53896
0.53164
0.53106
0.5356
0.53204
0.53262
0.5356
0.54138
0.53158
0.5308
0.5392
0.53922
0.53518
0.53938
0.53602
0.54286
0.53052
0.53454
0.53616
0.52894
0.53072
0.53636
0.54304
0.53266
0.53542
0.53696
0.53188
0.53146
0.5418
0.53986
0.53338
0.5291
0.53616
0.53324
0.52598
0.53968
0.53944
0.52748
0.54154
0.54132
0.53794
0.54438
0.53528
0.53534
0.54354
0.5411
0.53766
0.53226
0.53802
0.53182
0.53458
0.54022
0.5385
0.52884
0.53888
0.5415
0.5436
0.53684
0.53264
0.53388
0.5333
0.53856
0.53872
0.53948
0.53734
0.53146
0.54528
0.53508
0.54074
0.53956
0.54288
0.53494
0.53202
0.53598
0.53456
0.54286
0.53918
0.5405
0.5328
0.5375
0.52828
0.5408
0.54778
0.53194
0.5379
0.53688
0.53628
0.54568
0.5419
0.54312
0.5406
0.54126
0.53362
0.54158
0.54134
0.5386
0.53918
0.54172
0.53608
0.54254
0.5376
0.53608
0.53308
0.53
0.53078
0.536
0.53344
0.53354
0.53676
0.5338
0.54276
0.53598
0.52758
0.53478
0.53588
0.53752
0.54172
0.53064
0.52904
0.54666
0.53792
0.53868
0.54718
0.53494
0.53638
0.531
0.54264
0.53692
0.5252
0.5334
0.52176
0.53716
0.53992
0.5332
0.53676
0.53504
0.52594
0.53522
0.53808
0.53962
0.53862
0.5309
0.53788
0.53402
0.52994
0.5355
0.53408
0.53548
0.54264
0.54056
0.5433
0.53862
0.5364
0.53816
0.53608
0.53314
0.53716
0.53012
0.53942
0.54786
0.5408
0.5381
0.53228
0.52902
0.53462
0.54054
0.5372
0.53926
0.53154
0.53766
0.53618
0.53484
0.5317
0.52998
0.53764
0.54208
0.54256
0.53684
0.53656
0.53216
0.5361
0.53592
0.5388
0.53796
0.5366
0.5266
0.53914
0.54074
0.53152
0.5447
0.53658
0.5378
0.54006
0.54048
0.53482
0.53506
0.53256
0.53154
0.54072
0.54
0.5405
0.54034
0.5328
0.53876
0.53914
0.53848
0.5313
0.54554
0.5357
0.53782
0.53742
0.53708
0.53242
0.5326
0.53434
0.53238
0.53718
0.54072
0.5433
0.53302
0.53116
0.54168
0.53794
0.52928
0.53312
0.53954
0.53068
0.52658
0.5371
0.53564
0.5378
0.54274
0.53438
0.5351
0.54352
0.5331
0.53876
0.53374
0.54042
0.53284
0.53916
0.53994
0.53114
0.53844
0.54376
0.5444
0.53364
0.53462
0.53576
0.53258
0.53708
0.53434
0.5326
0.54294
0.53558
0.53392
0.5479
0.53992
0.53124
0.53434
0.5371
0.53578
0.52308
0.53582
0.54842
0.53906
0.53792
0.54154
0.53694
0.54146
0.5444
0.53538
0.53116
0.5385
0.53204
0.53948
0.53686
0.53384
0.53178
0.5373
0.53588
0.54138
0.5348
0.54066
0.53864
0.54146
0.53712
0.53532
0.53906
0.52962
0.5379
0.54058
0.53344
0.53626
0.53762
0.53644
0.54554
0.53284
0.53216
0.54234
0.53228
0.53932
0.52782
0.54244
0.53346
0.5408
0.54256
0.54308
0.52886
0.53806
0.54286
0.53898
0.53606
0.53824
0.5373
0.53596
0.53112
0.53272
0.5395
0.53534
0.5354
0.55028
0.53316
0.54046
0.53722
0.53212
0.53714
0.53816
0.53792
0.54036
0.54392
0.53818
0.53328
0.5381
0.54018
0.53346
0.53576
0.53846
0.53056
0.54132
0.53364
0.53646
0.53968
0.54464
0.54496
0.53546
0.54272
0.54488
0.53428
0.54006
0.5413
0.53608
0.53012
0.52756
0.53402
0.5296
0.53404
0.53304
0.53814
0.53224
0.54372
0.54468
0.542
0.54462
0.53934
0.5424
0.53422
0.53608
0.53864
0.53814
0.54246
0.53714
0.54288
0.52908
0.53518
0.53448
0.547
0.54242
0.54162
0.5416
0.53576
0.53884
0.54058
0.5323
0.53632
0.5423
0.53932
0.53354
0.52858
0.54174
0.53648
0.5299
0.54076
0.53826
0.53746
0.53672
0.53458
0.54054
0.53374
0.53704
0.54042
0.53674
0.5504
0.54116
0.53726
0.53312
0.53848
0.5291
0.53178
0.53714
0.54244
0.54264
0.5378
0.5297
0.53216
0.53794
0.53346
0.53826
0.53324
0.53004
0.53838
0.52878
0.5366
0.54636
0.54186
0.54328
0.53406
0.53862
0.534
0.5343
0.53588
0.53978
0.53444
0.5276
0.5367
0.55388
0.53702
0.533
0.52824
0.53906
0.53504
0.54382
0.53364
0.5466
0.53636
0.5405
0.54234
0.54172
0.53498
0.53716
0.53418
0.53406
0.55008
0.54314
0.5399
0.53192
0.53254
0.53658
0.53596
0.53778
0.53382
0.5336
0.53192
0.54
0.54126
0.5393
0.53234
0.53598
0.53976
0.54274
0.538
0.53638
0.53162
0.5316
0.53296
0.53594
0.54012
0.54074
0.53594
0.54086
0.54322
0.54108
0.5348
0.53762
0.53518
0.53834
0.53632
0.53444
0.53374
0.52868
0.53344
0.52712
0.53918
0.53566
0.53762
0.53868
0.53466
0.53014
0.53158
0.53042
0.53498
0.52718
0.53616
0.53748
0.52012
0.53996
0.53676
0.5413
0.5434
0.54034
0.53386
0.53162
0.53654
0.53716
0.53764
0.5295
0.53584
0.54028
0.53398
0.539
0.5314
0.53708
0.54154
0.53374
0.54314
0.5366
0.53918
0.54718
0.53508
0.52982
0.53382
0.54292
0.54498
0.52628
0.5336
0.52768
0.5349
0.53008
0.53634
0.545
0.53678
0.5373
0.5301
0.53696
0.53678
0.53964
0.5379
0.53844
0.53622
0.5328
0.53096
0.53502
0.53746
0.5378
0.5399
0.5389
0.5504
0.53828
0.53924
0.54682
0.53562
0.53492
0.53472
0.54052
0.53622
0.5446
0.53758
0.53044
0.54852
0.53928
0.53004
0.53072
0.5305
0.533
0.52484
0.5325
0.53936
0.5401
0.51698
0.52518
0.54146
0.532
0.53512
0.53814
0.54268
0.534
0.53748
0.53982
0.5422
0.54504
0.54628
0.54304
0.53688
0.53952
0.5357
0.53666
0.53072
0.5307
0.52626
0.52514
0.5323
0.53772
0.5295
0.54044
0.5277
0.52764
0.53722
0.53654
0.54206
0.53404
0.53194
0.5351
0.53714
0.54274
0.54012
0.53842
0.54266
0.53544
0.526
0.53704
0.54128
0.54444
0.54068
0.53808
0.54486
0.54214
0.53358
0.53248
0.53752
0.53838
0.533
0.54612
0.53962
0.53304
0.5418
0.53602
0.53736
0.53242
0.54256
0.54232
0.5429
0.5409
0.54458
0.53296
0.52772
0.53684
0.53708
0.54094
0.53404
0.5316
0.5396
0.53842
0.53426
0.53262
0.53666
0.53464
0.54378
0.53408
0.52636
0.53522
0.53
0.53432
0.53046
0.53906
0.53894
0.53976
0.5443
0.53386
0.53956
0.53932
0.54066
0.54514
0.54366
0.53982
0.5455
0.53712
0.5352
0.53334
0.53542
0.53452
0.53876
0.54016
0.53816
0.5332
0.542
0.53582
0.54352
0.52728
0.53558
0.54006
0.53756
0.54378
0.54154
0.54544
0.5342
0.5405
0.5417
0.5359
0.53584
0.53728
0.53658
0.53834
0.53238
0.53704
0.53994
0.53706
0.54164
0.53896
0.53342
0.54026
0.53048
0.53296
0.54218
0.54534
0.5417
0.54134
0.53906
0.54546
0.538
0.53286
0.54514
0.54602
0.53346
0.52654
0.53884
0.53646
0.54202
0.54472
0.53056
0.53818
0.53054
0.53146
0.53144
0.54012
0.54058
0.5259
0.53214
0.5414
0.54098
0.54136
0.5367
0.54248
0.54218
0.5391
0.53724
0.52932
0.53896
0.52964
0.5396
0.54042
0.5365
0.5448
0.52736
0.53812
0.53214
0.52358
0.53054
0.5323
0.5367
0.53924
0.53564
0.53508
0.54282
0.53732
0.53846
0.53152
0.5271
0.53094
0.5363
0.53258
0.53298
0.53774
0.53748
0.53958
0.5387
0.53226
0.53058
0.53956
0.52496
0.52786
0.5345
0.52634
0.5255
0.52914
0.5322
0.54126
0.53422
0.53782
0.53926
0.53252
0.5318
0.52466
0.53018
0.53656
0.53858
0.53236
0.53638
0.53954
0.53318
0.53366
0.53832
0.53812
0.53392
0.53974
0.54428
0.52248
0.53158
0.53244
0.5389
0.5373
0.53912
0.5402
0.539
0.5392
0.52832
0.53866
0.53564
0.5308
0.542
0.5396
0.54304
0.54138
0.53888
0.52982
0.5347
0.53756
0.53322
0.5397
0.52938
0.529
0.53638
0.53752
0.52916
0.53742
0.52864
0.5285
0.5372
0.53018
0.54306
0.54522
0.53968
0.53978
0.54066
0.53674
0.53072
0.54216
0.53546
0.5385
0.53102
0.5359
0.53292
0.53464
0.536
0.54144
0.53284
0.53062
0.54146
0.54452
0.52796
0.53282
0.54164
0.53688
0.54086
0.54252
0.54306
0.52884
0.53692
0.5326
0.55244
0.53538
0.5348
0.54674
0.53566
0.5361
0.54182
0.53832
0.53714
0.53232
0.52792
0.53772
0.53694
0.53326
0.53236
0.53436
0.5292
0.53618
0.5409
0.53732
0.53176
0.5365
0.53162
0.52872
0.5456
0.54184
0.53306
0.53582
0.54034
0.53868
0.53958
0.53638
0.53892
0.53664
0.54258
0.54918
0.54348
0.5327
0.52696
0.53656
0.52826
0.53094
0.54446
0.53432
0.53402
0.53416
0.5373
0.53692
0.53846
0.53534
0.53478
0.53422
0.5373
0.53976
0.53516
0.53016
0.5377
0.52902
0.53432
0.55072
0.54028
0.53382
0.5431
0.53262
