0.8286
0.83108
0.82724
0.83152
0.83244
0.83324
0.82802
0.8296
0.83194
0.83092
0.83136
0.83126
0.83002
0.83238
0.82556
0.83016
0.83084
0.8283
0.82814
0.83
0.82934
0.83094
0.82874
0.83174
0.83184
0.82596
0.83106
0.83076
0.83172
0.83
0.83316
0.83048
0.8372
0.82924
0.8296
0.82914
0.83304
0.83086
0.83272
0.83006
0.83114
0.83416
0.83174
0.82904
0.83134
0.83658
0.82808
0.8295
0.83034
0.83176
0.82704
0.83254
0.82988
0.83288
0.83012
0.83144
0.83288
0.82992
0.82812
0.83044
0.83138
0.83094
0.83206
0.83036
0.82674
0.83222
0.83054
0.82628
0.83164
0.83206
0.83028
0.83364
0.83466
0.83044
0.82998
0.82858
0.82984
0.82928
0.82772
0.83576
0.83348
0.82914
0.8375
0.8353
0.83018
0.8328
0.8338
0.82838
0.83238
0.82976
0.82846
0.82782
0.83304
0.83656
0.83164
0.83098
0.82828
0.82792
0.82768
0.82776
0.83108
0.82872
0.82498
0.83338
0.83096
0.83462
0.82588
0.83476
0.83206
0.82874
0.8328
0.83556
0.83132
0.83064
0.82968
0.8303
0.8288
0.83174
0.82824
0.83108
0.83034
0.83036
0.83062
0.8311
0.83312
0.83142
0.82672
0.83384
0.83268
0.8315
0.82566
0.83154
0.82944
0.8316
0.82996
0.83082
0.82836
0.8326
0.8265
0.82926
0.83438
0.83206
0.83192
0.83498
0.83424
0.82702
0.8277
0.8298
0.8304
0.83054
0.83248
0.83244
0.8333
0.84072
0.83214
0.8327
0.83312
0.8293
0.83218
0.83268
0.83012
0.82968
0.82872
0.8293
0.8299
0.83232
0.82616
0.82978
0.83098
0.83034
0.8305
0.83068
0.83388
0.82662
0.83422
0.82986
0.8291
0.82984
0.82888
0.82934
0.83046
0.8335
0.82898
0.82754
0.83166
0.82936
0.83146
0.83124
0.82924
0.8314
0.83008
0.83456
0.83158
0.8334
0.83216
0.82732
0.83022
0.82972
0.82808
0.82688
0.83132
0.8304
0.8308
0.83172
0.8291
0.83088
0.8304
0.8308
0.82806
0.83044
0.82972
0.83076
0.82818
0.82972
0.83208
0.82864
0.83138
0.83078
0.83178
0.83066
0.82748
0.83568
0.83196
0.83476
0.83022
0.8296
0.83312
0.83194
0.83322
0.8293
0.83702
0.83206
0.83266
0.82928
0.8314
0.82842
0.83356
0.82692
0.82646
0.83134
0.82522
0.83352
0.83224
0.83042
0.82978
0.83092
0.83068
0.8292
0.8309
0.83256
0.83076
0.8268
0.83556
0.82898
0.83052
0.8324
0.82612
0.82824
0.83576
0.82866
0.8285
0.83142
0.82862
0.831
0.82952
0.83332
0.83286
0.83274
0.82906
0.83002
0.8294
0.82842
0.83094
0.82486
0.8306
0.82942
0.83304
0.83214
0.83516
0.8306
0.8307
0.83064
0.83438
0.83238
0.82994
0.83348
0.83166
0.83174
0.82912
0.83158
0.8284
0.83318
0.8297
0.82944
0.83038
0.83188
0.82938
0.83334
0.82708
0.8283
0.82916
0.83626
0.83178
0.83126
0.82892
0.8318
0.83092
0.83256
0.83136
0.82914
0.8293
0.83348
0.82908
0.82692
0.83264
0.8319
0.83116
0.83006
0.83252
0.82498
0.83694
0.8342
0.8268
0.82864
0.8267
0.83322
0.83508
0.8327
0.8294
0.8325
0.83026
0.83204
0.8333
0.83112
0.83202
0.82818
0.82922
0.82616
0.82842
0.8292
0.8342
0.83406
0.8281
0.82778
0.8321
0.83374
0.83484
0.83352
0.8314
0.82838
0.82896
0.82782
0.82902
0.83246
0.8302
0.831
0.83202
0.82572
0.83086
0.83274
0.83026
0.83232
0.8299
0.8288
0.82652
0.8344
0.83142
0.82946
0.82966
0.8349
0.83048
0.83032
0.83284
0.82886
0.83344
0.83452
0.83482
0.8325
0.8313
0.82808
0.82638
0.83138
0.83436
0.82962
0.83122
0.83302
0.8281
0.83162
0.8288
0.83452
0.83234
0.83294
0.83026
0.83548
0.83698
0.83014
0.83306
0.83336
0.8314
0.82912
0.83242
0.83088
0.83208
0.82558
0.83316
0.832
0.83034
0.83396
0.8297
0.82766
0.8293
0.82904
0.83176
0.8299
0.82762
0.83014
0.8317
0.82778
0.83096
0.82612
0.82706
0.83072
0.8322
0.833
0.8315
0.83186
0.82892
0.82922
0.82946
0.83334
0.83084
0.82824
0.82866
0.83484
0.83186
0.82938
0.8302
0.83012
0.8307
0.82836
0.83074
0.82946
0.82904
0.83472
0.83238
0.8317
0.83132
0.83176
0.8341
0.83546
0.83548
0.82672
0.82946
0.83308
0.83228
0.83416
0.8301
0.82914
0.8313
0.82954
0.8293
0.828
0.83506
0.83204
0.83338
0.83294
0.83428
0.83158
0.82828
0.83064
0.8325
0.82782
0.82956
0.82864
0.83096
0.82898
0.83608
0.8263
0.8277
0.83128
0.82968
0.83066
0.83454
0.8321
0.82788
0.83272
0.83154
0.8351
0.83022
0.83196
0.82974
0.83076
0.8332
0.82856
0.82682
0.83116
0.83216
0.83048
0.83252
0.82976
0.83014
0.8307
0.8233
0.83274
0.826
0.83196
0.82204
0.83076
0.83144
0.83316
0.83392
0.83536
0.83316
0.83426
0.8268
0.8305
0.82834
0.83314
0.8302
0.82976
0.83062
0.83222
0.83042
0.8287
0.83084
0.8272
0.83088
0.82756
0.83142
0.83282
0.83316
0.82976
0.82796
0.8321
0.83466
0.8255
0.83468
0.83082
0.82832
0.82866
0.82554
0.83452
0.83374
0.82978
0.82828
0.83056
0.83396
0.83142
0.82904
0.83034
0.83422
0.8299
0.82896
0.8327
0.83226
0.83236
0.8316
0.83156
0.8298
0.82654
0.83052
0.83008
0.8353
0.83196
0.83392
0.83066
0.82894
0.831
0.8307
0.83248
0.82832
0.83032
0.83182
0.8301
0.83176
0.83152
0.82998
0.82822
0.8273
0.83136
0.82888
0.83662
0.83084
0.83188
0.83242
0.83282
0.83036
0.83174
0.83514
0.83054
0.8297
0.83198
0.82962
0.83356
0.83342
0.83064
0.82636
0.8343
0.83436
0.82358
0.82692
0.83092
0.83204
0.83124
0.82896
0.83
0.829
0.82574
0.82944
0.83432
0.8293
0.8309
0.83134
0.83104
0.82934
0.8273
0.83438
0.82876
0.83314
0.82874
0.83276
0.83262
0.82924
0.83208
0.83128
0.83402
0.82998
0.83168
0.8271
0.83372
0.82844
0.8324
0.82932
0.82678
0.8292
0.8285
0.8346
0.83378
0.8298
0.8292
0.83338
0.82992
0.83288
0.83034
0.82736
0.83212
0.82674
0.82852
0.8321
0.82752
0.831
0.83186
0.82824
0.83128
0.83144
0.82882
0.83062
0.82972
0.83214
0.83276
0.83064
0.82878
0.83238
0.82804
0.82722
0.83068
0.8319
0.8277
0.82848
0.82454
0.83508
0.82674
0.82628
0.83064
0.83188
0.8301
0.829
0.83516
0.83196
0.83262
0.82832
0.82946
0.83076
0.83014
0.82916
0.83132
0.8305
0.8283
0.8259
0.8322
0.82618
0.82814
0.82994
0.83042
0.82868
0.83216
0.832
0.82724
0.82978
0.8321
0.83074
0.83034
0.83534
0.83394
0.82692
0.82934
0.83232
0.83196
0.8317
0.834
0.83166
0.83
0.82798
0.83806
0.83222
0.83096
0.83544
0.83398
0.82906
0.8272
0.82846
0.82612
0.83202
0.83014
0.82834
0.83034
0.83044
0.8335
0.83084
0.83444
0.8353
0.83452
0.83316
0.8269
0.83774
0.8311
0.82988
0.83066
0.82976
0.83394
0.8317
0.82358
0.8335
0.8311
0.8351
0.83414
0.83292
0.83066
0.82528
0.828
0.83054
0.83146
0.82992
0.83104
0.83508
0.82876
0.8315
0.83222
0.83186
0.83244
0.82898
0.8352
0.82896
0.83306
0.83108
0.83376
0.83492
0.82912
0.82788
0.82756
0.83144
0.82926
0.8287
0.83092
0.82986
0.83144
0.83536
0.82948
0.83352
0.82792
0.83066
0.82754
0.8319
0.83472
0.8334
0.8331
0.82992
0.82992
0.82754
0.83538
0.83236
0.8376
0.82982
0.83018
0.82982
0.8295
0.82908
0.83828
0.83208
0.82978
0.83546
0.8292
0.83528
0.82926
0.83004
0.8322
0.82966
0.8264
0.83384
0.83304
0.83336
0.82998
0.82852
0.83286
0.83062
0.82922
0.8295
0.82792
0.82942
0.82886
0.82798
0.8294
0.82708
0.83356
0.832
0.83012
0.83328
0.83272
0.82998
0.82898
0.83034
0.83072
0.83372
0.82798
0.82908
0.83656
0.83538
0.83372
0.8277
0.83174
0.83118
0.83464
0.83158
0.83344
0.83044
0.8265
0.82974
0.83356
0.8328
0.83552
0.82572
0.8334
0.83352
0.82758
0.82866
0.8321
0.83252
0.83278
0.82946
0.83282
0.836
0.82856
0.82844
0.83218
0.83226
0.8335
0.8286
0.82828
0.83256
0.82976
0.82694
0.83068
0.8301
0.8281
0.8339
0.8299
0.83474
0.83082
0.82942
0.83112
0.83166
0.83048
0.82884
0.8265
0.831
0.8328
0.83482
0.8305
0.82632
0.82862
0.836
0.83018
0.83066
0.8327
0.83096
0.83102
0.82906
0.83334
0.83256
0.82998
0.83344
0.82926
0.82532
0.8289
0.82842
0.83296
0.83084
0.8328
0.83166
0.8299
0.82854
0.82822
0.83334
0.82986
0.82838
0.8301
0.83366
0.832
0.83312
0.83062
0.831
0.83082
0.83604
0.83552
0.83022
0.82756
0.83008
0.82682
0.82928
0.8337
0.82768
0.83156
0.8265
0.82456
0.82782
0.83214
0.82658
0.83236
0.83282
0.83096
0.82888
0.8283
0.83066
0.82992
0.83046
0.82676
0.83084
0.8287
0.8316
0.83014
0.83176
0.83552
0.82936
0.83418
0.83134
0.82996
0.83598
0.83444
0.83056
0.83274
0.83184
0.8302
0.829
0.83022
0.82568
0.83056
0.82788
0.82958
0.83168
0.83108
0.83136
0.8273
0.83026
0.82682
0.82932
0.8344
0.83108
0.83116
0.83068
0.83534
0.82986
0.82858
0.83436
0.83114
0.83606
0.83312
0.82852
0.8308
0.82996
0.83172
0.83
0.83484
0.82836
0.82942
0.82994
0.8267
0.8312
0.82818
0.83546
0.83286
0.83234
0.83116
0.83204
0.8292
0.8324
0.83092
0.83182
0.82782
0.83488
0.83288
0.83138
0.8335
0.82972
0.82804
0.83252
0.8328
0.83218
0.83186
0.82912
0.82928
0.83554
0.83348
0.83282
0.82752
0.83336
0.82968
0.83022
0.82624
0.8317
0.83128
0.82992
0.82808
0.83318
0.82678
0.82944
0.83038
0.82868
0.83092
0.8348
0.82728
0.83188
0.8314
0.83142
0.83258
0.83148
0.82774
0.83024
0.8296
0.83274
0.83074
0.83264
0.82958
0.83416
0.82764
0.83162
0.83156
0.82842
0.83232
0.82728
0.82972
0.82806
0.83332
0.83272
0.83044
0.82818
0.82932
0.83258
0.8327
0.82808
0.83156
0.83152
0.83228
0.82548
0.83026
0.82908
0.82962
0.83056
0.82858
0.83414
0.83194
0.83316
0.82904
0.83162
0.82968
0.8316
0.82876
0.83088
0.83064
0.83336
0.83234
0.83624
0.83378
0.83118
0.83298
0.83294
0.82732
0.83124
0.83444
0.82776
0.83134
0.83382
0.83114
0.83138
0.82956
0.83002
0.83072
0.82904
0.82842
0.8299
0.82932
0.83694
0.82964
0.8314
0.83092
0.83102
0.83216
0.82894
0.82722
0.82866
0.83292
0.83154
0.82822
0.83224
0.83064
0.8313
0.83192
0.83252
0.8362
0.82444
0.83158
0.83234
0.82706
0.82916
0.82922
0.83264
0.82844
0.82658
0.8334
0.83022
0.83098
0.83212
0.83152
0.83428
0.8319
0.83116
0.83012
0.8318
0.83076
0.83082
0.83374
0.83296
0.83412
0.8316
0.83034
0.83274
0.83224
0.83028
0.828
0.83068
0.83142
0.82828
0.83192
0.83162
0.83238
0.82802
0.83386
0.83024
0.82922
0.8343
0.83144
0.83088
0.83134
0.83196
0.82834
0.83088
0.83106
0.82954
0.83312
0.82974
0.8332
0.8318
0.82598
0.83072
0.83056
0.82684
0.83252
0.83124
0.83168
0.82684
0.8297
0.83048
0.8288
0.83346
0.82738
0.82884
0.83456
0.83314
0.82878
0.8329
0.8313
0.83002
0.82842
0.83454
0.8336
0.82724
0.82788
0.82694
0.82816
0.83502
0.83062
0.82538
0.83296
0.8312
0.83114
0.8282
0.82896
0.83002
0.83146
0.8291
0.83156
0.8298
0.83584
0.83492
0.8293
0.82898
0.83332
0.83602
0.82654
0.83304
0.83312
0.83334
0.83236
0.83144
0.83094
0.82894
0.8287
0.82894
0.83134
0.83008
0.82718
0.83146
0.8248
0.82838
0.8308
0.832
0.8316
0.83478
0.82952
0.83216
0.8329
0.83358
0.83006
0.83578
0.8282
0.83162
0.8331
0.8288
0.83142
0.8289
0.8319
0.82698
0.8333
0.83014
0.82816
0.83094
0.83366
0.82994
0.83228
0.8335
0.83064
0.82984
0.82856
0.82886
0.83354
0.8334
0.83376
0.83254
0.82988
0.82628
0.82952
0.83486
0.83376
0.82814
0.82852
0.83346
0.83192
0.82616
0.82986
0.82584
0.82862
0.83236
0.83004
0.83024
0.82892
0.83012
0.83284
0.82818
0.83262
0.82742
0.82968
0.8302
0.83124
0.82836
0.82966
0.8338
0.83036
0.82992
0.8361
0.83308
0.83202
0.83228
0.83368
0.83062
0.833
0.82876
0.8295
0.82432
0.83126
0.83408
0.82652
0.82694
0.82776
0.82832
0.82752
0.8307
0.8328
0.83044
0.83174
0.8287
0.83052
0.82394
0.83452
0.82968
0.83148
0.8276
0.826
0.83082
0.8267
0.82798
0.83322
0.83188
0.83094
0.83018
0.83396
0.82982
0.82994
0.82812
0.83514
0.83046
0.83276
0.83528
0.83
0.82828
0.82608
0.82652
0.82924
0.8332
0.83072
0.83122
0.82924
0.829
0.83286
0.82816
0.82848
0.8353
0.83254
0.83094
0.83176
0.82976
0.8314
0.82836
0.82482
0.82824
0.83146
0.83358
0.8289
0.83422
0.82986
0.82936
0.83118
0.83368
0.8351
0.82858
0.8318
0.83032
0.82982
0.83182
0.83218
0.8311
0.82954
0.82924
0.83114
0.8346
0.82894
0.82926
0.83108
0.83202
0.83484
0.82884
0.82836
0.8336
0.83196
0.82954
0.83182
0.8299
0.82904
0.83392
0.82852
0.8328
0.83228
0.83082
0.83116
0.83434
0.83198
0.83078
0.83184
0.83548
0.82588
0.8326
0.83124
0.83256
0.82932
0.83046
0.82728
0.82636
0.83078
0.83056
0.83122
0.83204
0.8315
0.82896
0.8308
0.82938
0.82914
0.8322
0.82772
0.83472
0.83056
0.83074
0.83326
0.8302
0.83474
0.8289
0.83328
0.83078
0.8362
0.82648
0.83182
0.83024
0.82882
0.82968
0.83194
0.82964
0.82866
0.8266
0.83254
0.83802
0.83192
0.8288
0.83372
0.832
0.82968
0.82838
0.83024
0.82922
0.82966
0.83686
0.83024
0.83388
0.8331
0.82822
0.83204
0.828
0.8292
0.83178
0.83142
0.83136
0.82758
0.83366
0.82922
0.83548
0.82674
0.83296
0.83092
0.82914
0.83122
0.8322
0.83148
0.82808
0.8288
0.83136
0.82802
0.8281
0.82658
0.82974
0.8334
0.8326
0.83322
0.83058
0.83074
0.83228
0.83226
0.83296
0.82902
0.83432
0.83086
0.8318
0.83398
0.83126
0.8322
0.82792
0.83376
0.828
0.82778
0.8321
0.83054
0.8333
0.829
0.8293
0.82916
0.82904
0.82762
0.8299
0.83044
0.83264
0.82836
0.83106
0.8353
0.82836
0.83266
0.83026
0.83504
0.83368
0.83428
0.8309
0.8321
0.8319
0.83228
0.82758
0.83204
0.8274
0.83196
0.8318
0.8303
0.83004
0.82894
0.8306
0.83166
0.83402
0.82898
0.83026
0.8334
0.83316
0.83018
0.82772
0.83072
0.83274
0.82788
0.83106
0.83216
0.83326
0.82986
0.82772
0.83228
0.82946
0.83074
0.83082
0.83036
0.83148
0.8344
0.83128
0.82966
0.83166
0.8274
0.8333
0.83492
0.82632
0.83332
0.82974
0.83118
0.8308
0.82946
0.83182
0.83432
0.83506
0.82654
0.82936
0.82864
0.8296
0.82788
0.83136
0.8351
0.83428
0.8318
0.83646
0.83236
0.82548
0.8323
0.82642
0.8309
0.8276
0.8318
0.8344
0.83006
0.82942
0.8309
0.82938
0.8306
0.82952
0.836
0.83102
0.83146
0.83012
0.83062
0.83632
0.82698
0.82964
0.83086
0.8302
0.83076
0.83104
0.82842
0.83194
0.83312
0.83202
0.83458
0.83078
0.83384
0.83046
0.83324
0.8289
0.82918
0.82854
0.83312
0.83022
0.83284
0.83044
0.83334
0.83282
0.8322
0.83116
0.83136
0.83436
0.82702
0.8267
0.83448
0.83022
0.83376
0.82934
0.83036
0.835
0.83216
0.83296
0.82786
0.83128
0.82916
0.82792
0.83212
0.83024
0.82778
0.8313
0.8368
0.82874
0.83166
0.82976
0.83052
0.82986
0.8305
0.8346
0.83
0.83124
0.83258
0.83204
0.83248
0.83168
0.834
0.82666
0.82904
0.8339
0.8295
0.8296
0.8281
0.83536
0.83256
0.83052
0.8282
0.82936
0.83312
0.8309
0.82952
0.83302
0.8319
0.83002
0.83078
0.82922
0.8305
0.82966
0.83058
0.83508
0.83066
0.82886
0.82906
0.83006
0.83076
0.82942
0.82654
0.82658
0.83036
0.83088
0.8298
0.83266
0.82946
0.82918
0.82878
0.83372
0.82434
0.8326
0.82846
0.83146
0.83454
0.82908
0.83316
0.83328
0.83036
0.83458
0.82454
0.82748
0.83586
0.8316
0.82972
0.83186
0.83232
0.8322
0.83402
0.8284
0.83176
0.83222
0.82924
0.83238
0.83528
0.82956
0.83288
0.83166
0.832
0.8282
0.82958
0.83158
0.82862
0.83178
0.8308
0.8332
0.82742
0.83564
0.83146
0.82916
0.8313
0.8316
0.83074
0.8291
0.83022
0.8304
0.83224
0.8287
0.83156
0.8368
0.8284
0.8289
0.83508
0.82794
0.83038
0.83274
0.83094
0.83012
0.83504
0.82972
0.83136
0.83052
0.8264
0.8268
0.83072
0.831
0.82284
0.82932
0.83366
0.83406
0.82664
0.83084
0.82838
0.83368
0.82966
0.8279
0.8299
0.83108
0.83228
0.82858
0.83006
0.8315
0.83232
0.83016
0.82988
0.83204
0.82936
0.8305
0.83226
0.8276
0.82762
0.8302
0.8277
0.82768
0.83216
0.83028
0.83044
0.83462
0.83138
0.83062
0.8323
0.83456
0.82798
0.828
0.82932
0.83468
0.82968
0.83082
0.83136
0.83264
0.83012
0.82826
0.8289
0.83004
0.83106
0.8296
0.83266
0.83018
0.83482
0.83692
0.83506
0.83066
0.8243
0.82802
0.82834
0.83222
0.83106
0.83108
0.8286
0.83012
0.8274
0.83478
0.8313
0.8327
0.83252
0.82844
0.82748
0.82866
0.83084
0.83152
0.82988
0.82728
0.83588
0.83022
0.83294
0.82938
0.82784
0.83254
0.83058
0.83032
0.83004
0.83246
0.82542
0.8263
0.83282
0.82896
0.8294
0.829
0.82972
0.82676
0.8291
0.82696
0.83256
0.83266
0.83304
0.83008
0.83328
0.83032
0.8269
0.82942
0.83436
0.83432
0.83278
0.8315
0.83098
0.82736
0.83386
0.8304
0.8265
0.83308
0.82888
0.83058
0.8306
0.8311
0.83362
0.83068
0.83268
0.83004
0.83416
0.8351
0.82688
0.8306
0.83412
0.83232
0.82932
0.83092
0.83134
0.83242
0.82802
0.8288
0.83182
0.83152
0.83322
0.83184
0.83356
0.8301
0.83574
0.836
0.8308
0.83002
0.83016
0.8301
0.82958
0.8312
0.82528
0.8276
0.83366
0.83132
0.82744
0.83034
0.82978
0.82902
0.8327
0.8323
0.8304
0.8305
0.8299
0.8348
0.83286
0.8295
0.83394
0.8279
0.82884
0.82516
0.83024
0.83226
0.82758
0.83064
0.83078
0.82488
0.83364
0.83148
0.82744
0.83002
0.82952
0.83244
0.8276
0.8295
0.83148
0.83146
0.83084
0.83046
0.83622
0.83158
0.83304
0.82824
0.83418
0.8318
0.83232
0.83338
0.83158
0.8325
0.8344
0.83116
0.83202
0.83428
0.83014
0.83166
0.83122
0.82638
0.8276
0.83032
0.8327
0.8356
0.83116
0.83394
0.82798
0.8329
0.83108
0.83058
0.83194
0.8317
0.82582
0.82832
0.8313
0.8322
0.83082
0.8349
0.82854
0.83062
0.82996
0.83072
0.83414
0.82842
0.83216
0.82964
0.82854
0.83268
0.83278
0.83432
0.83158
0.83526
0.83168
0.83
0.8323
0.83522
0.83338
0.8318
0.8306
0.83118
0.82854
0.83226
0.83244
0.82794
0.83246
0.83054
0.83412
0.8284
0.83196
0.83332
0.83292
0.82754
0.82704
0.83186
0.82922
0.83098
0.82466
0.8326
0.8281
0.83494
0.82786
0.8355
0.83124
0.83342
0.82822
0.8223
0.82808
0.83062
0.82784
0.82976
0.82856
0.8271
0.83336
0.8345
0.83226
0.82926
0.8279
0.83252
0.83154
0.83306
0.83162
0.8327
0.83114
0.83298
0.8329
0.8293
0.82936
0.83706
0.8311
0.83542
0.83118
0.82988
0.83294
0.82674
0.83102
0.82856
0.83042
0.82536
0.83326
0.83318
0.83224
0.83392
0.83234
0.83204
0.832
0.82904
0.8306
0.83246
0.83002
0.82484
0.83012
0.83532
0.83354
0.82978
0.83364
0.82786
0.83362
0.8328
0.83102
0.83396
0.83114
0.83016
0.82828
0.83224
0.8302
0.83394
0.83376
0.83362
0.82694
0.83048
0.83392
0.82988
0.82912
0.8307
0.8288
0.82882
0.8356
0.83128
0.83214
0.82926
0.82988
0.83196
0.82996
0.8267
0.83544
0.82868
0.8279
0.83484
0.83348
0.82778
0.83086
0.83112
0.82794
0.83086
0.83232
0.8279
0.83154
0.8304
0.83256
0.82936
0.8325
0.82988
0.83202
0.8334
0.82788
0.83044
0.82912
0.83354
0.83024
0.8313
0.83238
0.83196
0.83098
0.83028
0.83126
0.82752
0.831
0.83414
0.83554
0.82816
0.83118
0.8343
0.82988
0.83272
0.83126
0.83562
0.83216
0.83076
0.82998
0.8269
0.83292
0.83454
0.83
0.83154
0.82992
0.8306
0.82888
0.83386
0.82666
0.83176
0.83134
0.8298
0.82934
0.82742
0.83288
0.8307
0.83334
0.83352
0.83066
0.82598
0.8299
0.8337
0.82506
0.82956
0.8327
0.83106
0.83036
0.8291
0.83202
0.8339
0.83652
0.83038
0.82532
0.82904
0.83436
0.8316
0.83288
0.83
0.83004
0.83256
0.83144
0.83076
0.82784
0.83158
0.8287
0.83066
0.83214
0.83364
0.83012
0.83594
0.83272
0.83188
0.82872
0.8275
0.8258
0.829
0.83072
0.83344
0.83286
0.83576
0.83462
0.83194
0.8289
0.83276
0.83176
0.83108
0.83374
0.83062
0.82898
0.83304
0.833
0.82964
0.82608
0.82894
0.83056
0.83138
0.83158
0.83328
0.8301
0.83058
0.82638
0.82678
0.8329
0.83292
0.82602
0.83484
0.83116
0.82812
0.82516
0.83064
0.83002
0.8288
0.83226
0.8254
0.83368
0.8299
0.83122
0.8305
0.82898
0.83146
0.83222
0.83242
0.83298
0.83326
0.82856
0.83498
0.8275
0.83586
0.83096
0.83206
0.83022
0.83074
0.83238
0.83222
0.83316
0.831
0.82936
0.83236
0.83166
0.83218
0.82312
0.83596
0.82874
0.83076
0.83306
0.83342
0.8322
0.8306
0.82878
0.83066
0.83222
0.8281
0.83078
0.8268
0.82938
0.82894
0.83288
0.83156
0.83372
0.83276
0.8324
0.83494
0.83204
0.82896
0.82956
0.83012
0.83332
0.82862
0.83226
0.8292
0.83546
0.83212
0.83082
0.83206
0.82838
0.83384
0.8284
0.82688
0.83628
0.82888
0.8249
0.82662
0.8283
0.83278
0.83186
0.8285
0.83148
0.83046
0.83252
0.8263
0.83142
0.83062
0.832
0.82874
0.8342
0.83092
0.83262
0.82392
0.82904
0.82666
0.8309
0.83258
0.82588
0.82738
0.8339
0.83658
0.83438
0.82782
0.83114
0.83204
0.83468
0.82812
0.82934
0.82724
0.82872
0.83736
0.82928
0.8304
0.83178
0.83212
0.82588
0.8315
0.83124
0.82868
0.83554
0.8309
0.8273
0.83252
0.83112
0.83034
0.83164
0.83124
0.82864
0.832
0.83426
0.83154
0.83164
0.82966
0.83166
0.8248
0.83406
0.83166
0.83136
0.83372
0.82966
0.82672
0.82534
0.83276
0.8339
0.82786
0.82982
0.8335
0.82604
0.831
0.82804
0.83154
0.83062
0.82838
0.82818
0.8346
0.83198
0.83034
0.83128
0.82936
0.83122
0.83126
0.83202
0.82818
0.83252
0.82808
0.83134
0.83158
0.83152
0.8294
0.82996
0.83022
0.831
0.82968
0.8308
0.82946
0.832
0.83074
0.83438
0.83102
0.825
0.83256
0.82866
0.83088
0.82948
0.82988
0.82808
0.83124
0.82978
0.82616
0.82874
0.83054
0.8309
0.83302
0.83176
0.83158
0.82872
0.82914
0.82888
0.82922
0.82896
0.83004
0.8365
0.8314
0.82862
0.8339
0.83204
0.8316
0.83312
0.8286
0.83112
0.83458
0.8287
0.82894
0.82618
0.8342
0.83288
0.82848
0.83426
0.83324
0.83064
0.83158
0.83116
0.8303
0.83286
0.83118
0.83252
0.83404
0.82726
0.8279
0.83062
0.831
0.82684
0.83116
0.82714
0.82818
0.82554
0.83128
0.83154
0.82794
0.8334
0.83192
0.82746
0.83
0.82812
0.83312
0.83346
0.83144
0.8357
0.83162
0.83526
0.83244
0.8307
0.82962
0.83422
0.82664
0.82698
0.8306
0.83398
0.82792
0.83352
0.83484
0.8311
0.83106
0.82748
0.83218
0.83342
0.83276
0.83082
0.8346
0.83102
0.83184
0.83164
0.831
0.82986
0.83172
0.83228
0.83076
0.82906
0.83288
0.83254
0.82808
0.8324
0.83524
0.82886
0.83132
0.8306
0.83066
0.83026
0.82744
0.83152
0.83294
0.83208
0.83178
0.83442
0.83188
0.8322
0.82828
0.83294
0.82852
0.83226
0.83232
0.83172
0.82564
0.82916
0.83134
0.8311
0.8293
0.83082
0.83466
0.83256
0.82738
0.8259
0.83128
0.83162
0.82794
0.82926
0.82642
0.83466
0.82876
0.83266
0.83064
0.83106
0.82818
0.82838
0.82902
0.83642
0.83292
0.8318
0.83128
0.83354
0.82888
0.83116
0.8324
0.83194
0.82672
0.83126
0.83116
0.8298
0.82774
0.8322
0.83012
0.83502
0.83082
0.83302
0.82958
0.83024
0.83188
0.83124
0.83048
0.82942
0.83112
0.82926
0.82838
0.83672
0.8304
0.83162
0.83362
0.83048
0.82976
0.8352
0.82924
0.83024
0.82704
0.82644
0.83352
0.83156
0.83016
0.829
0.82616
0.83392
0.83236
0.82664
0.82854
0.82706
0.8281
0.8358
0.8292
0.83092
0.82782
0.82986
0.82968
0.83334
0.83326
0.8309
0.83204
0.8315
0.8325
0.83134
0.82864
0.8272
0.83056
0.83346
0.8312
0.82634
0.8298
0.83036
0.8312
0.8381
0.82752
0.8354
0.83206
0.83334
0.83242
0.83068
0.83238
0.8319
0.83348
0.83106
0.8305
0.82764
0.82794
0.8282
0.83228
0.8278
0.83066
0.82932
0.83368
0.83004
0.83122
0.83126
0.8316
0.82956
0.83496
0.83678
0.83112
0.83194
0.8282
0.83088
0.82876
0.83252
0.83082
0.83108
0.83336
0.8331
0.83342
0.82692
0.83
0.8323
0.82594
0.83262
0.82666
0.83202
0.83172
0.83238
0.82858
0.83434
0.82606
0.83366
0.83004
0.83176
0.83086
0.83328
0.83004
0.82958
0.82876
0.83644
0.82954
0.83052
0.8265
0.829
0.8275
0.83434
0.83056
0.83092
0.8298
0.83212
0.83404
0.83452
0.8332
0.82712
0.82974
0.8335
0.8323
0.82612
0.82614
0.8314
0.82576
0.83122
0.8258
0.829
0.83096
0.82872
0.8332
0.82826
0.8315
0.82758
0.83284
0.83368
0.83196
0.82946
0.82908
0.83102
0.83108
0.82762
0.83142
0.832
0.83074
0.83032
0.82748
0.8328
0.83166
0.83068
0.82984
0.83586
0.83578
0.8327
0.83006
0.8319
0.83498
0.83612
0.82962
0.83122
0.83476
0.83024
0.83138
0.83072
0.83142
0.82722
0.83214
0.82982
0.83072
0.83272
0.83258
0.833
0.82952
0.8319
0.83116
0.83362
0.82842
0.83304
0.82996
0.83124
0.832
0.8282
0.83504
0.83234
0.83176
0.83142
0.82958
0.83502
0.83392
0.82776
0.82832
0.83126
0.82988
0.83038
0.8271
0.83048
0.83288
0.82826
0.83336
0.83136
0.83062
0.83056
0.83172
0.83264
0.82782
0.83636
0.8317
0.82582
0.83126
0.83096
0.83218
0.82816
0.83408
0.82722
0.82896
0.83216
0.83166
0.8282
0.8345
0.83194
0.83186
0.83132
0.83008
0.83164
0.82944
0.82974
0.83186
0.82922
0.83464
0.83306
0.82996
0.83526
0.83586
0.83156
0.8306
0.82938
0.82916
0.8357
0.82622
0.82952
0.83168
0.82776
0.82434
0.8291
0.83042
0.83256
0.8304
0.83296
0.82446
0.8301
0.8323
0.83148
0.82938
0.83372
0.83212
0.8304
0.83356
0.83138
0.83138
0.82744
0.83128
0.83432
0.82906
0.82724
0.83296
0.8311
0.83052
0.82914
0.83058
0.83364
0.82928
0.8373
0.8333
0.8293
0.8285
0.83348
0.8307
0.83038
0.82644
0.83064
0.82728
0.82794
0.82814
0.83128
0.83
0.8369
0.83238
0.8332
0.8268
0.83252
0.83088
0.832
0.83136
0.83276
0.82864
0.82988
0.83206
0.83172
0.8287
0.83242
0.8292
0.82586
0.833
0.82674
0.83122
0.82968
0.83138
0.82804
0.83254
0.8294
0.83154
0.83318
0.82982
0.82874
0.83054
0.83084
0.83094
0.8291
0.83412
0.83444
0.8272
0.83262
0.83118
0.83376
0.83066
0.83154
0.83216
0.82934
0.83066
0.83046
0.82372
0.8294
0.83062
0.83194
0.83208
0.83032
0.83386
0.83088
0.82758
0.83276
0.8305
0.83506
0.82572
0.8291
0.83234
0.8339
0.82996
0.83002
0.83072
0.8327
0.83196
0.83018
0.83548
0.83444
0.83122
0.83206
0.82846
0.83432
0.83284
0.82966
0.8329
0.82912
0.82644
0.83132
0.8321
0.83426
0.82938
0.82758
0.8313
0.82632
0.8323
0.83054
0.82872
0.83032
0.82422
0.83108
0.82942
0.82938
0.82846
0.8309
0.83274
0.82934
0.8304
0.82874
0.82958
0.82974
0.83034
0.82742
0.83546
0.82892
0.83644
0.83084
0.82848
0.83038
0.8323
0.82906
0.82652
0.82582
0.83106
0.8312
0.83288
0.83136
0.83232
0.82742
0.82768
0.83
0.8332
0.83028
0.8328
0.8317
0.8259
0.83036
0.82988
0.82862
0.82716
0.83032
0.83134
0.8308
0.83306
0.83398
0.83214
0.82604
0.8303
0.83028
0.82946
0.82952
0.83212
0.83106
0.83208
0.83164
0.83108
0.82938
0.83366
0.83192
0.82846
0.83274
0.83254
0.83036
0.82916
0.82842
0.8282
0.8329
0.82682
0.82788
0.83362
0.83412
0.83342
0.8289
0.83334
0.8282
0.8287
0.82662
0.82686
0.83438
0.83074
0.83104
0.8315
0.83206
0.83358
0.83228
0.8327
0.83206
0.82586
0.8291
0.82746
0.83138
0.82944
0.83294
0.8301
0.82898
0.82796
0.8318
0.83338
0.83488
0.8321
0.82692
0.828
0.8304
0.83176
0.82962
0.83222
0.83046
0.82876
0.82724
0.8279
0.83326
0.8326
0.83326
0.83306
0.83572
0.82996
0.83096
0.82758
0.83294
0.83002
0.8296
0.83082
0.83468
0.8295
0.83314
0.83296
0.82788
0.83012
0.8331
0.82906
0.83008
0.83108
0.8325
0.82946
0.83216
0.8309
0.83174
0.8316
0.83104
0.83608
0.83294
0.83132
0.83138
0.82744
0.83024
0.82838
0.82854
0.82942
0.8278
0.83106
0.83316
0.82948
0.83514
0.82948
0.83076
0.8302
0.8361
0.82784
0.83324
0.83192
0.83204
0.83324
0.83282
0.83422
0.83444
0.83398
0.828
0.83322
0.8301
0.8297
0.82948
0.83286
0.83222
0.8325
0.82954
0.82774
0.8283
0.8317
0.83024
0.83076
0.8333
0.83432
0.83046
0.83378
0.82864
0.83194
0.82758
0.83404
0.8298
0.82972
0.83008
0.83442
0.83092
0.83512
0.83046
0.83762
0.83482
0.83536
0.83238
0.8327
0.8312
0.82798
0.82986
0.83022
0.83002
0.83136
0.83046
0.82888
0.83036
0.82772
0.8303
0.8315
0.8324
0.82906
0.83028
0.82746
0.8316
0.82924
0.83044
0.83584
0.8295
0.83088
0.82708
0.8342
0.83316
0.82754
0.8343
0.83228
0.83176
0.83152
0.83056
0.83258
0.83356
0.8346
0.83054
0.82934
0.83408
0.8306
0.83096
0.83402
0.83208
0.82932
0.82784
0.82984
0.82836
0.82868
0.83378
0.83256
0.82884
0.83002
0.83646
0.83284
0.82976
0.83116
0.82766
0.8248
0.83124
0.83434
0.83618
0.83104
0.82888
0.8311
0.83068
0.83182
0.83136
0.82984
0.82566
0.83064
0.83182
0.8304
0.8328
0.8276
0.82828
0.83134
0.83052
0.83026
0.82952
0.82522
0.82702
0.82928
0.82896
0.83172
0.83124
0.83612
0.82704
0.83154
0.83004
0.8253
0.82952
0.83012
0.83096
0.82458
0.82814
0.82984
0.82796
0.83102
0.82738
0.83048
0.83044
0.82824
0.83144
0.82898
0.8286
0.8324
0.82842
0.82912
0.8311
0.83214
0.82986
0.83068
0.83184
0.83344
0.82804
0.83014
0.82908
0.83222
0.83324
0.82996
0.83304
0.83222
0.8297
0.82772
0.8318
0.83174
0.83148
0.83644
0.82978
0.83446
0.83016
0.83306
0.83434
0.82856
0.83344
0.83458
0.82896
0.82476
0.82808
0.82852
0.82932
0.83326
0.82976
0.8324
0.83262
0.83068
0.83212
0.8373
0.83034
0.83292
0.83228
0.83108
0.83174
0.83418
0.83626
0.82942
0.82728
0.83284
0.83496
0.82928
0.8291
0.82934
0.8265
0.83246
0.82826
0.83026
0.8291
0.83022
0.83236
0.82964
0.83258
0.83092
0.83222
0.82966
0.83032
0.82648
0.82812
0.831
0.83258
0.83184
0.82984
0.82886
0.82432
0.82926
0.83356
0.83106
0.83086
0.83414
0.83492
0.83306
0.8307
0.83454
0.83064
0.83058
0.82838
0.83336
0.83362
0.82794
0.83014
0.83094
0.8349
0.82986
0.82918
0.82562
0.8343
0.8335
0.8269
0.83208
0.82912
0.82996
0.83372
0.82776
0.82818
0.83174
0.82894
0.8328
0.82886
0.83046
0.82952
0.82854
0.82812
0.83224
0.82692
0.82934
0.83624
0.83354
0.83296
0.83214
0.8311
0.83056
0.83336
0.82778
0.83008
0.83088
0.83304
0.82836
0.82884
0.82782
0.8276
0.82978
0.82852
0.83246
0.83552
0.83254
0.82926
0.83342
0.83328
0.83064
0.8315
0.82944
0.8324
0.82864
0.83088
0.8292
0.83308
0.82882
0.82936
0.8326
0.83044
0.82918
0.83028
0.82988
0.82942
0.83212
0.82742
0.82908
0.82452
0.83034
0.8314
0.82918
0.82746
0.8295
0.8322
0.83142
0.83274
0.83104
0.82824
0.83264
0.83128
0.83276
0.82986
0.8317
0.83142
0.83088
0.8319
0.83654
0.83146
0.82634
0.83164
0.8306
0.82966
0.82928
0.82824
0.83422
0.8301
0.82772
0.83434
0.8285
0.83696
0.83092
0.83242
0.83206
0.82158
0.8285
0.82778
0.82862
0.83434
0.82484
0.83358
0.82796
0.82816
0.82964
0.82978
0.83566
0.8297
0.8286
0.83078
0.83136
0.83294
0.83164
0.82896
0.83324
0.8321
0.83454
0.8348
0.83116
0.8271
0.83108
0.83098
0.83208
0.83186
0.83464
0.83064
0.831
0.82792
0.83056
0.8295
0.83004
0.83516
0.82734
0.83196
0.82898
0.83474
0.83016
0.83086
0.8281
0.82804
0.83314
0.83356
0.83296
0.83406
0.8338
0.83168
0.82974
0.8342
0.83088
0.83204
0.83014
0.83174
0.8312
0.83146
0.82676
0.83536
0.83162
0.83312
0.83128
0.82996
0.83038
0.83308
0.8308
0.82928
0.83424
0.82958
0.83252
0.82874
0.83096
0.82974
0.828
0.8343
0.83028
0.83106
0.8313
0.8333
0.82904
0.83224
0.83392
0.82742
0.83306
0.8301
0.83198
0.83052
0.83024
0.83134
0.82984
0.83246
0.83032
0.8276
0.82566
0.8297
0.8329
0.8298
0.83302
0.8307
0.83408
0.8352
0.83218
0.82722
0.8268
0.83056
0.82968
0.83346
0.82892
0.83136
0.8338
0.83538
0.83166
0.83104
0.82882
0.83428
0.8357
0.83422
0.83184
0.83036
0.83274
0.83194
0.82798
0.82876
0.83048
0.8327
0.82808
0.835
0.83162
0.83136
0.8296
0.83048
0.82822
0.82824
0.83372
0.8343
0.82856
0.83322
0.83124
0.8318
0.82554
0.83398
0.83158
0.8296
0.83094
0.83298
0.82954
0.82648
0.82512
0.83138
0.82868
0.83122
0.8341
0.82986
0.83216
0.83396
0.83134
0.8317
0.83288
0.82832
0.8308
0.83186
0.83024
0.83236
0.83008
0.83134
0.8307
0.83072
0.82966
0.8224
0.8289
0.8278
0.83082
0.83122
0.83318
0.83028
0.82704
0.83164
0.82802
0.83078
0.82448
0.82996
0.82516
0.82724
0.83652
0.8286
0.82696
0.8249
0.8305
0.8323
0.82864
0.82548
0.8363
0.83376
0.83224
0.82894
0.82748
0.82874
0.83496
0.83052
0.83048
0.82984
0.8317
0.83398
0.83338
0.8312
0.83218
0.82984
0.8347
0.8291
0.83138
0.82916
0.83354
0.83028
0.82772
0.83258
0.83166
0.82876
0.82844
0.83122
0.82526
0.83232
0.82434
0.82968
0.8314
0.8305
0.8289
0.82438
0.83042
0.8343
0.83236
0.8308
0.82912
0.834
0.83162
0.82752
0.82922
0.83128
0.8337
0.83034
0.8312
0.82842
0.83078
0.831
0.82826
0.83258
0.83058
0.8327
0.82958
0.82676
0.82964
0.83192
0.82832
0.83318
0.83468
0.83368
0.83394
0.83406
0.83004
0.82838
0.83524
0.82926
0.83248
0.8335
0.82934
0.83142
0.82804
0.82802
0.82876
0.8341
0.8354
0.83384
0.83028
0.8321
0.83304
0.83036
0.8345
0.83228
0.8329
0.82922
0.83186
0.8285
0.82988
0.83134
0.8316
0.83216
0.82826
0.8299
0.8337
0.83326
0.83274
0.82766
0.83218
0.8315
0.82822
0.83194
0.82922
0.83324
0.82772
0.83428
0.83026
0.82794
0.83204
0.8345
0.83024
0.83028
0.83408
0.8301
0.82954
0.83086
0.8248
0.83228
0.83582
0.83142
0.82838
0.831
0.83062
0.83252
0.8338
0.83076
0.83412
0.8323
0.83046
0.83642
0.82918
0.83614
0.83456
0.83048
0.82964
0.83344
0.83118
0.82884
0.82976
0.82812
0.8312
0.83156
0.8317
0.83106
0.83006
0.82962
0.83052
0.82676
0.83078
0.82324
0.83126
0.83036
0.82838
0.8304
0.83046
0.83162
0.83202
0.83264
0.83278
0.82714
0.82906
0.82758
0.8313
0.83218
0.82528
0.83072
0.83078
0.82794
0.82938
0.83066
0.83288
0.83346
0.83056
0.83102
0.83072
0.83042
0.83272
0.8306
0.83034
0.82952
0.83296
0.83122
0.82856
0.82752
0.83398
0.83138
0.83156
0.82816
0.82918
0.8316
0.83162
0.82504
0.83002
0.83154
0.83174
0.8349
0.83092
0.8316
0.83886
0.82774
0.82746
0.82746
0.83374
0.83226
0.83076
0.83056
0.82862
0.82776
0.83226
0.83176
0.83338
0.83272
0.83446
0.83138
0.82972
0.8336
0.82506
0.83254
0.83186
0.83222
0.83192
0.83052
0.83262
0.83234
0.83142
0.83096
0.83054
0.83018
0.82734
0.83128
0.82862
0.83354
0.82864
0.8286
0.82892
0.82746
0.83208
0.83202
0.83296
0.83258
0.82704
0.83024
0.8318
0.83292
0.83296
0.83396
0.82918
0.83634
0.83144
0.82692
0.82928
0.82892
0.83208
0.8256
0.83134
0.83028
0.83342
0.8268
0.83296
0.8353
0.83298
0.83302
0.82996
0.8331
0.83142
0.8308
0.82738
0.83038
0.82892
0.83066
0.832
0.82842
0.8309
0.82618
0.82654
0.83162
0.82784
0.82934
0.82708
0.82958
0.82928
0.83158
0.83054
0.83308
0.8301
0.82998
0.831
0.82904
0.82598
0.83106
0.83232
0.83616
0.83072
0.8305
0.83056
0.82918
0.82992
0.83282
0.83054
0.82816
0.83404
0.8328
0.82846
0.83198
0.8297
0.82778
0.83342
0.8339
0.83154
0.82734
0.83098
0.83188
0.83526
0.8316
0.82914
0.83134
0.83196
0.82736
