0.47862
0.46992
0.4741
0.47668
0.48048
0.48538
0.47958
0.4708
0.47544
0.48434
0.47692
0.48454
0.48154
0.46344
0.46246
0.47956
0.48082
0.48722
0.48012
0.47662
0.4766
0.47532
0.48202
0.4869
0.48196
0.48382
0.4818
0.477
0.48516
0.4885
0.48668
0.47512
0.47548
0.47644
0.491
0.48612
0.4749
0.48112
0.47172
0.47912
0.48364
0.47764
0.47708
0.47508
0.46924
0.4701
0.47456
0.47906
0.48226
0.47544
0.47808
0.49406
0.47982
0.47348
0.47736
0.47514
0.47784
0.48746
0.4742
0.47124
0.47764
0.47346
0.4858
0.48204
0.48352
0.48618
0.47896
0.47478
0.48386
0.4684
0.47374
0.47588
0.48106
0.47982
0.4759
0.48174
0.47666
0.47814
0.48072
0.4776
0.48352
0.4826
0.47936
0.47936
0.48178
0.4778
0.47316
0.4745
0.47248
0.47386
0.48844
0.47832
0.47796
0.47972
0.47588
0.4766
0.47806
0.4749
0.476
0.48264
0.475
0.477
0.47974
0.47574
0.46824
0.48014
0.46958
0.48586
0.48844
0.48214
0.48578
0.48698
0.48048
0.48104
0.48348
0.47682
0.47782
0.47948
0.48124
0.47652
0.48924
0.47386
0.4732
0.47602
0.48032
0.47536
0.47412
0.4742
0.47426
0.48552
0.4868
0.48722
0.47654
0.46554
0.47386
0.48754
0.48258
0.48116
0.47952
0.46462
0.47628
0.47732
0.47294
0.47902
0.47338
0.47204
0.47242
0.47234
0.48032
0.47936
0.47478
0.48426
0.47438
0.47826
0.47548
0.47606
0.47364
0.48152
0.4753
0.47852
0.48204
0.47632
0.47458
0.47796
0.49122
0.47616
0.4715
0.4832
0.48414
0.48262
0.47504
0.48522
0.48326
0.47388
0.48192
0.48284
0.47984
0.48272
0.47656
0.4782
0.4879
0.48052
0.47978
0.478
0.47572
0.48076
0.4867
0.48116
0.47346
0.4782
0.47912
0.4775
0.48216
0.48792
0.46864
0.47574
0.4765
0.49026
0.48314
0.48014
0.47456
0.47684
0.47846
0.47718
0.479
0.4741
0.481
0.4841
0.47788
0.4777
0.4748
0.48002
0.48168
0.4787
0.47434
0.47046
0.47996
0.47522
0.48106
0.4742
0.47734
0.48316
0.47828
0.48004
0.48278
0.47818
0.4848
0.47434
0.47422
0.47236
0.47762
0.48284
0.48526
0.47672
0.49154
0.47472
0.47168
0.48426
0.46952
0.47984
0.47564
0.47528
0.47258
0.48006
0.47934
0.47794
0.47638
0.47052
0.48134
0.47838
0.46396
0.478
0.4776
0.47754
0.48372
0.47784
0.47386
0.4915
0.47578
0.47002
0.4817
0.48382
0.47968
0.47468
0.48334
0.48902
0.47654
0.47634
0.46552
0.48002
0.47996
0.48074
0.47212
0.48426
0.47582
0.47436
0.47682
0.47928
0.4745
0.4742
0.47794
0.47672
0.47992
0.48686
0.47924
0.46948
0.47664
0.48324
0.4737
0.48792
0.48512
0.48232
0.47754
0.48306
0.4779
0.4815
0.48192
0.48278
0.4714
0.47576
0.4758
0.4849
0.47402
0.48312
0.47618
0.4771
0.48314
0.47724
0.47936
0.47826
0.47852
0.48556
0.48208
0.47516
0.47542
0.4746
0.4756
0.48102
0.48124
0.4766
0.48758
0.47922
0.48098
0.4768
0.48618
0.49132
0.48444
0.47298
0.48182
0.47268
0.48094
0.47592
0.4768
0.4799
0.47758
0.47266
0.47724
0.48878
0.47268
0.47578
0.4685
0.48564
0.47788
0.47198
0.48356
0.48852
0.47896
0.47178
0.4764
0.49062
0.4748
0.47728
0.4755
0.48494
0.48134
0.47462
0.47238
0.48572
0.48736
0.48
0.4826
0.4882
0.47934
0.48652
0.4928
0.47726
0.484
0.48306
0.4734
0.4799
0.48622
0.48298
0.48114
0.47128
0.47392
0.48446
0.48612
0.47738
0.48192
0.48642
0.47822
0.47834
0.4797
0.47914
0.47666
0.48102
0.4817
0.47914
0.48516
0.47554
0.47504
0.47958
0.48296
0.47742
0.4783
0.471
0.47596
0.47446
0.47972
0.4859
0.48484
0.47968
0.4794
0.47288
0.47308
0.4775
0.47968
0.48242
0.47362
0.47844
0.47972
0.47846
0.47272
0.46564
0.4733
0.47802
0.47838
0.47092
0.4841
0.48004
0.47614
0.48836
0.48352
0.48136
0.4754
0.48122
0.48474
0.47916
0.48464
0.47788
0.47728
0.47604
0.47964
0.47574
0.47458
0.47634
0.48162
0.48226
0.47686
0.48258
0.48012
0.47308
0.48004
0.47502
0.47884
0.4729
0.46886
0.4756
0.47018
0.47388
0.48104
0.47786
0.47406
0.48468
0.47802
0.47498
0.47884
0.48276
0.4781
0.48014
0.47422
0.47244
0.47894
0.47754
0.474
0.48126
0.48002
0.48064
0.48094
0.48162
0.47496
0.48256
0.47214
0.48826
0.46862
0.47514
0.4787
0.47638
0.47864
0.4806
0.47806
0.47448
0.47728
0.4786
0.48102
0.4802
0.48276
0.4808
0.47754
0.47428
0.481
0.47816
0.48062
0.47434
0.4811
0.4789
0.48484
0.487
0.48144
0.48928
0.4792
0.4855
0.48722
0.47724
0.48352
0.4805
0.47702
0.48536
0.47474
0.48364
0.48246
0.47628
0.4814
0.47496
0.47844
0.48198
0.47256
0.47606
0.479
0.46942
0.4703
0.4799
0.47454
0.48402
0.48606
0.48448
0.4795
0.47186
0.48068
0.47198
0.47606
0.47722
0.47168
0.49512
0.47412
0.48858
0.48052
0.47538
0.48358
0.47432
0.48622
0.47556
0.47814
0.47904
0.47958
0.48222
0.47978
0.47388
0.48282
0.48682
0.47976
0.48306
0.47844
0.4817
0.48684
0.47046
0.47824
0.47636
0.47772
0.4779
0.47522
0.48336
0.48202
0.48426
0.4658
0.4812
0.48148
0.48008
0.47994
0.47414
0.47984
0.47126
0.47894
0.4804
0.4823
0.47558
0.47754
0.47482
0.48324
0.47958
0.4835
0.47466
0.47406
0.47968
0.46808
0.47582
0.47908
0.47174
0.47944
0.47582
0.47974
0.48444
0.4822
0.4867
0.47946
0.48744
0.48302
0.47424
0.48026
0.48676
0.47884
0.47206
0.48014
0.47734
0.48438
0.4799
0.4686
0.4796
0.4812
0.48236
0.48396
0.47918
0.47182
0.47806
0.4824
0.47556
0.48552
0.47414
0.48036
0.47912
0.47554
0.47152
0.48226
0.47258
0.47248
0.48226
0.4783
0.48566
0.47954
0.47722
0.48082
0.48796
0.47868
0.47058
0.48492
0.4773
0.4725
0.47026
0.48086
0.48888
0.4832
0.48538
0.4734
0.47632
0.47976
0.47212
0.47638
0.47724
0.48012
0.4807
0.47626
0.4784
0.4771
0.47156
0.478
0.47484
0.4749
0.49002
0.4825
0.4706
0.47064
0.47176
0.47562
0.48414
0.48128
0.47524
0.47758
0.47876
0.4757
0.47576
0.48074
0.476
0.47412
0.47608
0.47644
0.47084
0.47764
0.47968
0.4799
0.48574
0.47786
0.48072
0.478
0.47818
0.47038
0.46636
0.46172
0.48036
0.48126
0.47716
0.48002
0.47994
0.47428
0.47878
0.47786
0.48132
0.46864
0.47046
0.48332
0.4735
0.47482
0.47622
0.48156
0.4814
0.47438
0.47696
0.47258
0.48156
0.48448
0.4845
0.4836
0.47654
0.48246
0.47586
0.4739
0.48068
0.47422
0.48366
0.46972
0.46824
0.48634
0.47038
0.4867
0.47114
0.4772
0.4699
0.48326
0.47154
0.47458
0.4667
0.47376
0.48028
0.47726
0.48578
0.46936
0.48146
0.47568
0.46884
0.47638
0.47856
0.4794
0.47364
0.47436
0.47812
0.48486
0.47436
0.4789
0.4849
0.4711
0.47556
0.47692
0.47972
0.47566
0.47144
0.47626
0.47514
0.47786
0.47262
0.47628
0.47468
0.47438
0.4737
0.47736
0.48342
0.47892
0.4813
0.4744
0.47364
0.48264
0.47528
0.4776
0.47392
0.47574
0.4816
0.4805
0.47306
0.4798
0.49098
0.48364
0.47436
0.4733
0.48068
0.4727
0.4808
0.47676
0.4727
0.47216
0.47376
0.47864
0.47488
0.47696
0.47826
0.47628
0.47324
0.48144
0.48672
0.4858
0.47284
0.48398
0.47904
0.47554
0.4738
0.47004
0.47532
0.4797
0.48686
0.48234
0.47682
0.46922
0.48018
0.4899
0.47888
0.47328
0.46756
0.48374
0.48484
0.47612
0.4671
0.47976
0.47456
0.48718
0.48676
0.48066
0.4826
0.47906
0.47356
0.47806
0.47332
0.4661
0.46656
0.4811
0.48764
0.47512
0.47734
0.4787
0.47732
0.4773
0.47258
0.47638
0.49102
0.47096
0.48172
0.48018
0.46786
0.48124
0.48134
0.47938
0.47932
0.47332
0.4827
0.4693
0.47792
0.4806
0.46648
0.47214
0.48248
0.47682
0.47384
0.4872
0.47724
0.4744
0.4701
0.47594
0.47282
0.47984
0.4743
0.48106
0.48152
0.4719
0.46548
0.46738
0.47928
0.48448
0.47754
0.48102
0.4746
0.4822
0.47404
0.47684
0.47684
0.48226
0.47716
0.47756
0.4792
0.4775
0.48158
0.48004
0.48056
0.47692
0.4806
0.47714
0.49138
0.48152
0.48072
0.47836
0.47872
0.4706
0.47174
0.4733
0.4738
0.47738
0.47954
0.47694
0.48498
0.48656
0.47854
0.47162
0.49466
0.4842
0.47888
0.48584
0.469
0.47548
0.4774
0.49086
0.47902
0.47572
0.47248
0.47894
0.48044
0.47336
0.47084
0.47278
0.47788
0.47626
0.482
0.48178
0.48166
0.47934
0.4739
0.4771
0.4788
0.47186
0.47832
0.47584
0.47274
0.47952
0.48648
0.47934
0.46636
0.48016
0.48662
0.47338
0.48142
0.48312
0.47216
0.48018
0.4814
0.47824
0.4851
0.47744
0.47952
0.47372
0.47534
0.47936
0.48018
0.47688
0.47528
0.4707
0.4727
0.47466
0.47844
0.47942
0.47142
0.48532
0.49204
0.48542
0.47246
0.48452
0.48252
0.48228
0.47866
0.47222
0.48018
0.47622
0.48452
0.47224
0.4736
0.46872
0.48012
0.4772
0.48178
0.47468
0.4798
0.4846
0.48286
0.48078
0.47246
0.4731
0.47802
0.49116
0.48404
0.47812
0.47106
0.47172
0.48018
0.47638
0.4784
0.4797
0.48548
0.48944
0.48664
0.48452
0.47576
0.48048
0.47808
0.48126
0.48022
0.48046
0.47574
0.47232
0.4778
0.47698
0.47488
0.4814
0.47614
0.48014
0.46286
0.4792
0.4809
0.48452
0.4754
0.47434
0.47214
0.47722
0.48808
0.48408
0.47402
0.47392
0.47134
0.4868
0.48156
0.46994
0.48448
0.4836
0.47468
0.48294
0.4783
0.47844
0.47574
0.48068
0.48084
0.47884
0.48646
0.4821
0.48302
0.48492
0.47662
0.48352
0.47756
0.47532
0.48434
0.48498
0.48584
0.48256
0.47554
0.4797
0.48162
0.47688
0.47364
0.47606
0.47842
0.47352
0.48482
0.48422
0.47978
0.47876
0.48052
0.47858
0.47986
0.47312
0.4798
0.47922
0.48104
0.46736
0.48262
0.48588
0.47136
0.47274
0.48024
0.47318
0.47908
0.4802
0.4774
0.4798
0.46932
0.47138
0.47348
0.4782
0.47586
0.47884
0.47036
0.47962
0.48474
0.48038
0.48346
0.4747
0.48202
0.47238
0.47818
0.4861
0.47992
0.47612
0.4724
0.48194
0.4766
0.47398
0.46986
0.47394
0.47022
0.48358
0.4774
0.4828
0.4672
0.4798
0.47624
0.4711
0.47546
0.4783
0.4778
0.47938
0.49006
0.48238
0.4733
0.48012
0.4789
0.48122
0.4833
0.48502
0.47344
0.46782
0.48036
0.48342
0.47804
0.48418
0.4882
0.47522
0.4768
0.47104
0.47532
0.48098
0.48216
0.47644
0.479
0.48098
0.48128
0.47532
0.4789
0.47904
0.48646
0.47572
0.48416
0.48576
0.47098
0.46744
0.4676
0.47198
0.4781
0.47528
0.4834
0.48336
0.47676
0.49104
0.4847
0.47678
0.47534
0.4739
0.47418
0.47728
0.47424
0.47054
0.47654
0.47834
0.48442
0.47254
0.49022
0.48768
0.48274
0.47246
0.48272
0.47606
0.47808
0.47402
0.47442
0.48386
0.47884
0.47454
0.47038
0.47148
0.48254
0.47234
0.47902
0.4846
0.47858
0.47156
0.4826
0.48576
0.4737
0.48012
0.48308
0.4699
0.48086
0.48394
0.48176
0.47198
0.4838
0.483
0.48766
0.48434
0.47468
0.4715
0.47434
0.4823
0.47694
0.4751
0.47474
0.47366
0.47828
0.47526
0.47748
0.47896
0.48398
0.47942
0.48452
0.48132
0.4742
0.4639
0.47466
0.4734
0.47794
0.47588
0.46864
0.48484
0.4837
0.4912
0.47554
0.46998
0.47662
0.46942
0.47718
0.47878
0.47646
0.48252
0.47462
0.48614
0.48518
0.47542
0.47614
0.4749
0.47218
0.47008
0.47988
0.47502
0.47656
0.47672
0.48174
0.47748
0.47694
0.46664
0.4802
0.48024
0.47952
0.47548
0.4784
0.49072
0.48166
0.47472
0.476
0.48588
0.47792
0.4826
0.48452
0.47504
0.48068
0.48292
0.48622
0.47882
0.47536
0.48244
0.47088
0.48292
0.4792
0.48052
0.47722
0.4748
0.48104
0.47388
0.47944
0.48376
0.47494
0.47384
0.48578
0.48614
0.4741
0.46818
0.47414
0.47218
0.48744
0.46984
0.47566
0.48108
0.48176
0.4764
0.47784
0.47122
0.47706
0.4773
0.48334
0.48512
0.4778
0.48044
0.48268
0.48244
0.47954
0.47388
0.4744
0.47704
0.47846
0.48634
0.47938
0.48622
0.479
0.48692
0.4767
0.48234
0.48412
0.48156
0.48042
0.48342
0.49004
0.4713
0.47258
0.47772
0.48352
0.4827
0.47996
0.4896
0.47888
0.4701
0.47494
0.4682
0.4867
0.47232
0.48138
0.48164
0.47796
0.47018
0.48104
0.47654
0.47584
0.48032
0.47804
0.48246
0.4812
0.47288
0.48086
0.47516
0.48422
0.48356
0.4799
0.47592
0.4775
0.49434
0.47844
0.47272
0.46574
0.47068
0.47722
0.48594
0.48104
0.46716
0.48602
0.48006
0.47066
0.47628
0.47956
0.48248
0.48252
0.47286
0.47352
0.47832
0.47144
0.48232
0.47478
0.48494
0.48682
0.48036
0.47706
0.47868
0.48282
0.47578
0.4811
0.48034
0.46814
0.47552
0.48028
0.47036
0.47334
0.47722
0.47418
0.47448
0.47404
0.47664
0.47748
0.47912
0.48708
0.47912
0.49042
0.48388
0.47616
0.4846
0.48894
0.47448
0.47808
0.47756
0.48374
0.47432
0.47756
0.47738
0.4799
0.47864
0.48364
0.48222
0.47984
0.47928
0.47398
0.48562
0.46558
0.47638
0.47576
0.4789
0.4811
0.4832
0.47816
0.47376
0.48116
0.47104
0.46484
0.48742
0.47668
0.47688
0.47584
0.47892
0.48684
0.48312
0.47764
0.48154
0.48058
0.47182
0.48398
0.47366
0.47256
0.48184
0.48196
0.48008
0.47246
0.4745
0.4724
0.4759
0.4845
0.4816
0.46968
0.48994
0.48272
0.47664
0.4824
0.4728
0.4756
0.47756
0.47944
0.47902
0.48034
0.47644
0.48028
0.47606
0.48486
0.47586
0.48572
0.48306
0.47948
0.47518
0.47962
0.47712
0.47112
0.4829
0.48498
0.48236
0.47622
0.48196
0.48552
0.47844
0.47696
0.48294
0.4835
0.4819
0.47664
0.48276
0.47682
0.47828
0.47708
0.48634
0.47038
0.4718
0.46976
0.47748
0.47784
0.4793
0.47406
0.48148
0.4796
0.4729
0.47214
0.47478
0.47528
0.48266
0.48106
0.47484
0.48354
0.47058
0.4746
0.4745
0.48058
0.48546
0.4773
0.47398
0.47776
0.48578
0.48546
0.47422
0.47626
0.47896
0.482
0.48836
0.48634
0.48198
0.46874
0.46884
0.47434
0.48336
0.4766
0.47684
0.47518
0.4763
0.4727
0.47766
0.48628
0.47822
0.47284
0.48376
0.4798
0.47746
0.4716
0.48382
0.48358
0.48302
0.47742
0.4904
0.4759
0.47196
0.4788
0.4811
0.47912
0.48012
0.48358
0.47688
0.47684
0.48248
0.4718
0.4843
0.4831
0.47474
0.48026
0.47888
0.47312
0.47418
0.48296
0.47528
0.46586
0.48084
0.47724
0.47008
0.47136
0.48126
0.48076
0.48504
0.48102
0.47318
0.48324
0.47354
0.48344
0.48004
0.4703
0.47076
0.475
0.48352
0.47404
0.47188
0.47754
0.48562
0.4808
0.47722
0.48156
0.48006
0.48146
0.4759
0.4833
0.4807
0.48684
0.47338
0.4696
0.47626
0.4763
0.4766
0.47366
0.47938
0.48154
0.47096
0.47216
0.4724
0.47376
0.48084
0.48174
0.47344
0.47622
0.48802
0.47096
0.48416
0.48096
0.47328
0.4865
0.48096
0.4705
0.47962
0.48888
0.46832
0.47954
0.47796
0.47614
0.48166
0.48664
0.4786
0.47904
0.47234
0.46522
0.48692
0.47628
0.47636
0.47642
0.47384
0.47796
0.47372
0.48024
0.47918
0.48198
0.47844
0.48066
0.4765
0.47518
0.47218
0.4747
0.48048
0.4794
0.48208
0.48038
0.47842
0.47954
0.47146
0.4789
0.47604
0.48036
0.47668
0.4777
0.47916
0.47456
0.4765
0.48236
0.47576
0.48456
0.47724
0.48068
0.4754
0.46866
0.47576
0.46978
0.48058
0.4754
0.4781
0.47972
0.4764
0.47242
0.48124
0.47886
0.47574
0.4815
0.48348
0.47542
0.47552
0.48034
0.47512
0.4752
0.48572
0.47908
0.4691
0.4753
0.4745
0.4781
0.48046
0.4806
0.47866
0.48144
0.4778
0.4767
0.47426
0.48008
0.4789
0.48266
0.47816
0.47952
0.47834
0.48102
0.47378
0.4887
0.48552
0.47982
0.48178
0.48976
0.47078
0.47598
0.47546
0.4858
0.47166
0.4811
0.48848
0.48352
0.47722
0.47546
0.475
0.47776
0.47576
0.48308
0.47424
0.47398
0.47656
0.46912
0.48304
0.47156
0.47694
0.4835
0.4844
0.48068
0.46744
0.48802
0.47228
0.47486
0.46864
0.48182
0.4826
0.48102
0.48008
0.48024
0.47278
0.47688
0.48066
0.48034
0.4867
0.48598
0.47978
0.48158
0.48186
0.4826
0.47714
0.47646
0.47806
0.47774
0.48488
0.47442
0.47484
0.47502
0.47672
0.4784
0.46954
0.47738
0.48316
0.47334
0.48848
0.48118
0.47222
0.47858
0.47946
0.47902
0.46788
0.47602
0.48042
0.48416
0.47974
0.47946
0.48218
0.47936
0.48122
0.47992
0.47274
0.47708
0.48102
0.4787
0.47288
0.47476
0.48272
0.47812
0.47392
0.47698
0.4758
0.47882
0.47646
0.47982
0.46932
0.47648
0.47136
0.4838
0.47484
0.48206
0.48444
0.47918
0.47706
0.4822
0.47132
0.47532
0.47832
0.47714
0.47998
0.47552
0.47904
0.47574
0.47474
0.47858
0.48214
0.48294
0.47204
0.46994
0.48234
0.46716
0.47878
0.47566
0.4841
0.48152
0.4815
0.47446
0.47314
0.4734
0.4789
0.47682
0.4732
0.48218
0.48576
0.47642
0.46874
0.47818
0.48046
0.47828
0.4835
0.48432
0.4706
0.47304
0.47368
0.48546
0.47842
0.48148
0.48042
0.48206
0.4733
0.47124
0.47594
0.46824
0.48098
0.47626
0.47532
0.47252
0.47762
0.48076
0.47672
0.47758
0.48472
0.4752
0.47114
0.48088
0.48032
0.48108
0.48388
0.4675
0.48014
0.47722
0.47584
0.47944
0.47184
0.47804
0.47816
0.48176
0.48544
0.4741
0.46838
0.47652
0.47932
0.4835
0.4821
0.47842
0.47246
0.47342
0.47592
0.48148
0.47406
0.47984
0.47598
0.47928
0.47422
0.47778
0.47708
0.4724
0.47666
0.47166
0.48124
0.47436
0.47776
0.47654
0.47862
0.47656
0.4831
0.47616
0.47998
0.48118
0.47698
0.48074
0.48158
0.48106
0.4753
0.47436
0.47784
0.48274
0.4772
0.4824
0.47492
0.47626
0.47912
0.47664
0.47756
0.48224
0.48546
0.4855
0.48452
0.4828
0.47756
0.47616
0.48142
0.4793
0.47352
0.47774
0.47988
0.48648
0.47572
0.47936
0.47892
0.47706
0.47404
0.47836
0.46768
0.47696
0.4761
0.48786
0.48512
0.4776
0.4743
0.47806
0.47186
0.4869
0.47556
0.4769
0.48128
0.48184
0.47778
0.48166
0.48434
0.48104
0.48426
0.47492
0.47084
0.4792
0.47592
0.46976
0.47506
0.4736
0.47294
0.47826
0.48292
0.48208
0.47172
0.47944
0.47788
0.48668
0.47862
0.48258
0.46838
0.47222
0.47246
0.4806
0.48194
0.47686
0.47472
0.47628
0.4792
0.48312
0.48376
0.47086
0.47732
0.48174
0.48044
0.47536
0.48324
0.4727
0.48364
0.48116
0.47996
0.47746
0.47784
0.47202
0.47826
0.4783
0.47962
0.47658
0.47134
0.4777
0.4813
0.47328
0.47894
0.48048
0.48292
0.47328
0.48644
0.48252
0.48882
0.47594
0.48288
0.48406
0.47728
0.4785
0.47532
0.48486
0.47462
0.47986
0.48786
0.4753
0.4751
0.47892
0.47582
0.47538
0.48038
0.48228
0.47522
0.48012
0.48172
0.47342
0.48536
0.47426
0.47152
0.4651
0.48374
0.48294
0.48402
0.47816
0.47948
0.47752
0.4777
0.47974
0.48326
0.47682
0.47206
0.4703
0.47496
0.4806
0.47034
0.47762
0.47236
0.46922
0.46876
0.47636
0.47758
0.4793
0.47304
0.47284
0.48102
0.48382
0.47554
0.47952
0.47284
0.48118
0.47854
0.48382
0.48906
0.47436
0.47244
0.4732
0.47754
0.46928
0.47764
0.4853
0.47138
0.46984
0.46766
0.48684
0.47786
0.48176
0.47444
0.47406
0.48712
0.48662
0.48056
0.48382
0.48794
0.47858
0.47616
0.4889
0.48454
0.48004
0.4771
0.47368
0.47854
0.47854
0.47728
0.4761
0.4853
0.48438
0.47892
0.47586
0.48024
0.48488
0.48384
0.47712
0.47412
0.47444
0.47448
0.47598
0.4765
0.47292
0.48064
0.47368
0.4824
0.48902
0.48482
0.47888
0.48322
0.47682
0.47652
0.48018
0.47918
0.47366
0.48236
0.48128
0.4766
0.47954
0.47202
0.47244
0.47566
0.47594
0.4767
0.48262
0.4814
0.46794
0.47686
0.4735
0.4742
0.47724
0.47706
0.4755
0.47682
0.48002
0.48982
0.4735
0.47716
0.4853
0.47968
0.4841
0.47084
0.48188
0.47584
0.48022
0.4735
0.48132
0.47692
0.48312
0.4716
0.4741
0.4729
0.48032
0.48
0.48528
0.4731
0.47554
0.47976
0.48066
0.47902
0.47512
0.47396
0.48118
0.47178
0.47294
0.47998
0.4868
0.4781
0.47414
0.47782
0.47762
0.4771
0.48326
0.48208
0.47652
0.47862
0.47644
0.46984
0.4814
0.47718
0.47362
0.47734
0.48394
0.47888
0.47228
0.47858
0.47986
0.47156
0.47034
0.47264
0.46832
0.48738
0.49244
0.48278
0.4761
0.47922
0.47648
0.4847
0.46726
0.48558
0.47982
0.4799
0.48418
0.47728
0.485
0.48206
0.47642
0.48412
0.47128
0.4764
0.47364
0.48194
0.48118
0.47708
0.47778
0.4765
0.47914
0.47646
0.47782
0.488
0.4777
0.48216
0.48134
0.4766
0.47502
0.48442
0.47092
0.48244
0.48382
0.4814
0.47296
0.48422
0.47556
0.48164
0.48002
0.4825
0.4838
0.4842
0.48338
0.47558
0.47718
0.47722
0.4796
0.4895
0.47542
0.4795
0.48394
0.48012
0.48774
0.48032
0.4827
0.46746
0.48272
0.47786
0.48136
0.47788
0.4731
0.47826
0.46766
0.47312
0.47942
0.4724
0.47854
0.47924
0.48194
0.47588
0.48222
0.48286
0.47548
0.48374
0.47256
0.47516
0.4782
0.48232
0.47322
0.4798
0.48342
0.48738
0.466
0.47306
0.47222
0.47198
0.48508
0.47372
0.47706
0.4741
0.47808
0.473
0.48444
0.47262
0.48488
0.48014
0.47574
0.48798
0.48896
0.48048
0.48442
0.47776
0.47798
0.47396
0.47696
0.48008
0.47946
0.4626
0.47706
0.4785
0.48092
0.46916
0.4713
0.47794
0.48666
0.47448
0.47452
0.48446
0.48896
0.4803
0.48884
0.48452
0.47458
0.47702
0.48084
0.47252
0.47498
0.47752
0.48128
0.47454
0.47594
0.47458
0.47434
0.47212
0.48082
0.47324
0.47526
0.47638
0.47508
0.48298
0.47982
0.47526
0.47718
0.47836
0.46958
0.47692
0.47834
0.48096
0.47498
0.46424
0.47324
0.48448
0.48176
0.48544
0.4768
0.47914
0.47784
0.47964
0.4907
0.48488
0.48002
0.48376
0.48436
0.48084
0.48376
0.47974
0.48658
0.48376
0.47758
0.4773
0.47918
0.47722
0.4796
0.47648
0.47488
0.48216
0.47182
0.47638
0.47508
0.47728
0.47914
0.48364
0.47262
0.47748
0.47556
0.47026
0.48022
0.47616
0.47414
0.48562
0.4874
0.48086
0.4783
0.47738
0.4868
0.47584
0.48186
0.48642
0.4696
0.47924
0.48282
0.48382
0.48078
0.48034
0.47138
0.48158
0.48712
0.47968
0.47368
0.48
0.48024
0.4761
0.47586
0.4765
0.46832
0.47378
0.47814
0.47312
0.4729
0.47186
0.47262
0.47478
0.47814
0.49296
0.48892
0.47416
0.47976
0.48142
0.4816
0.47496
0.47766
0.4755
0.48272
0.48714
0.4803
0.48188
0.47612
0.48326
0.47114
0.4758
0.48156
0.48062
0.4827
0.4821
0.47532
0.4716
0.47988
0.48134
0.48526
0.47804
0.48196
0.48412
0.47432
0.4735
0.48452
0.48414
0.48416
0.47754
0.47918
0.46972
0.47234
0.48284
0.47534
0.47698
0.4723
0.48694
0.48958
0.47742
0.48354
0.47434
0.48218
0.48278
0.48578
0.48552
0.48022
0.47744
0.47962
0.48122
0.47624
0.48076
0.48332
0.48222
0.47372
0.47494
0.47014
0.47186
0.48278
0.47104
0.4892
0.4841
0.48634
0.47856
0.47488
0.48582
0.47632
0.48448
0.47262
0.48136
0.48354
0.48022
0.48056
0.479
0.47742
0.49012
0.4769
0.47502
0.4709
0.48044
0.47874
0.47596
0.48062
0.48236
0.47686
0.47868
0.47564
0.47418
0.479
0.48402
0.47188
0.48068
0.47368
0.48018
0.48
0.48052
0.47766
0.4734
0.47806
0.47764
0.48208
0.48046
0.48444
0.47926
0.47046
0.4723
0.4771
0.47444
0.47526
0.47792
0.48032
0.47794
0.47866
0.46872
0.47632
0.48124
0.47152
0.47952
0.47976
0.48076
0.4769
0.48198
0.4814
0.48314
0.47974
0.47546
0.4895
0.4838
0.47744
0.47656
0.46538
0.47948
0.47706
0.47972
0.47576
0.48292
0.4771
0.47312
0.48366
0.48088
0.46238
0.474
0.47654
0.4767
0.47882
0.46724
0.47506
0.47298
0.47548
0.47238
0.47012
0.47722
0.48826
0.47576
0.45878
0.47548
0.47006
0.4776
0.48778
0.48002
0.47464
0.47006
0.47386
0.47002
0.4702
0.46726
0.47668
0.48606
0.4808
0.47188
0.48982
0.48464
0.48462
0.47328
0.4738
0.4716
0.47598
0.4777
0.4829
0.47172
0.48032
0.47906
0.4911
0.48268
0.48072
0.47476
0.48076
0.48012
0.47668
0.4809
0.48078
0.48458
0.47714
0.47692
0.47502
0.47584
0.46926
0.47254
0.48076
0.48024
0.47752
0.48048
0.48036
0.4755
0.47938
0.48504
0.47832
0.47318
0.47158
0.47652
0.47696
0.47216
0.48078
0.48418
0.47264
0.48128
0.46782
0.4715
0.47928
0.47176
0.4794
0.47892
0.4792
0.48598
0.48314
0.4827
0.47436
0.48138
0.47888
0.47556
0.47814
0.46972
0.47306
0.47172
0.47304
0.48484
0.48044
0.48088
0.4758
0.47834
0.48536
0.47888
0.47464
0.47674
0.47828
0.48076
0.47902
0.47828
0.47792
0.47682
0.4706
0.48372
0.47188
0.48674
0.4816
0.4839
0.47518
0.48012
0.4786
0.48182
0.4785
0.48254
0.48098
0.4739
0.47066
0.48014
0.47674
0.4703
0.47334
0.47692
0.47688
0.47338
0.4832
0.47826
0.485
0.48366
0.48092
0.4709
0.47382
0.48264
0.48054
0.47406
0.47294
0.4838
0.47706
0.47264
0.4794
0.4856
0.47854
0.48044
0.46892
0.48186
0.47754
0.4827
0.47632
0.4743
0.47406
0.47934
0.47964
0.47896
0.4732
0.47618
0.4812
0.48314
0.47726
0.47954
0.48074
0.48064
0.4834
0.47626
0.47614
0.4832
0.48458
0.47758
0.48614
0.48574
0.47654
0.4694
0.47992
0.48414
0.47698
0.46716
0.47554
0.4828
0.47062
0.48114
0.47692
0.4758
0.47566
0.48358
0.47222
0.48006
0.47442
0.4866
0.48046
0.47186
0.48136
0.48348
0.48022
0.4811
0.47788
0.47436
0.48246
0.48028
0.48586
0.479
0.49604
0.48086
0.47642
0.48074
0.48328
0.48912
0.46914
0.47834
0.48936
0.48304
0.48222
0.47452
0.47702
0.48166
0.47268
0.48164
0.4787
0.48806
0.48646
0.48634
0.4719
0.4737
0.48518
0.4742
0.47862
0.47834
0.48422
0.48964
0.48102
0.47258
0.47738
0.47478
0.4819
0.47892
0.48288
0.47554
0.48046
0.47016
0.4869
0.48138
0.48028
0.47552
0.47558
0.47656
0.4787
0.4775
0.48016
0.48262
0.48118
0.48302
0.48074
0.48054
0.47054
0.48752
0.48332
0.47418
0.47864
0.47854
0.4708
0.4801
0.4762
0.47096
0.47794
0.47886
0.48916
0.48
0.47462
0.47596
0.47654
0.47618
0.47782
0.47514
0.47694
0.49078
0.48354
0.47284
0.47292
0.47422
0.47396
0.4742
0.47838
0.47064
0.48134
0.47832
0.47624
0.4722
0.4744
0.47596
0.48428
0.48314
0.47838
0.48212
0.48086
0.47568
0.47362
0.47938
0.48534
0.48556
0.47836
0.49228
0.48998
0.48282
0.47806
0.4747
0.47964
0.48224
0.48168
0.47522
0.48418
0.47792
0.48076
0.47808
0.4749
0.47902
0.4697
0.47084
0.47774
0.47438
0.47688
0.48878
0.47974
0.48684
0.4813
0.46896
0.47618
0.4893
0.47456
0.48646
0.48018
0.47704
0.47762
0.47416
0.47716
0.48072
0.48286
0.4707
0.48574
0.47782
0.48098
0.49046
0.47692
0.47492
0.47662
0.47412
0.47836
0.47748
0.47044
0.47754
0.47238
0.47902
0.4775
0.48306
0.47754
0.468
0.47512
0.4882
0.4833
0.47948
0.47376
0.47994
0.48556
0.48012
0.47434
0.47194
0.49068
0.47584
0.47006
0.48536
0.47488
0.47982
0.48072
0.47666
0.47686
0.4819
0.47716
0.48406
0.483
0.47266
0.47914
0.47574
0.47346
0.4772
0.47332
0.47532
0.48
0.47918
0.47778
0.47396
0.47712
0.49102
0.48242
0.48382
0.46954
0.48434
0.48052
0.4857
0.47132
0.4771
0.48116
0.47352
0.46686
0.48108
0.47922
0.4688
0.47924
0.48522
0.47962
0.4586
0.47922
0.48018
0.48708
0.48664
0.4863
0.48198
0.477
0.48142
0.48042
0.47514
0.48014
0.4795
0.48388
0.47908
0.47048
0.46838
0.47056
0.4715
0.47434
0.48136
0.48094
0.47924
0.472
0.47948
0.4753
0.47702
0.48496
0.477
0.46964
0.47738
0.47372
0.48182
0.47436
0.47558
0.467
0.48232
0.48234
0.48172
0.47852
0.46958
0.47312
0.47034
0.48172
0.48364
0.48414
0.47946
0.48452
0.4799
0.4863
0.48342
0.47316
0.47608
0.48358
0.48728
0.48028
0.47452
0.4764
0.48026
0.48092
0.47714
0.47724
0.47502
0.478
0.48782
0.48256
0.47402
0.47734
0.48298
0.47652
0.47022
0.47518
0.47092
0.47048
0.48204
0.4775
0.47404
0.46678
0.47966
0.47982
0.4785
0.48682
0.4839
0.48056
0.476
0.47692
0.47782
0.47716
0.48366
0.48394
0.47644
0.47824
0.47666
0.47816
0.46572
0.46814
0.47778
0.48246
0.48018
0.46758
0.47716
0.47626
0.48514
0.48472
0.47628
0.48168
0.47898
0.48376
0.4762
0.48228
0.47502
0.47414
0.47432
0.4713
0.46808
0.4755
0.46802
0.48092
0.47022
0.48448
0.4771
0.46982
0.47604
0.47602
0.48114
0.47746
0.4756
0.47308
0.47716
0.48066
0.47762
0.48268
0.4797
0.47824
0.48004
0.48096
0.47608
0.47772
0.48224
0.48178
0.47556
0.4803
0.49226
0.48042
0.47238
0.46938
0.47428
0.47192
0.48722
0.48302
0.4733
0.48174
0.47452
0.47602
0.4781
0.48362
0.48196
0.47232
0.4781
0.4735
0.47374
0.47996
0.47566
0.47422
0.4791
0.48348
0.47952
0.47906
0.47936
0.48412
0.48868
0.47934
0.48584
0.48246
0.48242
0.48172
0.47792
0.48574
0.4798
0.48058
0.48284
0.48058
0.47124
0.47928
0.47554
0.47642
0.4826
0.47788
0.47638
0.48234
0.48628
0.4818
0.46972
0.4793
0.4869
0.48286
0.4775
0.47852
0.47714
0.48524
0.4745
0.47392
0.47352
0.48034
0.48032
0.47134
0.47508
0.4865
0.4751
0.47788
0.47622
0.48416
0.48126
0.48028
0.4846
0.47652
0.48198
0.4705
0.48192
0.48228
0.47922
0.47576
0.47446
0.48358
0.478
0.486
0.4793
0.47238
0.48414
0.47716
0.48042
0.48828
0.47772
0.48064
0.47928
0.47172
0.47628
0.47308
0.4642
0.48052
0.48758
0.48206
0.47402
0.48152
0.47628
0.48502
0.48378
0.47896
0.486
0.478
0.4729
0.47394
0.47746
0.47702
0.4684
0.47936
0.48286
0.47968
0.4844
0.48154
0.47486
0.48506
0.48026
0.48546
0.47678
0.47956
0.46914
0.4784
0.49066
0.47736
0.47176
0.47772
0.48212
0.48156
0.48014
0.4767
0.48314
0.4851
0.46988
0.48426
0.4794
0.47046
0.48066
0.46698
0.47318
0.47004
0.47606
0.48304
0.48562
0.47458
0.4741
0.48916
0.48458
0.48824
0.48054
0.47648
0.47978
0.48302
0.47856
0.4728
0.48598
0.4786
0.49324
0.48058
0.48104
0.4768
0.4828
0.47992
0.47598
0.47596
0.47982
0.47694
0.4864
0.47748
0.46842
0.4841
0.47646
0.47948
0.48214
0.4821
0.47074
0.48202
0.47646
0.47788
0.47846
0.47804
0.47608
0.47442
0.47784
0.4774
0.47954
0.47184
0.47602
0.47156
0.47176
0.47836
0.47428
0.48284
0.48324
0.47126
0.48008
0.47658
0.47976
0.47748
0.47732
0.48302
0.47228
0.47918
0.47442
0.47922
0.4827
0.47278
0.47498
0.47356
0.46812
0.47618
0.46738
0.47476
0.49044
0.48462
0.48158
0.48252
0.47754
0.47548
0.48572
0.4859
0.47894
0.47216
0.47374
0.468
0.48474
0.47314
0.47558
0.47942
0.47876
0.47174
0.47326
0.48144
0.48524
0.47192
0.47682
0.48436
0.47486
0.47886
0.47164
0.47774
0.46978
0.46582
0.47198
0.47016
0.47612
0.47484
0.48182
0.47314
0.4823
0.48434
0.4809
0.4752
0.47594
0.48644
0.48368
0.47962
0.48126
0.4847
0.48376
0.47196
0.47774
0.48512
0.47574
0.48064
0.4798
0.46328
0.48448
0.47056
0.48154
0.4937
0.47302
0.47672
0.4719
0.48198
0.46776
0.478
0.48034
0.48584
0.4731
0.47682
0.47562
0.48116
0.49002
0.47728
0.47742
0.47266
0.47812
0.4824
0.47716
0.47322
0.48408
0.49066
0.47574
0.4725
0.47976
0.47802
0.48522
0.47828
0.47046
0.47564
0.48462
0.48562
0.47878
0.48092
0.47224
0.4834
0.4831
0.47782
0.48158
0.48284
0.47638
0.48308
0.48086
0.4836
0.48438
0.48154
0.47444
0.47996
0.47424
0.47452
0.47706
0.4779
0.4833
0.48584
0.48178
0.47736
0.47868
0.48448
0.4698
0.48402
0.48632
0.48762
0.48098
0.47766
0.4867
0.48514
0.48614
0.4698
0.47432
0.46658
0.48258
0.48904
0.48602
0.47468
0.48386
0.4889
0.4813
0.4756
0.47758
0.47984
0.48496
0.47716
0.4853
0.47492
0.47468
0.4675
0.47314
0.4759
0.48934
0.47808
0.4788
0.4773
0.47972
0.4752
0.47112
0.47504
0.49098
0.47528
0.47436
0.47574
0.4806
0.48448
0.4864
0.48528
0.4815
0.46512
0.47518
0.47796
0.47778
0.47722
0.48246
0.47754
0.48336
0.48666
0.48058
0.483
0.4827
0.47958
0.47098
0.47226
0.47602
0.47666
0.47264
0.47918
0.4767
0.48086
0.48346
0.48092
0.4709
0.48352
0.4789
0.4805
0.4785
0.47518
0.476
0.47616
0.47658
0.47394
0.47626
0.48234
0.4831
0.47272
0.47542
0.48772
0.4762
0.48594
0.47436
0.47602
0.4803
0.47766
0.48102
0.47532
0.4813
0.48272
0.48166
0.47316
0.47534
0.47782
0.48652
0.48916
0.46732
0.47696
0.47532
0.48628
0.4777
0.48256
0.47624
0.46922
0.47324
0.4741
0.47704
0.47666
0.48046
0.479
0.47106
0.4824
0.46846
0.48028
0.48256
0.47954
0.47746
0.48108
0.47674
0.48142
0.47262
0.4753
0.4782
0.48136
0.4838
0.48154
0.47804
0.47908
0.47462
0.47322
0.48344
0.47302
0.47292
0.47276
0.4729
0.4788
0.48564
0.47814
0.4799
0.48552
0.46516
0.47464
0.48088
0.47058
0.47578
0.47102
0.47582
0.47434
0.48478
0.47582
0.47258
0.4818
0.48316
0.47404
0.4812
0.48034
0.46878
0.47742
0.479
0.47978
0.4715
0.48138
0.478
0.47776
0.4718
0.4748
0.4806
0.47692
0.48002
0.47286
0.4788
0.4883
0.47942
0.48586
0.47676
0.46932
0.47706
0.48724
0.4798
0.48294
0.48684
0.483
0.48176
0.47642
0.48088
0.4741
0.47788
0.48274
0.48222
0.4788
0.47636
0.4868
0.48032
0.48082
0.4713
0.48892
0.48072
0.49192
0.47388
0.47714
0.4841
0.47216
0.48336
0.48646
0.47062
0.48604
0.47956
0.47788
0.47808
0.47166
0.47624
0.47556
0.48244
0.4777
0.48242
0.47934
0.48398
0.47858
0.47826
0.4821
0.4784
0.47218
0.47464
0.4724
0.48566
0.48342
0.47442
0.47582
0.46806
0.47634
0.47278
0.4743
0.48336
0.47214
0.47992
0.47274
0.48226
0.47108
0.47408
0.48148
0.47408
0.47126
0.48266
0.47936
0.47574
0.48008
0.47002
0.48522
0.47874
0.48052
0.47654
0.48208
0.4733
0.48082
0.47718
0.48438
0.47348
0.47482
0.48578
0.47638
0.47602
0.47944
0.47258
0.472
0.48134
0.48394
0.47296
0.48244
0.48014
0.48288
0.47986
0.47592
0.47706
0.48388
0.4779
0.47146
0.4866
0.47134
0.47036
0.48496
0.48308
0.47648
0.48164
0.48424
0.47914
0.48694
0.47936
0.4744
0.48176
0.4711
0.47694
0.47788
0.48108
0.47804
0.48594
0.47876
0.47348
0.4838
0.48094
0.47446
0.48008
0.47638
0.48494
0.47414
0.48088
0.47708
0.48182
0.47534
0.46918
0.47976
0.48524
0.48368
0.47188
0.47392
0.47528
0.48686
0.48422
0.47524
0.48224
0.47598
0.47196
0.48034
0.47408
0.47296
0.478
0.48658
0.46872
0.47198
0.4837
0.48848
0.47924
0.478
0.48038
0.47378
0.47536
0.47534
0.47854
0.48698
0.47638
0.48922
0.48186
0.48594
0.48358
0.48702
0.48204
0.47456
0.46828
0.48836
0.47934
0.47372
0.47834
0.47672
0.47258
0.47996
0.4757
0.48148
0.47432
0.47782
0.47942
0.48088
0.47936
0.48902
0.46912
0.48128
0.4732
0.48676
0.47456
0.48188
0.47842
0.47446
0.4791
0.48196
0.47818
0.48034
0.4743
0.4761
0.48228
0.4739
0.47574
0.47236
0.47588
0.4825
0.47182
0.48334
0.47312
0.48576
0.47546
0.4787
0.48462
0.47204
0.47174
0.4752
0.47154
0.47644
0.47984
0.47964
0.4792
0.47624
0.48644
0.47236
0.47042
0.48734
0.4919
0.48184
0.48458
0.47802
0.47336
0.48216
0.47394
0.48524
0.47466
0.47834
0.4808
0.47492
0.4664
0.47168
0.47564
0.47962
0.49376
0.48068
0.48174
0.47668
0.475
0.47568
0.4864
0.47738
0.47698
0.48138
0.47948
0.47894
0.47534
0.47222
0.47592
0.48592
0.47238
0.48476
0.47614
0.48694
0.48024
0.48744
0.48338
0.48184
0.4779
0.4868
0.47748
0.48382
0.47858
0.46342
0.47548
0.4639
0.47566
0.47706
0.47828
0.46956
0.47224
0.47958
0.47376
0.48514
0.47972
0.47714
0.48212
0.48404
0.46996
0.48034
0.47422
0.48052
0.47418
0.4796
0.48076
0.47356
0.47452
0.47134
0.47952
0.47454
0.47874
0.47514
0.4817
0.47594
0.4678
0.46876
0.4727
0.47848
0.47724
0.47892
0.47562
0.48156
0.4771
0.47772
0.47768
0.47484
0.4826
0.4713
0.47582
0.48044
0.47174
0.48742
0.47956
0.48048
0.47326
0.48458
0.47014
0.47176
0.47168
0.48248
0.47586
0.48182
