0.11656
0.1241
0.1016
0.12504
0.10732
0.11378
0.10366
0.1171
0.12138
0.11554
0.11346
0.12016
0.12014
0.11662
0.12004
0.1141
0.11454
0.11862
0.117
0.10776
0.11922
0.11528
0.11162
0.11526
0.1048
0.12382
0.11982
0.11014
0.10714
0.1113
0.10016
0.1113
0.11248
0.10836
0.11042
0.11698
0.11302
0.12564
0.11628
0.11678
0.11772
0.11672
0.13032
0.12154
0.12318
0.11262
0.11424
0.11488
0.11056
0.11974
0.11376
0.12588
0.1166
0.1243
0.11758
0.1186
0.11284
0.13048
0.12164
0.11928
0.1203
0.11696
0.11532
0.11574
0.10478
0.12554
0.12866
0.12202
0.11822
0.12118
0.12032
0.12238
0.11854
0.10416
0.11052
0.11372
0.11114
0.10838
0.10948
0.1204
0.12376
0.11566
0.11344
0.12402
0.1219
0.1117
0.11614
0.12492
0.1219
0.12408
0.11216
0.12418
0.1192
0.13112
0.12328
0.12724
0.11338
0.10694
0.10412
0.1055
0.11
0.12316
0.11956
0.11748
0.10926
0.11424
0.11626
0.1204
0.11736
0.12126
0.11194
0.11834
0.1144
0.1132
0.11316
0.10244
0.1205
0.1116
0.10832
0.10238
0.12124
0.11472
0.11672
0.1078
0.12524
0.10876
0.1307
0.11102
0.11014
0.11348
0.12126
0.12254
0.12058
0.11244
0.12282
0.12934
0.11654
0.11604
0.11132
0.11648
0.12198
0.12498
0.12258
0.12588
0.11662
0.11606
0.11868
0.1181
0.12726
0.11164
0.12192
0.11326
0.12238
0.12388
0.12428
0.11718
0.11654
0.11872
0.11918
0.11974
0.10714
0.11382
0.11202
0.10864
0.1223
0.11488
0.11176
0.11452
0.12264
0.11336
0.1193
0.11982
0.1024
0.11252
0.11792
0.11728
0.10722
0.12078
0.10338
0.11188
0.12076
0.11858
0.11458
0.11588
0.12444
0.11742
0.11236
0.10964
0.10748
0.10602
0.1104
0.0984
0.1071
0.12292
0.12018
0.1255
0.11502
0.11354
0.11838
0.11888
0.11224
0.11324
0.1095
0.11444
0.10598
0.12372
0.12228
0.11464
0.11284
0.11586
0.10802
0.12136
0.10956
0.1159
0.11888
0.12154
0.11222
0.12044
0.11638
0.11598
0.11596
0.11034
0.11476
0.10666
0.10902
0.11452
0.11548
0.11454
0.11532
0.1204
0.09992
0.1213
0.11486
0.11626
0.11344
0.10334
0.1107
0.11776
0.1044
0.10592
0.12706
0.1114
0.1094
0.11698
0.11428
0.12166
0.12092
0.11064
0.12202
0.12504
0.11168
0.10662
0.11388
0.10944
0.10834
0.1219
0.11658
0.10874
0.12276
0.09942
0.09666
0.11222
0.12344
0.11674
0.11718
0.11258
0.12254
0.12456
0.11202
0.11024
0.11134
0.11356
0.10396
0.10908
0.11922
0.11916
0.11198
0.11252
0.12054
0.11276
0.12248
0.11008
0.10954
0.10726
0.11706
0.12354
0.11644
0.1132
0.11312
0.1224
0.12028
0.12324
0.11444
0.11294
0.12442
0.11368
0.11496
0.11882
0.11308
0.11024
0.10834
0.10812
0.10818
0.11044
0.12678
0.10272
0.11208
0.10568
0.11262
0.12244
0.12318
0.1122
0.1076
0.10818
0.1086
0.1028
0.10814
0.10668
0.11212
0.11748
0.11006
0.11634
0.10826
0.10068
0.10998
0.11384
0.11208
0.12248
0.10822
0.11312
0.12126
0.11824
0.10498
0.11552
0.12052
0.1236
0.1136
0.11582
0.11374
0.11716
0.11466
0.11618
0.1165
0.1168
0.1215
0.10858
0.10936
0.11664
0.13148
0.11308
0.12212
0.11262
0.11418
0.10302
0.10906
0.11464
0.12032
0.11474
0.1016
0.09928
0.1142
0.11256
0.11582
0.10664
0.10522
0.11424
0.10956
0.11472
0.12154
0.12102
0.11628
0.11788
0.1176
0.11214
0.11
0.10976
0.11718
0.11078
0.11628
0.1215
0.12086
0.1027
0.1134
0.12428
0.12034
0.1179
0.104
0.1054
0.0976
0.12246
0.12774
0.11778
0.11638
0.11496
0.1277
0.10656
0.11022
0.1247
0.11676
0.11842
0.11394
0.10584
0.11712
0.12106
0.12022
0.11416
0.11828
0.1198
0.1181
0.11286
0.12336
0.12424
0.1242
0.11628
0.12808
0.11726
0.10952
0.0936
0.1116
0.126
0.11562
0.11744
0.10772
0.11562
0.11888
0.11142
0.1109
0.1074
0.11008
0.11146
0.11892
0.11854
0.11462
0.10578
0.11208
0.11228
0.11424
0.112
0.11076
0.11606
0.10834
0.12454
0.11238
0.11236
0.12406
0.1275
0.1227
0.11954
0.11276
0.1146
0.11246
0.11006
0.11264
0.11046
0.11652
0.11652
0.11638
0.10364
0.11962
0.11152
0.12468
0.11328
0.11794
0.12496
0.1145
0.11798
0.10856
0.1186
0.10984
0.11176
0.11392
0.1185
0.1211
0.11408
0.10098
0.10948
0.1114
0.1088
0.11616
0.12048
0.12102
0.11238
0.11856
0.12332
0.11292
0.1079
0.10852
0.11256
0.10316
0.11802
0.1122
0.12208
0.11164
0.12236
0.11706
0.1116
0.1049
0.1089
0.11822
0.11506
0.12014
0.12582
0.1111
0.10366
0.11206
0.11762
0.11556
0.1087
0.12056
0.11016
0.12566
0.12084
0.11308
0.11368
0.11164
0.1132
0.11616
0.11492
0.1134
0.11722
0.12236
0.11766
0.11714
0.10646
0.11468
0.10642
0.10998
0.11374
0.11516
0.11018
0.1151
0.11542
0.1156
0.11326
0.11972
0.11416
0.11556
0.10286
0.11264
0.10466
0.11422
0.11844
0.12622
0.11786
0.12078
0.10478
0.11962
0.13636
0.12766
0.10808
0.1117
0.12312
0.11192
0.10504
0.10378
0.11838
0.11528
0.11336
0.11924
0.11288
0.12746
0.10614
0.11696
0.11842
0.11346
0.10946
0.1081
0.10866
0.11006
0.12252
0.1245
0.11264
0.10994
0.1053
0.11456
0.11174
0.11106
0.11998
0.10982
0.11898
0.10538
0.11062
0.124
0.12132
0.11916
0.12096
0.10884
0.11876
0.12192
0.10618
0.11562
0.11902
0.12622
0.10982
0.1184
0.11694
0.11726
0.11778
0.11328
0.1077
0.11674
0.11
0.10328
0.11732
0.11098
0.1187
0.11912
0.11398
0.10864
0.12052
0.11484
0.11966
0.10746
0.10516
0.11728
0.10596
0.11722
0.11352
0.11736
0.10322
0.1007
0.1172
0.11388
0.10654
0.11638
0.11608
0.12178
0.11064
0.11458
0.11482
0.1115
0.10428
0.10414
0.10206
0.11714
0.11586
0.11714
0.12612
0.10534
0.10858
0.11748
0.12502
0.11842
0.10512
0.12088
0.1255
0.11464
0.12564
0.12516
0.11348
0.10624
0.12414
0.11014
0.1109
0.1226
0.12594
0.13106
0.12486
0.11906
0.12274
0.11554
0.11988
0.1198
0.11204
0.11974
0.1193
0.11008
0.10046
0.11224
0.11654
0.11182
0.10372
0.10598
0.1071
0.11342
0.11864
0.12574
0.11822
0.12226
0.12604
0.11866
0.11968
0.12218
0.12838
0.11896
0.10904
0.11198
0.09908
0.11696
0.12104
0.11532
0.11004
0.12208
0.11398
0.11434
0.11434
0.10858
0.10878
0.1107
0.1085
0.1173
0.11912
0.1185
0.12664
0.11548
0.10704
0.11756
0.1168
0.10026
0.11498
0.1143
0.12598
0.1208
0.1093
0.12154
0.12824
0.12322
0.11464
0.12408
0.11426
0.1161
0.11132
0.10832
0.10838
0.09604
0.1107
0.10448
0.11108
0.11618
0.12032
0.11062
0.11798
0.1181
0.11376
0.1207
0.11546
0.11122
0.11256
0.11958
0.12726
0.11638
0.12416
0.12078
0.11232
0.11472
0.10986
0.10342
0.11158
0.11178
0.11368
0.1184
0.11996
0.11602
0.12796
0.1133
0.11466
0.1132
0.10814
0.10528
0.1191
0.11614
0.1137
0.11588
0.10902
0.1064
0.11678
0.11774
0.1111
0.10404
0.11368
0.1066
0.10514
0.13162
0.10972
0.10874
0.11578
0.11048
0.10496
0.10896
0.12368
0.11958
0.12142
0.11976
0.12408
0.11758
0.1028
0.11668
0.12254
0.12158
0.10852
0.09836
0.11446
0.12358
0.12076
0.11198
0.11972
0.11944
0.11194
0.11092
0.10512
0.11114
0.11298
0.11684
0.11496
0.10706
0.11436
0.10856
0.11318
0.11076
0.10584
0.11876
0.11354
0.1243
0.11594
0.11946
0.1039
0.11594
0.1198
0.11582
0.11584
0.11492
0.1165
0.1099
0.11406
0.12898
0.11354
0.1281
0.11754
0.11246
0.10908
0.10836
0.11762
0.11568
0.10324
0.12272
0.11328
0.10826
0.12402
0.11142
0.10974
0.10812
0.1208
0.10788
0.113
0.11394
0.11252
0.10838
0.11454
0.11976
0.1228
0.11162
0.10718
0.11728
0.1163
0.12188
0.12356
0.1021
0.10598
0.11432
0.11302
0.12044
0.10462
0.11816
0.11746
0.11974
0.11016
0.1063
0.10458
0.11628
0.1187
0.12402
0.10664
0.11032
0.1252
0.12088
0.11102
0.1096
0.12014
0.13036
0.11154
0.13016
0.11644
0.1153
0.11068
0.11818
0.11618
0.11232
0.12248
0.11108
0.12204
0.101
0.11002
0.1173
0.11252
0.11838
0.1158
0.12324
0.11768
0.1198
0.11466
0.1079
0.12132
0.12102
0.10712
0.10574
0.11082
0.10808
0.09776
0.10648
0.12598
0.1144
0.12678
0.12344
0.11502
0.10372
0.11304
0.12386
0.11742
0.11336
0.11632
0.11536
0.10566
0.1051
0.11846
0.10966
0.1127
0.11596
0.11514
0.12098
0.12558
0.11888
0.11326
0.12104
0.10894
0.11668
0.1137
0.11722
0.11562
0.11976
0.1191
0.11862
0.11398
0.12164
0.11692
0.11192
0.11472
0.12554
0.12486
0.10658
0.1219
0.1192
0.11156
0.11534
0.12514
0.11546
0.1092
0.11022
0.11748
0.11462
0.11852
0.1285
0.1194
0.11792
0.11982
0.11934
0.11396
0.11568
0.11812
0.1149
0.11204
0.1142
0.11578
0.10186
0.12062
0.11394
0.11458
0.1243
0.1138
0.11686
0.10816
0.11148
0.11146
0.1097
0.11214
0.12554
0.11838
0.11066
0.10992
0.1131
0.11698
0.11308
0.11064
0.1104
0.13388
0.12792
0.12874
0.11016
0.12826
0.12416
0.11084
0.1131
0.11472
0.12438
0.11914
0.11866
0.11606
0.10708
0.12566
0.11174
0.11998
0.10872
0.1041
0.12084
0.11792
0.1157
0.10988
0.11352
0.1163
0.10576
0.12
0.10964
0.09938
0.11478
0.12094
0.10902
0.1162
0.10676
0.11164
0.11122
0.1089
0.12112
0.11714
0.12702
0.10818
0.11236
0.12352
0.11012
0.11468
0.11746
0.1208
0.1138
0.1046
0.10818
0.11034
0.1196
0.1136
0.11676
0.11622
0.12304
0.11598
0.11884
0.10854
0.1183
0.11614
0.11314
0.1226
0.12308
0.11848
0.12352
0.12138
0.10874
0.12124
0.12036
0.12518
0.12184
0.12242
0.11598
0.11668
0.11466
0.10514
0.12468
0.11906
0.1086
0.11032
0.11552
0.12964
0.11096
0.11802
0.11678
0.12046
0.1189
0.12144
0.10836
0.11414
0.11658
0.11488
0.11348
0.12194
0.11526
0.11748
0.11798
0.11936
0.1152
0.1103
0.10776
0.1202
0.1208
0.1093
0.10988
0.1099
0.11694
0.11976
0.11644
0.1172
0.12318
0.11146
0.11046
0.10192
0.11784
0.10744
0.11642
0.1157
0.11564
0.1157
0.11932
0.11694
0.11912
0.12444
0.12334
0.10862
0.11342
0.11336
0.11928
0.10948
0.12022
0.11956
0.11578
0.11816
0.1244
0.12474
0.13032
0.12
0.12502
0.11176
0.10572
0.11432
0.09974
0.11376
0.12288
0.11704
0.11378
0.11892
0.1162
0.11194
0.1074
0.12366
0.12134
0.11764
0.11966
0.10638
0.11346
0.11176
0.12268
0.0959
0.10884
0.12358
0.1242
0.1145
0.11678
0.11138
0.1193
0.10608
0.11374
0.12118
0.11434
0.11536
0.11704
0.1171
0.1177
0.10804
0.10708
0.1194
0.12236
0.11856
0.13102
0.11942
0.11394
0.12018
0.11478
0.10736
0.11866
0.12038
0.11848
0.11368
0.11424
0.10702
0.1139
0.11232
0.11714
0.11666
0.10812
0.11544
0.12398
0.1171
0.11874
0.12086
0.11392
0.11436
0.12382
0.10798
0.10936
0.10924
0.11734
0.11266
0.11682
0.11172
0.12178
0.11016
0.1202
0.11534
0.121
0.1197
0.11312
0.12538
0.11542
0.1186
0.11698
0.1122
0.11118
0.117
0.11416
0.12602
0.13092
0.10742
0.11082
0.11242
0.1098
0.1133
0.112
0.11098
0.11494
0.1116
0.11864
0.11618
0.11906
0.1117
0.10696
0.11868
0.10982
0.11808
0.12018
0.10802
0.10046
0.1138
0.116
0.11688
0.11562
0.10632
0.11064
0.11394
0.1157
0.11972
0.1225
0.1149
0.11948
0.11484
0.11268
0.11448
0.11058
0.1256
0.10724
0.11814
0.12026
0.11146
0.11256
0.12304
0.108
0.10782
0.09952
0.10494
0.10848
0.11128
0.10398
0.10672
0.10998
0.1171
0.10386
0.1077
0.1094
0.12352
0.10984
0.11788
0.11916
0.11824
0.11128
0.12556
0.11948
0.11562
0.10794
0.10496
0.11726
0.12456
0.11774
0.1117
0.11586
0.1124
0.12084
0.11882
0.1163
0.1132
0.11572
0.12098
0.1177
0.11774
0.11308
0.09644
0.10958
0.11368
0.11198
0.11186
0.11692
0.11828
0.1218
0.11916
0.10066
0.09792
0.09844
0.11866
0.12332
0.1189
0.11546
0.12116
0.12068
0.10768
0.12518
0.10698
0.10236
0.1042
0.11924
0.10298
0.12724
0.11626
0.10692
0.1156
0.11412
0.12612
0.1191
0.12878
0.1147
0.12098
0.1172
0.1118
0.10738
0.11366
0.12534
0.10892
0.12038
0.1169
0.12068
0.11114
0.1156
0.1127
0.11904
0.11726
0.1277
0.12016
0.10822
0.10974
0.1064
0.10134
0.10958
0.11516
0.1242
0.1136
0.1191
0.11632
0.11282
0.10592
0.11818
0.12562
0.1012
0.1164
0.12202
0.1089
0.11322
0.1212
0.11296
0.11994
0.1136
0.12006
0.10986
0.11458
0.1144
0.1142
0.11764
0.12374
0.12072
0.1066
0.11544
0.11818
0.10858
0.12158
0.11556
0.1197
0.10166
0.12228
0.11248
0.10576
0.1072
0.12896
0.1281
0.10912
0.1165
0.1231
0.11524
0.11798
0.12314
0.10648
0.10774
0.10876
0.11384
0.11766
0.11354
0.10212
0.12164
0.10746
0.11492
0.12402
0.12526
0.0952
0.10846
0.11092
0.11978
0.11406
0.12104
0.11138
0.10154
0.11696
0.11646
0.11682
0.12364
0.11086
0.12136
0.11948
0.12532
0.11522
0.1136
0.11788
0.11874
0.11792
0.11484
0.11158
0.11938
0.1182
0.13254
0.12588
0.11646
0.12374
0.10486
0.11484
0.117
0.11562
0.11926
0.11864
0.10182
0.11058
0.12214
0.12424
0.11782
0.12022
0.1208
0.10138
0.11592
0.12612
0.11704
0.11568
0.11046
0.11976
0.114
0.1257
0.11184
0.10352
0.1121
0.11684
0.11228
0.11832
0.1211
0.12008
0.11622
0.1182
0.11166
0.12016
0.11104
0.11848
0.11346
0.117
0.11608
0.11014
0.10722
0.11984
0.12298
0.10486
0.1086
0.11172
0.10968
0.10804
0.11278
0.11214
0.11814
0.11458
0.11236
0.1093
0.11234
0.1133
0.12164
0.10648
0.11018
0.11474
0.11452
0.12096
0.11996
0.11452
0.11068
0.1047
0.11798
0.10196
0.12456
0.1272
0.12136
0.10928
0.11072
0.11422
0.11662
0.11242
0.11308
0.1041
0.1174
0.11208
0.1206
0.1052
0.11654
0.12676
0.12822
0.1286
0.11352
0.1133
0.11484
0.11226
0.12246
0.10836
0.11152
0.11858
0.1095
0.10478
0.10724
0.11948
0.12246
0.11104
0.12276
0.10724
0.11064
0.11716
0.1221
0.12212
0.11414
0.11262
0.1161
0.11002
0.10498
0.11542
0.10022
0.1154
0.11096
0.11576
0.1086
0.11282
0.1107
0.11142
0.11768
0.128
0.11404
0.12128
0.10506
0.12916
0.10376
0.10456
0.11924
0.11876
0.1219
0.11008
0.11134
0.1156
0.11438
0.11672
0.11258
0.1272
0.11298
0.10146
0.10722
0.127
0.11598
0.1089
0.12182
0.10134
0.1081
0.1184
0.11936
0.11238
0.11118
0.12024
0.11638
0.11546
0.10976
0.12882
0.1119
0.11392
0.11254
0.1226
0.1077
0.10982
0.11704
0.11548
0.11676
0.11916
0.11608
0.11392
0.12034
0.1142
0.10604
0.11942
0.11772
0.10872
0.10706
0.11322
0.11438
0.11506
0.1215
0.1049
0.12004
0.11306
0.11156
0.12514
0.11094
0.10052
0.1083
0.11584
0.1213
0.10064
0.11062
0.1123
0.11304
0.11572
0.1183
0.10922
0.10884
0.12688
0.12206
0.11842
0.10912
0.1031
0.11278
0.11062
0.11996
0.11852
0.10876
0.11214
0.11638
0.11088
0.114
0.11708
0.12304
0.11634
0.12592
0.11016
0.11844
0.11478
0.11552
0.1185
0.10858
0.12016
0.12498
0.10668
0.10868
0.10486
0.12178
0.11502
0.10954
0.11468
0.10894
0.11546
0.10304
0.11238
0.11656
0.1188
0.11456
0.12004
0.12282
0.1202
0.11002
0.11906
0.10996
0.10648
0.11034
0.1164
0.1214
0.11896
0.10312
0.10482
0.11806
0.11546
0.1202
0.1011
0.12034
0.11544
0.11832
0.11218
0.11846
0.10986
0.11676
0.1132
0.1177
0.11688
0.111
0.11576
0.10808
0.11874
0.12116
0.1183
0.12302
0.10862
0.10766
0.11432
0.11416
0.12358
0.10952
0.12468
0.11634
0.11016
0.115
0.11142
0.12514
0.11522
0.10926
0.11518
0.11428
0.11622
0.11928
0.12366
0.13014
0.12034
0.10754
0.11094
0.11542
0.1125
0.11874
0.11668
0.1209
0.11446
0.1061
0.10604
0.1159
0.12654
0.12572
0.11892
0.11614
0.12028
0.1015
0.11688
0.12002
0.1189
0.10342
0.12112
0.11564
0.11434
0.11234
0.11112
0.12528
0.11504
0.10938
0.11382
0.11402
0.11474
0.11742
0.11746
0.12678
0.10564
0.11576
0.10294
0.1142
0.11646
0.11634
0.112
0.11706
0.10816
0.11536
0.11136
0.10836
0.11896
0.1265
0.11786
0.11598
0.10266
0.1069
0.11316
0.11138
0.11314
0.11224
0.11504
0.1139
0.11168
0.11308
0.11532
0.10466
0.12484
0.11236
0.116
0.11646
0.11174
0.09496
0.10252
0.1197
0.11212
0.10882
0.11222
0.12954
0.11046
0.11824
0.11816
0.11478
0.11672
0.11642
0.10754
0.11722
0.11488
0.11826
0.10992
0.1155
0.11238
0.11722
0.09966
0.11774
0.10924
0.11574
0.10674
0.1042
0.11452
0.1135
0.11244
0.11146
0.12152
0.1177
0.1217
0.1136
0.1103
0.1173
0.10438
0.11936
0.11116
0.11482
0.12062
0.11774
0.11554
0.11698
0.11482
0.11424
0.12044
0.11354
0.11964
0.11198
0.11466
0.11802
0.11678
0.11608
0.11478
0.10928
0.10884
0.11022
0.12912
0.11566
0.1279
0.11656
0.11856
0.11108
0.11216
0.12802
0.1177
0.11722
0.13006
0.11344
0.11104
0.1131
0.11634
0.11762
0.11062
0.10472
0.11958
0.12732
0.12316
0.1236
0.11996
0.11156
0.11476
0.1263
0.11264
0.1165
0.12586
0.12008
0.1112
0.11582
0.11122
0.12128
0.1166
0.10844
0.12242
0.11862
0.11332
0.11764
0.11734
0.1107
0.1034
0.12142
0.11698
0.11944
0.11814
0.12718
0.1236
0.11462
0.11854
0.1103
0.1185
0.12196
0.10588
0.10022
0.10558
0.1117
0.11928
0.1261
0.13084
0.1236
0.12166
0.12628
0.1148
0.11708
0.10294
0.1124
0.1129
0.10704
0.11602
0.12322
0.11492
0.11584
0.1072
0.1105
0.1195
0.10544
0.11286
0.11902
0.1068
0.108
0.11218
0.1211
0.11058
0.1218
0.11234
0.11356
0.12158
0.12852
0.11686
0.11214
0.10822
0.1193
0.12602
0.11402
0.11576
0.11218
0.11174
0.1108
0.11524
0.12296
0.12098
0.10664
0.11338
0.10894
0.12454
0.11482
0.1212
0.12882
0.12728
0.12012
0.11864
0.1211
0.1085
0.11134
0.11544
0.12124
0.11834
0.11206
0.12
0.11656
0.11438
0.12028
0.11574
0.10784
0.1117
0.11772
0.11574
0.10908
0.10484
0.1145
0.11756
0.11572
0.12152
0.11416
0.10614
0.11714
0.11234
0.11334
0.11338
0.1159
0.11392
0.1184
0.12502
0.12512
0.1101
0.10518
0.1024
0.12318
0.12828
0.09794
0.11048
0.1156
0.10234
0.10892
0.11412
0.11028
0.12358
0.11526
0.09776
0.1226
0.1107
0.11818
0.12426
0.1105
0.1088
0.11864
0.11724
0.11504
0.11684
0.10982
0.12276
0.10864
0.12008
0.12084
0.12162
0.12824
0.11648
0.12088
0.11844
0.11924
0.13204
0.11786
0.11736
0.11496
0.12724
0.12572
0.11948
0.11516
0.11368
0.1146
0.10782
0.11674
0.10474
0.1084
0.10738
0.12652
0.12086
0.11612
0.11604
0.11992
0.11684
0.1117
0.11934
0.11806
0.10176
0.10818
0.11998
0.1184
0.11502
0.10302
0.11626
0.12234
0.11626
0.11112
0.11186
0.12136
0.12976
0.11176
0.11852
0.11644
0.10924
0.11946
0.11192
0.11574
0.11346
0.12078
0.1206
0.12288
0.11418
0.11168
0.11126
0.10772
0.1186
0.1086
0.1118
0.11922
0.11396
0.10294
0.11042
0.10652
0.10638
0.11942
0.1043
0.10538
0.12318
0.13604
0.1136
0.12436
0.1153
0.11676
0.1058
0.1145
0.11906
0.11798
0.11892
0.1168
0.12206
0.11604
0.12816
0.133
0.1093
0.10092
0.10658
0.11008
0.10896
0.10786
0.11184
0.12162
0.11028
0.11376
0.10934
0.12058
0.1233
0.12468
0.1215
0.1075
0.1226
0.10874
0.1039
0.12016
0.12624
0.12066
0.1057
0.11374
0.1098
0.09874
0.11198
0.1244
0.11436
0.11892
0.12064
0.11452
0.11822
0.1251
0.12226
0.1065
0.10806
0.11362
0.10968
0.11336
0.10726
0.11704
0.11908
0.12226
0.12788
0.10666
0.0997
0.1125
0.11452
0.11652
0.11758
0.11288
0.1148
0.12218
0.1106
0.11826
0.11822
0.10378
0.11328
0.11314
0.113
0.10888
0.1242
0.11838
0.11924
0.11784
0.12358
0.11224
0.10866
0.10644
0.11132
0.12008
0.11798
0.1148
0.11354
0.13062
0.11404
0.11452
0.10634
0.11256
0.10592
0.114
0.12108
0.11554
0.10882
0.10972
0.11204
0.10294
0.11142
0.11982
0.12564
0.11434
0.11656
0.116
0.11536
0.10498
0.11136
0.11534
0.1119
0.11644
0.10828
0.11854
0.11274
0.1129
0.10752
0.116
0.12272
0.12832
0.1077
0.12262
0.11718
0.10136
0.11752
0.11112
0.11536
0.11498
0.117
0.10864
0.11116
0.10708
0.11462
0.11106
0.10466
0.12684
0.11916
0.1309
0.11276
0.11284
0.11564
0.11738
0.1043
0.11774
0.1261
0.11796
0.11952
0.11054
0.11654
0.11366
0.11878
0.11378
0.12398
0.11312
0.12128
0.10684
0.11596
0.1042
0.10484
0.10582
0.11026
0.11758
0.12316
0.10996
0.10864
0.11578
0.11924
0.12438
0.12948
0.11924
0.1155
0.10938
0.12006
0.10456
0.12352
0.12186
0.11656
0.10914
0.1104
0.11386
0.11654
0.12626
0.12042
0.12222
0.12822
0.11908
0.12918
0.10924
0.11302
0.1097
0.11322
0.11668
0.11614
0.123
0.11166
0.0976
0.1214
0.11076
0.11674
0.11584
0.10748
0.1214
0.12018
0.11774
0.12292
0.1218
0.1178
0.10028
0.11538
0.11404
0.11548
0.11764
0.10994
0.1205
0.11918
0.12134
0.11226
0.10338
0.118
0.10952
0.12692
0.11692
0.11294
0.12618
0.11254
0.09834
0.1117
0.11298
0.10776
0.12394
0.12694
0.11914
0.11124
0.10562
0.10962
0.12126
0.10604
0.11826
0.12884
0.11798
0.12638
0.1181
0.10586
0.11806
0.112
0.11518
0.10962
0.10496
0.11502
0.12
0.11032
0.11282
0.11008
0.11842
0.12206
0.12126
0.11192
0.11318
0.1199
0.12236
0.10358
0.10874
0.11328
0.12282
0.12152
0.12022
0.11494
0.11688
0.12142
0.11312
0.11692
0.10298
0.12576
0.12412
0.11166
0.11784
0.11206
0.12374
0.11338
0.1204
0.1245
0.11646
0.10894
0.1135
0.11692
0.10326
0.10026
0.11214
0.13084
0.12196
0.1217
0.1083
0.11092
0.11098
0.11608
0.12268
0.11104
0.12102
0.10778
0.1147
0.11568
0.10902
0.11796
0.11218
0.1304
0.11124
0.12824
0.10592
0.11256
0.11548
0.11554
0.11898
0.12018
0.11616
0.11706
0.11092
0.12146
0.12096
0.12062
0.10854
0.11356
0.12242
0.10512
0.11662
0.11764
0.11354
0.10124
0.1094
0.10346
0.105
0.11524
0.11046
0.10346
0.11888
0.1127
0.11108
0.11598
0.11508
0.1118
0.10706
0.11814
0.10934
0.12246
0.11358
0.12008
0.1198
0.11408
0.1246
0.1216
0.1197
0.12476
0.11376
0.11784
0.1148
0.10896
0.11934
0.11016
0.13178
0.11932
0.12062
0.12372
0.11804
0.11742
0.1171
0.12096
0.12014
0.1222
0.13258
0.11574
0.12294
0.12264
0.12394
0.10658
0.1231
0.1287
0.10886
0.10268
0.11924
0.11942
0.10996
0.1153
0.10888
0.12488
0.11196
0.11528
0.11434
0.1132
0.1184
0.103
0.1093
0.1161
0.12622
0.11786
0.10636
0.11242
0.11894
0.11878
0.11964
0.1158
0.122
0.116
0.11834
0.10764
0.11568
0.10674
0.11918
0.12246
0.12132
0.12206
0.1178
0.11086
0.11328
0.10394
0.11254
0.13438
0.1161
0.10538
0.11454
0.11302
0.1131
0.1162
0.11392
0.11724
0.11816
0.11386
0.11548
0.11816
0.12286
0.12558
0.11966
0.11434
0.10576
0.11348
0.11318
0.11452
0.1081
0.11628
0.12078
0.11806
0.1139
0.11716
0.12384
0.11692
0.1256
0.1157
0.11556
0.12234
0.11472
0.11248
0.11876
0.1191
0.11398
0.10416
0.10654
0.11188
0.10474
0.1101
0.12144
0.1099
0.11212
0.10316
0.10462
0.12034
0.11336
0.11114
0.11336
0.1298
0.11888
0.12258
0.1202
0.11824
0.11996
0.11448
0.12326
0.11994
0.11758
0.10248
0.11386
0.12692
0.11914
0.11066
0.11638
0.12
0.107
0.11924
0.11428
0.1167
0.10204
0.11074
0.12024
0.1116
0.119
0.10528
0.10908
0.11866
0.10964
0.1195
0.1113
0.12308
0.1197
0.11424
0.1145
0.11352
0.10508
0.11568
0.11708
0.11188
0.1228
0.1116
0.12472
0.1195
0.12122
0.11418
0.12794
0.11002
0.11342
0.10722
0.11754
0.11536
0.1305
0.1192
0.10576
0.118
0.11182
0.11194
0.1179
0.10436
0.10466
0.1145
0.1117
0.11264
0.12306
0.12806
0.11312
0.1155
0.11924
0.11192
0.11076
0.12918
0.1165
0.11624
0.10662
0.12914
0.12268
0.12982
0.12542
0.11988
0.11702
0.12566
0.11408
0.11782
0.12268
0.11464
0.10616
0.1064
0.11638
0.12162
0.10628
0.10752
0.11272
0.10886
0.11436
0.11976
0.10894
0.11524
0.1225
0.12298
0.1249
0.1096
0.12308
0.1233
0.11634
0.1205
0.11398
0.11028
0.11988
0.11208
0.0983
0.11062
0.10234
0.11732
0.11902
0.11822
0.1201
0.11556
0.12028
0.113
0.11362
0.11488
0.09962
0.11252
0.11424
0.118
0.11298
0.09296
0.11266
0.1192
0.1089
0.10752
0.1124
0.1216
0.12086
0.11784
0.1082
0.10932
0.11088
0.11386
0.13162
0.1146
0.1165
0.11446
0.12336
0.12298
0.11396
0.10034
0.11156
0.12104
0.10978
0.11002
0.1156
0.1001
0.1131
0.11596
0.11402
0.1174
0.11846
0.11848
0.11886
0.11934
0.11926
0.11316
0.10666
0.11144
0.12026
0.11306
0.12158
0.11854
0.11308
0.11964
0.11798
0.12658
0.11718
0.10692
0.11706
0.10422
0.12116
0.11516
0.11938
0.10654
0.11748
0.11872
0.11654
0.10176
0.12636
0.1113
0.1192
0.11504
0.1103
0.11512
0.11162
0.11918
0.11106
0.1115
0.11
0.11522
0.12056
0.11698
0.11412
0.11592
0.11446
0.1191
0.11586
0.11466
0.1296
0.11012
0.10692
0.1229
0.1144
0.11706
0.11652
0.09738
0.11154
0.11374
0.1067
0.11832
0.12574
0.11494
0.1123
0.1206
0.12744
0.1148
0.11186
0.12092
0.11716
0.11002
0.11542
0.11578
0.1192
0.11328
0.1129
0.11238
0.11716
0.11982
0.12814
0.11442
0.11672
0.11478
0.12052
0.1189
0.11668
0.1058
0.10654
0.1093
0.11532
0.10798
0.10384
0.1107
0.12474
0.11828
0.11746
0.10584
0.1057
0.10716
0.11136
0.10938
0.11236
0.1109
0.1122
0.11014
0.12292
0.106
0.1168
0.12228
0.12574
0.11724
0.10792
0.10586
0.122
0.12348
0.12132
0.11038
0.1182
0.11128
0.1054
0.12374
0.11598
0.10914
0.11344
0.12644
0.12742
0.1172
0.1177
0.12014
0.11524
0.11168
0.10828
0.11708
0.12824
0.11668
0.11166
0.1218
0.11218
0.11628
0.11458
0.1187
0.10432
0.1077
0.10212
0.11488
0.11354
0.10946
0.10374
0.09902
0.1104
0.11302
0.12414
0.11008
0.1046
0.1174
0.11014
0.1206
0.10804
0.11416
0.11146
0.10478
0.12182
0.12
0.12274
0.12266
0.12598
0.12608
0.121
0.11304
0.11776
0.12416
0.11528
0.10328
0.11034
0.12718
0.11996
0.10104
0.11824
0.12214
0.10892
0.11956
0.11598
0.12954
0.1241
0.12344
0.10748
0.1191
0.11362
0.11198
0.11836
0.12084
0.12316
0.11332
0.1116
0.10756
0.1184
0.12588
0.11486
0.10898
0.11648
0.1168
0.12326
0.1153
0.12088
0.1205
0.11194
0.11118
0.1184
0.1136
0.1155
0.12314
0.11576
0.1176
0.121
0.1035
0.10506
0.11146
0.11912
0.11924
0.10632
0.11776
0.1148
0.11318
0.12124
0.11572
0.10328
0.12118
0.11774
0.11044
0.1062
0.1207
0.11274
0.11348
0.09874
0.12716
0.10872
0.11564
0.1091
0.10924
0.12448
0.12002
0.11744
0.12336
0.11376
0.11296
0.10876
0.1194
0.10822
0.11592
0.10654
0.11396
0.11736
0.11624
0.1074
0.1191
0.11432
0.11666
0.12384
0.11408
0.11436
0.1055
0.10852
0.12398
0.11764
0.11874
0.11328
0.11432
0.11146
0.11644
0.1165
0.10374
0.11636
0.1193
0.12802
0.12612
0.1166
0.12206
0.1169
0.11798
0.10462
0.11778
0.11854
0.11132
0.11366
0.11642
0.11768
0.11358
0.10894
0.09724
0.11836
0.1154
0.11114
0.11924
0.11294
0.11778
0.11116
0.11254
0.12046
0.11572
0.12274
0.11592
0.12454
0.11848
0.12632
0.1201
0.10804
0.11296
0.11392
0.11914
0.11248
0.11974
0.12026
0.12784
0.1188
0.12328
0.11858
0.10668
0.11086
0.11028
0.1183
0.11296
0.11996
0.11424
0.12192
0.11946
0.1222
0.1159
0.10972
0.1135
0.10866
0.11426
0.10458
0.1129
0.11998
0.1163
0.11
0.11988
0.12072
0.12112
0.11774
0.12432
0.10498
0.11754
0.12344
0.1103
0.10322
0.1133
0.11456
0.11932
0.11074
0.11128
0.11588
0.10716
0.11268
0.12292
0.1152
0.11488
0.11362
0.10884
0.11726
0.12008
0.11164
0.1143
0.1111
0.11656
0.11374
0.11718
0.1216
0.11372
0.12858
0.11398
0.11276
0.10308
0.12386
0.11794
0.12072
0.11106
0.11502
0.11644
0.11084
0.11138
0.11534
0.11604
0.12074
0.11838
0.11408
0.10594
0.11226
0.12084
0.12544
0.10764
0.11686
0.11764
0.12242
0.11848
0.12584
0.12188
0.11316
0.11964
0.12354
0.12532
0.12056
0.1109
0.11104
0.11242
0.11244
0.1188
0.11646
0.11364
0.11644
0.11364
0.11248
0.11926
0.1114
0.10634
0.12138
0.11978
0.12432
0.1178
0.11298
0.10166
0.11854
0.12294
0.1096
0.1234
0.11114
0.12254
0.11522
0.1142
0.1195
0.12
0.11256
0.11844
0.12054
0.11836
0.11938
0.10648
0.10826
0.10158
0.11554
0.11294
0.1173
0.12944
0.1315
0.12484
0.13528
0.11554
0.11724
0.10804
0.11096
0.12284
0.12498
0.12154
0.12436
0.11294
0.10902
0.10578
0.11588
0.11396
0.10926
0.11858
0.12352
0.11852
0.1153
0.11798
0.12638
0.12426
0.11742
0.11346
0.10666
0.116
0.1105
0.12862
0.12078
0.11956
0.1268
0.11308
0.12516
0.11178
0.1243
0.11718
0.12018
0.11366
0.12102
0.11304
0.10834
0.10906
0.11944
0.11184
0.11868
0.1102
0.11034
0.11244
0.12114
0.12266
0.12468
0.10806
0.11628
0.11358
0.1197
0.118
0.12042
0.12084
0.10444
0.11758
0.11822
0.11332
0.11758
0.11244
0.11514
0.1152
0.1005
0.10896
0.1177
0.12358
0.10348
0.11576
0.10564
0.108
0.11474
0.11622
0.11676
0.10856
0.11986
0.1191
0.12878
0.13166
0.1254
0.11672
0.10556
0.11658
0.12248
0.11562
0.11558
0.12124
0.11262
0.10564
0.1019
0.10778
0.10658
0.11134
0.11496
0.11222
0.10478
0.10716
0.11792
0.1151
0.12032
0.10914
0.12352
0.10706
0.11702
0.12028
0.11442
0.1196
0.11996
0.11328
0.11526
0.11508
0.11078
0.10562
0.11646
0.1298
0.11264
0.12028
0.11162
0.12076
0.11308
0.11344
0.12196
0.12114
0.126
0.10964
0.1157
0.10566
0.11356
0.11298
0.10566
0.1109
0.11842
0.12432
0.11412
0.12236
0.11686
0.12154
0.10872
0.11058
0.1132
0.11316
0.1089
0.11912
0.11776
0.1276
0.12056
0.12448
0.10786
0.10546
0.10288
0.10954
0.11648
0.11764
0.11316
0.12184
0.12386
0.12496
0.11278
0.11128
0.12394
0.11938
0.11524
0.11532
0.11882
0.10968
0.11324
0.11714
0.10402
0.12408
0.10874
0.11212
0.114
0.11708
0.12526
0.1331
0.11036
0.12384
0.1271
0.11176
0.11772
0.12548
0.11646
0.11612
0.12176
0.10582
0.11202
0.10374
0.11986
0.11456
0.13028
0.1067
0.11302
0.1195
0.1296
0.12014
0.12174
0.11218
0.1165
0.11334
0.11042
0.11974
0.10668
0.11488
0.10172
0.10296
0.10856
0.10714
0.11734
0.12336
0.11016
0.11638
0.11404
0.12038
0.12
0.1335
0.11542
0.11014
0.10816
0.1124
0.12108
0.13604
0.1178
0.12286
0.11016
0.1123
0.11172
0.10864
0.1087
0.12796
0.1202
0.1149
0.12264
0.12094
0.1173
0.1108
0.10966
0.11444
0.1029
0.12104
0.12048
0.12086
0.10506
0.11344
0.1145
0.10598
0.10974
0.10956
0.10916
0.11406
0.11196
0.10884
0.11422
0.1199
0.11876
0.10714
0.11194
0.11942
0.10176
0.10542
0.11164
0.1213
0.11768
0.10696
0.10304
0.1141
0.10348
0.1031
0.11416
0.1209
0.1154
0.11636
0.11276
0.11336
0.11386
0.13234
0.1147
0.12552
0.11624
0.11082
0.11352
0.10994
0.10692
0.10272
0.10618
0.11708
0.10504
0.1084
0.11692
0.10368
0.10424
0.11498
0.11186
0.12224
0.11516
0.10826
0.12378
0.1199
0.10648
0.11046
0.10662
0.13336
0.1129
0.1076
0.10586
0.11482
0.11158
0.10696
0.10728
0.1224
0.12678
0.1315
0.11912
0.10934
0.1156
0.11816
0.12266
0.10516
0.1098
0.11168
0.10984
0.10904
0.11296
0.11704
0.1217
0.1213
0.10214
0.10612
0.11566
0.11518
0.11366
0.1088
0.11082
0.12098
0.11398
0.12782
0.11888
0.11388
0.11552
0.11824
0.12102
0.12584
0.11914
0.1091
0.1241
0.12598
0.11688
0.11394
0.10588
0.10922
0.11846
0.10868
0.11248
0.11296
0.11016
0.1165
0.11218
0.1214
0.11084
0.10976
0.124
0.11342
0.11998
0.11794
0.11518
0.11088
0.1186
0.11962
0.11766
0.09824
0.10718
0.115
0.1081
0.1084
0.12296
0.11258
0.12794
0.12104
0.123
0.1256
0.1135
0.11538
0.11468
0.1171
0.11948
0.11198
0.10214
0.10876
0.11196
0.11434
0.11156
0.12864
0.12326
0.11242
0.11362
0.12344
0.12824
0.105
0.11738
0.11866
0.11848
0.11444
0.12116
0.12322
0.1195
0.12512
0.12124
0.10774
0.11362
0.10674
0.12876
0.11728
0.11022
0.1212
0.11696
0.10842
0.10872
0.10988
0.11464
0.1137
0.12078
0.111
0.1139
0.10266
0.1185
0.1079
0.11122
0.11064
0.11816
0.12296
0.10676
0.09994
0.10508
0.11856
0.1096
0.12028
0.12224
0.11502
0.1146
0.11036
0.11158
0.11212
0.11748
0.12394
0.12508
0.11574
0.1204
0.11078
0.11418
0.11916
0.10812
0.12358
0.12318
0.1099
0.10856
0.11072
0.11888
0.11382
0.11938
0.11498
0.11388
0.12034
0.1164
0.12122
0.10268
0.10814
0.11368
0.11844
0.12768
0.11924
0.10392
0.11356
0.11702
0.11056
0.12264
0.11446
0.1083
0.10992
0.11174
0.10946
0.10294
0.1154
0.1122
0.11118
0.12282
0.1013
0.10452
0.10686
0.11494
0.11392
0.10976
0.12078
0.11644
0.10862
0.11148
0.11108
0.11924
0.1146
0.11408
0.10416
0.1074
0.1138
0.12318
0.12076
0.12484
0.12988
0.11706
0.1146
0.11244
0.11298
0.10896
0.11592
0.1109
0.1052
0.1207
0.11338
0.11494
0.10956
0.118
0.1178
0.10578
0.11936
0.1069
0.11874
0.11914
0.11162
0.1251
0.12138
0.11494
0.1095
0.09974
0.10584
0.1112
0.1156
0.1084
0.116
0.12054
0.10784
0.10268
0.11392
0.1117
0.10906
0.12556
0.1234
0.11634
0.11498
0.107
0.11882
0.10778
0.10682
0.11768
0.12474
0.12656
0.1182
0.10656
0.10708
0.113
0.11444
0.11916
0.10926
0.111
0.1126
0.12624
0.12376
0.11594
0.10792
0.11098
0.10466
0.11826
0.11016
0.12736
0.10872
0.1091
0.10728
0.1109
0.11844
0.11596
0.11376
0.11218
0.11814
0.116
0.1212
0.12862
0.11836
0.10676
0.11754
0.1216
0.1206
0.12126
0.10578
0.11924
0.11658
0.10562
0.11442
0.11368
0.11008
0.11634
0.11992
0.11672
0.1205
0.12136
0.12234
0.11582
0.10988
0.1093
0.10124
0.11816
0.11228
0.11208
0.1061
0.10268
0.10704
0.12312
0.11962
0.10684
0.11712
0.12364
0.11342
0.13526
0.12034
0.10864
0.1092
0.11572
0.10942
0.10232
0.1171
0.1253
0.11574
0.10894
0.11434
0.11442
0.1189
0.11156
0.10402
0.11312
0.11412
0.11856
0.12456
0.11928
0.11534
0.11344
0.1094
0.11544
0.12406
0.11442
0.11802
0.1125
0.10812
0.11538
0.11982
0.11418
0.12156
0.11142
0.10774
0.11408
0.10696
0.10532
0.1118
0.12088
0.11022
0.11072
0.1181
0.108
0.11038
0.11058
0.11374
0.11082
0.1223
0.11654
0.1229
0.11542
0.11586
0.12128
0.12132
0.11732
0.11708
0.11304
0.12082
0.12296
0.1147
0.10456
0.11526
0.11458
0.11172
0.11514
0.10964
0.1216
0.12464
0.11448
0.12816
0.11496
0.10632
0.1088
0.12258
0.12126
0.11224
0.1254
0.11914
0.1225
0.1139
0.1152
0.10692
0.12182
0.10636
0.11062
0.11532
0.11876
0.11556
0.1246
0.1286
0.11042
0.10056
0.1133
0.11992
0.11554
0.11106
0.10846
0.11816
0.11944
0.11586
0.12366
0.12214
0.11162
0.11238
0.11604
0.11438
0.11758
0.10942
0.11744
0.1308
0.10366
0.1121
0.11056
0.1104
0.11532
0.11138
0.11336
0.11798
0.11166
0.10264
0.11024
0.1217
0.13776
0.12466
0.12088
0.1115
0.1146
0.1197
0.11456
0.1069
0.12896
0.11204
0.10054
0.11146
0.11572
0.11676
0.11346
0.11236
0.11992
0.12444
0.1188
0.12738
0.12814
0.11146
0.11866
0.1146
0.10836
0.11546
0.11758
0.11998
0.11408
0.12994
0.11504
0.11994
0.1158
0.11064
0.11354
0.117
0.1275
0.1153
0.11924
0.1104
0.10772
0.11646
0.13166
0.11504
0.11588
0.12422
0.11492
0.12284
0.11274
0.11484
0.09982
0.1206
0.10924
0.11592
0.121
0.11026
0.12632
0.12074
0.1173
0.12206
0.10924
0.11164
0.12806
0.12304
0.1277
0.12006
0.11148
0.12182
0.11842
0.09746
