-0.99582
-0.99572
-0.99524
-0.99562
-0.99606
-0.996
-0.99622
-0.99588
-0.99608
-0.99588
-0.99582
-0.99612
-0.99588
-0.9961
-0.99578
-0.9956
-0.99508
-0.99574
-0.99576
-0.9952
-0.99576
-0.9953
-0.9957
-0.99578
-0.99524
-0.99572
-0.99586
-0.99546
-0.99548
-0.99542
-0.99568
-0.9957
-0.99578
-0.99584
-0.99486
-0.99576
-0.99594
-0.99522
-0.99508
-0.99582
-0.99504
-0.99578
-0.99552
-0.99546
-0.99558
-0.99588
-0.99562
-0.99566
-0.99598
-0.9957
-0.9958
-0.99586
-0.99542
-0.99572
-0.99592
-0.99608
-0.99558
-0.99592
-0.99528
-0.9955
-0.99568
-0.99594
-0.99562
-0.99544
-0.99594
-0.99562
-0.99602
-0.99582
-0.9958
-0.99566
-0.99568
-0.99522
-0.99616
-0.99538
-0.99612
-0.9958
-0.99544
-0.99606
-0.99598
-0.99586
-0.99556
-0.99586
-0.99518
-0.99546
-0.99538
-0.99576
-0.99506
-0.99544
-0.9959
-0.9951
-0.99502
-0.996
-0.99598
-0.99596
-0.99614
-0.99546
-0.9957
-0.9959
-0.99646
-0.99606
-0.99584
-0.996
-0.99578
-0.99586
-0.9954
-0.99554
-0.99558
-0.99574
-0.99558
-0.9958
-0.99566
-0.99642
-0.9952
-0.99564
-0.99586
-0.99582
-0.99558
-0.99618
-0.99596
-0.99538
-0.99482
-0.99602
-0.99576
-0.99504
-0.99482
-0.9956
-0.9958
-0.99542
-0.9959
-0.99578
-0.99562
-0.9955
-0.99564
-0.99628
-0.99594
-0.99584
-0.99616
-0.99574
-0.99566
-0.99578
-0.99544
-0.99604
-0.9955
-0.99572
-0.99584
-0.99562
-0.99618
-0.99626
-0.99578
-0.9957
-0.99542
-0.99562
-0.99592
-0.99614
-0.99544
-0.99514
-0.99538
-0.99644
-0.99554
-0.99548
-0.99538
-0.9955
-0.99612
-0.9958
-0.99586
-0.99556
-0.99602
-0.99578
-0.99582
-0.99514
-0.99584
-0.99556
-0.99558
-0.99618
-0.99596
-0.99524
-0.99518
-0.99556
-0.99594
-0.99562
-0.99522
-0.99542
-0.99614
-0.99608
-0.99568
-0.99562
-0.99608
-0.99566
-0.9957
-0.99572
-0.99538
-0.99542
-0.99544
-0.9954
-0.99554
-0.99592
-0.99522
-0.99538
-0.9954
-0.99606
-0.99544
-0.99598
-0.99578
-0.99598
-0.99648
-0.9958
-0.99576
-0.99562
-0.9956
-0.996
-0.99532
-0.99586
-0.99566
-0.99574
-0.9957
-0.99556
-0.99548
-0.99594
-0.99534
-0.996
-0.9951
-0.99588
-0.99636
-0.99558
-0.996
-0.99582
-0.99572
-0.99526
-0.99566
-0.99528
-0.99568
-0.9959
-0.99554
-0.99552
-0.99528
-0.99594
-0.99616
-0.99582
-0.99544
-0.99524
-0.99582
-0.99596
-0.99628
-0.99584
-0.99538
-0.99512
-0.99554
-0.99558
-0.99606
-0.99542
-0.99492
-0.99556
-0.99506
-0.99582
-0.99602
-0.99514
-0.99546
-0.99586
-0.99568
-0.99554
-0.99568
-0.9956
-0.99596
-0.99574
-0.9957
-0.99576
-0.99546
-0.99538
-0.9958
-0.99488
-0.99564
-0.99592
-0.99582
-0.99512
-0.99612
-0.99564
-0.99522
-0.99502
-0.99566
-0.99586
-0.995
-0.99598
-0.99494
-0.9958
-0.99548
-0.99616
-0.9959
-0.9959
-0.99528
-0.99524
-0.99616
-0.99536
-0.99552
-0.99534
-0.99524
-0.99552
-0.99532
-0.99616
-0.99512
-0.99592
-0.9953
-0.99588
-0.99538
-0.99494
-0.99494
-0.9956
-0.99566
-0.9949
-0.99556
-0.99606
-0.99596
-0.9952
-0.99574
-0.99514
-0.99584
-0.99558
-0.99588
-0.99572
-0.99508
-0.99532
-0.99582
-0.9959
-0.99576
-0.99558
-0.99574
-0.99544
-0.99484
-0.99562
-0.99496
-0.99524
-0.9953
-0.99602
-0.9955
-0.99594
-0.99554
-0.99614
-0.99612
-0.99588
-0.9959
-0.99576
-0.99558
-0.99572
-0.99556
-0.99596
-0.99568
-0.99534
-0.99512
-0.99576
-0.99584
-0.99624
-0.99568
-0.9956
-0.99556
-0.99586
-0.99592
-0.99502
-0.99634
-0.9955
-0.99542
-0.9954
-0.99634
-0.99574
-0.9959
-0.99608
-0.99568
-0.99578
-0.99584
-0.9957
-0.99554
-0.9954
-0.99572
-0.9958
-0.99586
-0.99564
-0.99586
-0.99632
-0.9955
-0.99548
-0.9958
-0.99516
-0.99554
-0.99594
-0.99508
-0.99584
-0.99544
-0.99518
-0.99534
-0.9959
-0.99552
-0.99576
-0.99624
-0.99546
-0.9953
-0.99576
-0.99604
-0.99616
-0.99614
-0.99598
-0.99592
-0.99552
-0.99566
-0.99486
-0.99542
-0.99578
-0.99548
-0.99542
-0.99576
-0.99612
-0.9954
-0.99624
-0.99574
-0.996
-0.9959
-0.99564
-0.99582
-0.99538
-0.99502
-0.99598
-0.99506
-0.99518
-0.9956
-0.99604
-0.99602
-0.99562
-0.99568
-0.99572
-0.99586
-0.99556
-0.9949
-0.99528
-0.99548
-0.99554
-0.99566
-0.99528
-0.99494
-0.9955
-0.9952
-0.99562
-0.99538
-0.99608
-0.99538
-0.99502
-0.99564
-0.99586
-0.99564
-0.99576
-0.99538
-0.99594
-0.99602
-0.99598
-0.99574
-0.99542
-0.99606
-0.99582
-0.99566
-0.99556
-0.99578
-0.99524
-0.99636
-0.99526
-0.99552
-0.99564
-0.9956
-0.99528
-0.99578
-0.99542
-0.99564
-0.99522
-0.99538
-0.99552
-0.99524
-0.99542
-0.99572
-0.99582
-0.99548
-0.9954
-0.99578
-0.99546
-0.99602
-0.99546
-0.99508
-0.9952
-0.9963
-0.99546
-0.99582
-0.99588
-0.99574
-0.99606
-0.99622
-0.995
-0.9957
-0.99596
-0.99554
-0.99654
-0.99568
-0.99614
-0.99544
-0.99556
-0.99526
-0.99542
-0.99546
-0.99638
-0.99556
-0.99522
-0.99648
-0.99574
-0.99566
-0.99612
-0.996
-0.99568
-0.99558
-0.9954
-0.99586
-0.99566
-0.99586
-0.99576
-0.99582
-0.99564
-0.9956
-0.9954
-0.99602
-0.996
-0.99554
-0.99528
-0.99586
-0.99576
-0.9956
-0.99504
-0.99576
-0.99544
-0.99546
-0.99604
-0.99586
-0.99578
-0.9959
-0.99554
-0.9957
-0.99522
-0.99622
-0.99582
-0.99584
-0.99564
-0.99442
-0.99602
-0.99548
-0.99592
-0.99516
-0.99582
-0.99536
-0.99536
-0.9957
-0.9963
-0.99572
-0.99562
-0.99584
-0.99568
-0.99624
-0.99582
-0.99558
-0.99578
-0.99586
-0.99542
-0.99558
-0.99562
-0.9961
-0.99548
-0.99556
-0.99588
-0.99522
-0.99584
-0.99574
-0.99596
-0.99544
-0.99614
-0.9956
-0.99526
-0.9957
-0.99526
-0.99532
-0.99568
-0.99596
-0.99558
-0.99536
-0.99558
-0.99592
-0.99536
-0.99566
-0.99556
-0.9956
-0.99552
-0.99536
-0.99594
-0.99554
-0.9957
-0.996
-0.99562
-0.99536
-0.99568
-0.99556
-0.99586
-0.99554
-0.9959
-0.99622
-0.99544
-0.99484
-0.99576
-0.99618
-0.99572
-0.99596
-0.99572
-0.9952
-0.99558
-0.99564
-0.9959
-0.99566
-0.99556
-0.99532
-0.99536
-0.99548
-0.9956
-0.99522
-0.99536
-0.99586
-0.99576
-0.99508
-0.99546
-0.99588
-0.99552
-0.9956
-0.99476
-0.99528
-0.99566
-0.99576
-0.99584
-0.99582
-0.9954
-0.99534
-0.99562
-0.99532
-0.99562
-0.99592
-0.99592
-0.99578
-0.9959
-0.9955
-0.99562
-0.99546
-0.99566
-0.9958
-0.99536
-0.99552
-0.9953
-0.99586
-0.99556
-0.99602
-0.9957
-0.9953
-0.99622
-0.99542
-0.99572
-0.99644
-0.99572
-0.9955
-0.99516
-0.99586
-0.9955
-0.99574
-0.99616
-0.99576
-0.99596
-0.99572
-0.99528
-0.99558
-0.99588
-0.99664
-0.99576
-0.99582
-0.99566
-0.99564
-0.99534
-0.9949
-0.9957
-0.99606
-0.9958
-0.99574
-0.99508
-0.99568
-0.9953
-0.99564
-0.99598
-0.9955
-0.99616
-0.99616
-0.9963
-0.99532
-0.99498
-0.99596
-0.99544
-0.99596
-0.9958
-0.99532
-0.99632
-0.99542
-0.99568
-0.99522
-0.9954
-0.99588
-0.99622
-0.99588
-0.9956
-0.99572
-0.99484
-0.99546
-0.99576
-0.9948
-0.99574
-0.99548
-0.99522
-0.99522
-0.9952
-0.99586
-0.99546
-0.99544
-0.99578
-0.99624
-0.99592
-0.99584
-0.99528
-0.99566
-0.9948
-0.99598
-0.9948
-0.99544
-0.99608
-0.99592
-0.99554
-0.99574
-0.99562
-0.99552
-0.996
-0.99552
-0.99526
-0.99556
-0.9955
-0.9951
-0.99544
-0.99564
-0.99588
-0.9954
-0.99536
-0.9951
-0.99546
-0.99536
-0.99562
-0.99558
-0.99528
-0.99612
-0.99556
-0.99598
-0.99592
-0.99572
-0.99554
-0.99574
-0.99614
-0.99522
-0.99534
-0.99528
-0.99578
-0.99556
-0.99566
-0.99592
-0.99568
-0.99538
-0.99622
-0.9956
-0.99534
-0.99548
-0.99572
-0.9962
-0.99606
-0.9952
-0.99546
-0.9952
-0.99616
-0.9954
-0.99546
-0.99614
-0.99528
-0.99552
-0.99612
-0.99554
-0.99564
-0.99538
-0.99594
-0.9954
-0.99586
-0.9963
-0.99554
-0.99556
-0.99552
-0.99528
-0.99546
-0.99602
-0.9957
-0.99558
-0.99548
-0.99522
-0.99574
-0.99552
-0.9959
-0.99528
-0.99514
-0.99596
-0.99602
-0.99536
-0.99566
-0.99452
-0.99572
-0.99594
-0.99636
-0.99562
-0.99558
-0.99534
-0.99508
-0.9954
-0.9956
-0.99608
-0.99626
-0.99562
-0.9954
-0.9962
-0.99586
-0.99544
-0.99578
-0.9954
-0.99564
-0.99558
-0.99564
-0.99534
-0.99568
-0.99558
-0.99594
-0.99586
-0.99544
-0.9953
-0.99532
-0.9958
-0.99588
-0.99616
-0.9953
-0.99564
-0.99574
-0.99592
-0.99516
-0.99534
-0.99582
-0.9958
-0.99622
-0.9956
-0.99546
-0.9958
-0.99566
-0.99604
-0.9956
-0.99582
-0.99544
-0.99546
-0.99552
-0.9954
-0.99596
-0.99542
-0.99526
-0.99552
-0.9958
-0.99586
-0.99526
-0.9956
-0.9953
-0.99598
-0.99582
-0.99584
-0.99606
-0.996
-0.99528
-0.9958
-0.99642
-0.9955
-0.99572
-0.99598
-0.99524
-0.99556
-0.99594
-0.99548
-0.9959
-0.99552
-0.99528
-0.99578
-0.9957
-0.99574
-0.99596
-0.9957
-0.99546
-0.99592
-0.99556
-0.99562
-0.9958
-0.99516
-0.99592
-0.99564
-0.99554
-0.99514
-0.99576
-0.99548
-0.99514
-0.99606
-0.99602
-0.9957
-0.99578
-0.99584
-0.99624
-0.99538
-0.99558
-0.99546
-0.99604
-0.9961
-0.99588
-0.99616
-0.99542
-0.99562
-0.99558
-0.99552
-0.99552
-0.99512
-0.99576
-0.99604
-0.99576
-0.9956
-0.99538
-0.9955
-0.99558
-0.99534
-0.99562
-0.99558
-0.9958
-0.99524
-0.99546
-0.99616
-0.99514
-0.9955
-0.99566
-0.99562
-0.99602
-0.99602
-0.99594
-0.99568
-0.9957
-0.99616
-0.99594
-0.99592
-0.99576
-0.99544
-0.9953
-0.99604
-0.99534
-0.99564
-0.99526
-0.99534
-0.99492
-0.9957
-0.99552
-0.99494
-0.99586
-0.99556
-0.99572
-0.99554
-0.99586
-0.9958
-0.9957
-0.99614
-0.99578
-0.99588
-0.99578
-0.99578
-0.9956
-0.99554
-0.99606
-0.9953
-0.996
-0.996
-0.99562
-0.9953
-0.99588
-0.9948
-0.99546
-0.99598
-0.99546
-0.99542
-0.99582
-0.99582
-0.99556
-0.99554
-0.99566
-0.99592
-0.9959
-0.9954
-0.99568
-0.99584
-0.99612
-0.99538
-0.99576
-0.99536
-0.99608
-0.99564
-0.99522
-0.9954
-0.99578
-0.99638
-0.99612
-0.99568
-0.99584
-0.99552
-0.99536
-0.99574
-0.99588
-0.99562
-0.99568
-0.99606
-0.99572
-0.99566
-0.99542
-0.9964
-0.9957
-0.99592
-0.9955
-0.9952
-0.99608
-0.99618
-0.99552
-0.9957
-0.99596
-0.99544
-0.99522
-0.99574
-0.9954
-0.9958
-0.99548
-0.99582
-0.9956
-0.99526
-0.99536
-0.99494
-0.99538
-0.9959
-0.9957
-0.9958
-0.99522
-0.99578
-0.99544
-0.9962
-0.99554
-0.99602
-0.9958
-0.9958
-0.99546
-0.99586
-0.9958
-0.99578
-0.99566
-0.99566
-0.99564
-0.99536
-0.99566
-0.99536
-0.99576
-0.99556
-0.9951
-0.9965
-0.99528
-0.99658
-0.99556
-0.9962
-0.99586
-0.99604
-0.99574
-0.99564
-0.99612
-0.995
-0.99558
-0.99582
-0.9957
-0.99536
-0.99556
-0.9955
-0.99558
-0.99548
-0.99572
-0.99562
-0.99528
-0.9959
-0.99594
-0.996
-0.99624
-0.99576
-0.99584
-0.99552
-0.9961
-0.99594
-0.99522
-0.99522
-0.99552
-0.99522
-0.99542
-0.99562
-0.99578
-0.99588
-0.99608
-0.99594
-0.99528
-0.99618
-0.9955
-0.99566
-0.99546
-0.99532
-0.99552
-0.99588
-0.9963
-0.99528
-0.9957
-0.99636
-0.99554
-0.99592
-0.99548
-0.9955
-0.99516
-0.99536
-0.99506
-0.99552
-0.9952
-0.99544
-0.9957
-0.99548
-0.9953
-0.99592
-0.99614
-0.99536
-0.99556
-0.99582
-0.9956
-0.99626
-0.99624
-0.99588
-0.9957
-0.99552
-0.99586
-0.99594
-0.99572
-0.99608
-0.9954
-0.9956
-0.99528
-0.99594
-0.99578
-0.99598
-0.99604
-0.99538
-0.99584
-0.99534
-0.99586
-0.9952
-0.99592
-0.9951
-0.99564
-0.9959
-0.9957
-0.99586
-0.99516
-0.9963
-0.9961
-0.99578
-0.99594
-0.99594
-0.99582
-0.9956
-0.99554
-0.99604
-0.99522
-0.9957
-0.99554
-0.99512
-0.99556
-0.99564
-0.9954
-0.99614
-0.99588
-0.996
-0.99564
-0.9958
-0.99516
-0.9954
-0.9962
-0.99586
-0.99592
-0.99558
-0.9957
-0.996
-0.9954
-0.99532
-0.99578
-0.9953
-0.99568
-0.99572
-0.99534
-0.99602
-0.9964
-0.99604
-0.99564
-0.99582
-0.99566
-0.99592
-0.9953
-0.99548
-0.99574
-0.99554
-0.99586
-0.99578
-0.99552
-0.9962
-0.99548
-0.9963
-0.9959
-0.99592
-0.99584
-0.99558
-0.9953
-0.99556
-0.9962
-0.99584
-0.99542
-0.99564
-0.99572
-0.99516
-0.99602
-0.99584
-0.99542
-0.99602
-0.99498
-0.9953
-0.99582
-0.99522
-0.99566
-0.9953
-0.99592
-0.99542
-0.99646
-0.99624
-0.99606
-0.9956
-0.99528
-0.99544
-0.99578
-0.99542
-0.99492
-0.9957
-0.99592
-0.99574
-0.99594
-0.99588
-0.99628
-0.99542
-0.99566
-0.99602
-0.99562
-0.99618
-0.99516
-0.99562
-0.99628
-0.9955
-0.99594
-0.99602
-0.99572
-0.99642
-0.99582
-0.99558
-0.99502
-0.99596
-0.99538
-0.99588
-0.996
-0.99598
-0.99598
-0.99524
-0.99564
-0.99568
-0.99526
-0.99564
-0.99548
-0.9955
-0.99542
-0.99604
-0.9959
-0.99494
-0.9955
-0.99564
-0.99606
-0.99564
-0.99538
-0.9959
-0.99538
-0.9954
-0.99574
-0.99572
-0.99574
-0.99572
-0.9962
-0.99582
-0.99554
-0.99576
-0.99552
-0.99568
-0.99586
-0.99592
-0.9959
-0.99642
-0.99606
-0.99522
-0.9959
-0.99544
-0.99552
-0.99568
-0.99564
-0.99534
-0.99592
-0.99554
-0.99546
-0.99534
-0.99568
-0.99534
-0.99568
-0.99594
-0.9957
-0.99602
-0.99564
-0.9961
-0.9961
-0.9955
-0.99504
-0.99568
-0.99548
-0.99554
-0.99552
-0.99534
-0.99554
-0.99612
-0.99514
-0.99594
-0.99586
-0.99604
-0.99558
-0.99534
-0.99618
-0.99576
-0.99494
-0.99578
-0.99638
-0.99596
-0.99596
-0.99578
-0.99544
-0.9958
-0.99566
-0.99566
-0.99522
-0.99576
-0.9958
-0.99622
-0.99568
-0.99528
-0.99562
-0.99582
-0.99584
-0.99604
-0.99562
-0.99534
-0.99562
-0.99568
-0.99586
-0.9955
-0.99546
-0.99582
-0.99552
-0.99598
-0.99536
-0.99578
-0.9958
-0.99558
-0.99598
-0.99532
-0.99566
-0.99548
-0.99548
-0.99628
-0.9959
-0.99574
-0.99602
-0.99522
-0.9961
-0.99572
-0.9952
-0.99576
-0.99548
-0.99586
-0.99512
-0.99566
-0.9961
-0.9955
-0.99592
-0.99504
-0.9951
-0.99546
-0.99598
-0.99552
-0.99546
-0.99542
-0.99514
-0.9955
-0.99618
-0.9959
-0.9952
-0.99582
-0.99538
-0.99566
-0.9962
-0.99598
-0.9957
-0.99552
-0.99562
-0.99572
-0.99506
-0.99612
-0.99532
-0.99534
-0.99608
-0.9954
-0.99556
-0.99586
-0.99556
-0.99542
-0.99572
-0.99596
-0.99592
-0.99582
-0.99646
-0.9958
-0.99578
-0.99608
-0.99568
-0.9957
-0.99536
-0.9958
-0.99502
-0.9961
-0.99612
-0.99546
-0.99554
-0.99562
-0.9964
-0.9955
-0.99574
-0.99556
-0.99592
-0.99568
-0.99584
-0.99588
-0.99632
-0.99586
-0.99574
-0.9961
-0.99584
-0.99528
-0.99624
-0.99578
-0.99604
-0.99558
-0.99562
-0.99602
-0.9957
-0.99542
-0.99492
-0.9958
-0.9956
-0.99574
-0.99514
-0.99492
-0.99592
-0.9951
-0.99576
-0.99578
-0.99494
-0.99538
-0.99552
-0.9965
-0.99542
-0.9963
-0.99542
-0.99584
-0.99608
-0.99622
-0.9954
-0.99534
-0.99574
-0.99606
-0.99538
-0.99584
-0.99554
-0.99564
-0.99606
-0.9958
-0.99622
-0.99576
-0.99608
-0.9964
-0.99514
-0.99556
-0.9959
-0.99552
-0.99606
-0.99508
-0.99574
-0.9951
-0.9957
-0.99506
-0.99544
-0.99562
-0.99504
-0.99538
-0.99564
-0.9964
-0.99556
-0.99552
-0.99596
-0.9965
-0.99528
-0.99582
-0.9952
-0.99588
-0.9957
-0.99556
-0.99556
-0.99574
-0.99574
-0.99552
-0.99544
-0.9954
-0.99508
-0.99564
-0.9956
-0.99568
-0.99536
-0.99546
-0.99506
-0.99588
-0.99558
-0.99508
-0.99552
-0.99566
-0.99552
-0.99584
-0.99558
-0.9957
-0.99622
-0.99588
-0.9957
-0.99558
-0.99606
-0.9948
-0.99546
-0.99584
-0.99618
-0.9956
-0.99542
-0.9953
-0.99606
-0.99538
-0.9951
-0.99632
-0.9958
-0.99548
-0.99506
-0.99596
-0.99564
-0.99552
-0.99538
-0.99542
-0.99548
-0.9958
-0.996
-0.99594
-0.996
-0.99578
-0.99548
-0.99558
-0.99606
-0.99632
-0.99478
-0.99562
-0.99556
-0.9953
-0.99532
-0.99516
-0.99608
-0.99532
-0.996
-0.99598
-0.99576
-0.99572
-0.99554
-0.99524
-0.99582
-0.99596
-0.99556
-0.99566
-0.9957
-0.99584
-0.9954
-0.99538
-0.99514
-0.99562
-0.99574
-0.9952
-0.99498
-0.99572
-0.9953
-0.9956
-0.9954
-0.99564
-0.99566
-0.9959
-0.99558
-0.99526
-0.99512
-0.99538
-0.99598
-0.99504
-0.99574
-0.99486
-0.99546
-0.99612
-0.99586
-0.99586
-0.99544
-0.9962
-0.99532
-0.99578
-0.99602
-0.9959
-0.99586
-0.9959
-0.99602
-0.99614
-0.99604
-0.99634
-0.99532
-0.9952
-0.99568
-0.99568
-0.99578
-0.9954
-0.99518
-0.99608
-0.99546
-0.99542
-0.99596
-0.99568
-0.99576
-0.99574
-0.99618
-0.99604
-0.99612
-0.9958
-0.99588
-0.9955
-0.99572
-0.99682
-0.99588
-0.9963
-0.99554
-0.99524
-0.99538
-0.99672
-0.99542
-0.99568
-0.99586
-0.99554
-0.99552
-0.99584
-0.99556
-0.99578
-0.99582
-0.99576
-0.99518
-0.99592
-0.99638
-0.99594
-0.99626
-0.99556
-0.9953
-0.99514
-0.99556
-0.9957
-0.99628
-0.99582
-0.99554
-0.99532
-0.99634
-0.99596
-0.99564
-0.99552
-0.99522
-0.99592
-0.99528
-0.99554
-0.996
-0.99548
-0.99556
-0.99562
-0.99598
-0.99586
-0.99562
-0.99606
-0.99568
-0.99528
-0.99568
-0.99526
-0.9952
-0.99556
-0.99528
-0.99596
-0.9958
-0.99574
-0.99558
-0.99524
-0.99618
-0.99576
-0.9959
-0.99542
-0.99628
-0.99562
-0.99572
-0.9955
-0.99614
-0.99522
-0.99572
-0.99544
-0.99558
-0.99588
-0.9959
-0.99558
-0.99572
-0.99624
-0.9956
-0.99616
-0.99526
-0.9955
-0.99506
-0.99594
-0.99602
-0.99566
-0.99554
-0.99616
-0.99586
-0.99566
-0.99552
-0.99582
-0.99608
-0.99584
-0.99548
-0.99608
-0.99546
-0.99602
-0.99552
-0.99538
-0.99544
-0.99606
-0.9954
-0.99602
-0.99452
-0.99562
-0.99592
-0.9958
-0.996
-0.99552
-0.9959
-0.99538
-0.9961
-0.99546
-0.9951
-0.99586
-0.99572
-0.99526
-0.99526
-0.99624
-0.9952
-0.99636
-0.99614
-0.99598
-0.99584
-0.99566
-0.99542
-0.99552
-0.99552
-0.9951
-0.9952
-0.99564
-0.99582
-0.99612
-0.9961
-0.99608
-0.99576
-0.99544
-0.9958
-0.99564
-0.99596
-0.99586
-0.9951
-0.99568
-0.99554
-0.99532
-0.99554
-0.99548
-0.99558
-0.99608
-0.99548
-0.99532
-0.99662
-0.99542
-0.99574
-0.99586
-0.9956
-0.99514
-0.99576
-0.99606
-0.99514
-0.99558
-0.99602
-0.99568
-0.99598
-0.99536
-0.99588
-0.99552
-0.99552
-0.99568
-0.99538
-0.99584
-0.99586
-0.9958
-0.99562
-0.99566
-0.99532
-0.99552
-0.99594
-0.9955
-0.99514
-0.99534
-0.99538
-0.9951
-0.9955
-0.9957
-0.99598
-0.99552
-0.99562
-0.99572
-0.99592
-0.99538
-0.99546
-0.99564
-0.99544
-0.99546
-0.9956
-0.99556
-0.99568
-0.99566
-0.9957
-0.9957
-0.996
-0.995
-0.99582
-0.99578
-0.99538
-0.99574
-0.99626
-0.99556
-0.99668
-0.9958
-0.99522
-0.99542
-0.99552
-0.99536
-0.9955
-0.99616
-0.99574
-0.99556
-0.99572
-0.99604
-0.99556
-0.99564
-0.99586
-0.99568
-0.99562
-0.99594
-0.99544
-0.99592
-0.99506
-0.99562
-0.99566
-0.99544
-0.99506
-0.99572
-0.99602
-0.99562
-0.99572
-0.99516
-0.99526
-0.99542
-0.99552
-0.99518
-0.99528
-0.99576
-0.99588
-0.99576
-0.99528
-0.99576
-0.99538
-0.99486
-0.99496
-0.99592
-0.99562
-0.99536
-0.99574
-0.99576
-0.99648
-0.9955
-0.99576
-0.99578
-0.99486
-0.99584
-0.99558
-0.9959
-0.9958
-0.99486
-0.9952
-0.99564
-0.99532
-0.99582
-0.99576
-0.99572
-0.9959
-0.9954
-0.9956
-0.99532
-0.9955
-0.9963
-0.99524
-0.99536
-0.99624
-0.99602
-0.99604
-0.99542
-0.99506
-0.99592
-0.99548
-0.99582
-0.99574
-0.99572
-0.9954
-0.9959
-0.9957
-0.99548
-0.99554
-0.99562
-0.99542
-0.99566
-0.99562
-0.99586
-0.99538
-0.99588
-0.99612
-0.99548
-0.996
-0.9957
-0.99574
-0.99624
-0.99514
-0.9954
-0.9953
-0.9959
-0.9952
-0.99592
-0.99556
-0.99574
-0.99596
-0.99624
-0.9957
-0.99538
-0.9959
-0.99588
-0.9956
-0.99574
-0.99574
-0.99556
-0.99588
-0.9956
-0.99586
-0.99542
-0.99494
-0.99588
-0.9949
-0.99582
-0.9959
-0.9952
-0.99612
-0.99622
-0.99582
-0.99532
-0.99542
-0.99564
-0.99578
-0.99566
-0.99558
-0.99536
-0.995
-0.9956
-0.99546
-0.99524
-0.99604
-0.99558
-0.99604
-0.99536
-0.9956
-0.99542
-0.99624
-0.99586
-0.99578
-0.99602
-0.99596
-0.99532
-0.99506
-0.99582
-0.99562
-0.99632
-0.99566
-0.99572
-0.99512
-0.9959
-0.99582
-0.99562
-0.9958
-0.9958
-0.9959
-0.99536
-0.99582
-0.99568
-0.99582
-0.99532
-0.9958
-0.99572
-0.99586
-0.99618
-0.9964
-0.99576
-0.9959
-0.99616
-0.99532
-0.99556
-0.99584
-0.99532
-0.99596
-0.99526
-0.99586
-0.99594
-0.99524
-0.99626
-0.99638
-0.99558
-0.99598
-0.99584
-0.99584
-0.99514
-0.99582
-0.99542
-0.9958
-0.9957
-0.99612
-0.99544
-0.99572
-0.99594
-0.99586
-0.99558
-0.99546
-0.9956
-0.99578
-0.99624
-0.99518
-0.99538
-0.99606
-0.99578
-0.99582
-0.99586
-0.9958
-0.99562
-0.99542
-0.9953
-0.99534
-0.99588
-0.99536
-0.9956
-0.99586
-0.99544
-0.99606
-0.9959
-0.99584
-0.99556
-0.99466
-0.99516
-0.9956
-0.99546
-0.9957
-0.9959
-0.99576
-0.99586
-0.99582
-0.99544
-0.99592
-0.99578
-0.99564
-0.99516
-0.99608
-0.99578
-0.99578
-0.99564
-0.99568
-0.99538
-0.99668
-0.99518
-0.99592
-0.99554
-0.99584
-0.99584
-0.99578
-0.99526
-0.9954
-0.99596
-0.99532
-0.99534
-0.99588
-0.9963
-0.99572
-0.99576
-0.99534
-0.99576
-0.9964
-0.99578
-0.99566
-0.9955
-0.99628
-0.99606
-0.99618
-0.9957
-0.99572
-0.99598
-0.9958
-0.99578
-0.99542
-0.99548
-0.99632
-0.99546
-0.9956
-0.99544
-0.99608
-0.9955
-0.99558
-0.99566
-0.99536
-0.9955
-0.99606
-0.99594
-0.99566
-0.99494
-0.99604
-0.996
-0.99544
-0.9958
-0.99608
-0.99582
-0.99556
-0.9957
-0.99616
-0.9961
-0.99556
-0.99556
-0.99558
-0.9957
-0.99582
-0.99558
-0.99584
-0.99582
-0.99596
-0.99564
-0.99592
-0.99604
-0.996
-0.99542
-0.99558
-0.99478
-0.99574
-0.99522
-0.99606
-0.99624
-0.99518
-0.99528
-0.99558
-0.9953
-0.99578
-0.99518
-0.99508
-0.9961
-0.99548
-0.99568
-0.9955
-0.9953
-0.99554
-0.99558
-0.9956
-0.99604
-0.99602
-0.99554
-0.99578
-0.99588
-0.99526
-0.99556
-0.99562
-0.9962
-0.9963
-0.99504
-0.99658
-0.99528
-0.99572
-0.99556
-0.9964
-0.99626
-0.99552
-0.99494
-0.99536
-0.99602
-0.99562
-0.99552
-0.99562
-0.99572
-0.99628
-0.99594
-0.99538
-0.99566
-0.99584
-0.9952
-0.99608
-0.99564
-0.99576
-0.99576
-0.99578
-0.99528
-0.99546
-0.99516
-0.99568
-0.995
-0.99516
-0.99572
-0.99618
-0.99576
-0.99622
-0.99652
-0.99566
-0.9958
-0.99566
-0.99568
-0.99584
-0.99572
-0.99564
-0.99614
-0.9958
-0.99522
-0.99598
-0.99602
-0.99566
-0.9957
-0.99596
-0.99602
-0.99562
-0.9955
-0.99554
-0.996
-0.996
-0.99596
-0.99558
-0.99576
-0.99542
-0.99584
-0.99592
-0.99506
-0.99536
-0.99574
-0.99596
-0.99514
-0.99594
-0.99526
-0.99582
-0.9956
-0.9955
-0.99576
-0.99584
-0.99472
-0.9952
-0.99638
-0.99548
-0.99538
-0.9955
-0.99516
-0.99498
-0.99548
-0.99584
-0.99544
-0.99568
-0.99568
-0.99566
-0.99586
-0.99494
-0.99594
-0.99578
-0.99558
-0.99604
-0.99532
-0.9957
-0.99582
-0.99504
-0.99528
-0.99568
-0.9956
-0.99558
-0.99574
-0.9952
-0.99574
-0.99594
-0.99554
-0.99608
-0.99566
-0.99602
-0.9957
-0.99596
-0.9959
-0.99548
-0.99616
-0.99548
-0.99622
-0.99572
-0.99556
-0.99614
-0.99594
-0.995
-0.99544
-0.9959
-0.9954
-0.99586
-0.99616
-0.99612
-0.99588
-0.99498
-0.9951
-0.9955
-0.99558
-0.99522
-0.99594
-0.99558
-0.99584
-0.99564
-0.9954
-0.9957
-0.99558
-0.99588
-0.99532
-0.99576
-0.99552
-0.9958
-0.996
-0.9956
-0.99538
-0.99544
-0.99592
-0.99584
-0.99594
-0.99622
-0.99576
-0.99606
-0.99548
-0.99554
-0.99582
-0.99588
-0.99578
-0.99586
-0.99602
-0.99598
-0.99508
-0.99602
-0.99536
-0.9959
-0.99638
-0.9959
-0.99596
-0.99596
-0.9953
-0.99604
-0.9958
-0.9952
-0.99556
-0.99582
-0.99564
-0.9959
-0.99642
-0.996
-0.99516
-0.99566
-0.99544
-0.99572
-0.99612
-0.9956
-0.99592
-0.99602
-0.99536
-0.99564
-0.99534
-0.99538
-0.99618
-0.9957
-0.99564
-0.99568
-0.99588
-0.99492
-0.99568
-0.9956
-0.9955
-0.99566
-0.9954
-0.996
-0.99554
-0.99588
-0.99518
-0.9959
-0.99604
-0.99528
-0.99584
-0.9959
-0.99584
-0.9954
-0.99544
-0.99608
-0.99566
-0.99568
-0.996
-0.99622
-0.99536
-0.99564
-0.99546
-0.99558
-0.99552
-0.99598
-0.9953
-0.99578
-0.9957
-0.99558
-0.9953
-0.99592
-0.9954
-0.99558
-0.99506
-0.99504
-0.9953
-0.99556
-0.9959
-0.99554
-0.99522
-0.99608
-0.99602
-0.99564
-0.99542
-0.99558
-0.99558
-0.99582
-0.99542
-0.99556
-0.9955
-0.99574
-0.99562
-0.996
-0.99592
-0.99546
-0.99578
-0.99604
-0.99586
-0.99612
-0.9952
-0.99566
-0.99576
-0.9956
-0.99586
-0.99556
-0.99546
-0.9958
-0.99618
-0.99518
-0.99588
-0.9961
-0.9953
-0.99518
-0.99584
-0.9958
-0.9961
-0.99566
-0.99588
-0.99614
-0.99556
-0.99596
-0.99626
-0.99602
-0.99648
-0.99594
-0.99582
-0.99586
-0.99584
-0.99518
-0.99528
-0.99596
-0.99536
-0.99614
-0.99492
-0.99594
-0.99516
-0.99528
-0.99576
-0.9954
-0.99592
-0.99564
-0.99558
-0.99514
-0.9954
-0.99554
-0.99536
-0.99556
-0.99556
-0.9955
-0.99572
-0.99562
-0.99576
-0.99548
-0.99548
-0.99538
-0.99536
-0.99558
-0.99562
-0.99566
-0.99594
-0.99532
-0.99532
-0.99574
-0.99522
-0.99552
-0.99558
-0.99558
-0.99586
-0.99576
-0.99554
-0.99534
-0.9957
-0.99538
-0.99606
-0.99612
-0.99584
-0.99606
-0.9955
-0.99598
-0.99604
-0.99624
-0.99572
-0.9955
-0.99556
-0.99546
-0.99606
-0.99582
-0.99576
-0.99518
-0.99572
-0.99534
-0.99606
-0.9955
-0.99594
-0.99536
-0.99558
-0.99522
-0.99578
-0.99606
-0.9957
-0.99546
-0.99544
-0.99646
-0.9958
-0.99584
-0.99602
-0.99608
-0.9957
-0.99622
-0.99566
-0.99618
-0.9952
-0.99544
-0.9957
-0.99556
-0.99494
-0.9951
-0.99508
-0.9959
-0.99564
-0.9957
-0.99518
-0.99642
-0.99552
-0.99586
-0.99576
-0.9958
-0.99604
-0.9964
-0.99516
-0.99586
-0.99586
-0.99562
-0.9959
-0.9955
-0.99526
-0.99608
-0.99528
-0.99614
-0.99572
-0.9952
-0.99494
-0.99534
-0.99538
-0.99514
-0.99546
-0.99574
-0.9955
-0.99606
-0.99524
-0.99584
-0.99588
-0.99582
-0.99574
-0.9957
-0.9959
-0.99608
-0.99548
-0.99536
-0.99626
-0.99524
-0.9959
-0.99606
-0.99518
-0.99568
-0.9962
-0.99552
-0.9952
-0.99562
-0.99572
-0.99592
-0.99586
-0.99564
-0.99562
-0.99566
-0.99606
-0.99528
-0.99642
-0.99578
-0.9957
-0.99542
-0.99532
-0.99574
-0.99486
-0.99522
-0.99564
-0.99564
-0.99544
-0.99552
-0.99518
-0.99512
-0.99614
-0.99592
-0.99562
-0.99604
-0.9959
-0.99592
-0.9958
-0.99564
-0.99644
-0.99586
-0.996
-0.99498
-0.99514
-0.99582
-0.99562
-0.99534
-0.9957
-0.99582
-0.9958
-0.9958
-0.99552
-0.99546
-0.99534
-0.99518
-0.9962
-0.99526
-0.9954
-0.99538
-0.99542
-0.9953
-0.99568
-0.9958
-0.99562
-0.9957
-0.99608
-0.99554
-0.9955
-0.99612
-0.99602
-0.99566
-0.99574
-0.9954
-0.9953
-0.99622
-0.99484
-0.99534
-0.99524
-0.99552
-0.99542
-0.99588
-0.99572
-0.99546
-0.99512
-0.99572
-0.99538
-0.995
-0.99546
-0.99522
-0.99484
-0.99582
-0.99584
-0.99554
-0.99606
-0.99588
-0.99576
-0.99552
-0.99524
-0.99556
-0.99572
-0.99488
-0.9955
-0.99578
-0.99562
-0.99574
-0.9956
-0.9955
-0.9958
-0.99576
-0.99532
-0.99584
-0.99512
-0.99518
-0.9957
-0.99516
-0.99538
-0.99572
-0.99466
-0.99572
-0.99514
-0.99584
-0.99542
-0.99596
-0.99566
-0.99558
-0.99536
-0.99578
-0.99598
-0.99628
-0.9951
-0.99566
-0.99534
-0.99552
-0.99536
-0.996
-0.99552
-0.99504
-0.99546
-0.99552
-0.99526
-0.99536
-0.99622
-0.99558
-0.99522
-0.99514
-0.9958
-0.996
-0.9954
-0.9959
-0.99574
-0.99516
-0.99596
-0.99594
-0.99634
-0.996
-0.99594
-0.99592
-0.99526
-0.9955
-0.99588
-0.99544
-0.99548
-0.99556
-0.99546
-0.9954
-0.99602
-0.99608
-0.99532
-0.99564
-0.99574
-0.99594
-0.99572
-0.99566
-0.9959
-0.99572
-0.99574
-0.9962
-0.99578
-0.9958
-0.99558
-0.99552
-0.99604
-0.99524
-0.99574
-0.99538
-0.99638
-0.99586
-0.99566
-0.99554
-0.99568
-0.99564
-0.9957
-0.99558
-0.9957
-0.99602
-0.9958
-0.99568
-0.99544
-0.99594
-0.99552
-0.99602
-0.99584
-0.99558
-0.99588
-0.9958
-0.99582
-0.99506
-0.99558
-0.99584
-0.9956
-0.99574
-0.99602
-0.99564
-0.99558
-0.99576
-0.99538
-0.99516
-0.99568
-0.99616
-0.99592
-0.99604
-0.99612
-0.99536
-0.9959
-0.99568
-0.99536
-0.99524
-0.99564
-0.9949
-0.99584
-0.995
-0.99574
-0.99498
-0.99534
-0.9956
-0.99474
-0.996
-0.99582
-0.9953
-0.99598
-0.99554
-0.99612
-0.99556
-0.99586
-0.99538
-0.9956
-0.99576
-0.99582
-0.99558
-0.995
-0.99512
-0.99588
-0.99584
-0.99566
-0.99538
-0.9957
-0.99556
-0.99546
-0.9956
-0.99582
-0.99578
-0.99542
-0.99552
-0.99638
-0.99564
-0.99592
-0.99512
-0.99556
-0.9961
-0.99594
-0.99524
-0.99574
-0.9958
-0.99552
-0.99592
-0.99602
-0.9957
-0.99618
-0.99592
-0.99526
-0.99602
-0.9953
-0.99564
-0.996
-0.99526
-0.99592
-0.9952
-0.99554
-0.99604
-0.99568
-0.99642
-0.99556
-0.99556
-0.99546
-0.99584
-0.9956
-0.9952
-0.99528
-0.99536
-0.99528
-0.99638
-0.99608
-0.99646
-0.99592
-0.99608
-0.99564
-0.99604
-0.99568
-0.9959
-0.99594
-0.99548
-0.99542
-0.9959
-0.9957
-0.99566
-0.99558
-0.99552
-0.9953
-0.99606
-0.99566
-0.99608
-0.99566
-0.9958
-0.9956
-0.9958
-0.99596
-0.99504
-0.99578
-0.99596
-0.99576
-0.99522
-0.9953
-0.99534
-0.99554
-0.99572
-0.9959
-0.99574
-0.9955
-0.99558
-0.99598
-0.99582
-0.99636
-0.99466
-0.99554
-0.99598
-0.99554
-0.9959
-0.99568
-0.99502
-0.9959
-0.99576
-0.99584
-0.99514
-0.99532
-0.99534
-0.99494
-0.99598
-0.9953
-0.99606
-0.99588
-0.99588
-0.99526
-0.99554
-0.99564
-0.9952
-0.99552
-0.99568
-0.9956
-0.9955
-0.99564
-0.99562
-0.99572
-0.99584
-0.99508
-0.99586
-0.99568
-0.9954
-0.9958
-0.99534
-0.99546
-0.99584
-0.99552
-0.99628
-0.99562
-0.99594
-0.99564
-0.99582
-0.99574
-0.9955
-0.9961
-0.9956
-0.99548
-0.99546
-0.99586
-0.9953
-0.99598
-0.99568
-0.99604
-0.9953
-0.99584
-0.99566
-0.99554
-0.99552
-0.9958
-0.99502
-0.99596
-0.99566
-0.9961
-0.99566
-0.99544
-0.99546
-0.99574
-0.99608
-0.99532
-0.99592
-0.99544
-0.99562
-0.99556
-0.99536
-0.99554
-0.9956
-0.9961
-0.99532
-0.99536
-0.99582
-0.99612
-0.99602
-0.99556
-0.996
-0.99522
-0.99528
-0.99568
-0.99582
-0.99608
-0.9951
-0.99532
-0.9956
-0.9953
-0.99556
-0.9957
-0.99554
-0.99546
-0.9959
-0.9953
-0.99506
-0.99556
-0.99508
-0.99606
-0.99542
-0.99638
-0.99528
-0.99588
-0.9957
-0.99618
-0.996
-0.99564
-0.99572
-0.99632
-0.99584
-0.99582
-0.99604
-0.99554
-0.99558
-0.99632
-0.99586
-0.99552
-0.99592
-0.99532
-0.99496
-0.9954
-0.99534
-0.99562
-0.99528
-0.99598
-0.9954
-0.99576
-0.99604
-0.99504
-0.99602
-0.99586
-0.99542
-0.99558
-0.99578
-0.99606
-0.99536
-0.99588
-0.9955
-0.99554
-0.99572
-0.99512
-0.99578
-0.9958
-0.99552
-0.99586
-0.99642
-0.99534
-0.99604
-0.99544
-0.99584
-0.9958
-0.99578
-0.99526
-0.99532
-0.99548
-0.9952
-0.99538
-0.99564
-0.99548
-0.99584
-0.99602
-0.99608
-0.9956
-0.99594
-0.99568
-0.99638
-0.99582
-0.9951
-0.99562
-0.9959
-0.99522
-0.9955
-0.99548
-0.99582
-0.99524
-0.9956
-0.99554
-0.99592
-0.99532
-0.9954
-0.99556
-0.9959
-0.9955
-0.99556
-0.99648
-0.99522
-0.99538
-0.99562
-0.99638
-0.99574
-0.99556
-0.99544
-0.99618
-0.9955
-0.9958
-0.9959
-0.99602
-0.9957
-0.99544
-0.99592
-0.9958
-0.99614
-0.99618
-0.99614
-0.99534
-0.99522
-0.99564
-0.99602
-0.99566
-0.99532
-0.99632
-0.996
-0.99574
-0.9955
-0.99618
-0.99534
-0.99608
-0.99554
-0.9954
-0.99566
-0.99582
-0.99578
-0.9958
-0.99564
-0.99586
-0.99582
-0.99494
-0.99602
-0.99544
-0.99536
-0.99558
-0.99594
-0.99534
-0.99608
-0.99558
-0.99536
-0.99584
-0.99574
-0.99496
-0.99572
-0.99534
-0.99542
-0.99544
-0.99552
-0.9956
-0.99536
-0.99624
-0.99554
-0.99594
-0.9961
-0.9959
-0.99558
-0.99608
-0.99596
-0.99594
-0.99486
-0.99476
-0.99596
-0.99604
-0.9957
-0.99612
-0.99594
-0.99576
-0.99536
-0.99538
-0.99534
-0.99558
-0.99604
-0.99518
-0.99542
-0.99502
-0.99592
-0.99548
-0.99526
-0.99592
-0.99504
-0.99634
-0.99624
-0.99534
-0.99584
-0.9961
-0.99578
-0.9959
-0.99556
-0.99604
-0.9957
-0.9954
-0.9955
-0.99588
-0.99544
-0.99598
-0.99588
-0.99592
-0.99602
-0.99638
-0.99572
-0.99524
-0.99574
-0.99598
-0.99628
-0.9958
-0.996
-0.99576
-0.99514
-0.99558
-0.99594
-0.99626
-0.99602
-0.99588
-0.99608
-0.99592
-0.99484
-0.99578
-0.99632
-0.99562
-0.99566
-0.99552
-0.99518
-0.996
-0.99564
-0.9954
-0.99576
-0.9952
-0.99578
-0.99534
-0.99578
-0.99572
-0.9958
-0.9952
-0.99542
-0.99606
-0.99616
-0.99628
-0.99548
-0.99566
-0.99594
-0.99528
-0.99564
-0.99502
-0.99612
-0.99482
-0.99604
-0.99516
-0.99564
-0.99554
-0.99624
-0.99546
-0.9958
-0.99564
-0.9957
-0.9955
-0.99532
-0.99568
-0.99572
-0.99576
-0.99588
-0.99616
-0.99606
-0.99576
-0.9957
-0.99648
-0.9956
-0.99586
-0.9948
-0.9956
-0.99604
-0.99586
-0.9959
-0.9951
-0.99586
-0.99562
-0.99572
-0.99522
-0.99542
-0.99568
-0.9958
-0.99558
-0.99578
-0.9963
-0.9959
-0.99596
-0.99586
-0.99598
-0.9956
-0.99548
-0.99588
-0.99576
-0.99568
-0.99612
-0.99582
-0.99518
-0.9951
-0.99542
-0.99524
-0.99532
-0.99548
-0.99548
-0.99598
-0.99606
-0.99542
-0.99596
-0.9957
-0.99626
-0.99562
-0.996
-0.99592
-0.99586
-0.99552
-0.9953
-0.9963
-0.99594
-0.9956
-0.99544
-0.99576
-0.99538
-0.99648
-0.99602
-0.99586
-0.99562
-0.99598
-0.9955
-0.99588
-0.99598
-0.99538
-0.99574
-0.99574
-0.9951
-0.99584
-0.99602
-0.99586
-0.99578
-0.9957
-0.99524
-0.99552
-0.99516
-0.99516
-0.9957
-0.99554
-0.99536
-0.9958
-0.9963
-0.99562
-0.99618
-0.9959
-0.99524
-0.99592
-0.99568
-0.99596
-0.99554
-0.99624
-0.9958
-0.99556
-0.9956
-0.99536
-0.99578
-0.99568
-0.9953
-0.99594
-0.9956
-0.99552
-0.99598
-0.99592
-0.9963
-0.99558
-0.99574
-0.99654
-0.99564
-0.99638
-0.99566
-0.99548
-0.99532
-0.996
-0.995
-0.99586
-0.99572
-0.99618
-0.9955
-0.99448
-0.99584
-0.9956
-0.99556
-0.9955
-0.99596
-0.99596
-0.99528
-0.9958
-0.9956
-0.9953
-0.99542
-0.99564
-0.9957
-0.99544
-0.99558
-0.9959
-0.99554
-0.99562
-0.99598
-0.99558
-0.99522
-0.99524
-0.99568
-0.9952
-0.9961
-0.99554
-0.99604
-0.99544
-0.99584
-0.99624
-0.99548
-0.9954
-0.99574
-0.99562
-0.99546
-0.99516
-0.99624
-0.99534
-0.99498
-0.99594
-0.99624
-0.99544
-0.99606
-0.99588
-0.9959
-0.99586
-0.9961
-0.99556
-0.9949
-0.99604
-0.99548
-0.99566
-0.99652
-0.99576
-0.99584
-0.99566
-0.99564
-0.99534
-0.9956
-0.99532
-0.99586
-0.99624
-0.99554
-0.99528
-0.99516
-0.9955
-0.99582
-0.99564
-0.99498
-0.99544
-0.99532
-0.99586
-0.99536
-0.99588
-0.99564
-0.99598
-0.99542
-0.99562
-0.99568
-0.99568
-0.99582
-0.99566
-0.99554
-0.9956
-0.99602
-0.99602
-0.99574
-0.99586
-0.99532
-0.99558
-0.99502
-0.99576
-0.99538
-0.99618
-0.99568
-0.99572
-0.99566
-0.99628
-0.99598
-0.99536
-0.99538
-0.99644
-0.9958
-0.99594
-0.99548
-0.99566
-0.99512
-0.99566
-0.99624
-0.99532
-0.99568
-0.9956
-0.99542
-0.99602
-0.9959
-0.99592
-0.99554
-0.9956
-0.99576
-0.99564
-0.99542
-0.99496
-0.99548
-0.99616
-0.99556
-0.99576
-0.99498
-0.99568
-0.99548
-0.99592
-0.99574
-0.9952
-0.9955
-0.99592
-0.99624
-0.99574
-0.99518
-0.99596
-0.99536
-0.99532
-0.99586
-0.99556
-0.99606
-0.99586
-0.9956
-0.99548
-0.99588
-0.99536
-0.99544
-0.99548
-0.9958
-0.99604
-0.9958
-0.9954
-0.99526
-0.99602
-0.99634
-0.99576
-0.9963
-0.99592
-0.99572
-0.99544
-0.99572
-0.99528
-0.99584
-0.99516
-0.99564
-0.99548
-0.99572
-0.9956
-0.99582
-0.99516
-0.99532
-0.9956
-0.99598
-0.99554
-0.99538
-0.99562
-0.99568
-0.99572
-0.99546
-0.996
-0.9958
-0.99532
-0.99542
-0.99602
-0.99544
-0.99576
-0.99578
-0.9955
-0.99566
-0.99558
-0.9966
-0.99586
-0.99586
-0.996
-0.9953
-0.99558
-0.99604
-0.99574
-0.99486
-0.99502
-0.996
-0.9954
-0.99558
-0.99594
-0.99596
-0.99592
-0.99612
-0.99594
-0.99606
-0.99552
-0.9951
-0.9959
-0.99562
-0.9958
-0.996
-0.9958
-0.99612
-0.99536
-0.99616
-0.99618
-0.99558
-0.99536
-0.99572
-0.99562
-0.99586
-0.99628
-0.99558
-0.9958
-0.99584
-0.9956
-0.99496
-0.99528
-0.99504
-0.9954
-0.99562
-0.9955
-0.99564
-0.99546
-0.9961
-0.99566
-0.995
-0.99614
-0.99538
-0.99572
-0.9957
-0.99546
-0.99588
-0.99638
-0.99572
-0.9957
-0.99552
-0.99562
-0.99618
-0.99554
-0.99506
-0.99574
-0.99582
-0.99558
-0.99574
-0.99498
-0.99532
-0.99584
-0.99576
-0.9953
-0.9958
-0.99552
-0.9957
-0.99524
-0.99568
-0.99604
-0.99608
-0.9957
-0.99596
-0.9955
-0.99564
-0.99604
-0.9953
-0.9958
-0.99584
-0.99558
-0.99568
-0.99558
-0.99594
-0.9961
-0.99506
-0.99554
-0.9959
-0.99614
-0.99574
-0.99612
-0.99596
-0.99572
-0.996
-0.9959
-0.99584
-0.99568
-0.99566
-0.9952
-0.99622
-0.99624
-0.9955
-0.99598
-0.99522
-0.99602
-0.9953
-0.99556
-0.99522
-0.99552
-0.99588
-0.99622
-0.99574
-0.99612
-0.9958
-0.99564
-0.99582
-0.99566
-0.99596
-0.9958
-0.99514
-0.99502
-0.99582
-0.99578
-0.99556
-0.99536
-0.99582
-0.9963
-0.99564
-0.9956
-0.99592
-0.9958
-0.99556
-0.9953
-0.9959
-0.99564
-0.99586
-0.99574
-0.99554
-0.99584
-0.99598
-0.99502
-0.99604
-0.99582
-0.99542
-0.99526
-0.99528
-0.9959
-0.99548
-0.99554
-0.99566
-0.99584
-0.99634
-0.99572
-0.9957
-0.99594
-0.99576
-0.99558
-0.99596
-0.9951
-0.99588
-0.99642
-0.99532
-0.99592
-0.9959
-0.99572
-0.9958
-0.99602
-0.99566
-0.99548
-0.99572
-0.99598
-0.99514
-0.99598
-0.9957
-0.9959
-0.99568
-0.99616
-0.99578
-0.99516
-0.99586
-0.99552
-0.99532
-0.99576
-0.99534
-0.99612
-0.99554
-0.99576
-0.99544
-0.9952
-0.99506
-0.99596
-0.99634
-0.99566
-0.99516
-0.99536
-0.99564
-0.99544
-0.99614
-0.99532
-0.99578
-0.99582
-0.99572
-0.996
-0.99506
-0.99598
-0.99592
-0.99528
-0.99588
-0.9955
-0.99578
-0.99554
-0.99556
-0.99596
-0.9963
-0.99524
-0.99546
-0.9958
-0.99594
-0.996
-0.99566
-0.99554
-0.9955
-0.99564
-0.99522
-0.99536
-0.9953
-0.99608
-0.99598
-0.9957
-0.99576
-0.99488
-0.99544
-0.9959
-0.99594
-0.99536
-0.99612
-0.99584
-0.9963
-0.99536
-0.99608
-0.99554
-0.99596
-0.9952
-0.99584
-0.99578
-0.99568
-0.99562
-0.9953
-0.99574
-0.9956
-0.99546
-0.9954
-0.99574
-0.99554
-0.99516
-0.99538
-0.99608
-0.99588
-0.99552
-0.99532
-0.9955
-0.99546
-0.99528
-0.99582
-0.99514
-0.99548
-0.99552
-0.99616
-0.99574
-0.99588
-0.99524
-0.9959
-0.99558
-0.99598
-0.9962
-0.99568
-0.99552
-0.99584
-0.99562
-0.99596
-0.9954
-0.9957
-0.9959
-0.9958
-0.996
-0.9956
-0.9959
-0.99546
-0.99582
-0.99524
-0.99536
-0.99568
-0.99554
-0.9955
-0.99584
-0.99558
-0.99526
-0.99596
-0.99552
-0.9959
-0.99586
-0.99568
-0.9957
-0.99526
-0.99606
