0.99496
0.995
0.9949
0.99538
0.99508
0.9959
0.9955
0.99498
0.9952
0.9951
0.99494
0.99532
0.99548
0.99564
0.99464
0.99546
0.99546
0.9954
0.99564
0.99514
0.9949
0.99562
0.9947
0.99452
0.99568
0.99562
0.99526
0.99446
0.99542
0.9951
0.99552
0.9955
0.99514
0.99578
0.99464
0.99458
0.99492
0.99506
0.995
0.99512
0.99506
0.99534
0.99472
0.99572
0.99492
0.99462
0.99508
0.99546
0.99502
0.99542
0.99534
0.99504
0.99532
0.9951
0.99548
0.99538
0.99536
0.99534
0.99466
0.99546
0.99576
0.99578
0.99488
0.99426
0.99524
0.99498
0.99508
0.99516
0.99482
0.99536
0.99574
0.9951
0.99564
0.99524
0.9953
0.9949
0.99512
0.9953
0.99488
0.99478
0.99556
0.99474
0.9954
0.99494
0.99468
0.99562
0.9956
0.99536
0.995
0.99486
0.99534
0.99496
0.99516
0.99558
0.99496
0.99526
0.99542
0.99504
0.99498
0.9961
0.99512
0.9952
0.99454
0.9951
0.99544
0.99576
0.9955
0.9948
0.99546
0.99528
0.99544
0.99476
0.99476
0.99518
0.99448
0.99496
0.99542
0.99506
0.99464
0.99506
0.9945
0.99498
0.99464
0.99478
0.99448
0.99538
0.99546
0.99552
0.99554
0.99526
0.99508
0.99562
0.99516
0.9951
0.99534
0.99526
0.99462
0.99512
0.99498
0.99552
0.99508
0.99448
0.99566
0.99476
0.99496
0.9953
0.99564
0.99476
0.99548
0.99494
0.99544
0.99504
0.9948
0.99526
0.99512
0.99598
0.99566
0.99546
0.99494
0.99514
0.99494
0.99542
0.9955
0.99596
0.99544
0.9954
0.995
0.99534
0.9954
0.9957
0.99528
0.99532
0.99514
0.99486
0.99564
0.9953
0.99538
0.99526
0.995
0.99532
0.99548
0.99474
0.9952
0.9952
0.99502
0.99494
0.99518
0.99534
0.99494
0.99492
0.99534
0.99584
0.99582
0.99524
0.9955
0.99478
0.99506
0.99466
0.99528
0.99486
0.99574
0.99552
0.99506
0.99488
0.99562
0.99546
0.99544
0.99516
0.99542
0.99514
0.99482
0.99584
0.99448
0.99502
0.99478
0.99504
0.99564
0.99536
0.9953
0.99544
0.9947
0.99538
0.9954
0.9954
0.9953
0.99506
0.99552
0.9953
0.99502
0.99552
0.99504
0.99568
0.99444
0.99548
0.99548
0.99514
0.9952
0.99546
0.9956
0.99558
0.99502
0.99514
0.99446
0.9952
0.99522
0.9958
0.99476
0.99554
0.9956
0.99544
0.99434
0.99558
0.99562
0.99514
0.99528
0.99504
0.99516
0.99516
0.99484
0.9956
0.99508
0.99406
0.9946
0.99542
0.9949
0.99542
0.99488
0.99482
0.99512
0.99504
0.99528
0.99558
0.99512
0.99542
0.99548
0.99568
0.99572
0.99492
0.99508
0.99464
0.9951
0.99506
0.99498
0.9951
0.99536
0.99558
0.99522
0.9949
0.99492
0.99496
0.99496
0.99438
0.99572
0.99546
0.99526
0.99534
0.99518
0.99484
0.99494
0.99558
0.995
0.99558
0.9948
0.99554
0.9956
0.99522
0.99514
0.9951
0.99538
0.99538
0.99558
0.99532
0.9954
0.99518
0.99558
0.9947
0.99562
0.9955
0.99512
0.99592
0.99484
0.9957
0.9953
0.9951
0.99494
0.9962
0.9961
0.99554
0.9949
0.99544
0.99508
0.99492
0.99502
0.99518
0.99592
0.99462
0.99534
0.9946
0.9953
0.99516
0.99542
0.9952
0.9955
0.99474
0.99544
0.9952
0.99462
0.99506
0.99514
0.99492
0.99486
0.9952
0.99556
0.99592
0.9956
0.99526
0.99558
0.99544
0.9958
0.9951
0.99534
0.99518
0.99554
0.9955
0.9953
0.99534
0.99594
0.9954
0.99486
0.99508
0.99514
0.99496
0.99526
0.99502
0.99536
0.99494
0.99524
0.9957
0.99538
0.99566
0.9952
0.9952
0.99536
0.9949
0.99526
0.9955
0.9951
0.99556
0.99554
0.99492
0.99506
0.9954
0.99536
0.99554
0.99522
0.99518
0.99488
0.99566
0.99572
0.9952
0.99546
0.9957
0.99462
0.99574
0.99468
0.99536
0.99478
0.99546
0.99518
0.9956
0.99578
0.99538
0.99478
0.99488
0.99528
0.99548
0.99494
0.99496
0.99514
0.99558
0.99554
0.9954
0.99538
0.99584
0.99548
0.99496
0.99574
0.995
0.99564
0.9951
0.99514
0.99536
0.99556
0.99478
0.9955
0.99508
0.9958
0.99514
0.99512
0.9955
0.99582
0.9952
0.9951
0.99544
0.99448
0.99582
0.99548
0.99514
0.99614
0.99546
0.99516
0.99566
0.9955
0.99534
0.99582
0.99568
0.99486
0.99576
0.99484
0.9955
0.9957
0.99508
0.99546
0.99442
0.99482
0.9954
0.9956
0.99548
0.99574
0.99556
0.99558
0.99558
0.99506
0.9952
0.99542
0.9955
0.99524
0.99536
0.99534
0.9955
0.9954
0.9952
0.99552
0.99602
0.9958
0.99536
0.99564
0.99526
0.9957
0.99584
0.99522
0.99486
0.99542
0.99548
0.9951
0.9953
0.99494
0.99436
0.99506
0.9941
0.99452
0.99492
0.99528
0.99546
0.99504
0.9953
0.995
0.99524
0.995
0.9951
0.99492
0.99526
0.99462
0.99534
0.99578
0.99516
0.99484
0.99514
0.9949
0.9949
0.9956
0.99542
0.9947
0.9953
0.99486
0.99566
0.9952
0.99464
0.99546
0.99514
0.99526
0.9952
0.99504
0.99514
0.99512
0.99498
0.99484
0.99514
0.99502
0.99594
0.99552
0.99496
0.99548
0.9958
0.9958
0.99488
0.9953
0.99526
0.9953
0.99546
0.99578
0.99554
0.99494
0.99552
0.99528
0.9952
0.99522
0.99486
0.99558
0.99496
0.99574
0.9958
0.99498
0.99532
0.995
0.99546
0.99528
0.99466
0.9953
0.99498
0.99524
0.99512
0.99504
0.99532
0.99536
0.9951
0.9953
0.99546
0.99546
0.99558
0.99518
0.9954
0.99518
0.99516
0.99492
0.99484
0.99488
0.99494
0.99548
0.9954
0.99542
0.99572
0.99516
0.99508
0.99554
0.99488
0.99528
0.99518
0.99504
0.99562
0.99542
0.99558
0.99468
0.9951
0.99572
0.99454
0.99474
0.99482
0.99546
0.99518
0.9956
0.99516
0.9951
0.99526
0.9953
0.99486
0.99542
0.9948
0.99544
0.9949
0.99526
0.99498
0.99552
0.99526
0.99474
0.99504
0.99496
0.99538
0.995
0.99488
0.99504
0.9952
0.99502
0.99542
0.99512
0.9955
0.99522
0.99558
0.99548
0.99508
0.99528
0.99502
0.9954
0.99496
0.99518
0.99478
0.995
0.99502
0.995
0.99492
0.99536
0.99528
0.9952
0.9954
0.99536
0.99514
0.99558
0.9952
0.99578
0.9953
0.99574
0.99488
0.99564
0.99578
0.99566
0.99522
0.99498
0.99616
0.9948
0.99578
0.9946
0.99564
0.99462
0.99432
0.99568
0.9955
0.9958
0.995
0.99536
0.99548
0.99548
0.99566
0.9954
0.99472
0.9951
0.99518
0.9953
0.9953
0.995
0.99548
0.9953
0.99502
0.99516
0.99482
0.99496
0.99526
0.99554
0.99514
0.9958
0.99496
0.99496
0.99514
0.99514
0.99458
0.99484
0.99532
0.99504
0.99498
0.9955
0.99586
0.99522
0.99462
0.99438
0.99538
0.99518
0.99512
0.9953
0.99548
0.9946
0.99502
0.9953
0.9952
0.99506
0.99534
0.99536
0.9948
0.99524
0.99532
0.99536
0.99532
0.995
0.99574
0.99486
0.9954
0.99508
0.99514
0.99592
0.99472
0.9952
0.99512
0.9955
0.9957
0.99546
0.99488
0.99502
0.99528
0.9947
0.9948
0.99598
0.99542
0.99562
0.9955
0.99468
0.9949
0.99542
0.99486
0.99548
0.99586
0.99534
0.9954
0.9949
0.99544
0.9955
0.99584
0.99512
0.99522
0.99552
0.99482
0.99502
0.99516
0.99538
0.99544
0.99576
0.99516
0.99494
0.9953
0.9953
0.99518
0.99542
0.99482
0.99488
0.9952
0.99488
0.99474
0.9953
0.9945
0.99518
0.99532
0.99452
0.99532
0.99564
0.99534
0.99586
0.99488
0.99554
0.99602
0.9948
0.99516
0.99584
0.99482
0.99514
0.9953
0.99518
0.99554
0.99562
0.99496
0.99486
0.99562
0.99494
0.99544
0.99564
0.99554
0.99578
0.99528
0.99524
0.99508
0.99508
0.99528
0.99516
0.99576
0.99484
0.99518
0.99562
0.99524
0.99484
0.99512
0.99434
0.99544
0.99568
0.99504
0.99544
0.99488
0.99512
0.99526
0.99564
0.99524
0.99584
0.99514
0.99556
0.99536
0.99494
0.9943
0.9953
0.9955
0.9949
0.99514
0.99554
0.99566
0.99526
0.99522
0.995
0.99572
0.99566
0.99498
0.99548
0.9955
0.99518
0.9953
0.99572
0.9957
0.99544
0.99546
0.99536
0.99568
0.99542
0.99516
0.99578
0.99582
0.99494
0.99542
0.99494
0.99512
0.99532
0.9953
0.99532
0.9956
0.99514
0.99474
0.99572
0.99532
0.99504
0.99554
0.99554
0.99536
0.99546
0.99548
0.99506
0.99562
0.99526
0.99514
0.99524
0.99532
0.99562
0.99514
0.99524
0.99542
0.99516
0.99564
0.99558
0.99492
0.99548
0.99524
0.99562
0.99546
0.99474
0.9956
0.99558
0.99452
0.99506
0.99546
0.99562
0.99556
0.9956
0.99538
0.99544
0.99534
0.99524
0.99522
0.99446
0.99514
0.99522
0.99546
0.99544
0.99468
0.99498
0.99476
0.995
0.99504
0.99522
0.99512
0.99498
0.99532
0.99516
0.99566
0.99498
0.99562
0.99448
0.99576
0.99444
0.99552
0.9949
0.99532
0.99522
0.99502
0.99554
0.99536
0.99524
0.9953
0.99506
0.99502
0.9955
0.99502
0.995
0.99522
0.99516
0.99472
0.99548
0.99572
0.99526
0.99518
0.99488
0.99444
0.995
0.99524
0.99504
0.99488
0.9956
0.99522
0.99502
0.99528
0.9951
0.99508
0.995
0.9954
0.9946
0.99562
0.9956
0.99462
0.99554
0.9951
0.99542
0.99472
0.9954
0.99446
0.9951
0.99512
0.99482
0.99492
0.99504
0.99528
0.99526
0.99552
0.99436
0.99484
0.99512
0.99566
0.9953
0.99492
0.99562
0.99524
0.99478
0.99492
0.995
0.99548
0.99518
0.99532
0.99456
0.9949
0.99572
0.99528
0.9956
0.99516
0.9956
0.9954
0.99512
0.99544
0.99572
0.99536
0.99548
0.99564
0.99488
0.99516
0.99548
0.9952
0.99554
0.99548
0.99482
0.99584
0.9954
0.99498
0.9952
0.9953
0.99502
0.9949
0.9951
0.99516
0.9952
0.99518
0.99512
0.99486
0.9954
0.99582
0.99584
0.99488
0.9955
0.9954
0.99516
0.995
0.99518
0.99552
0.99488
0.9953
0.9951
0.99554
0.99534
0.99526
0.99522
0.99508
0.99536
0.99524
0.99496
0.9954
0.9954
0.99548
0.99534
0.99516
0.99488
0.9946
0.99592
0.99472
0.99522
0.99516
0.99558
0.99554
0.99524
0.99528
0.99482
0.99556
0.99498
0.99534
0.99512
0.995
0.99524
0.9954
0.9949
0.99532
0.9952
0.9954
0.99514
0.99524
0.99472
0.99502
0.99484
0.99508
0.99496
0.99496
0.99526
0.99538
0.9954
0.99578
0.99496
0.99544
0.99538
0.9955
0.99474
0.99518
0.9956
0.9952
0.99614
0.99494
0.99518
0.99556
0.99524
0.99494
0.99564
0.99514
0.99564
0.99612
0.9952
0.99578
0.99494
0.99474
0.9955
0.99524
0.99536
0.99536
0.99454
0.99534
0.99514
0.99556
0.99528
0.99556
0.99546
0.99524
0.9953
0.99504
0.99544
0.99494
0.99506
0.99504
0.99496
0.99492
0.99444
0.99568
0.99568
0.99534
0.99566
0.99504
0.99526
0.9957
0.99512
0.99494
0.99446
0.99598
0.99514
0.99578
0.99468
0.995
0.99512
0.99564
0.99496
0.99536
0.9949
0.99488
0.99488
0.99518
0.99566
0.99512
0.99482
0.99518
0.9955
0.99538
0.99542
0.99508
0.99546
0.9951
0.99542
0.99536
0.99538
0.99502
0.99532
0.99532
0.9954
0.9948
0.9952
0.995
0.99488
0.99526
0.99466
0.99528
0.99568
0.99538
0.99526
0.9955
0.99548
0.99546
0.99482
0.9954
0.99542
0.99594
0.99466
0.99578
0.99502
0.99494
0.9955
0.9957
0.99506
0.99506
0.99566
0.99514
0.9953
0.99524
0.99512
0.99552
0.99516
0.99562
0.99536
0.99528
0.9949
0.99522
0.99548
0.99538
0.9953
0.99522
0.99486
0.995
0.99554
0.99518
0.99518
0.99522
0.99476
0.9958
0.99524
0.9947
0.9954
0.99452
0.99512
0.99442
0.99514
0.99532
0.99542
0.99536
0.99514
0.99544
0.99492
0.99542
0.99496
0.99578
0.99516
0.9953
0.9949
0.9953
0.99548
0.99488
0.995
0.99508
0.99576
0.99522
0.99478
0.99466
0.99556
0.99584
0.9952
0.99576
0.99518
0.9951
0.99486
0.99426
0.9947
0.99482
0.99552
0.99536
0.99574
0.99536
0.99508
0.99474
0.99538
0.9951
0.99588
0.99458
0.9956
0.99516
0.995
0.99518
0.9953
0.99548
0.99546
0.99508
0.9955
0.99548
0.99536
0.9951
0.99486
0.99556
0.99488
0.99564
0.99506
0.99526
0.99486
0.99474
0.99452
0.9947
0.99504
0.99544
0.99536
0.99546
0.9948
0.99564
0.99536
0.9953
0.99492
0.99518
0.99478
0.99504
0.99516
0.995
0.99534
0.99532
0.9949
0.99502
0.99564
0.99558
0.99556
0.99578
0.99558
0.9959
0.99526
0.9953
0.99544
0.99578
0.99496
0.994
0.99474
0.99538
0.99556
0.9952
0.99516
0.99566
0.99528
0.99564
0.99566
0.9953
0.99528
0.99504
0.99502
0.99466
0.99526
0.99506
0.99576
0.99528
0.99544
0.99522
0.99508
0.99512
0.99516
0.99524
0.9957
0.99554
0.99506
0.99542
0.9956
0.99524
0.99536
0.99518
0.99484
0.99528
0.99452
0.99484
0.99542
0.99546
0.99598
0.99502
0.99518
0.99502
0.9954
0.99608
0.996
0.9954
0.99558
0.99534
0.99508
0.99502
0.99524
0.99566
0.99522
0.99534
0.99544
0.9955
0.99492
0.99526
0.99502
0.99522
0.99488
0.99576
0.99538
0.9956
0.99534
0.99482
0.99448
0.99476
0.9951
0.99552
0.99518
0.99534
0.99484
0.9956
0.9955
0.99518
0.99542
0.99562
0.99544
0.99508
0.9954
0.99504
0.99518
0.9949
0.99578
0.99506
0.99528
0.99518
0.99562
0.99498
0.99592
0.99532
0.99574
0.99542
0.99528
0.99552
0.99512
0.9949
0.99512
0.99532
0.9956
0.99558
0.99478
0.99556
0.99528
0.99526
0.99556
0.99562
0.995
0.995
0.99486
0.99562
0.99486
0.99458
0.99522
0.9953
0.99498
0.9956
0.9951
0.99508
0.99522
0.99518
0.99532
0.99504
0.99534
0.99554
0.99524
0.9957
0.99542
0.9953
0.99502
0.99522
0.99512
0.99576
0.99536
0.99562
0.99528
0.99558
0.99524
0.9953
0.99524
0.99514
0.99552
0.99506
0.99494
0.99538
0.99578
0.99552
0.99506
0.99496
0.9959
0.99524
0.9958
0.99524
0.99494
0.99556
0.99556
0.99518
0.99518
0.99474
0.99542
0.99564
0.9952
0.99582
0.99578
0.99562
0.99518
0.99542
0.99526
0.99474
0.99526
0.99546
0.99552
0.99554
0.9953
0.9953
0.9956
0.99504
0.99556
0.99508
0.99504
0.99522
0.99518
0.99486
0.99554
0.9949
0.99536
0.9952
0.99492
0.99476
0.99502
0.9955
0.99538
0.99502
0.99534
0.99532
0.99528
0.99502
0.9951
0.99468
0.99532
0.99546
0.99522
0.9958
0.99516
0.99536
0.9954
0.99544
0.99512
0.99538
0.99566
0.995
0.99562
0.99494
0.99522
0.99476
0.9952
0.99466
0.99554
0.99498
0.99512
0.99454
0.99536
0.99554
0.99532
0.99506
0.99514
0.99538
0.99532
0.99484
0.99492
0.9949
0.99534
0.99514
0.99516
0.9946
0.99506
0.99512
0.99528
0.9951
0.99542
0.9951
0.99498
0.99604
0.99558
0.99474
0.9956
0.9954
0.9955
0.99532
0.99498
0.99516
0.99524
0.99556
0.9947
0.99486
0.99536
0.99528
0.99524
0.99484
0.99548
0.99534
0.99518
0.9953
0.99532
0.99552
0.99582
0.99516
0.99528
0.99484
0.99508
0.99522
0.99516
0.99548
0.99594
0.99476
0.99516
0.9953
0.99502
0.99568
0.99508
0.99542
0.99522
0.9954
0.99536
0.99506
0.99532
0.99496
0.9951
0.99524
0.99518
0.99522
0.99506
0.99442
0.99502
0.9954
0.9953
0.99554
0.9953
0.99538
0.99492
0.9953
0.99462
0.99556
0.99502
0.99488
0.99538
0.99466
0.99518
0.99538
0.9948
0.99512
0.99508
0.9948
0.99532
0.99562
0.9957
0.99552
0.99516
0.99522
0.995
0.99522
0.99462
0.9948
0.99532
0.99522
0.99538
0.99508
0.99528
0.99524
0.99572
0.99512
0.9951
0.99546
0.99532
0.99576
0.99512
0.99592
0.99494
0.99486
0.99574
0.9952
0.99516
0.99558
0.9949
0.99484
0.99524
0.99584
0.99554
0.995
0.9951
0.99552
0.99538
0.99542
0.99448
0.99512
0.99532
0.99452
0.99526
0.99526
0.99564
0.99532
0.99506
0.995
0.9952
0.9954
0.99456
0.99572
0.99512
0.99508
0.9951
0.99506
0.99572
0.99518
0.99484
0.99582
0.99564
0.99522
0.99592
0.99574
0.99554
0.9952
0.99538
0.99578
0.99502
0.99512
0.99502
0.99484
0.99528
0.99536
0.99526
0.99492
0.995
0.99562
0.99522
0.99548
0.99574
0.99528
0.99542
0.99544
0.99552
0.99566
0.99534
0.99474
0.99572
0.99512
0.99504
0.9953
0.99532
0.9953
0.99456
0.9954
0.99508
0.99522
0.99508
0.99562
0.99552
0.99546
0.99534
0.9951
0.99498
0.99522
0.99512
0.99566
0.99504
0.99508
0.99548
0.99584
0.9948
0.99516
0.99492
0.9953
0.995
0.99502
0.99472
0.99554
0.99562
0.99524
0.99552
0.99516
0.99586
0.99548
0.99498
0.99574
0.99496
0.99462
0.99546
0.99484
0.99518
0.99484
0.99502
0.99448
0.99538
0.9954
0.99536
0.99494
0.99508
0.99474
0.99536
0.99556
0.99512
0.99524
0.99478
0.9954
0.99534
0.9953
0.99502
0.99522
0.99552
0.99552
0.9952
0.99522
0.99552
0.99532
0.99544
0.9955
0.99496
0.99462
0.99494
0.9952
0.99552
0.99524
0.99532
0.99506
0.99532
0.99516
0.99538
0.99526
0.99576
0.99462
0.99514
0.99518
0.99584
0.99502
0.99514
0.99466
0.99544
0.99568
0.9954
0.99528
0.99482
0.99524
0.99508
0.99526
0.99478
0.99574
0.99472
0.99566
0.99514
0.99498
0.99498
0.99534
0.99498
0.99542
0.99558
0.9957
0.9957
0.99514
0.99492
0.99528
0.99458
0.99532
0.99476
0.99556
0.99516
0.99546
0.99552
0.99516
0.99538
0.99538
0.9948
0.99504
0.99512
0.99498
0.99566
0.99514
0.9948
0.99554
0.99502
0.99544
0.99492
0.99542
0.99528
0.99526
0.99504
0.99472
0.99446
0.99518
0.99522
0.99564
0.99528
0.99502
0.99556
0.99568
0.99558
0.99542
0.99536
0.99526
0.99534
0.99442
0.99568
0.99466
0.9955
0.99512
0.9952
0.99492
0.9952
0.9948
0.9957
0.99576
0.9955
0.99558
0.9951
0.9945
0.99502
0.9957
0.99552
0.9948
0.99526
0.99542
0.99532
0.99526
0.99524
0.9955
0.99476
0.9954
0.99468
0.99526
0.99562
0.99562
0.99502
0.99512
0.99464
0.99456
0.99536
0.9954
0.9957
0.99572
0.9946
0.99524
0.99584
0.99502
0.99518
0.99518
0.99512
0.99544
0.9954
0.99588
0.99528
0.99534
0.99582
0.99498
0.9953
0.99588
0.99494
0.9956
0.99508
0.99528
0.99508
0.99554
0.99552
0.99544
0.995
0.9954
0.99528
0.99518
0.99526
0.99568
0.99464
0.99526
0.99516
0.99544
0.99508
0.99528
0.99486
0.99532
0.99546
0.99566
0.996
0.99566
0.9949
0.99562
0.99464
0.99518
0.9953
0.99446
0.99556
0.99586
0.99538
0.99532
0.99584
0.99526
0.99536
0.99542
0.9951
0.99536
0.9952
0.995
0.99518
0.99512
0.9944
0.99558
0.9956
0.99592
0.99526
0.99512
0.9957
0.9955
0.995
0.99574
0.9951
0.99502
0.99476
0.99496
0.99492
0.99558
0.99552
0.99484
0.995
0.9953
0.99508
0.9951
0.99492
0.99548
0.99506
0.99474
0.995
0.99546
0.9948
0.99552
0.99534
0.99492
0.99528
0.99488
0.99538
0.99552
0.99526
0.9949
0.99526
0.99558
0.99578
0.9956
0.9957
0.99494
0.99524
0.99512
0.99528
0.99422
0.99466
0.99546
0.99488
0.99524
0.99508
0.9952
0.99562
0.99526
0.99562
0.99482
0.99508
0.99524
0.9954
0.99492
0.99506
0.9952
0.99532
0.99518
0.99588
0.99526
0.99512
0.9959
0.99478
0.99554
0.99472
0.99526
0.99552
0.99584
0.99516
0.99508
0.99548
0.9955
0.99528
0.99546
0.99512
0.9953
0.99602
0.99556
0.99548
0.99544
0.99568
0.99524
0.9956
0.99498
0.99494
0.99552
0.99486
0.99528
0.9955
0.99516
0.99604
0.9948
0.99538
0.99534
0.99558
0.99522
0.99494
0.99484
0.99462
0.99542
0.99496
0.99514
0.9949
0.99502
0.99542
0.99494
0.9954
0.9951
0.9952
0.99436
0.99522
0.99472
0.9953
0.99496
0.99492
0.99536
0.99574
0.995
0.99548
0.99564
0.99526
0.99548
0.9952
0.9949
0.99568
0.99484
0.99488
0.99506
0.99518
0.99546
0.99504
0.99456
0.99502
0.99546
0.99518
0.99508
0.99532
0.99548
0.99556
0.99546
0.99474
0.9954
0.9956
0.99588
0.9951
0.995
0.995
0.99506
0.9953
0.995
0.99566
0.99508
0.99518
0.99532
0.99514
0.9953
0.99526
0.99582
0.9953
0.9953
0.99546
0.9959
0.99508
0.9945
0.99508
0.995
0.99498
0.9959
0.99544
0.99562
0.99488
0.99488
0.99532
0.99538
0.995
0.99556
0.99554
0.99524
0.99514
0.99578
0.9954
0.99534
0.99524
0.99558
0.99466
0.99534
0.99552
0.9943
0.99518
0.99502
0.99546
0.99486
0.99546
0.99464
0.99516
0.99546
0.99486
0.99464
0.99504
0.9952
0.99562
0.99512
0.99524
0.99552
0.99546
0.99566
0.99506
0.99594
0.9948
0.9953
0.99562
0.99512
0.9953
0.99594
0.99508
0.99576
0.99542
0.99462
0.99526
0.9952
0.99546
0.99588
0.99494
0.9954
0.99472
0.9951
0.99536
0.99578
0.99512
0.99496
0.99534
0.99528
0.99498
0.99532
0.99558
0.99538
0.99526
0.99604
0.99528
0.99512
0.99508
0.99552
0.99542
0.99484
0.99514
0.99606
0.99568
0.99532
0.9949
0.99504
0.99468
0.9953
0.99544
0.99568
0.99544
0.9953
0.99526
0.9953
0.99542
0.99508
0.99476
0.9953
0.995
0.99532
0.99534
0.99528
0.9956
0.99504
0.99526
0.99486
0.99504
0.99504
0.99496
0.99494
0.99524
0.99488
0.99538
0.99558
0.99578
0.9952
0.99524
0.99538
0.99548
0.9953
0.99472
0.99554
0.99576
0.99546
0.99548
0.99538
0.99528
0.99556
0.99526
0.9948
0.99528
0.99544
0.99526
0.99546
0.99494
0.99512
0.99514
0.99556
0.99528
0.99546
0.99518
0.99592
0.99542
0.99518
0.99456
0.99572
0.99468
0.99532
0.9948
0.99564
0.99514
0.9949
0.99524
0.99562
0.99518
0.99564
0.99526
0.99554
0.99514
0.9945
0.99524
0.9956
0.99506
0.99508
0.9953
0.9951
0.99562
0.9955
0.9955
0.99592
0.9957
0.99538
0.99576
0.99518
0.9953
0.99558
0.99492
0.9961
0.99578
0.99542
0.9954
0.9947
0.99498
0.99558
0.99518
0.99524
0.99552
0.99492
0.99528
0.99492
0.99488
0.99492
0.99528
0.9952
0.9948
0.9952
0.99516
0.99518
0.9954
0.99462
0.99558
0.99542
0.99574
0.99544
0.9956
0.99504
0.99522
0.99504
0.99566
0.99486
0.9946
0.99562
0.99544
0.99502
0.99534
0.995
0.99534
0.99476
0.99552
0.9953
0.995
0.99496
0.9953
0.99532
0.99478
0.99498
0.99484
0.99528
0.99504
0.99534
0.99496
0.99536
0.99434
0.99572
0.99464
0.99548
0.99546
0.99476
0.99532
0.99498
0.99506
0.99544
0.99526
0.99548
0.9952
0.99482
0.99558
0.99534
0.99526
0.99598
0.99446
0.9953
0.99526
0.99478
0.99548
0.99554
0.99498
0.99586
0.99516
0.99556
0.99512
0.9953
0.99566
0.99486
0.99568
0.9954
0.99534
0.99502
0.99516
0.9956
0.99498
0.99548
0.99536
0.99518
0.9955
0.99506
0.99558
0.99486
0.99482
0.99518
0.99508
0.99494
0.99512
0.99542
0.99476
0.9952
0.99562
0.99512
0.9955
0.99482
0.99478
0.99474
0.99546
0.99562
0.99488
0.99534
0.99452
0.99462
0.99466
0.99496
0.99538
0.99506
0.99506
0.99524
0.99498
0.99564
0.99496
0.99548
0.99514
0.9949
0.99596
0.99596
0.99504
0.99578
0.9953
0.99564
0.99556
0.99528
0.99524
0.99566
0.99606
0.9954
0.9954
0.9956
0.99508
0.99522
0.9957
0.99542
0.9957
0.99524
0.9952
0.99522
0.99518
0.99546
0.99556
0.99534
0.99496
0.99536
0.99538
0.99528
0.99524
0.99516
0.99494
0.9954
0.99506
0.99548
0.9952
0.99476
0.99482
0.99546
0.99482
0.99492
0.9953
0.9953
0.9954
0.99466
0.99522
0.99564
0.99474
0.99526
0.9944
0.99526
0.99484
0.99588
0.99544
0.99514
0.99494
0.99514
0.99544
0.99506
0.99524
0.9952
0.99536
0.99528
0.99518
0.99528
0.9955
0.99422
0.99518
0.99518
0.99516
0.99546
0.99568
0.9952
0.995
0.99492
0.99552
0.99568
0.99508
0.99552
0.99508
0.9952
0.99496
0.99506
0.99578
0.9953
0.9946
0.99528
0.99582
0.9954
0.99472
0.99496
0.99514
0.9955
0.99514
0.99492
0.99516
0.99526
0.99474
0.99514
0.99498
0.99506
0.9948
0.9956
0.99554
0.99576
0.9956
0.99522
0.99542
0.995
0.99548
0.99514
0.99508
0.99556
0.99536
0.9953
0.99522
0.9951
0.99528
0.99542
0.9948
0.99536
0.99494
0.99554
0.99518
0.99558
0.99522
0.99544
0.99506
0.9953
0.99518
0.99556
0.99556
0.9949
0.9949
0.99564
0.99502
0.9956
0.9952
0.99516
0.99538
0.99556
0.99504
0.99524
0.99586
0.99568
0.99606
0.99492
0.99552
0.99594
0.9955
0.99558
0.99514
0.99504
0.99544
0.99492
0.99528
0.99562
0.99526
0.99536
0.99524
0.99514
0.99526
0.99594
0.99538
0.99512
0.99544
0.995
0.99506
0.9956
0.99558
0.99516
0.995
0.99534
0.99528
0.99494
0.99564
0.99512
0.99518
0.99552
0.9953
0.99502
0.99492
0.99514
0.99528
0.99552
0.995
0.99508
0.99498
0.99528
0.99468
0.99588
0.9954
0.99512
0.99548
0.99576
0.99526
0.99542
0.99532
0.99556
0.99492
0.99524
0.9952
0.99562
0.99512
0.99476
0.99454
0.99484
0.9952
0.9954
0.99522
0.99568
0.9951
0.99504
0.99502
0.99476
0.99472
0.99538
0.99504
0.995
0.99544
0.99514
0.99434
0.99542
0.99526
0.99464
0.99568
0.99542
0.9947
0.9952
0.99494
0.99508
0.99516
0.99488
0.99488
0.99506
0.99498
0.99572
0.99546
0.99422
0.99496
0.99518
0.99498
0.99504
0.99536
0.99498
0.99544
0.99516
0.99552
0.99486
0.99556
0.99542
0.99574
0.99542
0.99528
0.9948
0.99512
0.9952
0.99486
0.9954
0.99514
0.99482
0.99506
0.99536
0.99506
0.99576
0.99502
0.99512
0.99556
0.99484
0.9951
0.99538
0.99464
0.99528
0.99544
0.99478
0.9963
0.99524
0.99494
0.99542
0.99448
0.99502
0.99548
0.99502
0.99498
0.9951
0.99562
0.99522
0.99504
0.99496
0.9952
0.99508
0.99588
0.99522
0.99506
0.99492
0.99554
0.995
0.99548
0.99556
0.9953
0.99522
0.9953
0.99516
0.99524
0.9944
0.99484
0.99564
0.99602
0.99492
0.99544
0.99554
0.99554
0.9951
0.99498
0.99446
0.99556
0.99492
0.99494
0.99474
0.99594
0.99536
0.99578
0.9956
0.99566
0.99464
0.99494
0.99528
0.99532
0.99576
0.99506
0.99514
0.99496
0.99532
0.99504
0.99524
0.9946
0.9956
0.99524
0.99478
0.9949
0.9957
0.99518
0.9957
0.9954
0.99512
0.995
0.99576
0.99508
0.99472
0.99574
0.99526
0.995
0.99514
0.99494
0.99536
0.99556
0.99596
0.9955
0.9954
0.99552
0.99448
0.99512
0.99484
0.99526
0.9944
0.9954
0.9952
0.99502
0.9953
0.99482
0.99498
0.99468
0.99522
0.99496
0.99478
0.99496
0.99524
0.99512
0.99522
0.99604
0.99586
0.99512
0.99568
0.99434
0.99558
0.99534
0.9947
0.99536
0.99426
0.99532
0.99538
0.99474
0.99514
0.99544
0.99556
0.9946
0.99536
0.99566
0.99496
0.99504
0.9957
0.99492
0.99514
0.99554
0.99544
0.99554
0.99432
0.99522
0.99538
0.99496
0.99526
0.99552
0.99534
0.99498
0.99456
0.99512
0.99536
0.995
0.99538
0.99546
0.99548
0.9958
0.9956
0.99506
0.99486
0.99578
0.99592
0.99548
0.9955
0.9951
0.99542
0.99482
0.9952
0.9952
0.99474
0.99486
0.9947
0.99584
0.9944
0.99512
0.99536
0.99552
0.99514
0.99472
0.99582
0.99534
0.99528
0.99474
0.99566
0.99482
0.99584
0.99574
0.99486
0.99472
0.99528
0.9953
0.99512
0.99488
0.99564
0.99548
0.99528
0.99508
0.99468
0.99492
0.99508
0.9947
0.9951
0.99492
0.99502
0.99552
0.99538
0.99478
0.99568
0.9955
0.99586
0.99496
0.9956
0.99546
0.99548
0.99444
0.9954
0.99536
0.99518
0.99492
0.99492
0.99566
0.99494
0.9954
0.99546
0.99486
0.99508
0.99518
0.9954
0.99494
0.9953
0.99518
0.99542
0.99486
0.99498
0.99472
0.99544
0.99558
0.99476
0.99526
0.99536
0.99582
0.99518
0.99562
0.99508
0.9949
0.99574
0.99552
0.99554
0.99534
0.99468
0.99582
0.99504
0.99518
0.99462
0.99466
0.99508
0.99582
0.99552
0.99488
0.9957
0.99524
0.99528
0.99546
0.9956
0.9943
0.99514
0.99518
0.99532
0.99568
0.99542
0.99508
0.9956
0.99548
0.9956
0.99488
0.9952
0.99606
0.99538
0.995
0.99482
0.99524
0.99504
0.9952
0.99458
0.99538
0.9955
0.9946
0.99496
0.996
0.99542
0.99534
0.99532
0.9952
0.99516
0.99518
0.99508
0.99524
0.99528
0.99508
0.99584
0.99602
0.99494
0.99512
0.99496
0.99622
0.9953
0.99466
0.99452
0.9955
0.99466
0.9948
0.99532
0.99552
0.99528
0.99564
0.99508
0.99534
0.99484
0.99542
0.99516
0.99554
0.99542
0.9946
0.99532
0.99532
0.99562
0.9957
0.9953
0.99566
0.99538
0.99548
0.9959
0.99508
0.99466
0.99546
0.9956
0.99494
0.99512
0.99542
0.99518
0.99508
0.99534
0.99504
0.9952
0.995
0.99524
0.9955
0.99546
0.9953
0.99606
0.99526
0.9958
0.99534
0.99478
0.99512
0.99504
0.9953
0.9953
0.99492
0.9952
0.99496
0.99542
0.99506
0.99554
0.9951
0.99574
0.99544
0.99538
0.99548
0.99488
0.99516
0.9949
0.99508
0.99532
0.99554
0.99452
0.99556
0.99498
0.99546
0.99526
0.99498
0.99566
0.9953
0.99526
0.99526
0.99572
0.99482
0.99444
0.99522
0.99454
0.99532
0.99534
0.9944
0.99524
0.99542
0.99512
0.99478
0.99586
0.99508
0.9951
0.99536
0.99538
0.99534
0.99508
0.99504
0.99558
0.99494
0.99554
0.99504
0.995
0.99544
0.99526
0.9953
0.99508
0.99486
0.99528
0.99464
0.99532
0.99546
0.9946
0.99514
0.99496
0.99514
0.9949
0.99468
0.99472
0.99558
0.99542
0.99434
0.9948
0.9953
0.9946
0.99508
0.99544
0.99508
0.99526
0.99566
0.99522
0.9956
0.99502
0.99488
0.99564
0.99586
0.9951
0.99564
0.9951
0.99634
0.99486
0.99492
0.99526
0.99518
0.99532
0.99518
0.99556
0.99528
0.9954
0.99524
0.9952
0.99522
0.99584
0.99518
0.99602
0.99518
0.99574
0.9951
0.99526
0.99506
0.99542
0.99496
0.9946
0.9952
0.99538
0.99524
0.99506
0.99488
0.99512
0.99482
0.9952
0.99516
0.99588
0.99532
0.99482
0.99556
0.99548
0.99564
0.9954
0.99464
0.99488
0.99554
0.99524
0.99518
0.99524
0.99554
0.99542
0.9956
0.9946
0.99578
0.99518
0.99556
0.99524
0.99564
0.99494
0.99562
0.99518
0.9955
0.99476
0.9952
0.99582
0.99476
0.9952
0.99568
0.99502
0.9946
0.99556
0.99616
0.9953
0.9951
0.99546
0.99532
0.99542
0.99454
0.99568
0.99558
0.99566
0.99514
0.99536
0.9953
0.99554
0.99546
0.99558
0.9951
0.99536
0.99514
0.9952
0.99494
0.99602
0.99528
0.99512
0.99564
0.99544
0.9953
0.99522
0.99542
0.99482
0.99506
0.99554
0.99504
0.99596
0.99544
0.99486
0.9952
0.99496
0.9959
0.99546
0.99536
0.99512
0.99484
0.99572
0.99486
0.99544
0.99526
0.99536
0.99558
0.99552
0.99532
0.99526
0.9952
0.99464
0.99556
0.99546
0.9951
0.9957
0.99528
0.99452
0.99526
0.99564
0.99536
0.99526
0.99496
0.99528
0.99424
0.9952
0.99556
0.99552
0.99492
0.99516
0.99488
0.99554
0.99578
0.99502
0.99512
0.9955
0.99566
0.99496
0.99498
0.9955
0.99544
0.99548
0.9949
0.99552
0.99502
0.99518
0.9955
0.9956
0.99512
0.99494
0.99492
0.99492
0.99554
0.99512
0.99544
0.9956
0.995
0.9959
0.99544
0.995
0.99532
0.99474
0.99504
0.99508
0.9953
0.99518
0.99512
0.99558
0.99482
0.9954
0.99572
0.99518
0.99584
0.99498
0.99488
0.99524
0.99596
0.99546
0.9952
0.99542
0.99548
0.9957
0.99546
0.99496
0.99514
0.99478
0.99554
0.99508
0.99534
0.99536
0.99458
0.99526
0.99522
0.99522
0.99556
0.99612
0.99562
0.99506
0.99584
0.99486
0.99416
0.99524
0.99524
0.99562
0.99542
0.99536
0.9949
0.99542
0.99508
0.99562
0.99538
0.9951
0.9944
0.9945
0.99544
0.99516
0.99486
0.99542
0.99564
0.99536
0.99576
0.99516
0.99472
0.99532
0.99506
0.9955
0.9953
0.99532
0.9955
0.99488
0.995
0.9955
0.99494
0.9955
0.99522
0.99534
0.99544
0.99442
0.99494
0.99488
0.99472
0.99528
0.99514
0.99514
0.99494
0.9951
0.99584
0.99524
0.99566
0.99512
0.99522
0.99474
0.99484
0.99574
0.99514
0.9948
0.99552
0.99542
0.99542
0.9955
0.99496
0.9953
0.99496
0.99542
0.99532
0.995
0.99546
0.99542
0.99542
0.9952
0.99512
0.99548
0.99576
0.99544
0.99542
0.99522
0.99564
0.99546
0.99514
0.99556
0.99552
0.99546
0.99572
0.99528
0.99542
0.99492
0.99522
0.99472
0.99578
0.9954
0.99506
0.99492
0.99518
0.99506
0.99538
0.99526
0.99552
0.9956
0.99542
0.995
0.99522
0.99576
0.9947
0.99524
0.99568
0.99472
0.99466
0.995
0.9953
0.995
0.99488
0.99556
0.99458
0.99496
0.99468
0.99556
0.99512
0.99562
0.99554
0.99524
0.99508
0.99548
0.99512
0.99498
0.99488
0.99576
0.99516
0.99502
0.99428
0.9958
0.99476
0.99526
0.9947
0.99534
0.99524
0.99564
0.9947
0.9953
0.99528
0.9949
0.99532
0.99492
0.99532
0.99496
0.99488
0.9954
0.9953
0.9953
0.99574
0.9947
0.99538
0.99496
0.99572
0.99542
0.9951
0.99538
0.99516
0.9957
0.99588
0.99462
0.99574
0.9956
0.99508
0.99524
0.99502
0.99564
0.9951
0.99522
0.99536
0.99512
0.9957
0.99562
0.99498
0.9955
0.99576
0.99548
0.99546
0.99474
0.99552
0.9953
0.99568
0.99522
0.99556
0.9956
0.99546
0.9952
0.99534
0.99506
0.99502
0.99504
0.99504
0.9949
0.99512
0.99548
0.99562
0.99448
0.99468
0.99554
0.99546
0.99532
0.9947
0.99498
0.99488
0.99532
0.99564
0.99528
0.99516
0.99516
0.99572
0.99528
0.99568
0.99586
0.99536
0.9951
0.99548
0.99492
0.99542
0.99502
0.99506
0.99476
0.9949
0.99526
0.9955
0.99506
0.99498
0.99566
0.995
0.995
0.99602
0.99518
0.99532
0.99548
0.99574
0.99576
0.9954
0.99582
0.99496
0.9952
0.9953
0.99578
0.99442
0.99518
0.99536
0.99492
0.99542
0.99532
0.99498
0.99534
0.99498
0.99496
0.995
0.99486
0.99484
0.99516
0.9951
0.9955
0.99508
0.99574
0.99496
0.9954
0.99534
0.99506
0.99486
0.99522
0.99526
0.99546
0.99532
0.99536
0.99516
0.99514
0.9952
0.99556
0.99502
0.99484
0.99538
0.99516
0.99532
0.9948
0.9956
0.99566
0.99546
0.99468
0.99514
0.99498
0.99532
0.99494
0.99512
0.9955
0.99548
0.99546
0.99492
0.99556
0.99516
0.99456
0.9946
0.99534
0.99544
0.99506
0.99492
0.99492
0.99524
0.9952
0.99548
0.99548
0.99512
0.99564
0.99522
0.994
0.99458
0.99482
0.99514
0.9949
0.99532
0.9953
0.99576
0.99568
0.99548
0.99594
0.9957
0.99536
0.99598
0.99524
0.99546
0.99508
0.99544
0.9951
0.9951
0.99538
0.99518
0.99514
0.99492
0.99558
0.9954
0.99532
0.99496
0.99564
0.9951
0.99532
0.99524
0.99512
0.99498
0.99518
0.99534
0.99508
0.99512
0.99558
0.99508
0.99544
0.99486
0.99532
0.9953
0.99462
0.99492
0.99518
0.9954
0.99502
0.99612
0.99592
0.99534
0.99548
0.99576
0.99504
0.99534
0.9948
0.99532
0.99536
0.99468
0.99502
0.99544
0.99474
0.99498
0.99542
0.99552
0.99504
0.99488
0.9957
0.99528
0.99496
0.99572
0.9947
0.99516
0.99502
0.99466
0.9948
0.99534
0.99506
0.9954
0.99558
0.99472
0.99516
0.9944
0.99494
0.99488
0.99514
0.99528
0.99536
0.99542
0.99592
0.99556
0.99472
0.99568
0.99538
0.99448
0.99516
0.99532
0.99536
0.9954
0.99528
0.99562
0.99538
0.99568
0.99542
0.99514
0.9947
0.99548
0.9953
0.99478
0.99544
0.99566
0.99522
0.99504
0.99454
0.9953
0.99562
0.99536
0.99466
0.99512
0.9952
0.99526
0.99502
0.99538
0.995
0.99602
0.99506
0.99464
0.9959
0.99534
0.99546
0.99538
0.99522
0.99532
0.99582
0.99508
0.995
0.99426
0.99548
0.99516
0.99496
0.99548
0.99458
0.99514
0.99504
0.99534
0.99486
0.99584
0.99536
0.99538
0.99592
0.99556
0.99478
0.9952
0.9953
0.99516
0.9957
0.99496
0.9956
0.99538
0.99564
0.99516
0.99568
0.9952
0.99558
0.99522
0.99528
0.99548
0.99516
0.99596
0.9951
0.99574
0.99488
0.996
0.99544
0.99558
0.99514
0.9956
0.99534
0.99496
0.99504
0.99528
0.99492
0.99534
0.99568
0.995
0.9952
0.9949
0.99484
0.99502
0.9955
0.99434
0.9952
0.99552
0.99566
0.99484
0.99476
0.99514
0.99544
0.9952
0.99542
0.99534
0.9953
0.99574
0.99504
0.9957
0.99524
0.9949
0.99534
0.99538
0.99506
0.99502
0.99554
0.99552
0.99448
0.99578
0.99546
0.995
0.99516
0.99496
0.99532
0.99566
0.99484
0.9952
0.9952
0.99542
0.99538
0.99514
0.99576
0.99528
0.99512
0.99492
0.99476
0.99474
0.9953
0.99514
0.99494
0.99542
0.99512
0.99566
0.99482
0.99544
0.9954
0.99506
0.99502
0.99462
0.99466
0.99576
0.9956
0.99532
0.99546
0.99544
0.99534
0.99528
0.99504
0.99492
0.99512
0.99436
0.99512
0.99512
0.99494
0.9952
0.99546
0.99512
0.99568
0.99536
0.99506
0.99484
0.9957
0.99474
0.99498
0.99506
0.99496
0.9956
0.99506
0.99568
0.9957
0.9957
0.99506
0.99518
0.99544
0.99512
0.99532
0.99442
0.99472
0.9954
0.9954
0.99538
0.99478
0.99536
0.99518
0.99512
0.99596
0.995
0.99588
0.99482
0.99568
