0.2135
0.21652
0.2407
0.2398
0.22402
0.2224
0.2093
0.2212
0.2255
0.23116
0.2232
0.21392
0.21466
0.2247
0.22464
0.21104
0.21464
0.22222
0.2233
0.24494
0.2379
0.22546
0.21882
0.22496
0.20878
0.21942
0.22582
0.20804
0.22286
0.2084
0.2178
0.21522
0.22548
0.22142
0.22396
0.24374
0.23482
0.25642
0.23218
0.24
0.22136
0.21298
0.22356
0.21846
0.2365
0.23514
0.23936
0.25208
0.24848
0.24562
0.2358
0.2462
0.23774
0.2365
0.25108
0.24624
0.2401
0.23212
0.23544
0.22596
0.22524
0.23362
0.2262
0.2168
0.2222
0.22204
0.23606
0.24186
0.23434
0.23388
0.22112
0.22282
0.21888
0.23094
0.236
0.24528
0.26202
0.24362
0.24888
0.24798
0.2445
0.24728
0.2433
0.24086
0.24494
0.23954
0.24094
0.23144
0.23826
0.23842
0.23862
0.24632
0.21442
0.22408
0.2287
0.23256
0.22428
0.22006
0.22974
0.23302
0.2343
0.23088
0.23344
0.23802
0.22964
0.22824
0.2273
0.22542
0.21982
0.23084
0.23542
0.2258
0.23364
0.23132
0.23422
0.23848
0.2408
0.24352
0.23732
0.22414
0.23336
0.23738
0.24496
0.2414
0.23824
0.25032
0.25342
0.23878
0.24142
0.2367
0.24602
0.2369
0.2466
0.24078
0.23568
0.25506
0.24632
0.2338
0.22742
0.21834
0.22026
0.20856
0.21766
0.2318
0.23066
0.22596
0.2302
0.23388
0.23676
0.22694
0.22734
0.24104
0.25036
0.2459
0.25172
0.2469
0.24996
0.24054
0.24794
0.2423
0.24216
0.23536
0.23234
0.2324
0.23888
0.24566
0.23006
0.22552
0.21502
0.2179
0.20976
0.22924
0.23968
0.23224
0.22162
0.2317
0.21902
0.23054
0.23242
0.22172
0.22748
0.23038
0.22382
0.23182
0.22788
0.21976
0.23484
0.21662
0.21642
0.23266
0.21738
0.22052
0.2242
0.22712
0.22724
0.2518
0.24482
0.24486
0.24002
0.23674
0.23194
0.24022
0.2443
0.2479
0.24654
0.2331
0.23088
0.23962
0.2336
0.24016
0.23804
0.22876
0.22118
0.24008
0.23526
0.2411
0.24618
0.23092
0.22946
0.2514
0.26444
0.25722
0.23892
0.23094
0.23564
0.23486
0.2243
0.22298
0.22772
0.2379
0.23232
0.2211
0.21932
0.2192
0.23116
0.22312
0.21698
0.21626
0.22308
0.21866
0.23322
0.22008
0.22582
0.22244
0.21934
0.22636
0.23694
0.24262
0.23618
0.2362
0.22822
0.2304
0.24496
0.24872
0.25204
0.23628
0.24104
0.24342
0.23374
0.23112
0.242
0.23682
0.24994
0.23308
0.23896
0.23348
0.24334
0.2304
0.21668
0.24036
0.23298
0.23252
0.2199
0.21866
0.21696
0.20754
0.20858
0.2195
0.21748
0.22896
0.23044
0.23392
0.22908
0.21826
0.22392
0.22574
0.22746
0.23738
0.24586
0.23374
0.24136
0.24258
0.23706
0.21912
0.24042
0.24006
0.22524
0.21974
0.21924
0.22024
0.21796
0.22432
0.22306
0.22514
0.22828
0.22206
0.2144
0.2134
0.21554
0.2296
0.21918
0.21852
0.22552
0.22672
0.23216
0.25004
0.24896
0.23756
0.23836
0.21918
0.22526
0.2268
0.2323
0.2381
0.23064
0.23312
0.23542
0.2261
0.23004
0.22618
0.24124
0.25202
0.2378
0.2316
0.25306
0.25072
0.25082
0.24742
0.25126
0.25592
0.24516
0.24526
0.23494
0.25344
0.23544
0.22918
0.24412
0.23248
0.23672
0.24016
0.24102
0.2333
0.21352
0.22228
0.22692
0.22444
0.22994
0.23548
0.24458
0.24754
0.24266
0.23394
0.2438
0.23946
0.23626
0.22416
0.23124
0.2347
0.23428
0.22292
0.21546
0.21266
0.2125
0.20498
0.21228
0.23008
0.23198
0.22828
0.22782
0.21834
0.22048
0.21942
0.2287
0.2449
0.22974
0.24814
0.26054
0.25396
0.25674
0.26228
0.25036
0.2459
0.2377
0.22658
0.23002
0.21648
0.23642
0.22216
0.2333
0.2403
0.23802
0.2243
0.21712
0.21448
0.21716
0.23756
0.23504
0.21988
0.23044
0.23178
0.2409
0.22328
0.2359
0.24348
0.24114
0.23156
0.24734
0.23264
0.24028
0.23518
0.24296
0.24258
0.2261
0.21656
0.22542
0.2145
0.21046
0.22654
0.23956
0.2355
0.24256
0.241
0.23056
0.2307
0.2558
0.24158
0.23818
0.24144
0.22478
0.2203
0.22902
0.23066
0.21844
0.21796
0.21364
0.22736
0.2241
0.21898
0.23186
0.23982
0.24414
0.24984
0.22742
0.23536
0.23142
0.23694
0.22862
0.2396
0.22548
0.2365
0.23008
0.22894
0.2254
0.23288
0.23208
0.22626
0.22038
0.22584
0.22946
0.21692
0.21256
0.21826
0.21886
0.20668
0.21322
0.21642
0.2243
0.23592
0.23234
0.2187
0.2273
0.2208
0.21748
0.22134
0.21968
0.21918
0.2255
0.23096
0.22608
0.23652
0.23926
0.22488
0.22748
0.23596
0.24334
0.23118
0.2289
0.24172
0.24036
0.2407
0.24428
0.23066
0.2263
0.22706
0.2301
0.22654
0.22576
0.22296
0.224
0.23946
0.23466
0.22498
0.22124
0.20618
0.20356
0.22112
0.22556
0.22298
0.22644
0.2297
0.24614
0.24622
0.23318
0.2324
0.23508
0.2359
0.2383
0.23626
0.22854
0.22978
0.23366
0.23048
0.22684
0.23534
0.21724
0.22806
0.23982
0.25944
0.24114
0.24326
0.23728
0.21772
0.22996
0.25218
0.2334
0.2339
0.2335
0.22354
0.24108
0.23284
0.23872
0.23966
0.23074
0.22102
0.24552
0.24566
0.242
0.23872
0.21906
0.223
0.22308
0.23084
0.21334
0.23776
0.23812
0.2276
0.22756
0.21928
0.23876
0.2344
0.22184
0.23938
0.21622
0.21058
0.20654
0.21172
0.21348
0.22014
0.22368
0.2193
0.22068
0.21384
0.2405
0.22988
0.22458
0.22318
0.22374
0.24048
0.24188
0.23256
0.22244
0.22846
0.23258
0.23038
0.22738
0.22522
0.24978
0.23882
0.23908
0.22688
0.21688
0.22582
0.23038
0.25528
0.25134
0.24246
0.24702
0.25156
0.23136
0.2435
0.23132
0.23188
0.21594
0.21728
0.22286
0.21346
0.2227
0.23314
0.23284
0.245
0.2519
0.24508
0.24386
0.24836
0.25664
0.23368
0.23482
0.23292
0.23782
0.24656
0.23746
0.22806
0.2244
0.2313
0.23644
0.23604
0.23916
0.2426
0.24124
0.23404
0.23466
0.21894
0.22706
0.23048
0.21886
0.21504
0.23316
0.23056
0.23646
0.2467
0.246
0.23122
0.2225
0.2252
0.23092
0.22992
0.24938
0.24612
0.2486
0.2404
0.24798
0.24106
0.22324
0.21192
0.21166
0.21424
0.22778
0.23122
0.22936
0.21674
0.22488
0.2105
0.21938
0.23366
0.24314
0.23342
0.2229
0.22178
0.21986
0.22416
0.23788
0.24244
0.22884
0.24032
0.22444
0.23356
0.2273
0.23214
0.22788
0.21918
0.214
0.2272
0.22826
0.23084
0.22684
0.23038
0.24774
0.2411
0.21588
0.22138
0.21542
0.23728
0.24672
0.25292
0.24356
0.24106
0.23086
0.22338
0.2257
0.21928
0.22872
0.22656
0.23324
0.23032
0.23774
0.232
0.2207
0.228
0.22946
0.22724
0.2295
0.22352
0.24174
0.24658
0.24244
0.24172
0.22452
0.21032
0.21946
0.21794
0.21522
0.21718
0.23452
0.23602
0.25222
0.2403
0.2309
0.2292
0.22386
0.23878
0.23132
0.23938
0.2315
0.22944
0.24258
0.2457
0.23714
0.22188
0.22666
0.23484
0.2228
0.22206
0.21952
0.21836
0.2136
0.23722
0.23228
0.2251
0.2463
0.2456
0.23354
0.23698
0.24128
0.232
0.24412
0.24306
0.2392
0.23834
0.23572
0.21388
0.20358
0.22146
0.22188
0.2181
0.23254
0.2421
0.2259
0.23034
0.22526
0.23438
0.23078
0.2396
0.23508
0.23016
0.23544
0.23286
0.24022
0.23814
0.23054
0.23816
0.251
0.24926
0.26916
0.24414
0.24438
0.23864
0.25202
0.25262
0.26338
0.25436
0.2482
0.23182
0.22116
0.22706
0.2433
0.24676
0.24012
0.2316
0.22048
0.22154
0.23352
0.2318
0.24498
0.25456
0.25212
0.2482
0.22982
0.22316
0.23684
0.24138
0.22406
0.21792
0.21792
0.2174
0.22442
0.2114
0.20866
0.21844
0.22418
0.21128
0.21396
0.21836
0.23062
0.2354
0.2338
0.23526
0.22878
0.23942
0.22918
0.23726
0.23392
0.23868
0.25014
0.23236
0.231
0.23528
0.23942
0.2296
0.23106
0.23688
0.24868
0.23776
0.23942
0.23398
0.23168
0.21416
0.22322
0.21924
0.22008
0.21872
0.21602
0.22868
0.23898
0.22922
0.22918
0.23848
0.22374
0.23118
0.24318
0.24258
0.23832
0.23112
0.23108
0.22348
0.23264
0.23858
0.24352
0.2251
0.21418
0.22822
0.23002
0.2452
0.24922
0.22736
0.21168
0.22518
0.2265
0.23062
0.2393
0.23222
0.23614
0.23936
0.24506
0.26272
0.24636
0.22946
0.21818
0.21258
0.22576
0.22498
0.22644
0.2355
0.24232
0.2267
0.2373
0.22802
0.2324
0.23266
0.22532
0.23946
0.2306
0.23986
0.23244
0.22282
0.22294
0.21438
0.22682
0.22926
0.24432
0.24338
0.23732
0.22658
0.24148
0.24918
0.2345
0.24048
0.22956
0.23544
0.23466
0.23488
0.23634
0.22578
0.22864
0.22494
0.20952
0.20964
0.21064
0.2069
0.22204
0.21578
0.21956
0.22658
0.21552
0.22526
0.2277
0.22196
0.20636
0.1991
0.20396
0.2075
0.21614
0.20618
0.20624
0.2282
0.22956
0.21784
0.22296
0.2313
0.22388
0.22832
0.2241
0.20966
0.22196
0.212
0.24164
0.25378
0.24364
0.23384
0.24288
0.24104
0.23606
0.24424
0.23448
0.23178
0.22386
0.21812
0.23518
0.23484
0.2356
0.2307
0.2356
0.2382
0.22384
0.22594
0.23322
0.22146
0.23482
0.2276
0.24028
0.23412
0.21758
0.21978
0.24184
0.23702
0.23434
0.2163
0.21334
0.21564
0.2316
0.24082
0.24634
0.24508
0.24
0.23188
0.24796
0.2455
0.2453
0.24738
0.2483
0.24234
0.2447
0.2494
0.24578
0.24018
0.22958
0.22644
0.23472
0.2283
0.21836
0.22668
0.23588
0.24536
0.24144
0.23414
0.22528
0.23034
0.2367
0.2419
0.23654
0.2208
0.22808
0.231
0.2179
0.22536
0.22114
0.22356
0.23206
0.24242
0.23172
0.22342
0.21866
0.21332
0.2233
0.21932
0.21242
0.22006
0.21748
0.22582
0.2203
0.22368
0.22892
0.22468
0.21932
0.2266
0.2065
0.2038
0.2128
0.20952
0.2135
0.19992
0.21508
0.23206
0.23782
0.23928
0.22458
0.2145
0.22398
0.21428
0.22258
0.21172
0.20576
0.20668
0.23738
0.22724
0.2364
0.24816
0.25572
0.26346
0.2435
0.23854
0.23304
0.22726
0.23162
0.21782
0.22446
0.22334
0.21142
0.19932
0.19782
0.21288
0.22652
0.23114
0.23172
0.22366
0.22354
0.22092
0.22442
0.22534
0.22564
0.22584
0.22142
0.2085
0.21328
0.21414
0.236
0.24566
0.22408
0.2076
0.23056
0.22522
0.21892
0.22314
0.22202
0.23294
0.22178
0.21864
0.22628
0.22486
0.22014
0.23038
0.22978
0.23018
0.21572
0.21366
0.21854
0.22178
0.2391
0.24168
0.23122
0.23262
0.23244
0.2367
0.22952
0.22808
0.23418
0.23312
0.2527
0.23582
0.23272
0.22678
0.21794
0.2346
0.2428
0.22616
0.21582
0.22624
0.2137
0.21454
0.22808
0.21852
0.22412
0.22116
0.21768
0.23288
0.22232
0.21376
0.22358
0.21652
0.21976
0.21294
0.2206
0.22944
0.22594
0.23318
0.24014
0.23282
0.23178
0.22374
0.23088
0.2242
0.23368
0.22962
0.21262
0.2198
0.22638
0.2367
0.24468
0.22922
0.2362
0.24562
0.24666
0.2459
0.24556
0.22752
0.23188
0.2514
0.24584
0.2244
0.22462
0.22636
0.23246
0.23598
0.2424
0.23944
0.23992
0.23836
0.24344
0.24308
0.24
0.22724
0.24216
0.23258
0.23168
0.23
0.22906
0.22238
0.21534
0.21452
0.23074
0.2137
0.22432
0.23598
0.21842
0.22782
0.22562
0.22518
0.22102
0.22728
0.242
0.23362
0.25992
0.25512
0.2311
0.22336
0.2291
0.23622
0.23488
0.22296
0.2286
0.24106
0.22942
0.22856
0.22972
0.22266
0.22788
0.20918
0.2323
0.23346
0.23246
0.2205
0.2412
0.2264
0.2161
0.21332
0.20936
0.21314
0.21596
0.20316
0.22014
0.2227
0.22204
0.225
0.2005
0.20258
0.20942
0.21878
0.22824
0.2351
0.2331
0.2231
0.23852
0.2438
0.2449
0.23252
0.22238
0.2111
0.21154
0.23566
0.22834
0.2219
0.21898
0.21626
0.21488
0.23588
0.24482
0.24442
0.25628
0.24224
0.24492
0.22976
0.21046
0.21116
0.21358
0.2109
0.22252
0.21272
0.21908
0.2246
0.2197
0.22212
0.22226
0.20116
0.20198
0.20054
0.2211
0.21882
0.22996
0.2248
0.22374
0.2234
0.22508
0.22616
0.22758
0.2318
0.23938
0.23918
0.23646
0.2186
0.21386
0.21102
0.21944
0.22404
0.24358
0.2565
0.23672
0.2318
0.23026
0.23892
0.22482
0.21986
0.22686
0.2283
0.23178
0.24264
0.21964
0.2322
0.22044
0.2118
0.2161
0.2192
0.22164
0.20504
0.21014
0.21576
0.21594
0.22832
0.23408
0.21338
0.22758
0.23468
0.2417
0.23978
0.25126
0.23972
0.21844
0.20686
0.21562
0.21714
0.22462
0.22904
0.23202
0.23008
0.2249
0.23562
0.24212
0.2466
0.23814
0.2478
0.24684
0.24562
0.2434
0.24622
0.23788
0.23976
0.22704
0.22818
0.23312
0.23802
0.24094
0.2485
0.23918
0.24402
0.23744
0.23868
0.24268
0.24222
0.233
0.23432
0.23078
0.23246
0.22672
0.22294
0.22244
0.23116
0.2309
0.2324
0.22954
0.23094
0.22478
0.22404
0.22932
0.24498
0.25386
0.24144
0.23944
0.2517
0.24578
0.23308
0.22646
0.23198
0.23526
0.24022
0.23172
0.23554
0.2455
0.24278
0.23658
0.23606
0.23366
0.24168
0.24736
0.24806
0.24874
0.22692
0.2312
0.22544
0.23602
0.23752
0.23158
0.2369
0.24424
0.24914
0.2394
0.23996
0.24018
0.23328
0.2261
0.22622
0.2296
0.2098
0.21126
0.22892
0.23298
0.24148
0.2445
0.24152
0.238
0.22216
0.23388
0.23596
0.2299
0.23158
0.22526
0.23004
0.23562
0.2385
0.249
0.24762
0.2427
0.23294
0.22228
0.23002
0.23334
0.22894
0.21598
0.22514
0.23568
0.22916
0.21938
0.2258
0.22044
0.22704
0.24234
0.23332
0.2305
0.21934
0.22478
0.2318
0.2196
0.2058
0.22712
0.22506
0.23386
0.2441
0.25654
0.25148
0.23848
0.23578
0.22588
0.21208
0.20828
0.21514
0.20856
0.21782
0.24026
0.25022
0.2371
0.23096
0.23842
0.23272
0.24278
0.238
0.23834
0.23686
0.23028
0.23728
0.22592
0.22476
0.22784
0.20864
0.21726
0.22188
0.2221
0.21534
0.23698
0.21812
0.22044
0.2305
0.22308
0.21146
0.22164
0.205
0.21686
0.21692
0.21614
0.22778
0.22666
0.23964
0.2476
0.24282
0.2452
0.23554
0.24208
0.25652
0.2467
0.23934
0.23816
0.22276
0.23698
0.22052
0.2292
0.22736
0.22266
0.22574
0.2303
0.2455
0.2301
0.22228
0.21174
0.20888
0.21932
0.21742
0.22552
0.22788
0.22856
0.211
0.22448
0.20992
0.22872
0.21452
0.21078
0.23074
0.23172
0.22976
0.2193
0.2221
0.22844
0.2087
0.212
0.22364
0.22068
0.216
0.2085
0.22692
0.22342
0.23238
0.22982
0.2314
0.23164
0.24512
0.2305
0.2247
0.238
0.23012
0.23132
0.24378
0.22094
0.23322
0.22624
0.23126
0.23002
0.23182
0.23792
0.23294
0.23582
0.25082
0.252
0.23614
0.22628
0.22908
0.234
0.2378
0.24492
0.24246
0.22664
0.24128
0.24526
0.23566
0.2404
0.24746
0.24706
0.24588
0.2365
0.24016
0.2318
0.22204
0.23134
0.21758
0.2356
0.2435
0.2454
0.23988
0.2337
0.23116
0.2135
0.22272
0.22524
0.21722
0.21564
0.23058
0.2254
0.2274
0.20262
0.21868
0.22862
0.2139
0.2243
0.21664
0.20908
0.20648
0.22524
0.22632
0.22786
0.2308
0.23754
0.2146
0.23298
0.22788
0.22096
0.2444
0.24648
0.23654
0.2259
0.2325
0.23376
0.22788
0.2222
0.23218
0.2256
0.2249
0.21196
0.22104
0.20916
0.21686
0.22468
0.2188
0.22706
0.22782
0.22442
0.23084
0.2175
0.21486
0.21768
0.2228
0.24138
0.22756
0.2366
0.22448
0.23036
0.23858
0.22546
0.21904
0.22492
0.2391
0.24392
0.22486
0.23566
0.24508
0.2286
0.24018
0.23466
0.24096
0.2166
0.24256
0.24874
0.2559
0.24474
0.23406
0.23262
0.23114
0.24618
0.2464
0.25394
0.2507
0.24054
0.24454
0.24732
0.25116
0.23846
0.23374
0.2253
0.23514
0.23268
0.23196
0.23976
0.23248
0.2219
0.22452
0.21946
0.20866
0.20346
0.20716
0.21864
0.22212
0.22268
0.21914
0.22416
0.22824
0.23368
0.22712
0.2108
0.2262
0.22996
0.22292
0.2372
0.24084
0.24004
0.2484
0.24198
0.22336
0.2278
0.22906
0.2199
0.22274
0.24166
0.23064
0.23744
0.22982
0.20932
0.20516
0.20974
0.20444
0.22368
0.21826
0.22014
0.22532
0.23132
0.22458
0.23254
0.25392
0.25296
0.24678
0.2422
0.23812
0.2239
0.21922
0.21904
0.22428
0.23558
0.24524
0.24068
0.23394
0.23396
0.246
0.23066
0.23554
0.2201
0.23484
0.2457
0.22212
0.22926
0.23294
0.24702
0.24516
0.24658
0.23318
0.24458
0.23432
0.23258
0.234
0.23572
0.23306
0.22808
0.23366
0.22368
0.21404
0.2173
0.21546
0.22064
0.22508
0.22528
0.20396
0.21518
0.2083
0.2271
0.22692
0.2325
0.22964
0.2375
0.22844
0.23056
0.22988
0.22832
0.23002
0.22248
0.21434
0.2186
0.23832
0.23636
0.2393
0.22152
0.22324
0.2165
0.2189
0.20764
0.21688
0.21938
0.22492
0.22556
0.22226
0.22582
0.22768
0.23144
0.22884
0.22276
0.2276
0.23932
0.23956
0.23998
0.23644
0.23034
0.23208
0.22674
0.22878
0.22572
0.23046
0.21342
0.20632
0.2161
0.21856
0.21564
0.23018
0.22692
0.23678
0.23286
0.23766
0.23274
0.23152
0.2417
0.23358
0.22158
0.22756
0.22992
0.21638
0.22196
0.22424
0.21654
0.22796
0.22862
0.2271
0.23628
0.22588
0.221
0.21842
0.21264
0.21658
0.22552
0.22976
0.22382
0.2429
0.22596
0.22596
0.21698
0.22254
0.2179
0.21088
0.22098
0.22706
0.2259
0.23246
0.22976
0.2415
0.23716
0.238
0.22384
0.21638
0.212
0.20802
0.21028
0.20634
0.22344
0.22808
0.2205
0.22646
0.22428
0.22
0.22796
0.22574
0.22814
0.2511
0.23284
0.23156
0.24014
0.22886
0.22968
0.23012
0.23878
0.2441
0.23282
0.23312
0.20828
0.21994
0.22678
0.22548
0.23586
0.23198
0.23142
0.2438
0.2194
0.21508
0.22076
0.23714
0.23774
0.24684
0.22468
0.22826
0.2313
0.22212
0.21998
0.21248
0.2156
0.21982
0.21634
0.21932
0.21358
0.2221
0.21502
0.21506
0.2279
0.21934
0.22488
0.223
0.23688
0.2475
0.26006
0.2542
0.25048
0.2205
0.22
0.22546
0.22034
0.20714
0.23656
0.23054
0.23162
0.21634
0.22654
0.21622
0.22776
0.22122
0.22518
0.23054
0.24528
0.24796
0.25016
0.24116
0.23634
0.22386
0.22818
0.24286
0.23892
0.24966
0.23838
0.24704
0.23458
0.22624
0.23012
0.22794
0.22534
0.22532
0.2176
0.2199
0.22746
0.23902
0.23662
0.2289
0.22664
0.23468
0.23854
0.24904
0.22048
0.22332
0.23006
0.2312
0.2272
0.22406
0.22108
0.23904
0.2511
0.24348
0.24198
0.23042
0.24172
0.22462
0.22858
0.22944
0.21742
0.22816
0.2337
0.2353
0.2483
0.24066
0.22754
0.2274
0.22888
0.22692
0.23684
0.25148
0.25232
0.24854
0.24236
0.23314
0.2426
0.22918
0.21854
0.22156
0.23158
0.23474
0.2357
0.23312
0.21792
0.21762
0.23434
0.23486
0.22764
0.24192
0.246
0.23672
0.23292
0.23454
0.23962
0.24594
0.24386
0.2434
0.236
0.2534
0.24012
0.2288
0.23388
0.23974
0.23344
0.23092
0.2436
0.24082
0.2386
0.2524
0.22632
0.23592
0.2313
0.24704
0.23726
0.22252
0.23888
0.24658
0.23548
0.23326
0.2409
0.2355
0.23664
0.2389
0.23098
0.22004
0.22896
0.21046
0.20908
0.24002
0.22396
0.21824
0.22488
0.22292
0.2244
0.23634
0.23132
0.2259
0.2292
0.22844
0.21664
0.22234
0.21078
0.21542
0.2208
0.22258
0.22062
0.21606
0.20686
0.21138
0.21212
0.22778
0.23594
0.23182
0.22434
0.22272
0.23072
0.22852
0.2293
0.24542
0.25844
0.2456
0.23492
0.23086
0.22434
0.2308
0.23358
0.23756
0.24032
0.2449
0.24706
0.22758
0.24896
0.24116
0.23028
0.23136
0.22478
0.2375
0.23738
0.23944
0.23558
0.23952
0.23564
0.23328
0.22774
0.23022
0.22406
0.21398
0.2176
0.22326
0.22282
0.23534
0.23424
0.23648
0.23982
0.23
0.21616
0.22644
0.23352
0.24712
0.24304
0.23324
0.24664
0.22656
0.21454
0.2205
0.22366
0.22082
0.22296
0.22756
0.216
0.21338
0.21914
0.21484
0.22732
0.20616
0.22586
0.22852
0.23464
0.2456
0.25414
0.23892
0.24698
0.26064
0.23886
0.2167
0.21644
0.22388
0.2194
0.23412
0.2368
0.2354
0.20972
0.21718
0.23278
0.23046
0.23258
0.23136
0.22516
0.21894
0.20676
0.21492
0.22908
0.24074
0.24764
0.24886
0.2496
0.25172
0.25228
0.24062
0.22596
0.21048
0.1995
0.22854
0.2421
0.23804
0.24114
0.22658
0.24454
0.24712
0.24464
0.22346
0.2214
0.22364
0.23294
0.22312
0.23318
0.22604
0.21634
0.23094
0.23516
0.2446
0.23894
0.23426
0.23098
0.22658
0.22134
0.22872
0.21896
0.21578
0.22618
0.2298
0.23028
0.24604
0.25058
0.25602
0.24784
0.24224
0.23862
0.2414
0.23308
0.22772
0.22612
0.2222
0.21968
0.2265
0.2415
0.23344
0.24126
0.23948
0.2433
0.23338
0.22566
0.23318
0.24572
0.24092
0.24284
0.23174
0.23492
0.2333
0.23264
0.2469
0.23604
0.22074
0.23146
0.21602
0.21112
0.20146
0.20348
0.21648
0.22546
0.22396
0.22578
0.21984
0.21836
0.22086
0.22862
0.22536
0.23586
0.23316
0.21868
0.23422
0.22762
0.22092
0.22372
0.22902
0.23324
0.24892
0.23568
0.22872
0.22682
0.22562
0.21876
0.22026
0.2322
0.21898
0.20454
0.20444
0.22498
0.22428
0.21644
0.21418
0.21594
0.209
0.2075
0.21116
0.22598
0.2376
0.22424
0.2302
0.2382
0.25306
0.24182
0.25748
0.2561
0.24188
0.22954
0.21794
0.2243
0.24032
0.2373
0.24114
0.23946
0.21718
0.20904
0.22338
0.22518
0.23754
0.24686
0.24702
0.22948
0.22098
0.21802
0.21146
0.22048
0.2257
0.21992
0.22864
0.22634
0.22394
0.22622
0.22338
0.22588
0.22344
0.21488
0.22478
0.22432
0.21358
0.22284
0.22084
0.2274
0.22178
0.21218
0.20442
0.20978
0.21524
0.21598
0.22454
0.2259
0.2348
0.2411
0.25274
0.24748
0.24646
0.249
0.24072
0.2402
0.2381
0.22178
0.21844
0.22332
0.22336
0.23138
0.23848
0.24208
0.25258
0.25934
0.24876
0.2497
0.25792
0.23414
0.23544
0.22156
0.21874
0.2213
0.23262
0.24188
0.2369
0.23238
0.24236
0.22188
0.21326
0.22388
0.22466
0.22252
0.22558
0.24126
0.23424
0.22446
0.2216
0.22502
0.231
0.22914
0.2405
0.2211
0.21562
0.22288
0.20902
0.20848
0.21948
0.21986
0.23122
0.22098
0.21712
0.21114
0.22514
0.22076
0.22902
0.22856
0.23054
0.2383
0.21994
0.2247
0.22236
0.22752
0.22514
0.21798
0.22542
0.22198
0.20926
0.21738
0.22054
0.23336
0.23944
0.23786
0.237
0.22444
0.22058
0.23686
0.23612
0.23236
0.22844
0.22642
0.2278
0.23394
0.23524
0.22618
0.23624
0.23774
0.22922
0.23084
0.20868
0.20744
0.20512
0.20402
0.21918
0.24104
0.2347
0.22312
0.22976
0.22942
0.22588
0.23556
0.23432
0.24118
0.24394
0.2321
0.2286
0.22172
0.23284
0.23358
0.23068
0.24134
0.24236
0.23988
0.24352
0.2305
0.22114
0.2342
0.23764
0.21328
0.20862
0.1959
0.21752
0.21618
0.20894
0.22552
0.23038
0.21282
0.22208
0.21814
0.2264
0.2198
0.20688
0.20722
0.2113
0.21766
0.23854
0.2346
0.22444
0.2176
0.24634
0.2501
0.24934
0.2377
0.23686
0.228
0.23964
0.23054
0.22708
0.2398
0.2324
0.21898
0.24286
0.23212
0.22772
0.23398
0.2367
0.24104
0.23332
0.2295
0.2353
0.22536
0.2263
0.22546
0.2282
0.22908
0.23266
0.22208
0.23476
0.2264
0.22624
0.23028
0.23358
0.22954
0.23636
0.23972
0.24094
0.23512
0.23534
0.2196
0.21956
0.20566
0.22448
0.23048
0.2451
0.2442
0.23118
0.23102
0.21964
0.23012
0.2341
0.22324
0.22042
0.21572
0.23058
0.22342
0.2127
0.2245
0.23004
0.21868
0.21822
0.22278
0.2105
0.21956
0.21636
0.21352
0.20942
0.23694
0.24554
0.24986
0.24512
0.25034
0.23312
0.23196
0.22704
0.24164
0.23608
0.2292
0.23126
0.2237
0.23652
0.24452
0.25636
0.2402
0.23882
0.25632
0.24096
0.234
0.24072
0.23556
0.23
0.21422
0.22736
0.22762
0.24344
0.23936
0.23924
0.24856
0.23452
0.24002
0.22704
0.2191
0.2085
0.20734
0.23224
0.2085
0.2113
0.21662
0.21886
0.23354
0.22228
0.22542
0.22468
0.22634
0.2265
0.23328
0.23234
0.23222
0.23626
0.23904
0.239
0.2376
0.24174
0.22626
0.22512
0.22096
0.2209
0.21094
0.23028
0.23912
0.24086
0.24964
0.24442
0.2297
0.22982
0.23006
0.2415
0.24538
0.236
0.2364
0.22578
0.20224
0.21646
0.21046
0.22588
0.21786
0.22224
0.21932
0.24024
0.23724
0.23818
0.2421
0.2522
0.2318
0.21696
0.2216
0.22708
0.23072
0.23108
0.22572
0.22454
0.22846
0.23722
0.24218
0.24016
0.23446
0.23478
0.2387
0.23876
0.23976
0.22582
0.2263
0.21536
0.21496
0.22686
0.22698
0.23622
0.23478
0.23968
0.23556
0.25266
0.25122
0.26094
0.25976
0.23148
0.2267
0.22168
0.22968
0.24178
0.24664
0.24328
0.2315
0.23948
0.2404
0.2229
0.2094
0.21056
0.22304
0.21552
0.23252
0.2262
0.23286
0.24092
0.23524
0.24018
0.2132
0.22074
0.22082
0.2089
0.22458
0.22198
0.22638
0.2309
0.23008
0.2391
0.2348
0.24276
0.23214
0.22864
0.21954
0.23288
0.2267
0.2139
0.21738
0.22526
0.22848
0.22282
0.23076
0.23006
0.21648
0.21788
0.22802
0.21256
0.21618
0.20972
0.20956
0.20432
0.19604
0.20984
0.21594
0.22546
0.23228
0.2321
0.2193
0.22766
0.23098
0.22812
0.2388
0.23568
0.2265
0.21734
0.23058
0.2338
0.23284
0.24192
0.23602
0.23576
0.2349
0.23418
0.2236
0.22864
0.23518
0.22748
0.2384
0.2429
0.2288
0.23114
0.21704
0.2238
0.22186
0.2337
0.2375
0.25552
0.23482
0.24202
0.2317
0.23582
0.2311
0.23696
0.24602
0.23712
0.22068
0.23176
0.23832
0.2344
0.23136
0.22862
0.22178
0.20936
0.21566
0.22144
0.22614
0.23418
0.2187
0.21096
0.20358
0.21452
0.21412
0.22128
0.21668
0.22196
0.21906
0.22328
0.23022
0.22274
0.21946
0.20994
0.20768
0.219
0.21018
0.22122
0.23496
0.23916
0.24844
0.23394
0.24136
0.23166
0.24094
0.24222
0.23456
0.24072
0.2295
0.23228
0.23732
0.22618
0.23062
0.22336
0.23852
0.22676
0.22828
0.22308
0.23954
0.24008
0.24264
0.25608
0.25872
0.26138
0.24526
0.25262
0.24814
0.2485
0.22916
0.22344
0.22884
0.23646
0.21614
0.22678
0.23366
0.23844
0.23266
0.2209
0.2151
0.21532
0.21868
0.2135
0.21632
0.2234
0.2363
0.23572
0.22922
0.22826
0.24442
0.23806
0.22648
0.2312
0.2477
0.24784
0.24378
0.2314
0.23046
0.22574
0.22898
0.23626
0.23446
0.24302
0.2305
0.24392
0.24306
0.24576
0.25074
0.2521
0.24626
0.23448
0.22402
0.2246
0.23482
0.23186
0.22764
0.22158
0.21618
0.23436
0.21932
0.2378
0.23128
0.23456
0.22302
0.21364
0.21924
0.21442
0.22156
0.22262
0.21466
0.21828
0.22764
0.23814
0.23286
0.2357
0.23754
0.24268
0.23698
0.2239
0.2106
0.22086
0.22842
0.22942
0.22632
0.2431
0.23938
0.24016
0.24056
0.2202
0.22596
0.22018
0.2135
0.21904
0.23046
0.226
0.22952
0.22396
0.23136
0.23866
0.2277
0.22414
0.23982
0.2439
0.23804
0.2457
0.22302
0.23122
0.24738
0.23472
0.22668
0.22818
0.21852
0.20606
0.21484
0.22774
0.23308
0.23288
0.24084
0.22972
0.21774
0.21822
0.2117
0.22482
0.22518
0.23452
0.23578
0.2474
0.2416
0.24298
0.2298
0.23246
0.2281
0.22906
0.22636
0.23772
0.2326
0.2325
0.23296
0.2389
0.2272
0.21776
0.21912
0.22206
0.22374
0.23456
0.2287
0.21672
0.23144
0.22914
0.23726
0.2239
0.22208
0.22984
0.21458
0.22112
0.21494
0.2143
0.2133
0.23596
0.24368
0.2383
0.23536
0.23498
0.2375
0.24248
0.24126
0.2271
0.2406
0.22272
0.22884
0.24308
0.2276
0.21284
0.22154
0.23592
0.22522
0.22112
0.2118
0.21166
0.2182
0.22802
0.22922
0.23562
0.22244
0.22184
0.2328
0.21932
0.2218
0.2209
0.22176
0.2198
0.21528
0.2262
0.23514
0.23832
0.24082
0.25648
0.24822
0.24914
0.24628
0.2364
0.21746
0.1989
0.21212
0.22306
0.23006
0.22486
0.21248
0.22472
0.23016
0.22438
0.23204
0.23398
0.23328
0.2407
0.21616
0.21448
0.22404
0.23718
0.23102
0.22818
0.2366
0.23504
0.24152
0.23612
0.2423
0.22864
0.22348
0.22472
0.22268
0.2199
0.2293
0.24006
0.22808
0.21838
0.21216
0.22078
0.2164
0.21862
0.2144
0.22572
0.22736
0.21498
0.21154
0.22146
0.2269
0.23668
0.2421
0.24366
0.24388
0.24222
0.24902
0.24782
0.2396
0.23866
0.23694
0.23746
0.24954
0.23634
0.22326
0.21992
0.22452
0.20612
0.22698
0.22976
0.22468
0.21076
0.21788
0.23342
0.23378
0.21924
0.22026
0.23678
0.21962
0.22982
0.23408
0.23418
0.22474
0.22574
0.24066
0.23416
0.23356
0.22484
0.23836
0.22728
0.2253
0.2292
0.23524
0.22394
0.22086
0.21942
0.22014
0.2163
0.21144
0.22254
0.22394
0.22168
0.22748
0.23756
0.22202
0.22878
0.22256
0.21888
0.21378
0.22228
0.2214
0.22934
0.22698
0.21716
0.2322
0.23062
0.23532
0.23782
0.2451
0.23052
0.236
0.23572
0.22322
0.23444
0.22402
0.2224
0.22242
0.23366
0.22798
0.23342
0.23558
0.2367
0.22942
0.2282
0.23092
0.24656
0.24032
0.23386
0.23794
0.23524
0.21828
0.21174
0.21202
0.21706
0.22734
0.22896
0.22246
0.2214
0.22776
0.21106
0.221
0.22268
0.23318
0.24056
0.2157
0.23642
0.22662
0.23358
0.2362
0.23914
0.24246
0.23632
0.25188
0.23416
0.2295
0.24118
0.2442
0.24014
0.24124
0.24118
0.24064
0.24804
0.25052
0.24064
0.2503
0.22572
0.21784
0.22928
0.22504
0.2223
0.22574
0.2253
0.21266
0.22522
0.23046
0.23116
0.22314
0.21894
0.24196
0.23054
0.26084
0.24776
0.24222
0.23614
0.22868
0.21694
0.2167
0.2344
0.237
0.2263
0.21792
0.21
0.2153
0.22038
0.2359
0.2273
0.22832
0.24724
0.24628
0.23034
0.23584
0.23744
0.23418
0.21042
0.2227
0.22648
0.22416
0.24018
0.22942
0.23152
0.23804
0.24092
0.21792
0.23002
0.22628
0.2284
0.22004
0.23368
0.21638
0.20348
0.20056
0.21308
0.19212
0.1997
0.20686
0.21328
0.22196
0.21324
0.21384
0.2113
0.2056
0.2209
0.22168
0.2177
0.23534
0.22644
0.2367
0.22596
0.22074
0.22216
0.2194
0.23272
0.23108
0.21658
0.22674
0.23206
0.22744
0.22192
0.2126
0.21228
0.2131
0.2192
0.22446
0.21892
0.2183
0.22036
0.23604
0.22554
0.2249
0.22374
0.21554
0.21232
0.22194
0.2356
0.22934
0.23552
0.23796
0.23314
0.23234
0.2358
0.24114
0.23916
0.23038
0.2233
0.22402
0.23138
0.2382
0.21928
0.22706
0.22704
0.21274
0.22482
0.23376
0.22578
0.22704
0.2269
0.23906
0.2389
0.24072
0.25668
0.24756
0.24328
0.24152
0.24394
0.24062
0.24814
0.24244
0.2299
0.22636
0.23146
0.2176
0.22408
0.22416
0.21048
0.22474
0.23374
0.22622
0.22802
0.23266
0.246
0.24036
0.2268
0.2407
0.23408
0.23442
0.2284
0.2339
0.2312
0.23526
0.22262
0.22818
0.22644
0.2199
0.22538
0.22918
0.23928
0.24388
0.2325
0.23402
0.23242
0.22364
0.23646
0.21746
0.2222
0.22746
0.2305
0.22284
0.2384
0.23778
0.23268
0.2504
0.22996
0.23436
0.24416
0.23878
0.23496
0.24424
0.23464
0.2319
0.22628
0.21666
0.21962
0.21394
0.2414
0.2404
0.24798
0.241
0.24482
0.22916
0.22892
0.21164
0.23334
0.23168
0.24048
0.2403
0.24376
0.23476
0.23994
0.23018
0.2223
0.219
0.22132
0.23704
0.24832
0.24688
0.24922
0.2504
0.24268
0.23296
0.23114
0.2301
0.23826
0.24448
0.22338
0.2257
0.22404
0.22986
0.2138
0.21212
0.21156
0.21488
0.2157
0.22576
0.22094
0.24118
0.2339
0.23382
0.23234
0.23616
0.24234
0.25122
0.23714
0.23202
0.22026
0.23844
0.21828
0.22056
0.23604
0.25276
0.24348
0.23664
0.22704
0.23004
0.223
0.22862
0.22668
0.22618
0.23618
0.21928
0.22054
0.22124
0.2254
0.22308
0.21228
0.22226
0.22718
0.23302
0.24326
0.24236
0.2373
0.22452
0.21754
0.22708
0.22266
0.21496
0.21866
0.2268
0.21562
0.22402
0.23336
0.23264
0.22952
0.22334
0.23208
0.22982
0.22308
0.21264
0.20434
0.216
0.21504
0.23258
0.21722
0.21056
0.20172
0.21582
0.2126
0.22384
0.2052
0.22084
0.2285
0.23038
0.23272
0.22452
0.2203
0.22914
0.21706
0.21466
0.20898
0.21686
0.22774
0.22474
0.2254
0.24102
0.2292
0.23798
0.22588
0.21018
0.2091
0.21246
0.21242
0.21536
0.2267
0.23796
0.23226
0.22204
0.2167
0.23642
0.24614
0.23818
0.2389
0.24606
0.24138
0.23016
0.24042
0.2365
0.25012
0.24946
0.24702
0.23686
0.24556
0.24256
0.24058
0.2283
0.22862
0.21564
0.22106
0.2269
0.21076
0.20494
0.19608
0.2106
0.22364
0.20916
0.21354
0.22306
0.23536
0.23704
0.23062
0.22442
0.22084
0.22538
0.21218
0.21492
0.21864
0.22508
0.23866
0.24102
0.22768
0.22152
0.21994
0.21236
0.21688
0.22122
0.20904
0.21392
0.2227
0.21618
0.20736
0.21216
0.2162
0.21368
0.22284
0.22874
0.22436
0.22396
0.22856
0.2211
0.21634
0.22122
0.2276
0.22712
0.2134
0.22902
0.23254
0.22344
0.21016
0.22156
0.22758
0.24454
0.23036
0.23902
0.21592
0.2177
0.2183
0.22884
0.2162
0.22142
0.2238
0.21174
0.2282
0.22896
0.2428
0.243
0.24182
0.23882
0.22056
0.23198
0.23636
0.23134
0.22526
0.2433
0.2266
0.23268
0.24922
0.24346
0.22848
0.21828
0.20944
0.19996
0.20204
0.20938
0.197
0.21424
0.21638
0.21888
0.21612
0.2242
0.22544
0.22406
0.2289
0.23368
0.22936
0.22212
0.22434
0.23386
0.23968
0.23686
0.23776
0.24476
0.22956
0.2274
0.22208
0.21332
0.2077
0.20952
0.22454
0.23272
0.23558
0.22542
0.22914
0.237
0.25326
0.2503
0.24368
0.25214
0.23714
0.23856
0.24154
0.22598
0.22554
0.23896
0.23572
0.22208
0.22372
0.21424
0.22862
0.22554
0.22572
0.23276
0.22516
0.2297
0.23244
0.22466
0.21318
0.21686
0.21846
0.21578
0.2082
0.21194
0.22502
0.2083
0.20662
0.22392
0.23742
0.24196
0.2279
0.23404
0.23606
0.24064
0.23798
0.25066
0.24182
0.2534
0.25398
0.25078
0.25492
0.24744
0.22754
0.2336
0.23844
0.23696
0.24384
0.23882
0.23122
0.23626
0.22362
0.20548
0.2075
0.21236
0.21238
0.20688
0.21406
0.21094
0.2179
0.22764
0.22246
0.2142
0.2115
0.20894
0.21254
0.22042
0.22954
0.23882
0.22882
0.24038
0.2347
0.22782
0.2394
0.24054
0.24648
0.23874
0.23728
0.24406
0.24348
0.23522
0.23422
0.22856
0.23584
0.2448
0.24138
0.24006
0.22668
0.23462
0.23272
0.23664
0.23532
0.23318
0.2297
0.24234
0.23136
0.22398
0.23954
0.23712
0.22256
0.22708
0.23102
0.22396
0.23694
0.2334
0.2457
0.25162
0.23988
0.23938
0.23954
0.2365
0.23458
0.24398
0.24858
0.24912
0.2363
0.23514
0.22556
0.24558
0.24292
0.23354
0.23434
0.2296
0.2375
0.24712
0.24016
0.2348
0.23626
0.23758
0.24056
0.22724
0.22054
0.20452
0.22278
0.2327
0.22894
0.2261
0.23086
0.2405
0.2494
0.23696
0.23728
0.24812
0.2324
0.22398
0.22114
0.22058
0.22006
0.22138
0.22966
0.22024
0.22778
0.219
0.23182
0.23502
0.23204
0.22684
0.24276
0.23772
0.23814
0.23476
0.23506
0.23636
0.22962
0.2319
0.22682
0.22128
0.22806
0.21342
0.22436
0.22994
0.2288
0.21634
0.22186
0.21766
0.22078
0.2085
0.20928
0.21322
0.23296
0.23194
0.2315
0.21002
0.2065
0.22358
0.2263
0.23506
0.22588
0.22122
0.2395
0.2343
0.2398
0.24384
0.2394
0.23816
0.24382
0.22896
0.22434
0.23806
0.2266
0.22334
0.22596
0.23726
0.21986
0.22196
0.22376
0.21582
0.20512
0.20816
0.21604
0.21598
0.2309
0.23384
0.23828
0.23
0.20924
0.22272
0.21946
0.2214
0.2351
0.22866
0.23826
0.2488
0.2447
0.2312
0.2352
0.22486
0.21884
0.21576
0.2214
0.233
0.23792
0.23382
0.2248
0.21782
0.22712
0.23316
0.22994
0.22042
0.22718
0.238
0.22708
0.2393
0.23774
0.21906
0.23208
0.23104
0.24388
0.23848
0.23262
0.22644
0.2153
0.2091
0.21374
0.21628
0.20472
0.21518
0.22622
0.22946
0.23242
0.23486
0.23658
0.24346
0.2285
0.21296
0.21228
0.21882
0.22282
0.23044
0.24684
0.24712
0.22726
0.23534
0.22854
0.23358
0.21168
0.20484
0.22504
0.21938
0.23172
0.2136
0.22786
0.22364
0.23006
0.2412
0.2414
0.22954
0.2282
0.23238
0.22276
0.20874
0.22366
0.21856
0.23102
0.2233
0.24046
0.23624
0.21936
0.22154
0.22974
0.23284
0.24052
0.23592
0.23914
0.23812
0.22508
0.221
0.23042
0.2358
0.2325
0.23904
0.24218
0.22726
0.24112
0.23978
0.2445
0.2301
0.22974
0.22606
0.24176
0.25516
0.24028
0.23732
0.25048
0.25104
0.24792
0.23536
0.2316
0.221
0.23638
0.2375
0.2451
0.24344
0.23106
0.2311
0.22758
0.22832
0.23076
0.23078
0.2169
0.21734
0.21606
