0.8659
0.8677
0.874
0.8693
0.8677
0.87414
0.8675
0.87602
0.87272
0.86008
0.86242
0.85776
0.862
0.86968
0.87158
0.87352
0.87214
0.87478
0.86864
0.87076
0.87158
0.8707
0.87356
0.86948
0.8698
0.867
0.86304
0.8596
0.86258
0.8621
0.8633
0.85936
0.863
0.86434
0.87042
0.86364
0.85742
0.8547
0.85384
0.85788
0.86386
0.87022
0.8674
0.86858
0.8646
0.86956
0.86662
0.87252
0.86898
0.87238
0.86572
0.86394
0.8642
0.86818
0.86146
0.8612
0.86762
0.8684
0.86638
0.86596
0.86392
0.868
0.86524
0.86202
0.86474
0.8632
0.85948
0.86502
0.86968
0.86626
0.8668
0.86978
0.87068
0.87274
0.87082
0.86958
0.87052
0.873
0.87598
0.86828
0.87106
0.8734
0.87052
0.86936
0.87538
0.87066
0.87218
0.86682
0.8713
0.87284
0.87362
0.86938
0.87436
0.86994
0.87234
0.86284
0.87092
0.87396
0.87226
0.87262
0.87006
0.86356
0.86992
0.86288
0.87302
0.87738
0.87386
0.86934
0.87092
0.868
0.86772
0.86506
0.86502
0.8672
0.8743
0.8696
0.8692
0.86958
0.8679
0.8755
0.87934
0.87728
0.8685
0.86646
0.8632
0.8669
0.86508
0.86514
0.8649
0.8703
0.86946
0.87022
0.86554
0.87186
0.86898
0.86732
0.8706
0.86888
0.87156
0.86866
0.87588
0.87536
0.86558
0.86202
0.86378
0.86662
0.87288
0.87362
0.87162
0.8699
0.87026
0.8749
0.87462
0.87422
0.86956
0.86942
0.86916
0.87696
0.88156
0.87292
0.87662
0.87078
0.87566
0.87322
0.86904
0.86478
0.86676
0.86334
0.86974
0.86774
0.86514
0.8654
0.86616
0.86782
0.8673
0.86872
0.87058
0.87008
0.86876
0.87028
0.86898
0.87304
0.87536
0.87606
0.87164
0.87846
0.8769
0.87158
0.87414
0.88014
0.87944
0.87248
0.87632
0.8718
0.87416
0.87538
0.87314
0.86898
0.87
0.87042
0.86434
0.87216
0.87224
0.87328
0.87084
0.86912
0.86626
0.86692
0.86628
0.86228
0.86326
0.86426
0.86866
0.86784
0.85958
0.85624
0.86692
0.86534
0.86624
0.8644
0.8574
0.85998
0.86338
0.8632
0.86186
0.85786
0.85882
0.85622
0.8571
0.86408
0.86126
0.87014
0.86832
0.86694
0.86778
0.86744
0.8678
0.8731
0.86972
0.8723
0.86978
0.8678
0.8682
0.86908
0.8694
0.8688
0.8664
0.87198
0.87162
0.87282
0.86856
0.87116
0.8669
0.8688
0.86514
0.86416
0.86894
0.86952
0.87178
0.87484
0.87254
0.86814
0.86564
0.86394
0.85978
0.87076
0.87074
0.87414
0.87174
0.8704
0.86874
0.87556
0.8686
0.87144
0.86358
0.86606
0.85938
0.86266
0.8696
0.87182
0.8706
0.86898
0.86726
0.86994
0.86152
0.86442
0.86456
0.85894
0.85986
0.86412
0.86372
0.85956
0.8677
0.8701
0.86588
0.869
0.86264
0.86434
0.86482
0.8652
0.86056
0.85862
0.8544
0.85678
0.85338
0.85812
0.86048
0.8679
0.8661
0.86278
0.86616
0.86806
0.87146
0.8678
0.86838
0.8669
0.86648
0.86766
0.86504
0.86686
0.8642
0.86398
0.86862
0.87112
0.86966
0.87254
0.86688
0.86644
0.86984
0.87184
0.86946
0.87504
0.86656
0.8655
0.87146
0.87138
0.87016
0.8686
0.87268
0.87122
0.87254
0.87742
0.87342
0.8721
0.86796
0.8691
0.87236
0.86984
0.86982
0.86872
0.8694
0.87066
0.87002
0.87328
0.87382
0.87224
0.86928
0.87628
0.86988
0.87028
0.8688
0.87036
0.86944
0.87192
0.86638
0.86572
0.86102
0.8686
0.86888
0.86636
0.86618
0.86936
0.86984
0.86888
0.8634
0.86208
0.86194
0.8664
0.86898
0.86932
0.86974
0.87338
0.87474
0.87656
0.87354
0.87382
0.87138
0.86644
0.86434
0.8642
0.86388
0.8641
0.86844
0.86686
0.87058
0.86862
0.87102
0.87068
0.87182
0.87174
0.87024
0.87148
0.86712
0.8655
0.86708
0.86856
0.87036
0.8722
0.87384
0.86764
0.86016
0.86458
0.8599
0.86022
0.85906
0.86376
0.86446
0.8674
0.86382
0.85832
0.8675
0.86768
0.8665
0.87124
0.8786
0.87174
0.86478
0.86482
0.86814
0.86616
0.86796
0.87018
0.86864
0.8627
0.8662
0.86868
0.86438
0.85956
0.86492
0.86558
0.86078
0.86406
0.86396
0.87126
0.8697
0.87274
0.8692
0.87458
0.87556
0.8761
0.86858
0.8651
0.86056
0.86866
0.86868
0.8645
0.8694
0.87732
0.87256
0.8737
0.87258
0.87198
0.87188
0.87058
0.86918
0.8751
0.87534
0.86738
0.8677
0.86756
0.86746
0.87018
0.86666
0.8642
0.8705
0.86582
0.87074
0.87738
0.87094
0.87224
0.86698
0.87496
0.86874
0.8712
0.87562
0.8682
0.87694
0.87802
0.87894
0.87032
0.86818
0.87246
0.8726
0.87712
0.87082
0.87676
0.87208
0.8658
0.8625
0.8653
0.86728
0.86496
0.87628
0.87396
0.87252
0.87138
0.87064
0.86942
0.87366
0.87054
0.86704
0.868
0.8659
0.86212
0.86544
0.86294
0.86094
0.86466
0.86972
0.8732
0.87794
0.87692
0.87536
0.86746
0.86928
0.86466
0.86344
0.8692
0.86416
0.86186
0.86894
0.8743
0.87246
0.86822
0.8689
0.86718
0.87746
0.8759
0.87492
0.87598
0.87216
0.86858
0.86554
0.86794
0.8712
0.86958
0.87152
0.8742
0.8676
0.86384
0.87002
0.86854
0.86828
0.864
0.8664
0.86292
0.86364
0.85898
0.86676
0.87092
0.871
0.87212
0.8683
0.86874
0.86446
0.86552
0.8667
0.8664
0.87036
0.86794
0.8685
0.8712
0.87396
0.87472
0.87692
0.87046
0.87064
0.87038
0.8696
0.87242
0.87032
0.86912
0.86954
0.8727
0.87082
0.87118
0.8686
0.86506
0.8676
0.87432
0.87744
0.87102
0.87428
0.8733
0.8702
0.87046
0.8659
0.86896
0.87496
0.87998
0.87352
0.87796
0.87508
0.87336
0.86872
0.87256
0.86948
0.86958
0.86082
0.86338
0.86028
0.86358
0.86296
0.86452
0.86862
0.86536
0.86712
0.86764
0.87104
0.87246
0.87
0.86962
0.87204
0.87554
0.869
0.85954
0.86582
0.86714
0.87028
0.87024
0.87264
0.87186
0.86796
0.86968
0.86556
0.86522
0.86406
0.86332
0.8645
0.86342
0.86844
0.87286
0.87456
0.86788
0.86804
0.86722
0.87066
0.8719
0.87856
0.8724
0.8744
0.8738
0.8791
0.87792
0.87248
0.87424
0.87346
0.87182
0.87668
0.87334
0.87814
0.87316
0.87184
0.86538
0.87398
0.87302
0.87742
0.87556
0.87368
0.8754
0.86226
0.8661
0.8675
0.86308
0.86638
0.86728
0.8744
0.86954
0.86578
0.86066
0.85996
0.86382
0.8716
0.861
0.85884
0.85864
0.85434
0.85622
0.86428
0.8636
0.86644
0.86618
0.86308
0.86782
0.8715
0.87248
0.8713
0.87234
0.87702
0.877
0.87402
0.87374
0.87486
0.871
0.87136
0.87058
0.87594
0.86934
0.86902
0.86742
0.86322
0.86596
0.8647
0.86578
0.86816
0.86686
0.86716
0.86802
0.8668
0.86918
0.86956
0.87112
0.8668
0.86936
0.86362
0.86516
0.8671
0.86444
0.87066
0.86242
0.86688
0.87118
0.87212
0.87034
0.87108
0.86756
0.86252
0.85974
0.86098
0.86522
0.87126
0.87722
0.86816
0.8629
0.8571
0.8626
0.86702
0.8607
0.85964
0.86022
0.86448
0.86134
0.85906
0.85734
0.86164
0.86298
0.87096
0.86894
0.86234
0.86602
0.86492
0.85872
0.86486
0.86248
0.8659
0.86678
0.86648
0.87122
0.86986
0.86768
0.86754
0.86982
0.86666
0.87
0.866
0.8723
0.87182
0.86698
0.86622
0.8735
0.87206
0.86972
0.87202
0.8661
0.86774
0.86564
0.8638
0.86232
0.8658
0.8728
0.87006
0.86602
0.86324
0.85506
0.86874
0.87052
0.87266
0.87768
0.87112
0.8696
0.86944
0.86974
0.87514
0.87068
0.87006
0.8648
0.86508
0.86742
0.86434
0.8702
0.87284
0.86624
0.87106
0.87252
0.86564
0.86744
0.8727
0.86998
0.86548
0.86902
0.87322
0.87414
0.87126
0.86796
0.86838
0.86886
0.86776
0.87238
0.86386
0.86828
0.86744
0.86472
0.8713
0.86906
0.86794
0.8679
0.86462
0.86634
0.87084
0.87336
0.86948
0.87086
0.86784
0.87178
0.87
0.86766
0.86536
0.86644
0.87758
0.8727
0.8724
0.87172
0.8672
0.86078
0.86116
0.86752
0.86498
0.86286
0.86724
0.86214
0.86822
0.8714
0.86766
0.869
0.8684
0.86558
0.8725
0.8647
0.86116
0.862
0.85932
0.85788
0.8609
0.86008
0.8693
0.86668
0.86488
0.8722
0.87028
0.86978
0.86926
0.874
0.8681
0.87076
0.87168
0.87038
0.87354
0.87344
0.8708
0.87484
0.8781
0.87532
0.88032
0.8732
0.86898
0.86846
0.86784
0.86466
0.86444
0.8562
0.86352
0.86364
0.87006
0.86506
0.85862
0.8652
0.86178
0.86616
0.86106
0.8682
0.86986
0.866
0.86056
0.8662
0.87062
0.86548
0.86644
0.85728
0.86092
0.86676
0.86434
0.8601
0.87126
0.8751
0.8705
0.87452
0.86242
0.86512
0.87162
0.8731
0.87064
0.8776
0.87376
0.8753
0.87758
0.87676
0.86788
0.86692
0.8712
0.871
0.864
0.8643
0.86008
0.8632
0.8659
0.86646
0.86614
0.86358
0.87
0.86426
0.86796
0.86338
0.87038
0.87486
0.87676
0.87166
0.87106
0.8723
0.86946
0.87396
0.8675
0.86584
0.8688
0.8677
0.86556
0.87486
0.86684
0.87252
0.86876
0.87058
0.87164
0.87402
0.87264
0.8735
0.86466
0.86536
0.87022
0.87044
0.87384
0.87248
0.8716
0.87634
0.87906
0.8725
0.87106
0.87394
0.8756
0.8697
0.8709
0.87402
0.87236
0.86868
0.86254
0.85502
0.86032
0.86088
0.8702
0.8689
0.86558
0.86932
0.87224
0.8737
0.87296
0.87506
0.87306
0.87494
0.867
0.87156
0.86774
0.86952
0.86632
0.87056
0.87442
0.86202
0.86536
0.86038
0.85954
0.86608
0.8662
0.86996
0.86702
0.86556
0.86648
0.86884
0.86912
0.87828
0.87496
0.86954
0.86862
0.86962
0.87412
0.87262
0.87292
0.87162
0.8718
0.87138
0.8711
0.86684
0.86916
0.86674
0.8693
0.86876
0.8649
0.8676
0.87148
0.87214
0.86814
0.86292
0.86332
0.87082
0.87492
0.87536
0.87134
0.87258
0.87364
0.87552
0.87122
0.86884
0.86494
0.86752
0.85712
0.86616
0.85846
0.86766
0.86618
0.86654
0.86594
0.86534
0.87052
0.87214
0.8693
0.87224
0.87272
0.87704
0.87818
0.87502
0.86776
0.86658
0.86978
0.87076
0.87098
0.86464
0.86322
0.87092
0.86508
0.86218
0.86692
0.86938
0.8701
0.8697
0.86486
0.86262
0.86844
0.8627
0.8628
0.86578
0.86562
0.8736
0.87026
0.86868
0.86114
0.86694
0.871
0.87268
0.8685
0.86568
0.85578
0.85974
0.86342
0.8607
0.86252
0.8618
0.86046
0.86694
0.86242
0.86592
0.86082
0.86204
0.86484
0.87044
0.86572
0.87142
0.87102
0.87548
0.87264
0.86878
0.87158
0.87738
0.86542
0.86186
0.86682
0.86448
0.86864
0.86676
0.86588
0.87046
0.86278
0.86638
0.86036
0.86872
0.86112
0.8652
0.86612
0.87206
0.87032
0.86968
0.8731
0.86516
0.86814
0.86312
0.86872
0.86188
0.86678
0.87202
0.8702
0.86612
0.8687
0.86868
0.86294
0.86464
0.86142
0.8617
0.86174
0.86226
0.86504
0.87084
0.87098
0.86304
0.86616
0.86734
0.86558
0.86798
0.86372
0.86646
0.86974
0.86662
0.86288
0.86036
0.86346
0.85964
0.85786
0.86212
0.867
0.8667
0.86156
0.86032
0.85782
0.85928
0.85972
0.8602
0.86108
0.8619
0.85446
0.85528
0.86912
0.86712
0.87014
0.87106
0.87108
0.86892
0.86478
0.86086
0.8662
0.86976
0.8682
0.87366
0.8749
0.8708
0.86956
0.87232
0.8731
0.87454
0.87388
0.87126
0.86758
0.86744
0.8688
0.8721
0.87124
0.87184
0.86678
0.86538
0.86786
0.86608
0.86672
0.86532
0.86458
0.86248
0.861
0.86592
0.8688
0.87048
0.87176
0.86302
0.8618
0.8653
0.86538
0.86812
0.86358
0.86672
0.86228
0.87014
0.86648
0.87312
0.87332
0.87598
0.87884
0.87854
0.87214
0.87386
0.87578
0.8725
0.87212
0.86974
0.86852
0.8653
0.87162
0.87162
0.86846
0.87034
0.87164
0.86932
0.87098
0.86648
0.8672
0.86896
0.87216
0.86418
0.86156
0.86302
0.86632
0.86638
0.86792
0.8623
0.86446
0.86824
0.8671
0.8696
0.86604
0.86998
0.87244
0.87566
0.873
0.87862
0.8706
0.86518
0.8657
0.87068
0.86962
0.87252
0.86936
0.87746
0.87188
0.87344
0.87208
0.87078
0.86648
0.86896
0.86552
0.86608
0.86588
0.86436
0.86824
0.86974
0.87222
0.863
0.8674
0.868
0.8685
0.8732
0.87392
0.86638
0.87116
0.86486
0.86576
0.86818
0.86586
0.86588
0.86492
0.86244
0.86718
0.87174
0.86792
0.86796
0.86618
0.86914
0.86682
0.8658
0.86668
0.86514
0.86456
0.86482
0.87024
0.8763
0.87128
0.86624
0.86842
0.88052
0.87182
0.86734
0.86186
0.85758
0.86126
0.86546
0.87238
0.87296
0.87688
0.87304
0.87248
0.87032
0.87568
0.86778
0.86554
0.87044
0.86638
0.86454
0.86904
0.86792
0.87038
0.87946
0.87038
0.87636
0.86858
0.87066
0.88032
0.87148
0.87018
0.86898
0.86956
0.87146
0.87332
0.87584
0.8713
0.87074
0.8701
0.87142
0.87456
0.86958
0.86986
0.86906
0.8664
0.86874
0.86664
0.87368
0.86602
0.86826
0.86476
0.8611
0.86368
0.86576
0.86626
0.86992
0.86396
0.87094
0.86328
0.86822
0.86512
0.87156
0.87244
0.87182
0.8723
0.87698
0.875
0.87494
0.86856
0.86896
0.87166
0.86582
0.86768
0.86558
0.86476
0.86596
0.8659
0.86902
0.86536
0.86646
0.86926
0.86604
0.87176
0.86668
0.86892
0.8756
0.87014
0.87358
0.87646
0.87492
0.86962
0.87112
0.86892
0.86962
0.87042
0.86882
0.86708
0.87384
0.87146
0.86474
0.86764
0.8641
0.8702
0.86708
0.8651
0.8638
0.8652
0.86714
0.86128
0.86552
0.86656
0.86538
0.87358
0.87898
0.87282
0.8708
0.87184
0.87486
0.8782
0.87858
0.87722
0.8793
0.87438
0.86882
0.86526
0.87132
0.86984
0.86284
0.86728
0.8692
0.8704
0.87128
0.87252
0.86342
0.8655
0.87074
0.86778
0.86696
0.86602
0.86722
0.86308
0.86358
0.86602
0.86774
0.87172
0.87032
0.86878
0.86686
0.87188
0.86602
0.86878
0.86814
0.86808
0.86946
0.86806
0.86544
0.86854
0.86652
0.8757
0.87136
0.8665
0.86902
0.87076
0.86938
0.8596
0.86952
0.87
0.86452
0.86408
0.86592
0.86888
0.8632
0.86494
0.86332
0.87206
0.8716
0.8671
0.8684
0.86716
0.8642
0.87308
0.86896
0.86734
0.86878
0.87002
0.87306
0.8697
0.86754
0.86936
0.87044
0.87
0.8769
0.87072
0.86576
0.87056
0.87088
0.87148
0.8722
0.86908
0.8662
0.86776
0.86546
0.86372
0.85624
0.8557
0.85826
0.86028
0.86834
0.86308
0.87244
0.86658
0.87412
0.8704
0.87542
0.87676
0.8758
0.87414
0.86932
0.87456
0.87206
0.87592
0.87202
0.87198
0.8681
0.86684
0.87206
0.86836
0.87372
0.8726
0.87074
0.87232
0.86652
0.86796
0.86804
0.85848
0.86028
0.86264
0.8607
0.86538
0.86862
0.87234
0.86544
0.86578
0.86656
0.8687
0.86856
0.87302
0.88146
0.87088
0.86962
0.8676
0.87386
0.86574
0.8725
0.87102
0.8725
0.87568
0.86666
0.868
0.8728
0.86736
0.86258
0.86894
0.86896
0.85896
0.86564
0.86648
0.86672
0.86384
0.86992
0.86952
0.86864
0.87056
0.8668
0.87444
0.87376
0.86924
0.8708
0.87246
0.86822
0.8678
0.86958
0.86476
0.86768
0.86992
0.87336
0.86856
0.86372
0.8634
0.86496
0.86794
0.86928
0.87582
0.8668
0.86542
0.87078
0.87268
0.87174
0.86816
0.87184
0.87278
0.86894
0.8745
0.8743
0.87468
0.86866
0.86898
0.8711
0.86434
0.86158
0.86632
0.87038
0.86862
0.86638
0.87224
0.8713
0.87042
0.8704
0.86792
0.86488
0.86448
0.871
0.87096
0.8634
0.85694
0.86122
0.86456
0.86042
0.86802
0.86934
0.87142
0.86942
0.86912
0.86558
0.86834
0.87438
0.8738
0.86848
0.87006
0.87436
0.8733
0.86784
0.86754
0.86484
0.86572
0.8643
0.86596
0.86406
0.86396
0.86798
0.86642
0.86418
0.85872
0.86674
0.8611
0.86718
0.86344
0.86878
0.8693
0.87322
0.87702
0.87372
0.87102
0.868
0.86318
0.86804
0.86162
0.86784
0.87206
0.86574
0.86946
0.86712
0.8674
0.86816
0.87334
0.8654
0.86908
0.86814
0.86878
0.86734
0.86932
0.86568
0.86828
0.86514
0.86154
0.86586
0.86246
0.86778
0.86982
0.86426
0.86414
0.86964
0.86828
0.86152
0.8644
0.86606
0.86534
0.87136
0.8748
0.8691
0.86548
0.86378
0.86682
0.86932
0.86682
0.8702
0.864
0.8685
0.86112
0.86284
0.87016
0.8704
0.86746
0.86202
0.86894
0.87386
0.87166
0.87138
0.86682
0.86724
0.8665
0.87012
0.87136
0.8741
0.86958
0.87346
0.8681
0.87182
0.87082
0.86984
0.87316
0.86706
0.86976
0.87336
0.8703
0.87204
0.87586
0.87072
0.87368
0.87162
0.8764
0.87784
0.87632
0.87286
0.87058
0.86682
0.87202
0.87414
0.8697
0.8696
0.8655
0.8675
0.86832
0.86834
0.86994
0.87398
0.8679
0.8661
0.8636
0.8616
0.8692
0.86714
0.86906
0.86458
0.8608
0.86488
0.86838
0.8648
0.8598
0.8648
0.86414
0.86794
0.86734
0.87062
0.86324
0.86776
0.87022
0.87388
0.87874
0.87718
0.87132
0.8752
0.87058
0.86616
0.8756
0.8721
0.86714
0.8676
0.8684
0.8668
0.86798
0.8706
0.86622
0.86838
0.86394
0.86322
0.87128
0.86578
0.87238
0.86892
0.87274
0.87168
0.87038
0.8733
0.87328
0.87108
0.87512
0.8702
0.87086
0.86912
0.87562
0.86896
0.86578
0.87142
0.86528
0.86854
0.86104
0.86712
0.86658
0.87
0.87024
0.87432
0.86802
0.8696
0.86588
0.86094
0.86734
0.86904
0.86492
0.87006
0.87484
0.87012
0.8676
0.87038
0.86858
0.86528
0.86422
0.86334
0.87412
0.8731
0.8666
0.86842
0.86654
0.87368
0.86912
0.8656
0.87102
0.8697
0.86914
0.87106
0.86904
0.87194
0.8687
0.87396
0.86806
0.87092
0.87062
0.86974
0.86914
0.86754
0.86506
0.86578
0.86538
0.87274
0.87062
0.87448
0.87272
0.87506
0.87076
0.87558
0.87096
0.87172
0.87504
0.86958
0.86792
0.87218
0.87184
0.86804
0.86908
0.86976
0.86852
0.86934
0.8735
0.87126
0.8674
0.86408
0.86734
0.8683
0.87172
0.87142
0.8719
0.87384
0.86686
0.874
0.86952
0.87062
0.8722
0.8754
0.8689
0.87232
0.86652
0.86506
0.86398
0.86628
0.86958
0.86998
0.86914
0.86926
0.8693
0.86418
0.86832
0.87044
0.8696
0.87648
0.87314
0.86616
0.86966
0.87834
0.86756
0.87192
0.86776
0.86734
0.86744
0.86714
0.86268
0.86614
0.86798
0.86794
0.86432
0.86304
0.86028
0.86456
0.86346
0.86798
0.86784
0.87038
0.87084
0.87664
0.87362
0.87138
0.86712
0.87438
0.87226
0.8746
0.87508
0.87274
0.87232
0.86896
0.87444
0.87898
0.87034
0.87374
0.8752
0.87208
0.87284
0.87082
0.86638
0.86796
0.87184
0.86546
0.87278
0.8746
0.87398
0.86804
0.87704
0.87202
0.8661
0.87282
0.87436
0.87078
0.87308
0.87394
0.87634
0.87318
0.8732
0.87074
0.86878
0.87502
0.87198
0.86804
0.8654
0.86412
0.86092
0.86856
0.87114
0.87058
0.86736
0.86804
0.86798
0.87178
0.8729
0.87438
0.88238
0.87874
0.87024
0.86726
0.86502
0.86398
0.8658
0.86934
0.8662
0.86638
0.86856
0.87226
0.87144
0.8705
0.8722
0.87136
0.87024
0.8727
0.86062
0.86352
0.85834
0.86206
0.86624
0.8701
0.8706
0.87014
0.87574
0.87526
0.87208
0.8719
0.87082
0.86834
0.86246
0.86672
0.86434
0.86394
0.86244
0.86438
0.85948
0.86096
0.85828
0.86046
0.86782
0.87348
0.87558
0.87414
0.86906
0.87408
0.86748
0.86712
0.86766
0.86604
0.86692
0.86692
0.86936
0.86546
0.86202
0.86726
0.86094
0.86168
0.86102
0.86082
0.87168
0.8696
0.86992
0.86968
0.86752
0.87152
0.87402
0.8772
0.87654
0.87428
0.87806
0.87372
0.86302
0.86952
0.87448
0.87138
0.86902
0.86982
0.86318
0.86422
0.86946
0.8663
0.86636
0.8714
0.87116
0.86362
0.86748
0.8735
0.86618
0.87204
0.8619
0.87094
0.86706
0.86282
0.86838
0.86998
0.86828
0.87318
0.8733
0.87066
0.87082
0.87052
0.8699
0.8686
0.85914
0.8688
0.8711
0.87164
0.87056
0.87508
0.86682
0.86606
0.87082
0.87304
0.86872
0.86672
0.8663
0.87106
0.87206
0.86866
0.8686
0.86694
0.85702
0.86718
0.8691
0.86928
0.86524
0.87236
0.86934
0.86988
0.86768
0.86388
0.86896
0.86984
0.86272
0.86636
0.8667
0.87264
0.87048
0.87456
0.86988
0.87228
0.87766
0.86742
0.86818
0.8643
0.868
0.87316
0.86824
0.8683
0.86796
0.87574
0.87188
0.87324
0.87386
0.87728
0.87172
0.87124
0.87354
0.87368
0.87208
0.87228
0.88026
0.86948
0.87072
0.86676
0.86776
0.86782
0.87198
0.87118
0.87472
0.86574
0.8717
0.87098
0.869
0.86632
0.86274
0.8655
0.86772
0.86422
0.86498
0.85852
0.8693
0.86704
0.8633
0.86508
0.86438
0.86978
0.8703
0.8672
0.87066
0.86876
0.87004
0.8734
0.86974
0.87234
0.8687
0.86986
0.86844
0.87122
0.86434
0.86638
0.86918
0.86724
0.86634
0.86756
0.8655
0.86632
0.86524
0.8685
0.86802
0.86662
0.86682
0.86612
0.87314
0.8731
0.87062
0.86974
0.8682
0.8645
0.87086
0.86598
0.86908
0.8616
0.86032
0.86722
0.86116
0.86358
0.86638
0.8754
0.87194
0.86928
0.8686
0.86698
0.87042
0.87526
0.86724
0.86008
0.85686
0.86562
0.86068
0.86624
0.8696
0.87224
0.8679
0.86814
0.87226
0.87124
0.8688
0.8624
0.86624
0.85936
0.8661
0.86396
0.86374
0.86414
0.863
0.86546
0.8706
0.87504
0.87046
0.87362
0.87406
0.86902
0.86902
0.87114
0.8762
0.87272
0.87212
0.87214
0.86778
0.86924
0.86908
0.868
0.86462
0.86496
0.86354
0.8668
0.86538
0.86402
0.8655
0.86276
0.86174
0.866
0.86686
0.8681
0.86488
0.8674
0.87222
0.86506
0.86858
0.86878
0.87684
0.87476
0.86892
0.8658
0.87418
0.8666
0.87104
0.87192
0.8648
0.86292
0.86804
0.87086
0.866
0.86406
0.86724
0.86456
0.86444
0.86272
0.86242
0.8595
0.86016
0.86188
0.86428
0.86652
0.861
0.86432
0.86934
0.8673
0.86986
0.8653
0.86606
0.86682
0.8669
0.86822
0.86686
0.87138
0.86846
0.86472
0.86692
0.87004
0.87252
0.87256
0.87158
0.8702
0.87428
0.8694
0.86708
0.87032
0.8692
0.87062
0.86888
0.8687
0.86144
0.8672
0.86412
0.86842
0.86814
0.87114
0.8731
0.86854
0.86342
0.86824
0.87334
0.87178
0.8692
0.86204
0.86182
0.86936
0.86874
0.86676
0.8636
0.86144
0.86564
0.8714
0.86798
0.87098
0.87096
0.87732
0.87368
0.875
0.87876
0.8778
0.87758
0.8709
0.87028
0.87558
0.86992
0.87224
0.86378
0.8679
0.87002
0.86886
0.86874
0.8683
0.86462
0.86628
0.86372
0.86798
0.86778
0.86674
0.86472
0.87062
0.8685
0.8735
0.87004
0.86946
0.86846
0.86028
0.8703
0.86884
0.86894
0.868
0.86804
0.87466
0.87398
0.87306
0.87482
0.87726
0.8742
0.86744
0.86312
0.86746
0.86646
0.866
0.8689
0.8753
0.865
0.87226
0.87028
0.87388
0.87304
0.87062
0.86628
0.87008
0.86382
0.86544
0.86726
0.86862
0.8632
0.86588
0.86434
0.8689
0.86436
0.87048
0.87066
0.86526
0.8665
0.86926
0.86814
0.8717
0.86396
0.85572
0.86332
0.86794
0.86904
0.86238
0.865
0.87042
0.8699
0.86524
0.87018
0.87306
0.87264
0.86652
0.8726
0.87186
0.86392
0.86
0.86024
0.86352
0.86506
0.85722
0.86358
0.86498
0.86372
0.86436
0.86444
0.87106
0.8671
0.86634
0.86474
0.86466
0.86898
0.8713
0.86534
0.86802
0.86574
0.87292
0.8664
0.86796
0.87152
0.8638
0.86708
0.86326
0.86488
0.86098
0.86396
0.86806
0.86632
0.86676
0.8681
0.86544
0.86732
0.87228
0.87008
0.86862
0.87026
0.87026
0.87616
0.87398
0.86718
0.87246
0.87476
0.87186
0.87368
0.87472
0.8742
0.87178
0.87104
0.87268
0.87132
0.87222
0.8728
0.86648
0.87248
0.87098
0.87464
0.87432
0.8775
0.8751
0.87226
0.87196
0.87472
0.86838
0.87004
0.87238
0.87328
0.86204
0.86676
0.87154
0.86952
0.86368
0.86518
0.86508
0.86858
0.87168
0.8604
0.86448
0.86464
0.86616
0.86508
0.865
0.86214
0.86506
0.8589
0.85874
0.86448
0.86872
0.87206
0.86842
0.86674
0.8654
0.8752
0.8696
0.87254
0.86428
0.86904
0.8712
0.86938
0.8665
0.86696
0.86856
0.87218
0.87114
0.86818
0.87116
0.86354
0.8696
0.8709
0.8681
0.8607
0.86638
0.85734
0.85938
0.86006
0.86416
0.86814
0.8668
0.87036
0.869
0.8666
0.86896
0.87026
0.87332
0.87216
0.8675
0.86306
0.86644
0.86308
0.87086
0.87074
0.86938
0.87108
0.86352
0.86542
0.86818
0.8778
0.87172
0.8686
0.8701
0.87288
0.86798
0.87052
0.8714
0.8651
0.86756
0.8737
0.8694
0.86678
0.86524
0.86032
0.86192
0.86316
0.87216
0.86832
0.86242
0.86214
0.859
0.85978
0.86162
0.86246
0.86886
0.87478
0.87024
0.8715
0.8689
0.87234
0.87712
0.8709
0.86906
0.8691
0.87702
0.86862
0.87312
0.86684
0.8647
0.87074
0.86262
0.87176
0.8632
0.86814
0.8669
0.87188
0.87472
0.87588
0.86924
0.8729
0.8683
0.86996
0.86818
0.86828
0.8711
0.86908
0.8648
0.8708
0.86906
0.8667
0.87242
0.86882
0.8667
0.8652
0.8733
0.86816
0.8613
0.86928
0.8718
0.87046
0.8654
0.87138
0.87016
0.87066
0.8696
0.86672
0.87194
0.87132
0.8753
0.86844
0.87158
0.86884
0.86608
0.87006
0.86842
0.86506
0.86502
0.86484
0.8574
0.87086
0.87126
0.86706
0.86912
0.87176
0.87232
0.87512
0.87066
0.86808
0.86614
0.86192
0.8647
0.86776
0.87304
0.87192
0.87028
0.87356
0.87664
0.87488
0.87376
0.87498
0.8728
0.87318
0.87196
0.8701
0.86958
0.8768
0.87014
0.875
0.87296
0.8644
0.86846
0.86718
0.86424
0.86216
0.86456
0.8759
0.87184
0.8741
0.87854
0.87034
0.8652
0.862
0.86166
0.86622
0.87282
0.86876
0.87026
0.86486
0.85946
0.86172
0.86452
0.8667
0.86698
0.86416
0.86592
0.86356
0.8693
0.87226
0.8667
0.86806
0.864
0.86986
0.86558
0.86124
0.86858
0.87126
0.8673
0.86908
0.86802
0.86596
0.86736
0.8641
0.8599
0.87036
0.8652
0.86756
0.86994
0.8683
0.86582
0.86466
0.86318
0.863
0.86488
0.86848
0.86888
0.86886
0.8653
0.86792
0.87442
0.868
0.86272
0.86662
0.8714
0.86602
0.87076
0.87126
0.8722
0.8659
0.86756
0.873
0.8742
0.86852
0.86816
0.86844
0.86664
0.86382
0.86344
0.86362
0.86924
0.86522
0.86584
0.8648
0.86544
0.86276
0.85986
0.86558
0.86386
0.8728
0.87174
0.87152
0.8703
0.87076
0.867
0.86814
0.8644
0.8681
0.86562
0.87332
0.8685
0.86688
0.86926
0.86664
0.87238
0.87792
0.8695
0.86454
0.8699
0.85976
0.8663
0.86368
0.86406
0.85916
0.85834
0.86126
0.86292
0.86548
0.86986
0.87174
0.87368
0.8688
0.87098
0.86854
0.87116
0.86586
0.87186
0.86838
0.8687
0.87064
0.87602
0.86846
0.873
0.87408
0.87708
0.87484
0.86998
0.8688
0.86968
0.86494
0.86318
0.85852
0.85434
0.86456
0.86584
0.86408
0.86144
0.86684
0.87086
0.86854
0.87224
0.87114
0.8699
0.87406
0.86706
0.86922
0.8686
0.87052
0.86884
0.8686
0.86372
0.8607
0.86894
0.86102
0.86304
0.86468
0.86412
0.85952
0.85932
0.86472
0.8601
0.86662
0.85974
0.85852
0.86766
0.86672
0.87408
0.8681
0.8695
0.85936
0.86286
0.86124
0.85814
0.861
0.8626
0.8625
0.86506
0.8669
0.8733
0.87046
0.86904
0.87168
0.87146
0.86936
0.86742
0.87018
0.8692
0.87218
0.87184
0.86578
0.87038
0.87068
0.86222
0.86478
0.86792
0.8708
0.86608
0.86564
0.8684
0.86232
0.86152
0.86732
0.86668
0.8676
0.86638
0.87
0.87328
0.8756
0.8709
0.86862
0.8753
0.87976
0.86362
0.8604
0.86822
0.87
0.8663
0.86508
0.85986
0.86032
0.86498
0.86232
0.8622
0.86372
0.8698
0.86988
0.8636
0.86176
0.86016
0.86346
0.86502
0.8651
0.87126
0.87532
0.86754
0.8714
0.86992
0.87298
0.87082
0.87424
0.87048
0.86422
0.869
0.8628
0.87056
0.8672
0.86978
0.86654
0.8664
0.86966
0.8686
0.87712
0.87214
0.87884
0.87392
0.87722
0.87488
0.86862
0.87096
0.86982
0.87092
0.87072
0.87472
0.87162
0.87068
0.8673
0.86472
0.87128
0.86758
0.86882
0.8736
0.87282
0.86658
0.87136
0.87056
0.867
0.86434
0.86786
0.87094
0.8722
0.8711
0.86936
0.87314
0.87074
0.86546
0.86424
0.86868
0.86962
0.8693
0.87048
0.86088
0.8632
0.86556
0.86358
0.8618
0.86058
0.86182
0.86686
0.86714
0.87252
0.86622
0.87224
0.8723
0.87286
0.86834
0.87838
0.87238
0.87298
0.87382
0.86652
0.87326
0.86872
0.8689
0.8723
0.8699
0.86996
0.87416
0.865
0.86452
0.8682
0.8703
0.86492
0.86756
0.86328
0.86652
0.86488
0.85522
0.86314
0.86676
0.87024
0.8689
0.87238
0.87884
0.88534
0.87836
0.87444
0.87048
0.8673
0.86644
0.86246
0.86804
0.8684
0.8662
0.86464
0.8629
0.86152
0.86392
0.8657
0.86332
0.86176
0.8627
0.8656
0.8684
0.86372
0.86924
0.86922
0.87226
0.87178
0.86446
0.87042
0.8724
0.86416
0.86576
0.8661
0.8678
0.86796
0.85934
0.86906
0.86854
0.86564
0.86288
0.86732
0.8631
0.86374
0.8657
0.86626
0.86674
0.8662
0.8723
0.86964
0.86896
0.86978
0.87054
0.87596
0.87172
0.87218
0.87166
0.86678
0.86608
0.86598
0.87376
0.87248
0.87094
0.86682
0.86404
0.87118
0.86556
0.86012
0.86068
0.86362
0.86322
0.86488
0.86874
0.85762
0.8662
0.86648
0.86976
0.86696
0.86748
0.85908
0.87056
0.87674
0.87456
0.8699
0.87014
0.87046
0.86946
0.87102
0.8717
0.87072
0.86822
0.86608
0.87112
0.87156
0.86986
0.87006
0.8731
0.86948
0.8693
0.86852
0.8682
0.87272
0.87358
0.86608
0.86974
0.86602
0.86698
0.8697
0.86806
0.86608
0.87128
0.86116
0.86414
0.86696
0.87178
0.86186
0.86542
0.8643
0.87034
0.86714
0.86784
0.86652
0.87024
0.87048
0.86642
0.86824
0.87328
0.86858
0.86688
0.87142
0.8703
0.86252
0.87168
0.87232
0.87102
0.8741
0.87698
0.87236
0.87104
0.86984
0.87148
0.87504
0.87634
0.87346
0.86808
0.87212
0.8652
0.86668
0.87364
0.875
0.87282
0.8674
0.87072
0.87174
0.86596
0.87012
0.87074
0.87454
0.8712
0.86788
0.86438
0.86068
0.86382
0.8659
0.8694
0.8688
0.86818
0.8662
0.8649
0.86748
0.86704
0.86644
0.86576
0.86138
0.86134
0.85934
0.86444
0.86586
0.87092
0.86966
0.86468
0.86688
0.86794
0.87438
0.86744
0.87382
0.86984
0.86424
0.86686
0.87164
0.8726
0.86892
0.86362
0.86442
0.8733
0.87228
0.87462
0.87072
0.86692
0.8668
0.8618
0.86362
0.8661
0.86358
0.86838
0.87414
0.88034
0.87204
0.87214
0.86694
0.87258
0.87102
0.8686
0.86626
0.87002
0.87278
0.86796
0.87136
0.8658
0.86784
0.87276
0.87442
0.87196
0.87662
0.87498
0.8772
0.87194
0.87468
0.87302
0.87222
0.87258
0.87364
0.8711
0.86742
0.86678
0.87144
0.86826
0.8655
0.8726
0.8692
0.87524
0.86394
0.87508
0.87224
0.86718
0.86378
0.86648
0.8672
0.86722
0.86944
0.86892
0.86892
0.86054
0.86928
0.87294
0.87014
0.86808
0.8683
0.86416
0.8678
0.87056
0.87476
0.86702
0.87882
0.87256
0.8671
0.86608
0.86954
0.87226
0.86694
0.8692
0.8661
0.87434
0.87388
0.87978
0.87422
0.87868
0.87578
0.87424
0.87166
0.87662
0.86862
0.8656
0.86914
0.8703
0.87126
0.87772
0.87204
0.86814
0.8665
0.86642
0.8641
0.86792
0.868
0.86832
0.87076
0.86704
0.86872
0.86846
0.8693
0.8683
0.87314
0.87064
0.87704
0.88068
0.87282
0.86722
0.86684
0.8661
0.86924
0.8723
0.86718
0.86452
0.86276
0.8683
0.86612
0.85892
0.86008
0.85956
0.86118
0.86014
0.8681
0.86364
0.8665
0.86358
0.86614
0.8641
0.86246
0.8673
0.86446
0.8601
0.86162
0.86604
0.87038
0.86304
0.86342
0.86464
0.86456
0.87138
0.8664
0.86876
0.86814
0.86588
0.86396
0.8633
0.8635
0.86816
0.86768
0.8669
0.86324
0.86338
0.86926
0.86904
0.86974
0.87056
0.8717
0.8667
0.8646
0.8644
0.85926
0.86066
0.86218
0.8701
0.87416
0.86838
0.87504
0.87404
0.87646
0.86704
0.87242
0.86856
0.87468
0.87288
0.87198
0.85606
0.86334
0.86094
0.86118
0.86728
0.86416
0.86644
0.87118
0.86712
0.87402
0.87368
0.86762
0.86646
0.86868
0.86874
0.87196
0.86886
0.87132
0.86612
0.86558
0.86514
0.86306
0.86888
0.87012
0.87376
0.86638
0.8655
0.86626
0.8721
0.8734
0.8753
0.86706
0.86736
0.86884
0.86662
0.86776
0.86562
0.86918
0.8729
0.86206
0.86434
0.8636
0.86836
0.86672
0.87558
0.8735
0.8705
0.87484
0.86628
0.8639
0.86322
0.86608
0.86964
0.8717
0.87414
0.86886
0.86676
0.86104
0.869
0.8736
0.87106
0.86626
0.8729
0.86986
0.87526
0.87182
0.86294
0.86148
0.86014
0.8644
0.86646
0.86638
0.86768
0.87128
0.86824
0.86294
0.87268
0.8689
0.8686
0.86388
0.86694
0.86242
0.85544
0.86586
0.8697
0.87128
0.86888
0.86836
0.87292
0.86914
0.86818
0.869
0.86796
0.87892
0.87032
0.86904
0.87044
0.8721
0.87504
0.874
0.87486
0.86926
0.87366
0.86686
0.86522
0.86024
0.86616
0.86182
0.86634
0.8679
0.87292
0.87224
0.86354
0.8694
0.87026
0.86888
0.87318
0.86952
0.86852
0.8677
0.86956
0.86754
0.86858
0.87178
0.87278
0.8716
0.86996
0.86298
0.86258
0.86966
0.85898
0.86176
0.86182
0.86542
0.87012
0.86714
0.86702
0.86214
0.8629
0.86344
0.86936
0.8708
0.86206
0.86638
0.86176
0.86288
0.86546
0.86556
0.86788
0.86648
0.87276
0.8701
0.86968
0.87602
0.8726
0.87348
0.87298
0.8716
0.86964
0.86544
0.8631
0.86346
0.86934
0.86534
0.87006
0.8622
0.87288
0.86654
0.86978
0.86306
0.8633
0.86194
0.86072
0.86166
0.86702
0.86924
0.87056
0.8656
0.8664
0.86276
0.86068
0.8568
0.86286
0.86556
0.8628
0.86578
0.87084
0.86764
0.87248
0.86882
0.86466
0.8705
0.86598
0.86586
0.86606
0.8628
0.86304
0.86222
0.8668
0.86262
0.86828
0.87114
0.87162
0.8719
0.87512
0.87072
0.87312
0.87486
0.874
0.86746
0.86486
0.87024
0.86682
0.86518
0.867
0.86602
0.86762
0.86692
0.8731
0.8739
0.86834
0.86314
0.86812
0.86958
0.8661
0.86768
0.86846
0.8683
0.87308
0.86826
0.86364
0.86578
0.8632
0.8708
0.8705
0.87416
0.86998
0.86734
0.8674
0.86706
0.87146
0.86364
0.86484
0.86618
0.87606
0.87546
0.8766
0.8728
0.87714
0.8695
0.86898
0.87066
0.87342
0.87522
0.87054
0.8626
0.86952
0.87514
0.88078
0.8687
0.87192
0.87348
0.87604
0.87302
0.87152
0.87224
0.8724
0.87014
0.8733
0.87506
0.8675
0.87296
0.86886
0.86148
0.87044
0.86804
0.86676
0.86764
0.8695
0.86902
0.86806
0.86682
0.86662
0.86892
0.86866
0.86572
0.86538
0.86668
0.86946
0.86588
0.87256
0.87628
0.878
0.87622
0.8711
0.8705
0.86964
0.87078
0.87174
0.87038
0.87278
0.86406
0.86148
0.87048
0.86214
0.86586
0.87016
0.87196
0.86932
0.86794
0.873
0.86986
0.86536
0.87272
0.8752
0.87196
0.8722
0.87372
0.86926
0.8686
0.8683
0.86678
0.86524
0.8652
0.86962
0.86546
0.86908
0.86332
0.86666
0.86714
0.86522
0.86782
0.8707
0.87066
0.86802
0.86922
0.86424
0.86774
0.86768
0.86556
0.86562
0.86862
0.86068
0.85936
0.8651
0.86696
0.86486
0.86872
0.86194
0.86938
0.86544
0.8549
0.85578
0.86502
0.86586
0.8722
0.873
0.86878
0.86734
0.8703
0.8718
0.87648
0.8644
0.86502
0.8741
0.8718
0.87236
0.87252
0.87388
0.86824
0.86582
0.86502
0.86962
0.8669
0.86894
0.87762
0.87558
0.87648
0.87556
0.87056
0.86972
0.86512
0.86654
0.87088
0.87036
0.87282
0.8685
0.86814
0.86956
0.86042
0.8626
0.86754
0.86572
0.8684
0.8654
0.8688
0.8627
0.85922
0.86474
0.86004
0.86916
0.87374
0.87162
0.86912
0.86928
0.8653
0.87152
0.8656
0.87036
0.86688
0.86696
0.87362
0.8744
0.8733
0.87448
0.87192
0.86986
0.8737
0.87262
0.87652
0.87424
0.87368
0.87176
0.87092
0.8698
0.86364
0.87128
0.86792
0.86548
0.86782
0.86712
0.8727
0.87378
0.86852
0.87208
0.86806
0.87294
0.86868
0.86314
0.86368
0.86364
0.87624
0.87754
0.87768
0.87674
0.86984
0.86996
0.87
0.8625
0.87242
0.87098
0.8687
0.86474
0.85974
0.8649
0.86922
0.86948
0.86582
0.86092
0.86294
0.86874
0.86958
0.86396
0.8703
0.8767
0.86998
0.8691
0.86824
0.86382
0.87074
0.86768
0.87038
0.8731
0.8765
0.86674
0.8636
0.87304
0.87276
0.87054
0.87116
0.87158
0.87458
0.87182
0.86922
0.8726
0.86678
0.86618
0.86778
0.86154
0.86524
0.86342
0.86282
0.86512
0.85932
0.86114
0.86466
0.86418
0.86536
0.8626
0.8669
0.86402
0.86774
0.86854
0.86922
0.87118
0.87204
0.86242
0.87044
0.86782
0.86644
0.87098
0.86812
0.8655
0.86704
0.86366
0.87064
0.86372
0.87022
0.86396
0.86808
0.85982
0.86158
0.87196
0.87226
0.86948
0.8723
0.86552
0.87018
0.87178
0.87204
0.87154
0.86744
0.86864
0.8677
0.87508
0.8764
0.87646
0.86572
0.87284
