0.81466
0.81732
0.81224
0.82068
0.80898
0.8108
0.81426
0.81408
0.81592
0.81806
0.81582
0.81878
0.81182
0.81718
0.81368
0.81538
0.81808
0.81286
0.8133
0.8204
0.81328
0.81864
0.81762
0.81098
0.81068
0.8088
0.81062
0.80834
0.81438
0.81404
0.81568
0.81526
0.81454
0.81846
0.81072
0.8146
0.81172
0.81122
0.81672
0.80836
0.8138
0.81858
0.81334
0.81272
0.81554
0.81722
0.81424
0.80836
0.81118
0.8123
0.81666
0.81216
0.8193
0.81324
0.81454
0.8165
0.8169
0.80996
0.8133
0.81336
0.81208
0.8095
0.81088
0.80798
0.82094
0.81416
0.81784
0.81318
0.81256
0.81856
0.8154
0.81232
0.81186
0.81478
0.81682
0.8203
0.80964
0.8136
0.8118
0.80362
0.8094
0.80436
0.81024
0.81232
0.81344
0.81796
0.81328
0.81182
0.8128
0.81054
0.8189
0.8146
0.81832
0.8151
0.81538
0.81232
0.81154
0.81382
0.81422
0.812
0.81532
0.82222
0.81378
0.81122
0.81878
0.81624
0.81102
0.81598
0.8166
0.81194
0.8192
0.81962
0.80572
0.81242
0.81114
0.81318
0.81212
0.81754
0.81912
0.81426
0.81794
0.81428
0.8167
0.82278
0.81844
0.81384
0.81766
0.81094
0.80712
0.81912
0.8184
0.81594
0.80974
0.80534
0.81296
0.81886
0.81174
0.81202
0.8121
0.81468
0.8188
0.81152
0.81494
0.81484
0.80882
0.813
0.81828
0.81462
0.82226
0.81164
0.80898
0.81076
0.8131
0.80954
0.81572
0.81704
0.82218
0.81278
0.81712
0.8165
0.8183
0.81468
0.80898
0.8063
0.8154
0.80678
0.81358
0.8158
0.8176
0.81422
0.80962
0.81254
0.822
0.81846
0.8139
0.80974
0.81408
0.81186
0.80312
0.80866
0.81252
0.81298
0.81326
0.81088
0.8123
0.81508
0.8167
0.81328
0.80588
0.81664
0.81614
0.81406
0.8113
0.81698
0.8182
0.81774
0.81716
0.82064
0.81456
0.81402
0.8151
0.81616
0.80908
0.81656
0.81422
0.81896
0.81542
0.8153
0.80662
0.81438
0.8206
0.80798
0.81218
0.80988
0.8193
0.8135
0.81306
0.81704
0.81316
0.81052
0.81312
0.81626
0.81104
0.81302
0.81386
0.81718
0.81062
0.81412
0.80246
0.81352
0.81096
0.80976
0.80902
0.81362
0.81618
0.80764
0.8121
0.80622
0.81658
0.80412
0.81268
0.8166
0.80686
0.80986
0.8106
0.80566
0.8153
0.81318
0.81312
0.81544
0.81046
0.80916
0.81004
0.81206
0.81306
0.8128
0.8122
0.81846
0.81338
0.81608
0.81452
0.82072
0.81232
0.81646
0.81058
0.80826
0.81312
0.81242
0.81406
0.81174
0.80938
0.80864
0.81432
0.81106
0.81074
0.81638
0.81602
0.8195
0.81374
0.81166
0.81092
0.81356
0.8216
0.81838
0.82062
0.81868
0.81298
0.81416
0.81872
0.82
0.81484
0.81506
0.81454
0.81442
0.80636
0.80728
0.81998
0.82182
0.81416
0.8112
0.80876
0.81094
0.80926
0.81922
0.81868
0.8193
0.81908
0.81384
0.81792
0.8132
0.80758
0.80978
0.80896
0.81056
0.81194
0.8117
0.8107
0.81388
0.81748
0.80804
0.8119
0.81218
0.80746
0.81156
0.81862
0.81318
0.81704
0.81404
0.80922
0.80932
0.81336
0.81932
0.8128
0.81466
0.8088
0.81634
0.8103
0.81784
0.81516
0.81254
0.80902
0.81534
0.81366
0.81268
0.81706
0.8106
0.81478
0.81958
0.81802
0.81204
0.81406
0.81028
0.80958
0.81272
0.81672
0.81234
0.81582
0.80946
0.8086
0.81396
0.81422
0.81334
0.80866
0.8104
0.81222
0.80936
0.81582
0.81088
0.81464
0.81258
0.81126
0.8051
0.81384
0.81316
0.8116
0.81138
0.8122
0.81354
0.81742
0.81076
0.81098
0.80894
0.81244
0.80792
0.81082
0.8139
0.80808
0.81796
0.81654
0.8131
0.81214
0.81834
0.8157
0.81606
0.82136
0.8185
0.81844
0.82052
0.812
0.81348
0.80926
0.81228
0.8118
0.80746
0.81682
0.81318
0.811
0.81754
0.8115
0.80992
0.81694
0.81904
0.8135
0.81858
0.81748
0.81594
0.82178
0.81182
0.80944
0.81114
0.81454
0.81744
0.8154
0.80952
0.80394
0.8052
0.80744
0.81622
0.81634
0.8084
0.81646
0.81592
0.81536
0.815
0.81754
0.81136
0.8094
0.8074
0.80658
0.80742
0.80912
0.81156
0.81522
0.81786
0.81622
0.81598
0.81684
0.8121
0.815
0.8173
0.8108
0.814
0.8141
0.81702
0.80836
0.8162
0.81636
0.80734
0.8112
0.81542
0.81002
0.81188
0.81074
0.81738
0.81492
0.8106
0.81276
0.8062
0.80264
0.81002
0.80486
0.80608
0.81482
0.8109
0.81232
0.81302
0.81202
0.81118
0.80916
0.81776
0.81462
0.81486
0.81266
0.81232
0.81266
0.81616
0.81266
0.81536
0.81238
0.811
0.81446
0.81888
0.81688
0.81434
0.81236
0.8137
0.8128
0.8177
0.81424
0.80874
0.8122
0.81204
0.8215
0.81536
0.81746
0.81352
0.81268
0.81596
0.8144
0.81652
0.8219
0.80884
0.81076
0.80972
0.80802
0.81056
0.81202
0.81358
0.81014
0.81402
0.8111
0.81546
0.82024
0.81264
0.81362
0.8122
0.81486
0.81616
0.81466
0.81802
0.8167
0.82016
0.81596
0.81492
0.81452
0.80594
0.81044
0.81752
0.8105
0.80688
0.80724
0.81442
0.81516
0.81608
0.81996
0.818
0.81522
0.81902
0.81548
0.81692
0.81118
0.81204
0.81106
0.81472
0.81752
0.81588
0.81136
0.8163
0.81436
0.81502
0.81336
0.81132
0.81244
0.81566
0.80712
0.81644
0.80958
0.81548
0.8145
0.80912
0.81292
0.81374
0.81138
0.81288
0.81582
0.8163
0.81446
0.81734
0.81748
0.81488
0.8148
0.80754
0.81222
0.812
0.80798
0.81224
0.81056
0.81622
0.81168
0.8131
0.81342
0.80504
0.8043
0.80794
0.81114
0.81156
0.81354
0.82078
0.8076
0.81308
0.81226
0.8121
0.81134
0.81784
0.80646
0.81512
0.81884
0.81844
0.80842
0.81658
0.80592
0.81646
0.80794
0.80882
0.8053
0.81332
0.8196
0.8093
0.80914
0.8121
0.8144
0.81314
0.81702
0.81106
0.80754
0.80876
0.81264
0.81392
0.8131
0.80654
0.8071
0.81296
0.81772
0.8153
0.81222
0.80542
0.80462
0.81874
0.8108
0.81386
0.81414
0.81868
0.8146
0.81774
0.81364
0.81162
0.81104
0.8136
0.81958
0.80762
0.81608
0.81954
0.81384
0.81438
0.82016
0.81786
0.81486
0.81486
0.81358
0.81078
0.81198
0.81018
0.8073
0.81484
0.8151
0.80868
0.81922
0.82016
0.81616
0.8153
0.8128
0.81214
0.80744
0.8145
0.81454
0.81562
0.80988
0.81378
0.81018
0.80922
0.81168
0.80776
0.80692
0.80604
0.8075
0.81576
0.81628
0.80834
0.8115
0.80914
0.818
0.81732
0.81072
0.81658
0.81208
0.81504
0.81742
0.82344
0.8167
0.8112
0.81318
0.8103
0.8131
0.81522
0.81838
0.81254
0.81432
0.81248
0.8093
0.8141
0.8069
0.81438
0.81328
0.81644
0.81332
0.81118
0.8177
0.8188
0.81054
0.8111
0.81364
0.81284
0.80962
0.81692
0.8139
0.80818
0.805
0.8098
0.811
0.81258
0.81738
0.81922
0.81538
0.80888
0.81496
0.80934
0.81126
0.81236
0.8075
0.81156
0.81826
0.81266
0.81688
0.80924
0.8139
0.8146
0.81592
0.8151
0.8134
0.81778
0.81332
0.8087
0.81414
0.80924
0.81624
0.80514
0.81234
0.81602
0.80554
0.80888
0.81494
0.8155
0.81658
0.8142
0.81434
0.81424
0.8139
0.81078
0.80864
0.81662
0.8132
0.80958
0.81716
0.81822
0.81872
0.81094
0.8156
0.81496
0.80802
0.81654
0.80972
0.812
0.80978
0.81276
0.80856
0.81838
0.81336
0.8179
0.81496
0.81814
0.81068
0.80744
0.81136
0.81546
0.81128
0.81406
0.81548
0.81054
0.81538
0.80966
0.81336
0.81656
0.82138
0.80836
0.8096
0.81232
0.8127
0.81838
0.81454
0.8156
0.81376
0.81736
0.81704
0.81414
0.80848
0.81204
0.82078
0.81368
0.80364
0.81646
0.8106
0.81612
0.81002
0.8105
0.81564
0.81182
0.81206
0.8157
0.80738
0.81062
0.8146
0.81122
0.8095
0.81846
0.8164
0.81616
0.81476
0.82048
0.82186
0.81484
0.812
0.8132
0.81486
0.81378
0.8157
0.80726
0.80524
0.81102
0.81702
0.81234
0.8104
0.81598
0.81582
0.81586
0.81356
0.82106
0.81696
0.81026
0.81476
0.81504
0.81176
0.81556
0.81218
0.81216
0.81358
0.8095
0.81026
0.8085
0.80956
0.81108
0.80896
0.81914
0.806
0.81338
0.81092
0.81436
0.8054
0.80676
0.81078
0.80874
0.81508
0.81906
0.81182
0.8123
0.80728
0.81154
0.81506
0.8213
0.81378
0.81888
0.81614
0.8023
0.81468
0.81462
0.81842
0.81624
0.81054
0.81052
0.80774
0.81006
0.80868
0.82032
0.81132
0.81224
0.80884
0.80992
0.81078
0.81848
0.81522
0.8157
0.81092
0.8114
0.8125
0.80964
0.80454
0.80872
0.81548
0.8119
0.8161
0.8197
0.81454
0.81694
0.81544
0.81418
0.81962
0.81372
0.80932
0.8216
0.81468
0.81726
0.81206
0.81114
0.81794
0.80716
0.81244
0.80552
0.81232
0.80926
0.81432
0.81356
0.8148
0.81392
0.81372
0.81494
0.81548
0.81224
0.8181
0.81516
0.8168
0.82166
0.8152
0.81504
0.82302
0.81124
0.81514
0.81482
0.81296
0.8119
0.8092
0.82124
0.81604
0.81452
0.81948
0.81332
0.81144
0.81792
0.81348
0.82082
0.81052
0.81794
0.81322
0.81224
0.81486
0.80848
0.808
0.80584
0.8084
0.81054
0.81368
0.80638
0.81088
0.80856
0.81012
0.81676
0.81288
0.81774
0.81292
0.80792
0.8174
0.81774
0.81064
0.81064
0.81348
0.8117
0.81446
0.8101
0.81542
0.81744
0.81244
0.81036
0.80966
0.8173
0.81094
0.8104
0.81522
0.81202
0.8147
0.8151
0.81048
0.81716
0.81628
0.81898
0.8172
0.81314
0.81366
0.81564
0.81232
0.81414
0.8142
0.8119
0.813
0.8087
0.81294
0.81626
0.8134
0.80848
0.81794
0.81836
0.80318
0.81418
0.81104
0.81524
0.81074
0.81446
0.8155
0.81196
0.81216
0.81324
0.81148
0.8146
0.81994
0.8133
0.81962
0.80878
0.81492
0.81412
0.81246
0.80902
0.8089
0.81122
0.81114
0.8095
0.80692
0.8135
0.81712
0.8094
0.81228
0.80924
0.81628
0.81796
0.81192
0.81236
0.81132
0.8174
0.818
0.81746
0.81604
0.82194
0.81872
0.81502
0.81382
0.81262
0.81668
0.81592
0.81058
0.81648
0.81222
0.81434
0.82196
0.81628
0.81864
0.81404
0.81328
0.81588
0.81816
0.81524
0.80912
0.8182
0.8148
0.8116
0.8132
0.82306
0.81606
0.8111
0.81222
0.81654
0.81402
0.81166
0.81222
0.8151
0.8165
0.814
0.8118
0.81202
0.81768
0.81278
0.81938
0.81354
0.81534
0.81156
0.81108
0.81716
0.81634
0.81408
0.81084
0.81238
0.81984
0.81526
0.81518
0.81188
0.80834
0.80736
0.81506
0.80956
0.81164
0.80856
0.81446
0.81382
0.8098
0.81204
0.81442
0.8169
0.82024
0.81482
0.81616
0.81986
0.81696
0.81758
0.8089
0.82014
0.8144
0.81882
0.81904
0.81308
0.81362
0.81498
0.815
0.81232
0.81488
0.81012
0.81562
0.81268
0.8119
0.81406
0.81118
0.80912
0.81212
0.81328
0.8126
0.81434
0.81048
0.81542
0.81186
0.8197
0.81882
0.81594
0.81364
0.81274
0.81634
0.81664
0.81602
0.81056
0.80764
0.80546
0.81802
0.81782
0.81462
0.8158
0.81496
0.81962
0.80958
0.80814
0.81278
0.81976
0.8088
0.81116
0.80952
0.80446
0.81688
0.81396
0.81916
0.815
0.81478
0.8152
0.81088
0.81238
0.81312
0.80912
0.8085
0.81316
0.81376
0.81108
0.81354
0.81376
0.807
0.80846
0.8071
0.80986
0.81338
0.81632
0.81824
0.81576
0.81882
0.81944
0.8191
0.81894
0.81764
0.81982
0.80918
0.81466
0.81546
0.8085
0.81064
0.8114
0.81628
0.81306
0.80804
0.81404
0.80836
0.81092
0.81468
0.81864
0.80878
0.81284
0.81226
0.8135
0.81242
0.81536
0.8156
0.81248
0.81324
0.81156
0.81474
0.81664
0.8118
0.81364
0.81618
0.80982
0.80812
0.809
0.81126
0.8121
0.81542
0.81204
0.81498
0.81604
0.81068
0.81896
0.82076
0.81118
0.81012
0.80684
0.808
0.81652
0.81762
0.81812
0.81284
0.81414
0.8125
0.81858
0.81074
0.81422
0.80898
0.82222
0.80818
0.81524
0.82304
0.81204
0.81212
0.80964
0.81364
0.81244
0.81454
0.80964
0.81218
0.81578
0.81184
0.81404
0.81472
0.80368
0.81726
0.81552
0.81792
0.81606
0.81012
0.81306
0.81326
0.81014
0.81488
0.81686
0.81574
0.81456
0.8195
0.81224
0.8136
0.8141
0.81282
0.8127
0.8058
0.81042
0.81066
0.81994
0.81178
0.8151
0.81738
0.8136
0.8148
0.81474
0.81236
0.81164
0.82026
0.81474
0.81814
0.81614
0.8138
0.81468
0.81926
0.81258
0.81268
0.81532
0.81092
0.81266
0.82014
0.8123
0.80958
0.81788
0.81458
0.80942
0.8162
0.81392
0.8119
0.8139
0.81012
0.80916
0.81192
0.81756
0.8082
0.81174
0.8112
0.81198
0.80834
0.81008
0.81954
0.81484
0.8129
0.81422
0.81488
0.81568
0.81412
0.81522
0.80946
0.8114
0.8133
0.80996
0.80698
0.81914
0.82168
0.81112
0.81158
0.8135
0.81282
0.80588
0.80488
0.81272
0.81126
0.81214
0.82108
0.81734
0.8108
0.81458
0.81396
0.81758
0.81614
0.8099
0.8103
0.81086
0.81148
0.8117
0.8108
0.81542
0.81492
0.8055
0.81072
0.81366
0.81142
0.80498
0.81006
0.8131
0.8169
0.80886
0.81294
0.81594
0.81084
0.8129
0.80702
0.81194
0.81504
0.81362
0.80568
0.8106
0.81016
0.8171
0.8115
0.8215
0.8194
0.81748
0.81374
0.80908
0.80876
0.81728
0.8183
0.81198
0.81158
0.81218
0.81582
0.816
0.81548
0.80866
0.81292
0.81292
0.81884
0.80986
0.8141
0.80418
0.81544
0.80848
0.81334
0.811
0.81438
0.81678
0.81326
0.81382
0.81022
0.81102
0.80624
0.80732
0.808
0.81054
0.80952
0.81024
0.81288
0.81568
0.81182
0.80228
0.8131
0.81096
0.81334
0.8164
0.81278
0.80956
0.80828
0.8112
0.80874
0.8055
0.81312
0.81572
0.8152
0.81542
0.81524
0.81378
0.80992
0.81418
0.80452
0.81422
0.81706
0.81076
0.81286
0.81786
0.81328
0.81164
0.80904
0.80876
0.8089
0.80504
0.80778
0.81048
0.80756
0.81872
0.81464
0.81728
0.81272
0.81542
0.80018
0.80998
0.8109
0.8137
0.81358
0.81068
0.81656
0.81164
0.81736
0.82038
0.8135
0.81502
0.81444
0.81572
0.812
0.81134
0.81948
0.81736
0.81422
0.8109
0.8049
0.8094
0.81742
0.8077
0.8134
0.8113
0.81234
0.81212
0.80986
0.81816
0.81134
0.81272
0.8121
0.81768
0.81812
0.81522
0.80806
0.81152
0.81622
0.81046
0.81048
0.81064
0.81016
0.80838
0.81336
0.81378
0.8098
0.81872
0.8059
0.8153
0.81994
0.81178
0.8152
0.81482
0.81518
0.81266
0.81768
0.81568
0.81112
0.81102
0.81134
0.80866
0.81788
0.81238
0.81466
0.81338
0.80498
0.8174
0.81672
0.81566
0.81078
0.81378
0.81456
0.81486
0.8188
0.8094
0.81142
0.81678
0.81042
0.82008
0.81694
0.81614
0.8154
0.81602
0.80944
0.81304
0.80682
0.80582
0.81492
0.81428
0.80932
0.80686
0.80668
0.80606
0.81096
0.81264
0.81402
0.81318
0.82096
0.81686
0.81508
0.81234
0.81946
0.81798
0.81856
0.8106
0.80998
0.8014
0.8106
0.80854
0.8182
0.8175
0.82052
0.814
0.8166
0.81248
0.80942
0.81146
0.81288
0.8113
0.8086
0.81116
0.80896
0.81416
0.8165
0.81646
0.81556
0.82
0.81602
0.81592
0.81678
0.81424
0.81058
0.8114
0.81412
0.81442
0.81572
0.8104
0.81654
0.81386
0.81472
0.81302
0.81074
0.813
0.814
0.81668
0.81068
0.81602
0.80844
0.80732
0.81198
0.8107
0.81958
0.81198
0.80932
0.8108
0.81726
0.81672
0.81394
0.81398
0.81842
0.8035
0.8114
0.81178
0.80742
0.80894
0.8157
0.8182
0.81062
0.81948
0.81654
0.81046
0.81294
0.80926
0.81396
0.80824
0.81098
0.8146
0.81726
0.81588
0.8143
0.81662
0.81492
0.80726
0.8123
0.81504
0.81166
0.8108
0.8164
0.81446
0.81412
0.81974
0.81796
0.81394
0.81452
0.81288
0.81034
0.81048
0.81202
0.81316
0.81416
0.81208
0.81706
0.81082
0.81234
0.82162
0.81176
0.8174
0.8187
0.81466
0.80772
0.82042
0.81434
0.81284
0.81386
0.8123
0.80954
0.81132
0.8127
0.81534
0.81554
0.8182
0.8155
0.80884
0.80916
0.8141
0.81092
0.81436
0.81736
0.81586
0.8154
0.81626
0.81462
0.81454
0.81714
0.80844
0.80938
0.81604
0.80898
0.81544
0.81034
0.8095
0.81042
0.81184
0.80878
0.8058
0.8093
0.81376
0.8164
0.81078
0.81332
0.8107
0.81044
0.81356
0.81138
0.81346
0.8121
0.81406
0.82224
0.80904
0.81288
0.81332
0.81178
0.80494
0.81636
0.81094
0.81494
0.81258
0.81684
0.8123
0.81134
0.81042
0.82024
0.81376
0.8107
0.81612
0.81886
0.81136
0.80638
0.81276
0.8144
0.81468
0.8194
0.81448
0.81528
0.81598
0.81242
0.80898
0.81452
0.80966
0.8078
0.81228
0.81678
0.80482
0.81626
0.81624
0.81214
0.81652
0.8098
0.81278
0.81268
0.81402
0.81388
0.81554
0.81528
0.817
0.8154
0.8201
0.80848
0.81308
0.82144
0.80618
0.80592
0.80878
0.81934
0.81404
0.81328
0.80712
0.81148
0.8065
0.8153
0.81378
0.80576
0.81164
0.81102
0.8116
0.81312
0.81826
0.80966
0.80854
0.8112
0.8125
0.81718
0.80804
0.8145
0.81418
0.80764
0.80856
0.8089
0.819
0.81298
0.80418
0.81
0.8119
0.81052
0.80688
0.81392
0.81278
0.81702
0.81918
0.80738
0.8106
0.81044
0.80992
0.81004
0.81504
0.81284
0.81532
0.81722
0.8153
0.8161
0.81344
0.81382
0.81984
0.81732
0.80806
0.8164
0.8163
0.81258
0.82004
0.81398
0.81128
0.813
0.81386
0.8125
0.81822
0.81202
0.81744
0.81314
0.81102
0.81296
0.8106
0.81424
0.8143
0.81646
0.81178
0.81506
0.81316
0.81402
0.81126
0.80778
0.81092
0.81446
0.80912
0.81136
0.81018
0.81354
0.80922
0.80962
0.81078
0.8165
0.81878
0.81054
0.81034
0.80908
0.81432
0.81252
0.8141
0.81246
0.80928
0.81524
0.8184
0.81296
0.81224
0.8128
0.81384
0.81554
0.8136
0.81332
0.8172
0.81666
0.82118
0.81244
0.81204
0.81402
0.80864
0.8102
0.81346
0.807
0.81312
0.81252
0.81062
0.80346
0.80398
0.8128
0.8155
0.813
0.81246
0.8106
0.81394
0.81696
0.81282
0.81336
0.81276
0.81886
0.8189
0.82236
0.81588
0.81392
0.81972
0.82184
0.81066
0.8084
0.80426
0.81112
0.80582
0.81052
0.80812
0.81408
0.8131
0.8162
0.8163
0.81748
0.81826
0.81576
0.80918
0.8152
0.81322
0.81342
0.81138
0.81546
0.8172
0.8163
0.81436
0.81436
0.81392
0.8067
0.81388
0.81264
0.81118
0.8181
0.81076
0.81306
0.8148
0.81244
0.81528
0.8189
0.8131
0.80896
0.80728
0.81294
0.81492
0.81498
0.81196
0.81436
0.81812
0.81622
0.81476
0.809
0.81438
0.813
0.81208
0.81406
0.81578
0.80956
0.81238
0.80804
0.81408
0.81162
0.81456
0.80964
0.81172
0.81442
0.81684
0.81338
0.81266
0.8146
0.81444
0.81102
0.8107
0.81286
0.80916
0.81224
0.81354
0.81764
0.8177
0.8112
0.81568
0.81194
0.81584
0.81588
0.81592
0.81404
0.80816
0.812
0.80812
0.8152
0.81446
0.8161
0.81346
0.8161
0.81812
0.81104
0.81068
0.80716
0.81688
0.81624
0.8087
0.81126
0.81728
0.8085
0.81014
0.8136
0.81812
0.81216
0.81364
0.80644
0.81762
0.81286
0.80912
0.8092
0.81348
0.81356
0.8147
0.81504
0.81468
0.815
0.82236
0.81976
0.81538
0.8148
0.8102
0.81428
0.81488
0.8177
0.8148
0.81224
0.81344
0.81778
0.81294
0.81598
0.81254
0.81686
0.81746
0.8111
0.8121
0.82006
0.81286
0.81826
0.82186
0.8161
0.8137
0.81624
0.81526
0.81638
0.81836
0.81148
0.8114
0.8186
0.8152
0.82004
0.81624
0.80498
0.81264
0.81382
0.81224
0.81468
0.8113
0.80962
0.8119
0.81244
0.81564
0.81258
0.8084
0.80816
0.8104
0.8169
0.8128
0.80968
0.81686
0.8136
0.81352
0.81802
0.81908
0.81156
0.81526
0.80652
0.8119
0.81864
0.811
0.80806
0.81262
0.80586
0.80596
0.8123
0.81294
0.81348
0.81372
0.82092
0.81764
0.81246
0.81266
0.80872
0.8131
0.81606
0.81482
0.81236
0.8072
0.81378
0.81518
0.81428
0.80666
0.81294
0.81398
0.81072
0.82118
0.81064
0.816
0.81068
0.81894
0.81426
0.81428
0.8118
0.80834
0.819
0.81872
0.81564
0.81692
0.81182
0.82042
0.8185
0.81394
0.80788
0.81396
0.81128
0.8175
0.81536
0.81658
0.80946
0.81302
0.80868
0.81634
0.80754
0.8098
0.81736
0.8166
0.81576
0.81208
0.80848
0.80818
0.80958
0.81204
0.81634
0.81354
0.81532
0.81224
0.81454
0.80978
0.81484
0.81576
0.81672
0.8166
0.81144
0.8109
0.81224
0.81382
0.8163
0.81936
0.81446
0.8159
0.81636
0.81304
0.81776
0.81476
0.81102
0.80784
0.80658
0.81434
0.81206
0.81202
0.81368
0.8173
0.8106
0.81496
0.80968
0.81548
0.81648
0.81394
0.81144
0.81438
0.8129
0.80928
0.80464
0.8181
0.81558
0.8151
0.81786
0.81614
0.81922
0.82168
0.81614
0.81448
0.81152
0.80794
0.8161
0.8122
0.80972
0.8146
0.81178
0.82142
0.81142
0.8137
0.81062
0.8074
0.80774
0.80678
0.81418
0.80996
0.8075
0.81242
0.81676
0.80692
0.80484
0.80972
0.8159
0.81532
0.81546
0.81408
0.81228
0.8046
0.80668
0.81112
0.81468
0.81516
0.81386
0.80776
0.80902
0.8154
0.81312
0.80988
0.82022
0.81194
0.80738
0.81752
0.81218
0.8142
0.81698
0.8122
0.8143
0.81644
0.81288
0.8093
0.80636
0.81158
0.8104
0.81152
0.80682
0.80884
0.81422
0.81576
0.81696
0.8177
0.80756
0.8093
0.81112
0.80612
0.81028
0.82136
0.81024
0.81168
0.81052
0.81082
0.81154
0.8161
0.81448
0.81356
0.8212
0.81344
0.8161
0.80992
0.81164
0.81408
0.81348
0.81172
0.81958
0.80972
0.8138
0.81144
0.81042
0.80928
0.80854
0.80728
0.81246
0.81916
0.81888
0.81386
0.8153
0.81502
0.812
0.81636
0.81612
0.81024
0.81096
0.81454
0.80928
0.80748
0.81282
0.814
0.81294
0.81534
0.81474
0.81296
0.81268
0.80926
0.8151
0.80804
0.8128
0.81312
0.81392
0.81238
0.80942
0.80822
0.8087
0.80936
0.81016
0.81502
0.81528
0.81332
0.81058
0.81868
0.81484
0.81156
0.80024
0.81472
0.81458
0.81648
0.81202
0.81462
0.81112
0.81232
0.81266
0.8094
0.8083
0.81648
0.81616
0.81296
0.81072
0.81054
0.81478
0.81018
0.8151
0.80902
0.81584
0.81398
0.81016
0.81724
0.80926
0.82168
0.81438
0.8183
0.81104
0.8125
0.8079
0.81248
0.81068
0.81182
0.80874
0.81476
0.81034
0.8152
0.80864
0.80706
0.81678
0.81416
0.81298
0.8121
0.81548
0.80892
0.81832
0.80794
0.80942
0.80832
0.80594
0.80948
0.80884
0.80992
0.81368
0.81026
0.80958
0.8074
0.81632
0.81652
0.81684
0.81024
0.81254
0.80962
0.808
0.81432
0.81524
0.80924
0.80746
0.81388
0.81426
0.81376
0.81318
0.8172
0.81388
0.81914
0.80468
0.81206
0.81178
0.81032
0.81196
0.81352
0.81296
0.81248
0.81776
0.81332
0.81194
0.81734
0.81518
0.80868
0.81518
0.81938
0.81358
0.81476
0.81398
0.81674
0.81182
0.81072
0.81384
0.81638
0.81246
0.8086
0.81246
0.80864
0.80928
0.80972
0.81002
0.81352
0.81662
0.82004
0.81252
0.81638
0.81478
0.8113
0.81658
0.8178
0.80506
0.8127
0.80732
0.81176
0.81138
0.81502
0.81558
0.81276
0.81282
0.81398
0.81208
0.80328
0.80986
0.81392
0.81144
0.80902
0.82166
0.81452
0.81606
0.81122
0.8136
0.80568
0.80942
0.81452
0.8162
0.8122
0.80622
0.8158
0.81606
0.81444
0.8122
0.81698
0.81578
0.81888
0.81676
0.81286
0.82026
0.8134
0.81682
0.814
0.81336
0.81808
0.81068
0.81538
0.80612
0.80908
0.81094
0.80906
0.81256
0.81602
0.80836
0.80908
0.81564
0.81428
0.81612
0.8201
0.81522
0.81122
0.8082
0.82192
0.8174
0.80502
0.81218
0.80938
0.81136
0.81184
0.81062
0.8103
0.81422
0.81464
0.81734
0.81828
0.81876
0.8094
0.81732
0.8198
0.81742
0.8129
0.80938
0.80904
0.81072
0.81826
0.818
0.81572
0.81344
0.81138
0.815
0.8115
0.80982
0.81922
0.8172
0.81336
0.81562
0.81156
0.81506
0.81636
0.81732
0.81362
0.80884
0.81234
0.8164
0.81894
0.81292
0.81554
0.81382
0.81264
0.81792
0.81738
0.80976
0.8094
0.8129
0.8158
0.81594
0.8164
0.8124
0.80668
0.8111
0.81778
0.81312
0.80826
0.81088
0.81226
0.81584
0.814
0.81128
0.80878
0.8143
0.81298
0.81864
0.81332
0.81238
0.81016
0.81556
0.8106
0.8141
0.80896
0.8109
0.80916
0.80898
0.81034
0.80916
0.806
0.8136
0.81604
0.8106
0.80968
0.81336
0.81124
0.81854
0.82086
0.82018
0.81704
0.8123
0.81456
0.80822
0.80996
0.81236
0.81666
0.80658
0.81066
0.80914
0.80674
0.81668
0.80996
0.82
0.80782
0.8083
0.81538
0.81176
0.81174
0.81278
0.81454
0.81264
0.81316
0.82024
0.81288
0.81936
0.81756
0.81334
0.81362
0.81806
0.82032
0.81422
0.81334
0.81618
0.8076
0.81246
0.8074
0.80824
0.811
0.8132
0.81326
0.81314
0.81248
0.81404
0.8163
0.81564
0.81602
0.80854
0.80768
0.8085
0.8074
0.80976
0.81858
0.80744
0.81534
0.8066
0.8047
0.8109
0.81486
0.81016
0.81844
0.81542
0.80834
0.81808
0.81256
0.81176
0.81386
0.81668
0.81364
0.81034
0.8099
0.8133
0.8164
0.81442
0.81636
0.81518
0.8109
0.81552
0.81712
0.81554
0.81258
0.81242
0.80982
0.81036
0.81162
0.81212
0.80576
0.80886
0.7992
0.81176
0.8155
0.81676
0.81698
0.8113
0.81404
0.81224
0.81268
0.81462
0.8169
0.81644
0.81122
0.81258
0.81124
0.81224
0.80986
0.81034
0.81654
0.80958
0.81054
0.80544
0.81506
0.81094
0.80576
0.81572
0.8128
0.81296
0.80968
0.8102
0.81296
0.812
0.8111
0.81274
0.81574
0.81474
0.81314
0.8045
0.8077
0.8148
0.8128
0.81462
0.81576
0.81346
0.81278
0.8097
0.81028
0.81362
0.81864
0.81598
0.8143
0.8088
0.81312
0.8073
0.81872
0.81284
0.81698
0.81296
0.80982
0.80718
0.81178
0.8115
0.8143
0.8114
0.81054
0.81814
0.81408
0.80868
0.81672
0.80962
0.8121
0.81158
0.80866
0.81186
0.81278
0.81324
0.81576
0.81412
0.807
0.816
0.81552
0.8137
0.80604
0.81242
0.81538
0.81078
0.81122
0.81624
0.80974
0.81484
0.81584
0.81496
0.81364
0.8075
0.81188
0.81446
0.81318
0.81756
0.81212
0.81232
0.8098
0.80798
0.8094
0.81542
0.81364
0.81968
0.81218
0.81594
0.82086
0.81864
0.81252
0.81068
0.81752
0.80844
0.8111
0.80716
0.81082
0.8132
0.81426
0.81222
0.8142
0.81012
0.81196
0.81466
0.82036
0.81336
0.81568
0.82234
0.8186
0.81576
0.81586
0.81676
0.81896
0.81654
0.81178
0.81706
0.82064
0.81058
0.81044
0.81854
0.81288
0.81324
0.81438
0.81306
0.81374
0.81252
0.8082
0.81272
0.81344
0.81328
0.80956
0.81566
0.8121
0.8113
0.81142
0.81252
0.82052
0.81434
0.81652
0.82198
0.81854
0.81118
0.81352
0.8138
0.81184
0.81554
0.81538
0.8152
0.81566
0.81674
0.8136
0.81308
0.81676
0.82018
0.8142
0.8134
0.81024
0.81336
0.81066
0.81646
0.81866
0.81366
0.81124
0.81278
0.81606
0.8077
0.81246
0.80668
0.8105
0.81004
0.81212
0.81572
0.81914
0.81676
0.8133
0.81248
0.81746
0.81092
0.8117
0.81252
0.81876
0.81872
0.8255
0.81688
0.81836
0.8131
0.81302
0.81772
0.8117
0.81492
0.81442
0.81326
0.80472
0.8113
0.80918
0.80954
0.8113
0.80902
0.81596
0.8136
0.81098
0.80732
0.81376
0.80974
0.81428
0.8097
0.81844
0.81144
0.8126
0.8169
0.81626
0.82186
0.82014
0.81636
0.8165
0.81138
0.81492
0.8095
0.80956
0.81058
0.81336
0.8137
0.81418
0.81384
0.81658
0.81522
0.81592
0.81058
0.81612
0.80966
0.81868
0.81088
0.81466
0.81298
0.81234
0.80664
0.81584
0.82112
0.8144
0.8121
0.8139
0.81066
0.81972
0.81414
0.815
0.81028
0.81866
0.81882
0.81508
0.8187
0.81284
0.81514
0.81266
0.8107
0.80984
0.82186
0.81814
0.81236
0.81758
0.81904
0.82074
0.80696
0.81136
0.80692
0.8108
0.81352
0.81598
0.81698
0.8158
0.81322
0.81934
0.81258
0.81118
0.81324
0.80986
0.8126
0.8138
0.81538
0.81016
0.8111
0.80758
0.81344
0.81808
0.81994
0.81544
0.80982
0.81786
0.81086
0.80926
0.80358
0.8151
0.8132
0.81728
0.81446
0.80816
0.8134
0.81876
0.8144
0.81276
0.80988
0.81126
0.80978
0.82256
0.81254
0.81094
0.81588
0.81392
0.81862
0.81316
0.81158
0.81726
0.8139
0.80844
0.81762
0.81816
0.81708
0.8127
0.81328
0.8092
0.80848
0.81132
0.8119
0.81794
0.81254
0.81324
0.80606
0.81186
0.81794
0.81676
0.80946
0.8152
0.81716
0.81066
0.81272
0.80798
0.81462
0.8116
0.8167
0.81752
0.81244
0.81232
0.81008
0.8137
0.81692
0.81238
0.8128
0.8159
0.81548
0.809
0.81038
0.81076
0.81412
0.81304
0.81622
0.80726
0.81268
0.81222
0.81868
0.81222
0.81308
0.81774
0.82056
0.81752
0.81394
0.8158
0.81372
0.8094
0.81118
0.81438
0.81352
0.8162
0.8174
0.81592
0.81168
0.80886
0.80886
0.81406
0.81574
0.8122
0.81394
0.81354
0.81546
0.81278
0.80664
0.8062
0.8135
0.81596
0.81354
0.81864
0.81308
0.80524
0.81026
0.81178
0.81406
0.82052
0.81754
0.81776
0.81604
0.81676
0.8145
0.81712
0.81286
0.80822
0.8089
0.81446
0.81228
0.81462
0.81188
0.81108
0.81152
0.80684
0.81012
0.81218
0.81014
0.81304
0.81292
0.8089
0.81656
0.80602
0.8049
0.81372
0.8151
0.81206
0.81506
0.8215
0.80978
0.81178
0.8106
0.8161
0.80726
0.81414
0.81084
0.81132
0.8138
0.81388
0.81712
0.8129
0.80576
0.81056
0.81574
0.8128
0.80752
0.81402
0.8108
0.8136
0.81544
0.8191
0.81892
0.81534
0.81084
0.81348
0.81512
0.81666
0.81296
0.81514
0.8176
0.8143
0.81598
0.8079
0.80728
0.81118
0.81136
0.81234
0.81676
0.81284
0.81634
0.81622
0.81178
0.81264
0.81532
0.8129
0.81046
0.81222
0.8122
0.81478
0.8166
0.81308
0.81632
0.81478
0.81268
0.82002
0.8189
0.8192
0.81502
0.81062
0.81328
0.81254
0.82446
0.8189
0.81594
0.81848
0.81978
0.80942
0.80614
0.81972
0.8117
0.81526
0.81672
0.81138
0.81124
0.80506
0.81006
0.81378
0.81516
0.81182
0.81386
0.81244
0.81432
0.81024
0.80926
0.8155
0.81554
0.81224
0.80952
0.81508
0.81084
0.81408
0.81722
0.80864
0.8118
0.81244
0.81538
0.81764
0.81732
0.8233
0.8142
0.81102
0.80718
0.82074
0.8143
0.81766
0.81024
0.8196
0.81898
0.81558
0.8154
0.81322
0.80996
0.8117
0.8145
0.8073
0.81262
0.81374
0.81264
0.81296
0.81088
0.80848
0.80406
0.81072
0.8122
0.81212
0.80968
0.8161
0.80808
0.81114
0.81104
0.81376
0.80888
0.80464
0.80798
0.8095
0.81754
0.81534
0.81866
0.8128
0.8097
0.81698
0.81458
0.81274
0.81144
0.8152
0.81642
0.81052
0.81562
0.81374
0.81254
0.80484
0.8058
0.81498
0.81516
0.82072
0.8149
0.82062
0.82722
0.80984
0.81418
0.81402
0.81108
0.8113
0.81714
0.81778
0.81618
0.81232
0.81674
0.81564
0.81694
0.81066
0.81762
0.8176
0.81436
0.8147
0.81358
0.81458
0.81108
0.81126
0.80888
0.809
0.82126
0.8178
0.81306
0.8173
0.81226
0.80928
0.81686
0.82054
0.81112
0.81352
0.82074
0.81798
0.80694
0.81292
0.81388
0.81842
0.81202
0.81648
0.81858
0.8111
0.80982
0.81468
0.8186
0.81768
0.81578
0.80902
0.82018
0.81162
0.80796
0.80732
0.81166
0.80664
0.81834
0.81248
0.8143
0.81238
0.8121
0.81542
0.81598
0.80486
0.80716
0.81232
0.81184
0.8147
0.81424
0.81496
0.81488
0.81792
0.81294
0.815
0.81122
0.8151
0.8115
0.81346
0.80586
0.81226
0.81606
0.81614
0.8143
0.81636
0.81108
0.81006
0.80822
0.8123
0.81592
0.82036
0.81808
0.81696
0.81584
0.8162
0.8045
0.81412
0.81878
0.8106
0.81746
0.8147
0.81478
0.815
0.81392
0.81464
0.81342
0.8096
0.81582
0.81934
0.81012
0.80752
0.81178
0.81036
0.8106
0.81284
0.81166
0.81096
0.81246
0.81526
0.81656
0.81754
0.81312
0.8104
0.81668
0.8127
0.81714
0.81784
0.81714
0.8141
0.81248
0.81854
0.81074
0.81222
0.81148
0.81654
0.82158
0.81202
0.8135
0.8082
0.8104
0.8174
0.80992
0.81224
0.80864
0.81276
0.81174
0.81496
0.8171
0.80776
0.8203
0.8126
0.81442
0.81308
0.81124
0.81238
0.80828
0.81584
0.8089
0.80958
0.81808
0.81444
0.81144
0.81388
0.81008
0.8111
0.81192
0.81314
0.80974
0.8124
0.8122
0.80984
0.81628
0.81088
0.80966
0.8099
0.81596
0.81532
0.81112
0.82102
0.81012
0.81026
0.81336
0.81832
0.81878
0.81398
0.81728
0.81202
0.81948
0.81318
0.81076
0.81708
0.81534
0.81462
0.8121
0.81792
0.81862
0.82012
0.8098
0.81184
0.81474
0.81602
0.81664
0.8103
0.80914
0.81846
0.8146
0.81224
0.80888
0.81328
0.81348
0.81632
0.81772
0.8142
0.80778
0.81672
0.82188
0.81704
0.81344
0.8143
0.81532
0.81626
0.81286
0.81694
0.811
0.81084
0.81212
0.8106
0.81418
0.81416
0.81308
0.8137
0.81044
0.8168
0.81594
0.8106
0.80626
0.81066
0.81138
0.81416
0.81416
0.81104
0.81304
0.81406
0.81146
0.81782
0.81028
0.81632
0.81326
0.80982
0.8105
0.81106
0.81782
0.8131
0.81682
0.81122
0.81042
0.8155
0.80908
0.81774
0.81698
0.81274
0.81754
0.80888
0.81796
0.82082
0.81104
0.81894
0.81626
0.81568
0.8095
0.80752
0.81416
0.81464
0.81356
0.81774
0.80922
0.80602
0.8088
0.81822
0.82232
0.81398
0.81386
0.81198
0.81496
0.81032
0.81626
0.811
0.81432
0.81446
0.81352
0.81304
0.8156
0.8131
0.81212
0.81724
0.81914
0.81244
0.81382
0.81112
0.81942
0.81244
0.81472
0.81706
0.8084
0.81478
0.8129
0.81324
0.81248
0.81042
0.80926
0.81782
0.8155
0.8115
0.8153
0.81484
0.8178
0.81368
0.81416
0.81676
0.8135
0.81772
0.81282
0.81438
0.80684
0.80836
0.8101
0.80948
0.81528
0.81582
0.81036
0.80762
0.80242
0.80906
0.81136
0.80982
0.80628
0.8133
0.81672
0.81574
0.81764
0.81884
0.81212
0.81318
0.81926
0.81592
0.80888
0.81346
0.81424
0.81746
0.81276
0.81454
0.81846
0.81188
0.81458
0.81176
0.81254
0.81534
0.8129
0.81098
0.81752
0.81042
0.81566
0.80806
0.81494
0.81432
0.82034
0.81228
0.81614
0.81446
0.81294
0.80922
0.81462
0.81578
0.81898
0.81608
0.81644
0.80532
0.80952
0.81618
0.8084
0.80882
0.81172
0.81776
0.80872
0.81278
0.8183
0.81578
0.80982
0.81518
0.81476
0.80948
0.8212
0.81522
0.81474
0.81724
0.80558
0.81406
0.81034
0.80946
0.80726
0.81228
0.81272
0.8197
0.81724
0.81546
0.82094
0.81566
0.81362
0.8133
0.81366
0.80718
0.81142
0.8184
0.81378
0.81764
0.81904
0.81918
0.81532
0.8137
0.81048
0.81206
0.81012
0.81342
0.81254
0.81204
0.8146
0.8081
0.81014
0.81674
0.81674
0.8159
0.80848
0.81018
0.81134
0.81964
0.81384
0.8167
0.81892
0.81364
0.81066
0.81404
0.81168
0.81528
0.81162
0.81252
0.8073
0.81732
0.81866
0.8176
0.81804
0.81356
0.81128
0.82046
0.8141
0.81654
0.82176
0.8212
0.81566
0.81512
0.822
0.82072
0.82158
0.81566
0.81122
0.81218
0.81104
0.81194
0.80814
0.8118
0.81016
0.81538
0.80678
0.81
0.80708
0.8088
0.81572
0.80948
0.81446
0.81428
0.81308
0.81966
0.81728
0.81404
0.81522
0.81666
0.8136
0.80858
0.81556
0.8095
0.80718
0.81494
0.8139
0.80998
0.81822
0.81264
0.816
0.815
0.80936
0.81462
0.80988
0.81152
0.81352
0.80846
0.81292
0.81422
0.81962
0.81058
0.81412
0.81542
0.811
0.81448
0.81104
0.81338
0.81348
0.81464
0.8146
0.81574
0.8179
0.81752
0.81376
0.8146
0.80882
0.81888
0.81324
0.81544
0.81242
0.80724
0.82104
0.81504
0.81664
0.81944
0.81448
0.81246
0.80624
0.80432
0.8161
0.81296
0.81454
0.81454
0.81518
0.81048
0.8135
0.8068
0.81304
0.81146
0.81688
0.81018
0.80972
0.81688
0.8179
0.81272
0.81944
0.81754
0.81016
0.82022
0.81362
0.81618
0.81182
0.81506
0.81092
0.80926
0.81576
0.81264
0.81334
0.81266
0.80716
0.81038
0.81258
0.80966
0.8138
0.81682
0.81242
0.81376
0.81544
0.8185
0.81252
0.80832
0.8047
0.81674
0.81428
0.81404
0.80904
0.8143
0.81034
0.80658
0.81332
0.81074
0.8148
0.81422
0.80924
0.81728
0.81526
0.80966
0.81328
0.81384
0.81132
0.80896
0.81848
0.8196
0.81676
0.8125
0.81446
0.8115
0.80944
0.815
0.80804
0.8173
0.81404
0.81048
0.81402
0.8129
0.81012
0.80362
0.80994
0.81664
0.81528
0.81218
0.80994
0.8205
0.81166
0.81006
0.81388
0.81816
0.81948
0.81224
0.81756
0.81024
0.80758
0.81278
0.81262
0.81286
0.81742
0.8209
0.80628
0.81094
0.81394
0.81064
0.81246
0.81416
0.81088
0.81206
0.8112
0.81228
0.81454
0.81446
0.81312
0.81748
0.81204
0.81292
0.81208
0.80998
0.80778
0.80808
0.81346
0.8122
0.81486
0.81146
0.82114
0.82
0.8124
0.8113
0.80942
0.8107
0.80974
0.80614
0.80942
0.81904
0.81422
0.81112
0.81524
0.81036
0.8138
0.80748
0.8127
0.81882
0.8201
0.81268
0.81164
0.81048
