-0.86286
-0.86444
-0.86668
-0.86618
-0.86828
-0.86446
-0.86688
-0.86586
-0.86796
-0.8723
-0.86698
-0.86486
-0.86938
-0.86374
-0.87122
-0.86616
-0.86782
-0.86728
-0.87124
-0.86548
-0.86682
-0.86582
-0.87048
-0.86634
-0.85966
-0.86934
-0.86828
-0.86734
-0.8685
-0.86598
-0.8714
-0.86602
-0.8651
-0.86916
-0.86846
-0.86732
-0.86942
-0.86634
-0.87058
-0.86762
-0.86802
-0.86742
-0.8695
-0.86766
-0.86604
-0.86674
-0.86496
-0.87136
-0.87018
-0.86666
-0.87102
-0.86844
-0.86386
-0.86402
-0.8691
-0.86912
-0.86696
-0.8699
-0.86948
-0.86476
-0.8704
-0.86914
-0.86858
-0.86974
-0.86798
-0.86562
-0.87102
-0.8689
-0.86856
-0.86594
-0.86878
-0.86816
-0.87092
-0.87008
-0.86848
-0.87042
-0.86812
-0.8672
-0.86646
-0.87276
-0.8675
-0.8712
-0.86608
-0.8655
-0.86998
-0.868
-0.86872
-0.8627
-0.86418
-0.86978
-0.86796
-0.8676
-0.86344
-0.87248
-0.86284
-0.86774
-0.86544
-0.87164
-0.87012
-0.86872
-0.86534
-0.87208
-0.87168
-0.86788
-0.8651
-0.87026
-0.8708
-0.86796
-0.86726
-0.86802
-0.8663
-0.866
-0.86648
-0.86662
-0.86806
-0.86758
-0.86926
-0.86642
-0.8711
-0.86694
-0.86704
-0.86708
-0.8651
-0.87076
-0.86774
-0.86946
-0.87026
-0.86474
-0.86422
-0.86594
-0.86848
-0.86596
-0.86926
-0.8677
-0.86724
-0.86818
-0.86624
-0.86548
-0.86822
-0.87204
-0.86732
-0.8644
-0.86504
-0.8695
-0.86736
-0.86478
-0.86406
-0.8693
-0.86756
-0.87022
-0.8624
-0.86738
-0.86428
-0.8675
-0.86866
-0.86216
-0.86452
-0.86924
-0.86934
-0.86542
-0.86398
-0.86542
-0.86538
-0.86514
-0.86882
-0.86756
-0.86638
-0.86952
-0.8669
-0.8681
-0.86848
-0.86696
-0.86502
-0.86768
-0.87
-0.86796
-0.86896
-0.8644
-0.86276
-0.86966
-0.86458
-0.872
-0.86554
-0.86712
-0.86902
-0.8691
-0.86548
-0.86682
-0.86852
-0.86618
-0.8691
-0.86724
-0.86666
-0.86924
-0.87018
-0.86912
-0.866
-0.86244
-0.86686
-0.86856
-0.86756
-0.8638
-0.86684
-0.86984
-0.87028
-0.86764
-0.86704
-0.8702
-0.86626
-0.87186
-0.86646
-0.86878
-0.86774
-0.87008
-0.8694
-0.8678
-0.86698
-0.8685
-0.86502
-0.86642
-0.8663
-0.86866
-0.8664
-0.86464
-0.87084
-0.86994
-0.87088
-0.87008
-0.8691
-0.86634
-0.8666
-0.86626
-0.86566
-0.86412
-0.86692
-0.86908
-0.86698
-0.8662
-0.8668
-0.8729
-0.8674
-0.86678
-0.86424
-0.866
-0.86882
-0.8663
-0.87128
-0.873
-0.86682
-0.86886
-0.86496
-0.86714
-0.86784
-0.8696
-0.86842
-0.86966
-0.86972
-0.87072
-0.87198
-0.87326
-0.86818
-0.8652
-0.86812
-0.86998
-0.86404
-0.87092
-0.86812
-0.8675
-0.86896
-0.87182
-0.86752
-0.86756
-0.8651
-0.86414
-0.8711
-0.8675
-0.87144
-0.86504
-0.86494
-0.8678
-0.86564
-0.86714
-0.87276
-0.86638
-0.86682
-0.86666
-0.86682
-0.86492
-0.86616
-0.86688
-0.8667
-0.86698
-0.86882
-0.87012
-0.86594
-0.86472
-0.87478
-0.86856
-0.8681
-0.86596
-0.86844
-0.8731
-0.86622
-0.86572
-0.86598
-0.8686
-0.86808
-0.86624
-0.86836
-0.8663
-0.86786
-0.86596
-0.86872
-0.86956
-0.87204
-0.86894
-0.86652
-0.86824
-0.86396
-0.86712
-0.86774
-0.86724
-0.86424
-0.8641
-0.86834
-0.86898
-0.8684
-0.86314
-0.8628
-0.8701
-0.86844
-0.86616
-0.86526
-0.86874
-0.8665
-0.87016
-0.86584
-0.86844
-0.86738
-0.8653
-0.86644
-0.86856
-0.86936
-0.86558
-0.86102
-0.8686
-0.87206
-0.86892
-0.86792
-0.86596
-0.87058
-0.8682
-0.87052
-0.86684
-0.86796
-0.8688
-0.86672
-0.86866
-0.86806
-0.8695
-0.87066
-0.86108
-0.86542
-0.86676
-0.86578
-0.8643
-0.86448
-0.86324
-0.86672
-0.8702
-0.86682
-0.8637
-0.86794
-0.86612
-0.86784
-0.86658
-0.86694
-0.86626
-0.86814
-0.8717
-0.86804
-0.86162
-0.86602
-0.86522
-0.868
-0.8672
-0.8706
-0.8654
-0.86494
-0.86878
-0.87064
-0.86828
-0.8666
-0.86504
-0.86626
-0.8663
-0.86606
-0.86766
-0.8645
-0.86782
-0.86542
-0.86438
-0.86922
-0.86674
-0.86826
-0.869
-0.86638
-0.86742
-0.86624
-0.86598
-0.8702
-0.86192
-0.8681
-0.86904
-0.8636
-0.86726
-0.86632
-0.86678
-0.87158
-0.86568
-0.86846
-0.8658
-0.86646
-0.86734
-0.86486
-0.86776
-0.86752
-0.86926
-0.86758
-0.86916
-0.87012
-0.86824
-0.8663
-0.86344
-0.86736
-0.86806
-0.8683
-0.86872
-0.8663
-0.87122
-0.86878
-0.86684
-0.86872
-0.86982
-0.86682
-0.87256
-0.86786
-0.86738
-0.87092
-0.86862
-0.86794
-0.86628
-0.86838
-0.86312
-0.86656
-0.86612
-0.86682
-0.86292
-0.86722
-0.86578
-0.86656
-0.86824
-0.86876
-0.87316
-0.86992
-0.86514
-0.86454
-0.86686
-0.86634
-0.86622
-0.8691
-0.87184
-0.86834
-0.87202
-0.87488
-0.8668
-0.8672
-0.87074
-0.86486
-0.86636
-0.86858
-0.86598
-0.86892
-0.86682
-0.8672
-0.8696
-0.86892
-0.86718
-0.87148
-0.8654
-0.87108
-0.86612
-0.86586
-0.86536
-0.86546
-0.86542
-0.87012
-0.8614
-0.86724
-0.86846
-0.86316
-0.86436
-0.86776
-0.86734
-0.86646
-0.87032
-0.86984
-0.8698
-0.86616
-0.86964
-0.86772
-0.86584
-0.86936
-0.8649
-0.86426
-0.86658
-0.86966
-0.86098
-0.86654
-0.86656
-0.86644
-0.8703
-0.86688
-0.86658
-0.86492
-0.8604
-0.86446
-0.86718
-0.86852
-0.86918
-0.87038
-0.86378
-0.87026
-0.86658
-0.86958
-0.87062
-0.86858
-0.86506
-0.86624
-0.86822
-0.86724
-0.8675
-0.86774
-0.86788
-0.86606
-0.86826
-0.86796
-0.86554
-0.8666
-0.86972
-0.86988
-0.86624
-0.86682
-0.86644
-0.86674
-0.86346
-0.87022
-0.863
-0.87016
-0.86568
-0.8689
-0.86774
-0.86366
-0.86426
-0.86882
-0.87296
-0.86894
-0.8678
-0.8689
-0.8647
-0.8679
-0.86872
-0.86894
-0.86852
-0.86702
-0.86982
-0.8659
-0.86702
-0.8713
-0.86552
-0.86728
-0.86598
-0.86788
-0.8665
-0.86724
-0.86726
-0.87022
-0.86846
-0.86314
-0.87376
-0.8689
-0.8655
-0.86698
-0.86658
-0.86734
-0.8678
-0.87234
-0.86432
-0.86212
-0.86758
-0.87228
-0.8691
-0.86918
-0.86826
-0.86632
-0.86536
-0.86816
-0.86762
-0.8672
-0.86364
-0.86902
-0.86626
-0.86902
-0.86612
-0.86502
-0.86722
-0.86874
-0.86852
-0.86962
-0.8719
-0.86952
-0.8665
-0.86838
-0.86902
-0.8648
-0.86756
-0.86504
-0.8674
-0.86444
-0.86742
-0.86534
-0.86686
-0.86972
-0.86862
-0.87056
-0.86656
-0.86708
-0.86812
-0.87014
-0.86844
-0.86676
-0.86618
-0.86656
-0.86556
-0.8673
-0.86802
-0.86824
-0.87102
-0.86732
-0.86748
-0.86954
-0.86804
-0.8674
-0.87064
-0.8692
-0.86784
-0.86796
-0.87378
-0.86592
-0.86534
-0.86906
-0.86618
-0.86564
-0.86644
-0.86374
-0.86774
-0.86942
-0.86786
-0.86962
-0.86718
-0.87036
-0.8701
-0.86496
-0.86734
-0.8695
-0.86708
-0.86508
-0.86686
-0.86768
-0.86842
-0.87218
-0.86394
-0.86602
-0.87256
-0.86922
-0.8657
-0.86522
-0.8659
-0.86614
-0.86782
-0.86882
-0.86724
-0.86478
-0.86672
-0.86496
-0.86874
-0.8664
-0.86948
-0.8715
-0.86416
-0.87044
-0.86718
-0.86838
-0.8665
-0.8692
-0.86866
-0.8656
-0.8679
-0.87074
-0.86872
-0.86728
-0.86394
-0.86628
-0.86662
-0.86506
-0.8675
-0.8672
-0.86794
-0.86668
-0.86974
-0.86626
-0.86208
-0.87086
-0.86678
-0.86344
-0.87044
-0.86616
-0.86804
-0.86846
-0.86472
-0.87036
-0.86916
-0.86686
-0.8657
-0.86902
-0.86688
-0.86502
-0.87054
-0.87038
-0.86486
-0.87146
-0.86776
-0.86886
-0.86702
-0.86834
-0.86954
-0.87066
-0.8708
-0.8669
-0.86444
-0.86706
-0.8659
-0.86972
-0.86776
-0.8653
-0.86646
-0.86788
-0.86538
-0.86738
-0.86494
-0.86234
-0.86704
-0.8687
-0.8699
-0.86646
-0.8637
-0.86684
-0.86844
-0.86638
-0.864
-0.86922
-0.86726
-0.86316
-0.8675
-0.8658
-0.86892
-0.86736
-0.86828
-0.8704
-0.86624
-0.86628
-0.86792
-0.86824
-0.87148
-0.8673
-0.86996
-0.86752
-0.87166
-0.86398
-0.8674
-0.86602
-0.86736
-0.86436
-0.8699
-0.87088
-0.8697
-0.86988
-0.86528
-0.86766
-0.86766
-0.86772
-0.86752
-0.868
-0.86696
-0.86562
-0.86936
-0.86866
-0.86586
-0.86562
-0.86492
-0.86656
-0.87098
-0.86856
-0.86946
-0.87072
-0.86986
-0.86586
-0.8694
-0.86348
-0.86902
-0.8683
-0.8693
-0.86406
-0.86644
-0.86814
-0.86556
-0.86678
-0.87172
-0.87096
-0.86778
-0.8638
-0.87032
-0.8669
-0.86344
-0.86444
-0.86804
-0.86342
-0.86692
-0.8668
-0.86266
-0.86788
-0.86396
-0.86548
-0.86896
-0.86794
-0.8679
-0.87112
-0.86918
-0.86956
-0.86606
-0.8662
-0.86596
-0.8676
-0.86984
-0.867
-0.87148
-0.86946
-0.86444
-0.86856
-0.8666
-0.86668
-0.86912
-0.86868
-0.87218
-0.86688
-0.86526
-0.86222
-0.86524
-0.8646
-0.86604
-0.86632
-0.86778
-0.86278
-0.86634
-0.86834
-0.86718
-0.87086
-0.86652
-0.8683
-0.86796
-0.86866
-0.86844
-0.87154
-0.8653
-0.86214
-0.8667
-0.86712
-0.86502
-0.86588
-0.8649
-0.86462
-0.87058
-0.86516
-0.86804
-0.86876
-0.86738
-0.87032
-0.86686
-0.87096
-0.86746
-0.86552
-0.86596
-0.86692
-0.86892
-0.87188
-0.87106
-0.86804
-0.87022
-0.8675
-0.87016
-0.86736
-0.8653
-0.86784
-0.86246
-0.8698
-0.86198
-0.86484
-0.86522
-0.86838
-0.86822
-0.86386
-0.86568
-0.86742
-0.87002
-0.8699
-0.86626
-0.8678
-0.86632
-0.86892
-0.8664
-0.86916
-0.86536
-0.86346
-0.8692
-0.86824
-0.8714
-0.86338
-0.86684
-0.87028
-0.86898
-0.86942
-0.86918
-0.86916
-0.86514
-0.86732
-0.86602
-0.8716
-0.86818
-0.8636
-0.86672
-0.86614
-0.8646
-0.86804
-0.86656
-0.86942
-0.87018
-0.86514
-0.87248
-0.86826
-0.86896
-0.86676
-0.8647
-0.86902
-0.86452
-0.86558
-0.86878
-0.86476
-0.8705
-0.8649
-0.86836
-0.86566
-0.86556
-0.86612
-0.86632
-0.8643
-0.86336
-0.8676
-0.8673
-0.86426
-0.86972
-0.86666
-0.86614
-0.87232
-0.86352
-0.86572
-0.8688
-0.86858
-0.86796
-0.86722
-0.86394
-0.86722
-0.86524
-0.8675
-0.87056
-0.86872
-0.8681
-0.8685
-0.8675
-0.86708
-0.86564
-0.8659
-0.86626
-0.86008
-0.86864
-0.86736
-0.86824
-0.8708
-0.86348
-0.86616
-0.86808
-0.86908
-0.86416
-0.8686
-0.86784
-0.864
-0.86532
-0.86924
-0.86908
-0.8697
-0.86948
-0.86734
-0.86804
-0.8694
-0.86598
-0.86624
-0.8624
-0.86688
-0.86192
-0.87104
-0.86778
-0.86788
-0.86898
-0.86632
-0.86662
-0.8698
-0.86844
-0.86128
-0.87088
-0.86738
-0.86834
-0.868
-0.87298
-0.86436
-0.8674
-0.86572
-0.86776
-0.86846
-0.86922
-0.86652
-0.86924
-0.86764
-0.865
-0.86836
-0.86798
-0.8675
-0.86632
-0.86724
-0.8698
-0.87088
-0.86762
-0.86468
-0.86822
-0.86982
-0.866
-0.86984
-0.86596
-0.86724
-0.86372
-0.86928
-0.86866
-0.86656
-0.86994
-0.86632
-0.86804
-0.8679
-0.865
-0.87018
-0.86678
-0.86822
-0.86812
-0.86716
-0.86548
-0.8719
-0.86786
-0.86822
-0.87064
-0.86904
-0.86438
-0.86966
-0.87154
-0.86848
-0.8703
-0.8706
-0.86986
-0.8673
-0.86432
-0.87296
-0.86612
-0.86628
-0.8663
-0.8672
-0.87002
-0.86754
-0.86774
-0.86732
-0.86764
-0.86688
-0.86554
-0.87152
-0.86874
-0.86854
-0.86676
-0.8673
-0.86514
-0.86724
-0.86652
-0.86556
-0.8666
-0.8677
-0.86902
-0.8672
-0.86748
-0.8652
-0.8661
-0.86344
-0.86642
-0.86648
-0.86844
-0.87016
-0.86728
-0.86726
-0.8654
-0.86644
-0.86548
-0.86486
-0.86922
-0.86756
-0.8686
-0.86838
-0.86528
-0.86958
-0.86736
-0.86732
-0.86494
-0.86674
-0.86784
-0.86738
-0.86902
-0.86404
-0.8685
-0.86512
-0.86438
-0.86958
-0.867
-0.86766
-0.86892
-0.86826
-0.8653
-0.86818
-0.86916
-0.8692
-0.86914
-0.8659
-0.86928
-0.86594
-0.86452
-0.87172
-0.8644
-0.86536
-0.86668
-0.87036
-0.86606
-0.8679
-0.86698
-0.86602
-0.86988
-0.87072
-0.86568
-0.86708
-0.86568
-0.87012
-0.86694
-0.86718
-0.866
-0.86696
-0.86862
-0.8665
-0.87126
-0.8704
-0.86998
-0.8704
-0.86712
-0.86976
-0.8695
-0.86642
-0.86744
-0.86774
-0.8677
-0.86604
-0.86504
-0.87038
-0.8682
-0.86794
-0.8702
-0.87244
-0.86874
-0.86794
-0.87266
-0.86644
-0.86802
-0.86668
-0.86808
-0.87078
-0.87148
-0.86662
-0.8679
-0.8704
-0.86614
-0.86666
-0.86962
-0.865
-0.8661
-0.8692
-0.86904
-0.86598
-0.8695
-0.8643
-0.86766
-0.8661
-0.8677
-0.86732
-0.86646
-0.8673
-0.8677
-0.86494
-0.8676
-0.86762
-0.8673
-0.8698
-0.86744
-0.86938
-0.86838
-0.86944
-0.86576
-0.8697
-0.86596
-0.86546
-0.86672
-0.86802
-0.86744
-0.87072
-0.86814
-0.86552
-0.86614
-0.8682
-0.86996
-0.86542
-0.86636
-0.86208
-0.86564
-0.86906
-0.86726
-0.86882
-0.87048
-0.86792
-0.86794
-0.8676
-0.86574
-0.86902
-0.86914
-0.86492
-0.86776
-0.87264
-0.8663
-0.8635
-0.86794
-0.86826
-0.86434
-0.86744
-0.86994
-0.867
-0.86682
-0.86672
-0.86592
-0.86822
-0.8665
-0.86684
-0.86976
-0.86646
-0.86852
-0.86414
-0.86916
-0.86656
-0.8672
-0.86574
-0.86748
-0.86656
-0.8721
-0.86876
-0.86824
-0.86616
-0.87602
-0.8659
-0.8704
-0.86562
-0.8688
-0.8652
-0.86876
-0.86586
-0.86244
-0.86784
-0.86636
-0.86804
-0.86662
-0.86568
-0.86702
-0.86846
-0.86746
-0.86706
-0.86592
-0.86732
-0.8674
-0.87216
-0.86822
-0.86722
-0.87064
-0.86764
-0.86862
-0.86828
-0.86766
-0.8679
-0.86928
-0.86688
-0.86658
-0.86676
-0.86632
-0.8683
-0.8678
-0.8681
-0.86888
-0.8686
-0.86894
-0.86388
-0.8679
-0.86954
-0.86702
-0.87054
-0.87148
-0.86638
-0.86486
-0.8672
-0.86842
-0.86928
-0.87138
-0.86612
-0.86562
-0.86616
-0.86858
-0.86754
-0.86876
-0.86802
-0.86972
-0.86664
-0.86732
-0.86788
-0.86612
-0.86852
-0.86848
-0.86704
-0.87202
-0.8687
-0.86346
-0.86892
-0.87126
-0.86954
-0.86464
-0.86646
-0.86642
-0.86854
-0.8698
-0.87036
-0.86902
-0.86628
-0.8657
-0.86838
-0.86912
-0.8659
-0.86408
-0.87162
-0.86392
-0.8695
-0.86736
-0.86512
-0.87034
-0.86578
-0.87076
-0.86742
-0.86726
-0.87084
-0.86748
-0.86794
-0.86872
-0.86718
-0.8675
-0.86772
-0.86558
-0.86568
-0.87346
-0.86522
-0.8696
-0.86952
-0.86574
-0.86902
-0.86802
-0.86776
-0.86716
-0.87042
-0.86806
-0.86918
-0.87144
-0.86572
-0.86802
-0.86732
-0.87058
-0.8658
-0.87074
-0.86602
-0.87026
-0.86642
-0.86928
-0.86782
-0.86896
-0.86502
-0.87004
-0.86848
-0.8692
-0.8654
-0.86964
-0.86504
-0.86554
-0.86534
-0.86622
-0.86766
-0.86966
-0.86646
-0.86892
-0.8632
-0.86782
-0.86414
-0.87332
-0.86586
-0.86938
-0.8666
-0.86592
-0.86836
-0.86596
-0.86638
-0.86674
-0.86718
-0.8669
-0.8668
-0.86382
-0.86234
-0.8663
-0.8695
-0.86886
-0.8672
-0.86842
-0.8665
-0.86648
-0.86492
-0.86856
-0.86654
-0.86518
-0.86878
-0.87052
-0.86978
-0.86372
-0.8692
-0.8704
-0.86532
-0.8636
-0.86422
-0.86754
-0.86802
-0.86792
-0.86418
-0.86406
-0.86702
-0.86876
-0.86802
-0.86518
-0.8709
-0.86988
-0.86902
-0.8667
-0.86814
-0.86768
-0.86602
-0.8668
-0.86736
-0.86874
-0.86498
-0.86996
-0.86514
-0.86932
-0.8697
-0.8696
-0.8677
-0.86642
-0.87064
-0.8651
-0.86602
-0.86966
-0.86936
-0.86582
-0.86832
-0.86486
-0.86846
-0.86502
-0.86482
-0.86412
-0.86672
-0.86796
-0.8675
-0.86516
-0.86786
-0.86586
-0.86696
-0.87006
-0.86704
-0.8725
-0.86864
-0.8676
-0.86916
-0.86596
-0.86622
-0.86814
-0.86772
-0.86836
-0.86994
-0.86916
-0.86628
-0.86982
-0.86888
-0.87154
-0.86628
-0.86932
-0.86724
-0.8658
-0.86416
-0.86946
-0.86766
-0.86976
-0.86736
-0.86882
-0.86746
-0.8674
-0.86514
-0.86838
-0.87008
-0.86602
-0.86436
-0.86862
-0.86658
-0.86798
-0.86744
-0.86394
-0.86808
-0.8675
-0.87192
-0.86888
-0.86846
-0.87026
-0.8683
-0.8659
-0.86518
-0.86758
-0.86764
-0.86968
-0.8662
-0.86184
-0.86812
-0.86852
-0.8691
-0.86784
-0.86964
-0.86638
-0.86654
-0.86782
-0.86802
-0.86498
-0.8649
-0.867
-0.86624
-0.86736
-0.8655
-0.86502
-0.86746
-0.8684
-0.86686
-0.8663
-0.86996
-0.86778
-0.86838
-0.86528
-0.86772
-0.86904
-0.86744
-0.8701
-0.86912
-0.86664
-0.86696
-0.86556
-0.86646
-0.86642
-0.86942
-0.8671
-0.8651
-0.86874
-0.86424
-0.86706
-0.8656
-0.8654
-0.8672
-0.86698
-0.86978
-0.86858
-0.86518
-0.86794
-0.8638
-0.86944
-0.8657
-0.8685
-0.86592
-0.86988
-0.8669
-0.8679
-0.87092
-0.86564
-0.86776
-0.86514
-0.8682
-0.86628
-0.87154
-0.86386
-0.87044
-0.86696
-0.86792
-0.86624
-0.86802
-0.86772
-0.86554
-0.86846
-0.86984
-0.86698
-0.86594
-0.86634
-0.86864
-0.86806
-0.8648
-0.86228
-0.86764
-0.8652
-0.8694
-0.8708
-0.86774
-0.869
-0.86888
-0.86976
-0.86612
-0.86398
-0.86948
-0.86514
-0.86816
-0.86684
-0.86272
-0.86844
-0.8684
-0.87006
-0.86556
-0.86768
-0.86804
-0.86648
-0.86664
-0.86468
-0.8695
-0.86568
-0.86738
-0.8662
-0.8682
-0.86768
-0.8658
-0.86342
-0.8705
-0.87056
-0.8696
-0.86688
-0.86838
-0.86958
-0.86698
-0.8673
-0.8683
-0.87022
-0.86416
-0.86804
-0.87114
-0.86628
-0.8689
-0.86416
-0.86392
-0.86206
-0.8635
-0.86918
-0.86446
-0.86618
-0.86742
-0.8693
-0.86788
-0.86826
-0.87078
-0.86622
-0.8703
-0.869
-0.86854
-0.86892
-0.8696
-0.86644
-0.869
-0.86916
-0.86806
-0.86772
-0.86732
-0.86672
-0.86388
-0.86434
-0.8662
-0.87014
-0.86854
-0.8684
-0.86512
-0.86546
-0.86494
-0.8682
-0.86776
-0.87
-0.86558
-0.86686
-0.86884
-0.86496
-0.86308
-0.86868
-0.87064
-0.87046
-0.87142
-0.86842
-0.86634
-0.86806
-0.8674
-0.86666
-0.86782
-0.86802
-0.86606
-0.8653
-0.86658
-0.86532
-0.86598
-0.8671
-0.86906
-0.86346
-0.86948
-0.86892
-0.8697
-0.86474
-0.86468
-0.86886
-0.86894
-0.86444
-0.8662
-0.86786
-0.86866
-0.86928
-0.86912
-0.8677
-0.8646
-0.86686
-0.86486
-0.86622
-0.86708
-0.86936
-0.86554
-0.86752
-0.8715
-0.87338
-0.86884
-0.86698
-0.86978
-0.86566
-0.86702
-0.8669
-0.86536
-0.86724
-0.86842
-0.86462
-0.86768
-0.87102
-0.86928
-0.8703
-0.86826
-0.86948
-0.867
-0.86518
-0.8677
-0.86752
-0.86816
-0.86466
-0.8726
-0.86568
-0.86688
-0.86968
-0.8675
-0.8668
-0.86714
-0.86852
-0.86766
-0.86624
-0.87216
-0.86322
-0.86842
-0.86702
-0.86872
-0.86612
-0.86546
-0.86576
-0.86484
-0.86896
-0.86646
-0.86984
-0.86762
-0.8653
-0.86854
-0.87028
-0.86694
-0.86468
-0.86554
-0.86752
-0.86576
-0.86714
-0.86704
-0.86748
-0.86762
-0.86678
-0.86578
-0.867
-0.86614
-0.86718
-0.86556
-0.86514
-0.86802
-0.86868
-0.86604
-0.8678
-0.86606
-0.86606
-0.8705
-0.86872
-0.86616
-0.8669
-0.8702
-0.86762
-0.86532
-0.86622
-0.867
-0.8671
-0.8689
-0.87138
-0.8697
-0.86984
-0.86562
-0.86792
-0.86906
-0.86658
-0.86968
-0.86568
-0.86882
-0.86654
-0.871
-0.86826
-0.87106
-0.87136
-0.8667
-0.86686
-0.86758
-0.86936
-0.86262
-0.87228
-0.86972
-0.8677
-0.86522
-0.8641
-0.8692
-0.86342
-0.8699
-0.87076
-0.87222
-0.8662
-0.86508
-0.86704
-0.87044
-0.86414
-0.86366
-0.86776
-0.86572
-0.86624
-0.86736
-0.8672
-0.8652
-0.86848
-0.86722
-0.87006
-0.86914
-0.86746
-0.86782
-0.86786
-0.86728
-0.8641
-0.86728
-0.86468
-0.86458
-0.86554
-0.86848
-0.86798
-0.86812
-0.86766
-0.86914
-0.86418
-0.8708
-0.86644
-0.86732
-0.86718
-0.86738
-0.86992
-0.86664
-0.8677
-0.8685
-0.86728
-0.8662
-0.86852
-0.8659
-0.8683
-0.8654
-0.86698
-0.86914
-0.8725
-0.86774
-0.86516
-0.86402
-0.86722
-0.86596
-0.8692
-0.86618
-0.86502
-0.86852
-0.8703
-0.8691
-0.8639
-0.87094
-0.8659
-0.86976
-0.8658
-0.8653
-0.86948
-0.86326
-0.86796
-0.86444
-0.86956
-0.86772
-0.86842
-0.86912
-0.8656
-0.86962
-0.86328
-0.86698
-0.86874
-0.8654
-0.87008
-0.8699
-0.86694
-0.8679
-0.86844
-0.8709
-0.87016
-0.86952
-0.86602
-0.86864
-0.8707
-0.86698
-0.8698
-0.8676
-0.86788
-0.86648
-0.86864
-0.86404
-0.87004
-0.86598
-0.86434
-0.8699
-0.86634
-0.86722
-0.86624
-0.86428
-0.86628
-0.8672
-0.86598
-0.86586
-0.86758
-0.86752
-0.86772
-0.86586
-0.86648
-0.86742
-0.86308
-0.86812
-0.86852
-0.86862
-0.86652
-0.8669
-0.86638
-0.86942
-0.8645
-0.86506
-0.86448
-0.86946
-0.86932
-0.86616
-0.87048
-0.8684
-0.86584
-0.86414
-0.86658
-0.8665
-0.86978
-0.86598
-0.86262
-0.86678
-0.86608
-0.86258
-0.86872
-0.86652
-0.8709
-0.86768
-0.86752
-0.86652
-0.87284
-0.86666
-0.8654
-0.86918
-0.86804
-0.86692
-0.87002
-0.86958
-0.86622
-0.86534
-0.86928
-0.87114
-0.86606
-0.86808
-0.86916
-0.86698
-0.86784
-0.86928
-0.866
-0.86614
-0.8637
-0.86878
-0.86612
-0.86442
-0.86594
-0.86764
-0.86604
-0.86676
-0.87032
-0.86728
-0.86704
-0.8689
-0.86538
-0.86678
-0.8667
-0.86672
-0.86862
-0.86794
-0.86602
-0.86564
-0.86744
-0.86836
-0.86804
-0.86364
-0.87012
-0.86816
-0.86396
-0.86542
-0.86776
-0.8666
-0.86944
-0.87032
-0.86778
-0.86832
-0.8672
-0.86868
-0.86776
-0.86774
-0.86678
-0.86918
-0.86794
-0.868
-0.8684
-0.86654
-0.86338
-0.8673
-0.86572
-0.86934
-0.86918
-0.86512
-0.86568
-0.87092
-0.86826
-0.86932
-0.86604
-0.86542
-0.87
-0.8696
-0.86828
-0.86986
-0.86456
-0.86758
-0.86716
-0.86822
-0.86866
-0.86782
-0.86786
-0.86568
-0.8685
-0.87008
-0.87
-0.87176
-0.8677
-0.86756
-0.86586
-0.86968
-0.8663
-0.8694
-0.86714
-0.86358
-0.8708
-0.86714
-0.86296
-0.86622
-0.86672
-0.86456
-0.86726
-0.86934
-0.86672
-0.8698
-0.86798
-0.86584
-0.86352
-0.86554
-0.86274
-0.8692
-0.86832
-0.8729
-0.86962
-0.87116
-0.86348
-0.8669
-0.86518
-0.86532
-0.86764
-0.86638
-0.86856
-0.86932
-0.86734
-0.86488
-0.86658
-0.8697
-0.8688
-0.86464
-0.8689
-0.86876
-0.87102
-0.8683
-0.86614
-0.86456
-0.86636
-0.86978
-0.8674
-0.86764
-0.86752
-0.8674
-0.86482
-0.86834
-0.8688
-0.86858
-0.86786
-0.87126
-0.86512
-0.86796
-0.8639
-0.86586
-0.86684
-0.86658
-0.86902
-0.86474
-0.86856
-0.86776
-0.86776
-0.86938
-0.86756
-0.86604
-0.8687
-0.86904
-0.86528
-0.86696
-0.86628
-0.87212
-0.86238
-0.86888
-0.86906
-0.86724
-0.8679
-0.8672
-0.86672
-0.86498
-0.87024
-0.86742
-0.86906
-0.86742
-0.87094
-0.86662
-0.8666
-0.86712
-0.86762
-0.86668
-0.867
-0.8682
-0.86642
-0.86694
-0.86918
-0.86526
-0.8691
-0.8683
-0.87054
-0.86634
-0.86796
-0.86788
-0.86696
-0.87048
-0.86292
-0.86348
-0.8682
-0.86676
-0.86566
-0.8639
-0.8651
-0.86858
-0.86844
-0.8684
-0.86396
-0.8671
-0.86426
-0.86614
-0.86808
-0.8682
-0.86952
-0.86586
-0.86936
-0.86666
-0.86894
-0.8661
-0.86862
-0.86556
-0.86968
-0.8665
-0.8687
-0.86844
-0.86732
-0.87492
-0.86808
-0.86812
-0.87012
-0.86974
-0.86852
-0.86958
-0.86716
-0.8694
-0.86582
-0.86198
-0.86896
-0.86458
-0.8678
-0.86842
-0.86902
-0.8639
-0.86758
-0.8691
-0.86722
-0.86658
-0.8653
-0.86638
-0.86796
-0.86878
-0.8685
-0.86642
-0.86574
-0.8641
-0.86884
-0.87426
-0.86018
-0.86354
-0.86966
-0.86848
-0.86528
-0.86496
-0.86624
-0.867
-0.87016
-0.8656
-0.86542
-0.87112
-0.86782
-0.87056
-0.86782
-0.8673
-0.86662
-0.86548
-0.86662
-0.86856
-0.86826
-0.8652
-0.86846
-0.86896
-0.87294
-0.8689
-0.86856
-0.86616
-0.86882
-0.8664
-0.86718
-0.87042
-0.86704
-0.86858
-0.8676
-0.8701
-0.8695
-0.8648
-0.86946
-0.86782
-0.8669
-0.86918
-0.86804
-0.866
-0.8699
-0.86768
-0.86918
-0.86562
-0.86616
-0.86604
-0.86806
-0.8672
-0.8655
-0.86724
-0.86434
-0.86764
-0.86522
-0.86348
-0.86806
-0.86736
-0.87224
-0.86906
-0.86958
-0.86588
-0.86846
-0.86528
-0.86612
-0.86404
-0.8693
-0.86738
-0.86854
-0.8677
-0.87196
-0.86392
-0.86934
-0.87082
-0.86888
-0.86676
-0.86272
-0.8673
-0.86612
-0.86948
-0.87016
-0.86564
-0.86816
-0.86688
-0.86946
-0.86502
-0.87086
-0.86706
-0.87126
-0.8665
-0.86642
-0.8692
-0.86902
-0.86468
-0.86582
-0.86624
-0.86916
-0.86724
-0.86644
-0.86924
-0.86918
-0.8661
-0.86896
-0.8708
-0.86402
-0.8649
-0.86798
-0.86992
-0.8707
-0.8655
-0.86824
-0.86732
-0.86782
-0.86684
-0.86852
-0.86398
-0.86574
-0.86674
-0.87074
-0.86688
-0.86648
-0.86934
-0.86584
-0.8641
-0.8714
-0.86292
-0.86658
-0.86992
-0.86536
-0.86762
-0.86666
-0.87074
-0.86478
-0.869
-0.8679
-0.86904
-0.86776
-0.86834
-0.86826
-0.8664
-0.86312
-0.8662
-0.87064
-0.86714
-0.8689
-0.86786
-0.86774
-0.86696
-0.8701
-0.86916
-0.8676
-0.86534
-0.86784
-0.86884
-0.86796
-0.87
-0.8685
-0.86412
-0.86688
-0.86694
-0.8713
-0.86848
-0.8687
-0.86636
-0.87048
-0.86796
-0.86594
-0.86776
-0.86798
-0.8658
-0.86418
-0.8706
-0.86584
-0.86578
-0.86676
-0.86934
-0.86408
-0.8677
-0.86632
-0.8646
-0.8695
-0.86578
-0.87066
-0.8662
-0.86318
-0.86654
-0.8667
-0.8665
-0.86892
-0.8655
-0.87264
-0.8684
-0.86556
-0.8677
-0.86774
-0.86546
-0.8679
-0.86562
-0.86616
-0.86678
-0.86744
-0.86924
-0.87296
-0.86744
-0.86802
-0.86512
-0.86642
-0.86904
-0.86662
-0.8707
-0.86784
-0.86488
-0.86612
-0.86276
-0.86788
-0.86734
-0.86718
-0.86802
-0.8665
-0.86848
-0.86674
-0.86764
-0.8665
-0.86896
-0.86632
-0.86732
-0.87246
-0.8669
-0.86684
-0.86836
-0.86852
-0.86678
-0.86656
-0.86858
-0.8692
-0.86652
-0.86618
-0.8654
-0.8632
-0.8678
-0.8673
-0.86388
-0.86642
-0.86476
-0.8681
-0.8708
-0.86788
-0.86578
-0.86904
-0.86508
-0.86928
-0.87048
-0.86928
-0.86526
-0.86596
-0.86522
-0.8648
-0.8663
-0.86718
-0.8698
-0.86572
-0.8637
-0.865
-0.86446
-0.8703
-0.8683
-0.86618
-0.8683
-0.86624
-0.86686
-0.86576
-0.86584
-0.8663
-0.86444
-0.8672
-0.8661
-0.86902
-0.8676
-0.86928
-0.86784
-0.86556
-0.87186
-0.8664
-0.8656
-0.86978
-0.86844
-0.8659
-0.86678
-0.8675
-0.86622
-0.87094
-0.8674
-0.87006
-0.86822
-0.86484
-0.86648
-0.86956
-0.8679
-0.86672
-0.87164
-0.87078
-0.86946
-0.86854
-0.8683
-0.86634
-0.86544
-0.86542
-0.86694
-0.86646
-0.86874
-0.87032
-0.86962
-0.8702
-0.87114
-0.86604
-0.86214
-0.8668
-0.86478
-0.86794
-0.86988
-0.86854
-0.86674
-0.86516
-0.8696
-0.87052
-0.86804
-0.86476
-0.87148
-0.86976
-0.86802
-0.86826
-0.86486
-0.86814
-0.8706
-0.86704
-0.86818
-0.86712
-0.8672
-0.86472
-0.86516
-0.86976
-0.8699
-0.86744
-0.8676
-0.86842
-0.86614
-0.86606
-0.86362
-0.86826
-0.8677
-0.87122
-0.86888
-0.86882
-0.86792
-0.868
-0.8659
-0.864
-0.86942
-0.86812
-0.86626
-0.86986
-0.86688
-0.8663
-0.86376
-0.8688
-0.8673
-0.86768
-0.86824
-0.86568
-0.86772
-0.86742
-0.86512
-0.87178
-0.8688
-0.86806
-0.8691
-0.86686
-0.86584
-0.86862
-0.86656
-0.87184
-0.8674
-0.86824
-0.86774
-0.86558
-0.8682
-0.86758
-0.8672
-0.86542
-0.8656
-0.86726
-0.86806
-0.86626
-0.8672
-0.86812
-0.86614
-0.86786
-0.86868
-0.86932
-0.8673
-0.8683
-0.86986
-0.86556
-0.86702
-0.86816
-0.86954
-0.86376
-0.8668
-0.86724
-0.8716
-0.8696
-0.86906
-0.86746
-0.86632
-0.86598
-0.8673
-0.86882
-0.86722
-0.86816
-0.86764
-0.86716
-0.8652
-0.86704
-0.8681
-0.86714
-0.87124
-0.8646
-0.86972
-0.87172
-0.86762
-0.86846
-0.87092
-0.86514
-0.86816
-0.8667
-0.86638
-0.86548
-0.86904
-0.86666
-0.86814
-0.86824
-0.86544
-0.87026
-0.86162
-0.86908
-0.86668
-0.86418
-0.86854
-0.86596
-0.86968
-0.86652
-0.86506
-0.86258
-0.86322
-0.8699
-0.86434
-0.8684
-0.86274
-0.86786
-0.86676
-0.8669
-0.86916
-0.87094
-0.86954
-0.8679
-0.8695
-0.86596
-0.86886
-0.86936
-0.86808
-0.86314
-0.86858
-0.86562
-0.8692
-0.86708
-0.8702
-0.86774
-0.86408
-0.86694
-0.86978
-0.86736
-0.86396
-0.86704
-0.87132
-0.86696
-0.86708
-0.86504
-0.86424
-0.86566
-0.8733
-0.86928
-0.8644
-0.86748
-0.8639
-0.86814
-0.86804
-0.87112
-0.8644
-0.86792
-0.86816
-0.86966
-0.8685
-0.87084
-0.86692
-0.86978
-0.86452
-0.87124
-0.8666
-0.86452
-0.8663
-0.86394
-0.86674
-0.86542
-0.8678
-0.86898
-0.86604
-0.86964
-0.8707
-0.8703
-0.86912
-0.8679
-0.86996
-0.87134
-0.86746
-0.8662
-0.86976
-0.86432
-0.86588
-0.8669
-0.86706
-0.8668
-0.86838
-0.87196
-0.86756
-0.86866
-0.86878
-0.86656
-0.8662
-0.86736
-0.8696
-0.86874
-0.86912
-0.866
-0.86764
-0.86864
-0.8719
-0.87228
-0.86644
-0.86834
-0.86558
-0.86476
-0.86708
-0.86804
-0.86942
-0.86486
-0.86432
-0.86572
-0.86652
-0.86788
-0.86626
-0.86594
-0.86774
-0.86804
-0.86624
-0.86952
-0.86728
-0.86676
-0.86714
-0.86422
-0.86798
-0.86456
-0.86914
-0.86332
-0.8669
-0.87034
-0.86728
-0.86886
-0.86736
-0.86942
-0.86452
-0.86754
-0.86662
-0.86902
-0.86542
-0.86722
-0.8676
-0.86592
-0.86664
-0.86538
-0.86866
-0.86842
-0.86808
-0.86832
-0.86976
-0.86388
-0.8711
-0.8678
-0.86588
-0.86966
-0.8663
-0.8721
-0.86738
-0.87178
-0.8683
-0.8683
-0.86856
-0.8668
-0.8661
-0.86386
-0.86514
-0.86544
-0.86636
-0.87102
-0.86706
-0.865
-0.86558
-0.86926
-0.8646
-0.87084
-0.86738
-0.8684
-0.8625
-0.86738
-0.8685
-0.86538
-0.86672
-0.86534
-0.87048
-0.86508
-0.87022
-0.86798
-0.86922
-0.86528
-0.8653
-0.86748
-0.8693
-0.87018
-0.86792
-0.8695
-0.8702
-0.86954
-0.86672
-0.8685
-0.86588
-0.8691
-0.87056
-0.86212
-0.86422
-0.866
-0.86774
-0.86722
-0.86894
-0.86856
-0.86656
-0.8659
-0.8665
-0.86802
-0.87082
-0.87196
-0.86708
-0.8646
-0.86544
-0.86754
-0.86718
-0.865
-0.86948
-0.86482
-0.86578
-0.86756
-0.87054
-0.86726
-0.8669
-0.86932
-0.87058
-0.86984
-0.86774
-0.86734
-0.8683
-0.86518
-0.86622
-0.86414
-0.87022
-0.86654
-0.86564
-0.8652
-0.8676
-0.86774
-0.86868
-0.86564
-0.86958
-0.86792
-0.865
-0.87076
-0.86652
-0.86598
-0.86742
-0.86614
-0.86892
-0.86888
-0.86536
-0.8675
-0.86638
-0.86552
-0.86716
-0.86692
-0.86774
-0.87028
-0.86548
-0.86642
-0.86806
-0.8672
-0.86574
-0.8685
-0.8644
-0.86626
-0.86722
-0.86852
-0.8681
-0.86886
-0.8697
-0.87138
-0.86736
-0.8704
-0.86804
-0.86512
-0.86918
-0.86242
-0.86944
-0.86328
-0.86416
-0.86688
-0.86776
-0.86898
-0.86688
-0.86832
-0.87026
-0.87012
-0.8676
-0.86996
-0.86554
-0.86682
-0.86888
-0.86878
-0.86704
-0.8682
-0.86622
-0.87004
-0.86676
-0.86588
-0.8668
-0.86892
-0.86978
-0.86878
-0.86742
-0.87026
-0.86726
-0.8667
-0.86886
-0.86582
-0.8685
-0.86466
-0.8708
-0.86884
-0.87096
-0.86934
-0.8636
-0.86856
-0.86666
-0.86798
-0.8706
-0.86872
-0.86742
-0.86474
-0.86476
-0.86856
-0.86752
-0.8701
-0.8681
-0.8658
-0.866
-0.86706
-0.8658
-0.86724
-0.86662
-0.86492
-0.8646
-0.86582
-0.86572
-0.87098
-0.86414
-0.86916
-0.86616
-0.8706
-0.87166
-0.86778
-0.86814
-0.86608
-0.86898
-0.86922
-0.87084
-0.86682
-0.86586
-0.8689
-0.86846
-0.86674
-0.87004
-0.86654
-0.86792
-0.86572
-0.86564
-0.8676
-0.87222
-0.86544
-0.8643
-0.86942
-0.86316
-0.86722
-0.8669
-0.86784
-0.86902
-0.86752
-0.86696
-0.86524
-0.86224
-0.86642
-0.86928
-0.86994
-0.86494
-0.86668
-0.86964
-0.86696
-0.86552
-0.86994
-0.86604
-0.86626
-0.86636
-0.86508
-0.86734
-0.86606
-0.87052
-0.86724
-0.86528
-0.86762
-0.86428
-0.86974
-0.86774
-0.86588
-0.86786
-0.8691
-0.86856
-0.86856
-0.87186
-0.86662
-0.86862
-0.86652
-0.86914
-0.86774
-0.8672
-0.8672
-0.8648
-0.86764
-0.86734
-0.8699
-0.86748
-0.8692
-0.86816
-0.8674
-0.8668
-0.86536
-0.86676
-0.86694
-0.8752
-0.8719
-0.86748
-0.86798
-0.86656
-0.86328
-0.86906
-0.86746
-0.86972
-0.86408
-0.8651
-0.86974
-0.87202
-0.86754
-0.86674
-0.86352
-0.86458
-0.8659
-0.86708
-0.86912
-0.86632
-0.86642
-0.86626
-0.867
-0.86898
-0.86776
-0.87116
-0.86918
-0.8682
-0.865
-0.86802
-0.86546
-0.86564
-0.86726
-0.86696
-0.86442
-0.86652
-0.8694
-0.8663
-0.87002
-0.86894
-0.86454
-0.86804
-0.86748
-0.86976
-0.86824
-0.86202
-0.87232
-0.86562
-0.86492
-0.8634
-0.86928
-0.86732
-0.86788
-0.86604
-0.86462
-0.86892
-0.86764
-0.86788
-0.86908
-0.86994
-0.86614
-0.86902
-0.86756
-0.86574
-0.86674
-0.86772
-0.86774
-0.86526
-0.86556
-0.86618
-0.86926
-0.86836
-0.86968
-0.86452
-0.86812
-0.8657
-0.86886
-0.86646
-0.86704
-0.86844
-0.86824
-0.86858
-0.86866
-0.87008
-0.86894
-0.86954
-0.86626
-0.86626
-0.86578
-0.87114
-0.86902
-0.86702
-0.86636
-0.86554
-0.86448
-0.8659
-0.86588
-0.86422
-0.8671
-0.8705
-0.86938
-0.86604
-0.86588
-0.87214
-0.86578
-0.86628
-0.86432
-0.8693
-0.87044
-0.86532
-0.86996
-0.8688
-0.8666
-0.86908
-0.86826
-0.86882
-0.87318
-0.86702
-0.86434
-0.86544
-0.8626
-0.86592
-0.86908
-0.86816
-0.86958
-0.86852
-0.8678
-0.86878
-0.86686
-0.86578
-0.86762
-0.86744
-0.8655
-0.867
-0.869
-0.86532
-0.86532
-0.86494
-0.86476
-0.86728
-0.86404
-0.86814
-0.86924
-0.87004
-0.86786
-0.87358
-0.86886
-0.86928
-0.86804
-0.86452
-0.86486
-0.86986
-0.86528
-0.86518
-0.87068
-0.86938
-0.86368
-0.87166
-0.86758
-0.8686
-0.86526
-0.86566
-0.87042
-0.86934
-0.87024
-0.86798
-0.86768
-0.8689
-0.8668
-0.86696
-0.86734
-0.86542
-0.86564
-0.87234
-0.86626
-0.8689
-0.86454
-0.86724
-0.86498
-0.8682
-0.8683
-0.86704
-0.8686
-0.86786
-0.86594
-0.86878
-0.86544
-0.86684
-0.86828
-0.86708
-0.86978
-0.86608
-0.86494
-0.86234
-0.86536
-0.86986
-0.86764
-0.8668
-0.86816
-0.86828
-0.86446
-0.86814
-0.86484
-0.8654
-0.8644
-0.86886
-0.8687
-0.86686
-0.86594
-0.86668
-0.86754
-0.8683
-0.86878
-0.86668
-0.87068
-0.8656
-0.86662
-0.86596
-0.86864
-0.87158
-0.86886
-0.86932
-0.86354
-0.86892
-0.86784
-0.86272
-0.86596
-0.86664
-0.86588
-0.86782
-0.86578
-0.86532
-0.86788
-0.86584
-0.86888
-0.86774
-0.86924
-0.8695
-0.87026
-0.86624
-0.8658
-0.86918
-0.86438
-0.86916
-0.86158
-0.86568
-0.86612
-0.87142
-0.86898
-0.86626
-0.86806
-0.86846
-0.8652
-0.86858
-0.8682
-0.87
-0.86916
-0.86666
-0.86982
-0.86606
-0.86878
-0.86512
-0.87002
-0.86696
-0.87154
-0.86794
-0.86774
-0.86602
-0.86766
-0.86424
-0.86464
-0.86476
-0.86658
-0.864
-0.8692
-0.86456
-0.86734
-0.86672
-0.86392
-0.86768
-0.86562
-0.8687
-0.86444
-0.86958
-0.86898
-0.86816
-0.86578
-0.86818
-0.86526
-0.86962
-0.86448
-0.86988
-0.86924
-0.86856
-0.86852
-0.86816
-0.8654
-0.86366
-0.86976
-0.87016
-0.86992
-0.86768
-0.86532
-0.8713
-0.86732
-0.86708
-0.86754
-0.87144
-0.86706
-0.8615
-0.8676
-0.8675
-0.87102
-0.86564
-0.8658
-0.8664
-0.8646
-0.86566
-0.86558
-0.86628
-0.87016
-0.87056
-0.87044
-0.8676
-0.86804
-0.86428
-0.87002
-0.8698
-0.86754
-0.86942
-0.86856
-0.86686
-0.86826
-0.86504
-0.86574
-0.86938
-0.86668
-0.86964
-0.86638
-0.86474
-0.8688
-0.86434
-0.86558
-0.86812
-0.8723
-0.87044
-0.86754
-0.87038
-0.86618
-0.86748
-0.86984
-0.86646
-0.86746
-0.86614
-0.86448
-0.86562
-0.86262
-0.86888
-0.86918
-0.8682
-0.86762
-0.87206
-0.86464
-0.86802
-0.86812
-0.86672
-0.86688
-0.86832
-0.86922
-0.86634
-0.86664
-0.86712
-0.8712
-0.86714
-0.86782
-0.86832
-0.86676
-0.87096
-0.87188
-0.86634
-0.86812
-0.8659
-0.8633
-0.8667
-0.86736
-0.86906
-0.86884
-0.86608
-0.86682
-0.8637
-0.87026
-0.86474
-0.8644
-0.8719
-0.86656
-0.867
-0.86754
-0.87044
-0.87102
-0.86666
-0.86798
-0.86374
-0.86868
-0.86702
-0.8694
-0.86862
-0.86678
-0.86634
-0.86702
-0.8686
-0.86848
-0.86646
-0.86868
-0.86792
-0.8688
-0.86758
-0.86724
-0.86482
-0.8668
-0.86818
-0.8712
-0.867
-0.86886
-0.866
-0.86384
-0.86646
-0.86764
-0.86806
-0.86928
-0.86686
-0.86588
-0.86568
-0.86764
-0.86942
-0.86762
-0.86586
-0.86636
-0.86504
-0.86832
-0.8671
-0.86634
-0.86708
-0.8658
-0.86922
-0.86512
-0.86834
-0.87028
-0.86412
-0.86634
-0.86736
-0.86668
-0.86658
-0.86864
-0.86418
-0.86936
-0.867
-0.8695
-0.8646
-0.86816
-0.8682
-0.86652
-0.86568
-0.86834
-0.86948
-0.86928
-0.86444
-0.86872
-0.8672
-0.86712
-0.86732
-0.86248
-0.86876
-0.87206
-0.86864
-0.86422
-0.86764
-0.86738
-0.8647
-0.86496
-0.86662
-0.86644
-0.86802
-0.86904
-0.86676
-0.8663
-0.86986
-0.871
-0.86478
-0.87042
-0.86812
-0.86436
-0.87114
-0.8653
-0.87056
-0.86942
-0.86876
-0.86872
-0.86394
-0.86962
-0.86548
-0.86662
-0.86542
-0.86794
-0.86476
-0.86402
-0.86758
-0.868
-0.8663
-0.86912
-0.86576
-0.8681
-0.86764
-0.87012
-0.86882
-0.86608
-0.86586
-0.86596
-0.8695
-0.8654
-0.87038
-0.8652
-0.86588
-0.86968
-0.8702
-0.86782
-0.86612
-0.86806
-0.86716
-0.87056
-0.86498
-0.86392
-0.86664
-0.86306
-0.86508
-0.86878
-0.87132
-0.8674
-0.87088
-0.86614
-0.86416
-0.86668
-0.86514
-0.86704
-0.8695
-0.87016
-0.86944
-0.86536
-0.86858
-0.86572
-0.86812
-0.87036
-0.86494
-0.8698
-0.86926
-0.86916
-0.86654
-0.86876
-0.86856
-0.86754
-0.87136
-0.86676
-0.86858
-0.86948
-0.86838
-0.86918
-0.86276
-0.86856
-0.86916
-0.8675
-0.86558
-0.86416
-0.86832
-0.8674
-0.8685
-0.86504
-0.86576
-0.86872
-0.86872
-0.86988
-0.86634
-0.86804
-0.8694
-0.86766
-0.86292
-0.86342
-0.86458
-0.8653
-0.86716
-0.8705
-0.86738
-0.87222
-0.86772
-0.86598
-0.86806
-0.86974
-0.86952
-0.86842
-0.86334
-0.86892
-0.86954
-0.86632
-0.86558
-0.8684
-0.8652
-0.86802
-0.86684
-0.86814
-0.86806
-0.8691
-0.8696
-0.86976
-0.87094
-0.86752
-0.8669
-0.86642
-0.86608
-0.86536
-0.86848
-0.86756
-0.86672
-0.86716
-0.8666
-0.86782
-0.8701
-0.86692
-0.86542
-0.87002
-0.86724
-0.86934
-0.8653
-0.867
-0.86582
-0.86642
-0.86978
-0.86478
-0.86756
-0.86652
-0.86922
-0.86746
-0.86998
-0.8649
-0.87034
-0.86626
-0.8651
-0.86502
-0.86994
-0.8688
-0.87122
-0.86844
-0.86604
-0.86426
-0.86522
-0.87034
-0.86884
-0.86572
-0.86844
-0.86942
-0.86622
-0.86776
-0.86674
-0.861
-0.87008
-0.86914
-0.87246
-0.8671
-0.86552
-0.8696
-0.86568
-0.869
-0.86876
-0.8665
-0.86846
-0.86938
-0.86746
-0.86854
-0.86806
-0.86708
-0.871
-0.86644
-0.86324
-0.86694
-0.86806
-0.86744
-0.86846
-0.86548
-0.8695
-0.8665
-0.87264
-0.87268
-0.86736
-0.86964
-0.86664
-0.8685
-0.86272
-0.86842
-0.87182
-0.86722
-0.86726
-0.86788
-0.8682
-0.86858
-0.867
-0.8678
-0.86448
-0.86828
-0.86332
-0.86396
-0.86934
-0.86816
-0.86888
-0.86676
-0.87078
-0.86836
-0.86602
-0.86782
-0.86654
-0.86708
-0.86744
-0.86564
-0.86468
-0.86904
-0.86818
-0.87052
-0.86728
-0.87064
-0.86654
-0.87166
-0.87006
-0.86842
-0.86742
-0.86334
-0.8686
-0.86814
-0.86758
-0.86678
-0.86528
-0.86722
-0.86852
-0.86746
-0.87146
-0.87056
-0.8691
-0.86994
-0.86552
-0.86728
-0.86556
-0.86944
-0.86766
-0.86518
-0.86864
-0.87164
-0.86874
-0.86364
-0.86732
-0.86656
-0.87026
-0.86674
-0.8652
-0.8689
-0.86724
-0.86728
-0.86718
-0.87178
-0.8673
-0.86416
-0.8657
-0.86794
-0.86568
-0.8683
-0.86856
-0.87072
-0.87022
-0.86984
-0.86578
-0.86744
-0.86658
-0.86514
-0.86638
-0.8662
-0.8665
-0.86708
-0.86708
-0.86616
-0.86596
-0.86806
-0.87118
-0.86818
-0.86846
-0.86868
-0.86834
-0.8677
-0.86602
-0.87182
-0.86852
-0.87046
-0.86802
-0.86894
-0.86676
-0.86582
-0.86542
-0.86698
-0.86788
-0.86746
-0.86704
-0.8645
-0.86874
-0.8663
-0.8688
-0.86688
